,R,D,H,PL,F
0,44027.97932863972,1183.3893300457526,225.0,133.17358571045654,8.0
1,25474.50045527211,24750.543531547588,-461.0,104.48462895408767,8.0
2,34212.947624064225,15676.437124156082,158.0,113.54302352404383,8.0
3,54502.9187865016,6669.0678569705315,141.0,123.6462376563104,8.0
4,39290.338950597165,2774.9594933599215,65.0,119.0193473847003,8.0
5,43732.34524449166,734.1842540071381,133.0,130.8656228029798,8.0
6,51747.5623477118,49756.413448392304,-10.0,113.12859591919563,8.0
7,46792.94120483842,1180.1302396367362,73.0,129.71525677739749,8.0
8,22181.724650494638,3140.3397800285748,89.0,114.07583069247148,8.0
9,18315.236414546467,6640.229832732323,45.0,115.43426754213274,8.0
10,49966.07419351914,5549.163147895112,63.0,115.35414179572675,8.0
11,20468.105724307374,4682.757618548888,74.0,111.43746500353215,8.0
12,20877.428888968065,11300.820654106492,187.0,102.63100377402517,8.0
13,37587.99897555602,924.8554368637082,40.0,121.69195173178284,8.0
14,27497.902652429733,735.9400403571108,18.0,117.90436214097194,8.0
15,31851.35814081251,1180.6562428256964,57.0,119.11775179562301,8.0
16,13971.773456417593,1740.3584095253439,46.0,112.34326179662611,8.0
17,50725.393833750175,15091.578157883408,108.0,121.16259358755623,8.0
18,39968.54524376551,7453.491664389643,118.0,118.35124749393258,8.0
19,34593.82911956323,30005.16635634369,24.0,111.06029207792383,8.0
20,22921.083623459926,734.7450313517534,38.0,117.01912401584183,8.0
21,16533.961185883363,6285.593964687115,188.0,117.62851547418862,8.0
22,27757.088213052437,2774.676141249714,273.0,127.39616776097088,8.0
23,47371.72288525277,33282.26377099421,163.0,117.6414605151516,8.0
24,31332.54053945946,738.6282338379073,42.0,124.75809920055458,8.0
25,29091.37025466187,4725.054556174803,415.0,129.45513102367283,8.0
26,53301.592274064395,1989.8578009586588,44.0,120.36229911273637,8.0
27,22455.950721236786,16544.884174866434,-194.0,105.24672108641215,8.0
28,25368.052068420468,1736.6903644355227,309.0,114.20132877102945,8.0
29,41621.92054871188,25526.305457420967,407.0,127.3658311515833,8.0
30,53719.77685001334,5474.508339455067,234.0,123.7177784029411,8.0
31,9753.17408444846,3797.4268786463513,1.0,103.23431149468118,8.0
32,69396.00627120634,29622.625581006138,61.0,119.63257226802523,8.0
33,18201.079393400014,1181.5735574387152,12.0,110.74622817410436,8.0
34,36912.61359828571,1181.1488234749845,90.0,131.61787757734027,8.0
35,37877.61889959536,30334.70542398475,117.0,108.69115943230538,8.0
36,18216.445032627737,16484.820683898324,73.0,114.55208334022463,8.0
37,28939.598952910026,12098.81742163755,96.0,108.86963142637612,8.0
38,45398.11392373351,2360.563038190574,133.0,125.77810069788572,8.0
39,51494.17914279283,31241.32898710943,73.0,123.37921564735285,8.0
40,34220.75041825106,5773.541428960552,22.0,114.78556367369565,8.0
41,47284.57044553516,29831.70306517373,109.0,115.53933700739239,8.0
42,42963.40119417798,28119.681465260885,198.0,111.05262651058695,8.0
43,35535.32406807602,734.3327014660852,99.0,126.69279601897529,8.0
44,50670.45212604406,39708.44125357136,-238.0,130.33181053121774,8.0
45,23914.83193182242,11624.446712091734,147.0,121.57188585110153,8.0
46,52561.4696891871,2875.380967238346,52.0,119.5565856730836,8.0
47,41641.8499591515,3686.71309055985,42.0,114.68566035179985,8.0
48,32531.288104143598,31797.631131335602,-348.0,104.8185894821173,8.0
49,33478.820080576705,1474.5074584892925,182.0,127.82447655272824,8.0
50,37404.105715613776,924.7611860133521,43.0,120.46855402590931,8.0
51,11759.115407056388,1183.2218593319974,6.0,108.28339637570807,8.0
52,60364.33679832267,9286.925566403865,92.0,126.51493619751881,8.0
53,53581.10960141125,925.0023316642355,15.0,121.83836476464307,8.0
54,34200.542947483395,736.1976106315038,12.0,116.39350448140408,8.0
55,21383.29786648506,4420.36109365919,32.0,114.570038015562,8.0
56,19223.225931445188,1991.712267953043,62.0,119.83279053824621,8.0
57,38864.60771783334,1181.3159173270565,107.0,125.67049464260921,8.0
58,39808.075093359505,18423.462826619936,24.0,121.86181072256848,8.0
59,45536.070345313456,1991.9740018061027,50.0,117.44527618830296,8.0
60,40972.37112742494,1181.0918245557607,66.0,123.21311832681383,8.0
61,60362.573508883244,50177.01580446856,116.0,118.54270358829378,8.0
62,23112.078103759017,924.92739485168,35.0,114.98532754581453,8.0
63,46822.906922247144,924.9848828623458,19.0,116.19611504405347,8.0
64,36946.34767695324,736.7309782175747,49.0,119.39804215995794,8.0
65,14188.832776831261,1182.5754793793305,75.0,114.05468724344007,8.0
66,54081.75932732006,925.0547582364173,18.0,121.20708204341614,8.0
67,54539.731677810065,21972.143438854935,44.0,116.09015399261803,8.0
68,44492.25414249252,3699.3373283906444,142.0,113.07749633952494,8.0
69,59549.62140452981,1992.7399484792918,81.0,128.6168594627359,8.0
70,24179.577335925267,2871.0548484023757,187.0,121.49601122867924,8.0
71,18315.91560970787,6640.496953025159,151.0,104.14956772357638,8.0
72,41152.81574310843,1183.962386734556,140.0,128.47848802490904,8.0
73,46914.32851335566,1179.9349918342189,22.0,124.32138670917325,8.0
74,62441.59701379729,55784.655731707964,80.0,117.42222178589034,8.0
75,19051.67934691473,1181.295480447199,53.0,115.85932431135114,8.0
76,48262.684845809636,925.1609705306381,105.0,128.67516241541696,8.0
77,27459.74781566279,1990.0170348770707,88.0,120.02092855936027,8.0
78,25634.21877176721,7116.281629779819,122.0,119.69830874205667,8.0
79,36457.565698288316,924.7756668918464,111.0,127.11640814442586,8.0
80,24228.126676722477,12698.555474918054,81.0,114.4034473397418,8.0
81,48665.691955349044,924.7374035430764,38.0,120.26871470548751,8.0
82,53702.96762614917,47042.95514181501,80.0,115.7556794083402,8.0
83,29133.47430307729,1741.3217581187164,43.0,116.64673664920329,8.0
84,14760.029732379773,7364.985832285279,29.0,100.88657271078536,8.0
85,43757.21968526251,2362.51668347924,53.0,122.5476184830423,8.0
86,42757.41281070827,4722.715280614186,198.0,131.03388957826115,8.0
87,20262.20755882523,738.0952727546063,54.0,121.94138189216002,8.0
88,32840.41517340434,5905.40283335311,283.0,129.59605439729322,8.0
89,27804.260036807475,11196.359262833248,110.0,116.89571964399519,8.0
90,30599.96018526462,9256.185721158081,203.0,122.05911681858828,8.0
91,45582.29667132571,27633.91198370305,313.0,108.03163971801153,8.0
92,42954.233301043976,14805.322376339995,364.0,121.74811218161554,8.0
93,34457.89255540631,734.7821004184376,12.0,117.03395936214574,8.0
94,41798.4359191438,13043.159718568479,-52.0,118.64478303377808,8.0
95,25014.524122576015,738.2170018081194,88.0,122.37461299603876,8.0
96,52587.54073376854,739.3379012397821,91.0,129.9107995731549,8.0
97,63798.644866567025,3539.0411745571596,61.0,122.47991983644718,8.0
98,21051.33931446716,737.133072081081,16.0,115.19145971366612,8.0
99,37988.839448323066,18147.72405389952,113.0,120.79902474965292,8.0
100,49901.69393250864,29667.8246902432,143.0,124.68189473514664,8.0
101,43792.810737587104,3084.43001363668,17.0,120.76702549115952,8.0
102,50310.39043982132,38619.46024571983,286.0,114.50224193907033,8.0
103,23659.37323499972,1183.3473121952982,18.0,116.80875317853084,8.0
104,36855.59069878089,1180.8489060683717,37.0,125.80080613689417,8.0
105,26364.21887231309,12103.467843637289,138.0,109.23508090039044,8.0
106,29930.885267530597,11412.447776414607,132.0,120.81283734672232,8.0
107,31031.171309065347,737.5060811335142,81.0,123.87007795698146,8.0
108,31333.49166717713,14497.09888059637,99.0,119.17669840443156,8.0
109,50257.07086245054,12383.105832198571,50.0,121.83214942969008,8.0
110,14098.262086422246,5481.660302728135,14.0,108.68967054965582,8.0
111,10586.100969309942,9422.0507846701,45.0,113.74762540961653,8.0
112,54017.54364766485,4720.617530133014,50.0,118.4374535061703,8.0
113,48477.13756325184,4054.7307086469486,54.0,129.2961267321153,8.0
114,37926.26978996852,1181.7024865672704,329.0,124.78437861838965,8.0
115,24781.326583902868,1740.225262289153,167.0,123.8868879772029,8.0
116,23409.260226180584,2392.8592280480225,70.0,116.44104778058235,8.0
117,56970.33682167702,8113.123234064315,292.0,131.84736547286758,8.0
118,44676.83057213448,1184.4008853675734,20.0,124.88826316450469,8.0
119,36384.09367065278,27497.85613911515,-284.0,122.87657443398668,8.0
120,42376.7729380928,6641.5159177539645,46.0,116.90325271503156,8.0
121,45230.47855482497,43249.763281757005,32.0,112.06535507000635,8.0
122,30482.853746530538,5214.425246837223,22.0,117.83691125805555,8.0
123,40966.941965515354,9801.517197737485,95.0,115.06550956380306,8.0
124,24925.840603170665,8310.14068280924,192.0,119.76183648948714,8.0
125,45722.697329531555,26656.02059367821,109.0,122.36856954712434,8.0
126,44620.56038245547,23085.888495118117,160.0,114.38350399787265,8.0
127,17041.05522574723,2209.4050005574763,162.0,119.76760944215377,8.0
128,44718.99619111895,24340.114266146717,88.0,118.27974343753475,8.0
129,38000.07084281843,735.0154458705279,58.0,136.32567572360296,8.0
130,41302.61386591868,5158.373987694394,29.0,114.0440832381918,8.0
131,43470.63512490788,1184.3640433979597,24.0,116.86030416197815,8.0
132,42537.082649100565,34260.98393694355,-17.0,114.28704532512124,8.0
133,30938.518698989083,13996.303183047432,186.0,107.6120365641986,8.0
134,54739.535734060126,37079.98320819603,317.0,112.46497517322834,8.0
135,30474.71160338588,4854.908979520975,94.0,113.25314159763306,8.0
136,14663.069882372718,2365.6359904848396,61.0,106.41076999682832,8.0
137,18142.01923071829,6179.80666241809,41.0,107.601873589469,8.0
138,20646.730936369324,3683.0379406280704,27.0,112.90348128147218,8.0
139,13280.069871884125,1991.370878475492,233.0,129.6249893309261,8.0
140,47989.83572715599,733.5134660235584,1.0,119.816314937534,8.0
141,26366.55048719768,6880.2415927617785,170.0,102.88136692544964,8.0
142,50272.47638481001,733.9705708188546,37.0,122.08125236012152,8.0
143,53729.535796207485,4038.825201522704,56.0,119.36094492567554,8.0
144,51809.09316513802,1184.469786486089,37.0,129.94551296417137,8.0
145,9223.936437530137,1739.6935236976408,50.0,96.86568450338193,8.0
146,59716.99743892504,6410.208273200005,101.0,131.94284813959635,8.0
147,43869.26791814813,1183.9622497381993,233.0,133.94068188168566,8.0
148,40016.271866180105,924.9364325657211,75.0,133.54412987268046,8.0
149,60646.31769565364,20870.667780186635,61.0,117.81860428792133,8.0
150,42828.35197868337,2887.996546405318,102.0,118.67196627913076,8.0
151,59571.817068131495,924.7048871056389,91.0,129.4934159803234,8.0
152,21344.56971499132,2871.23328853311,109.0,118.43132599333703,8.0
153,21382.337714283673,10312.875936627119,15.0,106.82553690584106,8.0
154,36307.41191804094,734.3009099296596,85.0,137.59104371892684,8.0
155,22942.234549530192,10648.59829766523,64.0,112.37322221727615,8.0
156,29679.54250366487,11123.20824808784,275.0,107.03456041058462,8.0
157,36331.70954122717,17323.6840584224,359.0,127.97023874714498,8.0
158,54172.37824227656,14679.239567848563,44.0,117.26362958673386,8.0
159,50765.711663422335,31733.82687352775,60.0,123.25794525534631,8.0
160,62619.53116522111,55960.63575490997,-378.0,113.28293028161316,8.0
161,47891.16525624685,733.5309350339871,38.0,122.09116353143601,8.0
162,51471.91004506341,10215.604271652239,76.0,109.56603020400325,8.0
163,34915.95986924326,2878.8846797949595,21.0,119.09844648943766,8.0
164,32815.639549562155,734.5415376249118,14.0,128.15288804668083,8.0
165,46491.68336566276,738.6294479952569,65.0,126.38889221655558,8.0
166,10260.821994615817,736.0822751433338,103.0,116.49904288676134,8.0
167,55264.72243863341,37644.794264737386,64.0,116.77186685709415,8.0
168,42106.431607412575,22197.948891340813,58.0,110.6687657161296,8.0
169,21042.74550503589,924.9346961128967,42.0,114.27015076015955,8.0
170,30587.521938464844,4305.567648181798,107.0,104.04732314690865,8.0
171,26575.519575358587,9031.297031004591,181.0,110.74713903139804,8.0
172,55399.35413498548,12718.096850326696,38.0,128.33234452552628,8.0
173,48452.388828003604,30505.02176269659,317.0,108.57769290500231,8.0
174,11117.654447230767,1740.907871812608,139.0,107.8569902448403,8.0
175,55527.365033823036,29445.1223543814,-319.0,114.48010793544387,8.0
176,42097.93023009942,22156.28871763214,133.0,121.66801690935107,8.0
177,32585.984621222462,1182.8395885942098,95.0,122.89957335142809,8.0
178,40403.00696742068,1475.8409634638763,163.0,128.76546637776184,8.0
179,33979.43643035673,10593.977428246208,219.0,127.29722499736789,8.0
180,66388.68010024213,1988.8518205017772,82.0,142.9528305550324,8.0
181,40401.78424904453,2368.4018517744494,55.0,127.99476820227929,8.0
182,19623.975723107193,737.5473658909004,15.0,108.74548843841528,8.0
183,55068.86956231204,2360.8020882792907,36.0,119.64965335344756,8.0
184,60365.15343130175,1992.6037999165587,103.0,128.37703959534105,8.0
185,39450.02528608239,10991.782334847023,22.0,116.87886096378216,8.0
186,21753.345712554063,4732.225942145701,173.0,119.44438827916456,8.0
187,40944.41363504849,3980.141833591871,56.0,113.25541370860589,8.0
188,48357.10222024926,6328.610866536469,185.0,125.23625204520327,8.0
189,12562.311029676128,1181.2587878157183,76.0,114.89555544335838,8.0
190,17360.93213808674,16213.52194342814,-12.0,107.53809822664037,8.0
191,46820.32361621733,6387.105954227504,1.0,115.59719061850535,8.0
192,34119.13234006343,13740.015567136452,88.0,113.58126684948094,8.0
193,35279.605281008655,25037.314936764484,187.0,121.70639111960438,8.0
194,45746.12162057451,4851.856153416634,21.0,120.42186636170356,8.0
195,31679.205265845314,23603.360443653142,41.0,118.11034094093219,8.0
196,54264.776159893496,4599.272644648836,58.0,116.82911162993072,8.0
197,45469.499905797806,35276.995879808055,82.0,116.38996930338806,8.0
198,44794.726925874624,3081.7570644953826,273.0,131.55236612846775,8.0
199,32371.805342150248,1181.5363670775446,8.0,121.59593794846927,8.0
200,32517.803131927143,14470.259658263096,141.0,108.51742665819455,8.0
201,15376.464901411551,14547.617705867387,-298.0,100.2170910530517,8.0
202,42727.05719928822,738.4541325433667,54.0,124.27886211412019,8.0
203,27798.241062848072,13709.886711344709,163.0,111.44180077137656,8.0
204,42176.200736868195,925.0184921154491,80.0,125.10753319966578,8.0
205,8888.67148292184,736.4620811405176,42.0,107.65806432947933,8.0
206,31583.04642646772,2870.24083097031,186.0,140.12127027464382,8.0
207,15192.43445616207,3798.178541850064,1.0,103.24313544619444,8.0
208,64951.83543513971,733.0184123338665,35.0,124.50598619991668,8.0
209,42961.54379667449,924.9131815196505,25.0,117.77564278588649,8.0
210,35693.99110648919,734.2946450348265,64.0,123.71042372668084,8.0
211,33951.90205949643,1473.5650277505592,191.0,129.05805155798438,8.0
212,20839.033401356504,7842.668792125825,357.0,125.24191719634598,8.0
213,56857.21790925513,1179.2592713528347,56.0,132.98069208046658,8.0
214,49292.11914675248,12113.922814035117,48.0,122.22752588231148,8.0
215,20840.24426746471,14196.3987184775,80.0,107.70020497996457,8.0
216,27399.380369405884,4420.882447910673,152.0,104.96467143260418,8.0
217,19741.693578561695,734.8272764224881,86.0,132.92679464398543,8.0
218,38040.98420604521,2368.49830085621,29.0,116.07730226759318,8.0
219,26107.500449113784,5475.659089442383,20.0,108.17688144377482,8.0
220,51875.500007994866,1179.6887558433034,99.0,122.66542031715038,8.0
221,41104.674048963105,19565.36699606399,263.0,116.57258191726073,8.0
222,32915.35755504216,1736.454533515863,17.0,118.33816156641026,8.0
223,33073.92573483539,1182.9924866968406,48.0,124.86976811044106,8.0
224,43328.134995492896,4313.971671856492,61.0,126.45181903812448,8.0
225,52953.20009625649,9506.480460461595,286.0,116.57569708019932,8.0
226,39268.04976421809,17873.43439257315,184.0,124.6590305927017,8.0
227,57267.046215103095,11800.214182102873,149.0,116.9905255736322,8.0
228,45849.34090221594,1737.1215381544591,166.0,129.07843941522324,8.0
229,50415.304980412126,10654.785007161086,163.0,116.8030810970625,8.0
230,61076.85253528523,52806.28304856393,153.0,112.44667775028564,8.0
231,60358.56899080414,43338.74550458008,183.0,124.7334864886997,8.0
232,28757.130201540895,10200.466346412291,325.0,125.04445111601487,8.0
233,43135.777448135144,1181.3805954298882,15.0,118.68038551991532,8.0
234,15877.889892524849,14962.538243975734,-180.0,100.17420580930172,8.0
235,51910.15088836148,27467.098532428794,186.0,122.60928844147992,8.0
236,39045.02295106857,21587.293247785306,109.0,117.6528654230217,8.0
237,49700.92856054346,4736.82280230431,138.0,130.95266514954787,8.0
238,29392.638499094184,6350.762605107981,148.0,114.03766672054985,8.0
239,42466.70566149072,8259.698910121695,94.0,117.59386303535469,8.0
240,52905.60632477025,1849.7973434525093,32.0,116.97787953373012,8.0
241,46323.81861842378,19197.66087904604,180.0,117.17339985305503,8.0
242,22751.538410383782,20390.208521035638,13.0,110.68331606297899,8.0
243,35182.9517436391,2366.825027387715,120.0,124.26913101215376,8.0
244,39880.497054477,22246.75977136154,166.0,114.46991458814196,8.0
245,16719.353169892795,5757.314236170179,478.0,117.61027735583849,8.0
246,57613.60505142469,15681.096205706841,81.0,123.41700614792738,8.0
247,29493.385395728004,1740.1481943647086,86.0,108.66837133098021,8.0
248,58563.90499408276,924.9798032046004,228.0,136.87990608794064,8.0
249,29526.141779829788,12558.83681189112,27.0,119.61185847341326,8.0
250,40862.93349266175,924.8558522418572,47.0,125.67902450516581,8.0
251,40148.00385777909,31835.31121766658,116.0,111.18222647848636,8.0
252,27314.34089419839,17818.987480173437,326.0,125.77248373746039,8.0
253,12133.945148037861,735.899505510806,289.0,127.81926338019248,8.0
254,35052.30620071589,924.7887985481889,122.0,136.635596985413,8.0
255,49671.068346732005,4598.627854238272,55.0,118.60437933268754,8.0
256,54366.77153540769,17817.64068738492,55.0,118.66894399895507,8.0
257,25906.480768096946,4604.009719930442,243.0,133.10008584617407,8.0
258,45237.186077844344,925.0820377043354,13.0,120.27394671711897,8.0
259,13351.941049174155,4792.968815958219,9.0,105.20941008636467,8.0
260,43977.708878214304,3473.0503867217417,445.0,134.42902691763868,8.0
261,26786.89301113865,1183.3891084078446,100.0,132.0409638533493,8.0
262,10636.504856173546,9454.579846511893,-297.0,109.86999150875698,8.0
263,44823.4839150473,2368.2487698830564,41.0,114.92186507137932,8.0
264,49523.98339219263,4855.420329661369,73.0,131.55843911751197,8.0
265,33589.04989010174,3771.8268100091313,6.0,116.64390973794625,8.0
266,17861.04381774839,1182.4570972597874,19.0,112.86187748693361,8.0
267,29357.065529904423,10581.375226351698,154.0,122.2561086431476,8.0
268,47155.52401335068,4735.36718052326,193.0,126.9972305450796,8.0
269,29899.055317997223,9259.053909666201,40.0,113.05405897215171,8.0
270,43774.34134703559,30768.113660969917,99.0,117.31264393870663,8.0
271,63946.831161442606,18832.57873546583,61.0,122.20512416880943,8.0
272,61838.49040456211,2359.631452104955,12.0,129.15260571403448,8.0
273,55772.59949262561,19230.403939164506,55.0,116.33316877262192,8.0
274,52414.76484321024,9954.552131579989,63.0,115.1538476442996,8.0
275,56978.63835187789,44183.07090297159,87.0,118.70995040109938,8.0
276,46532.9246716019,28823.764729396204,309.0,113.85056492142708,8.0
277,36342.77010398663,737.1495623445338,18.0,118.23354979783304,8.0
278,28509.22210138772,6685.738961799331,151.0,107.1898732790365,8.0
279,32629.15436142589,12776.391610510675,19.0,118.94764840993373,8.0
280,34555.71652057614,7086.98280677224,24.0,116.89641142353317,8.0
281,18666.77825974903,3481.3958220484806,98.0,106.70718185640608,8.0
282,35247.112305180795,4112.593998801969,81.0,115.23882489275988,8.0
283,21276.020574043723,12999.9019235161,10.0,107.55695575036418,8.0
284,44308.614459119504,41947.44730386422,-18.0,116.76351109599474,8.0
285,21851.19853605902,7592.5484935938075,131.0,104.76761479235563,8.0
286,45392.28980769514,14559.97233894635,261.0,116.61921798083658,8.0
287,29112.521094092157,15671.666848455954,78.0,116.12754152119712,8.0
288,20223.521240439222,9748.462957151864,54.0,115.13155032875983,8.0
289,36369.86721160021,5209.595164476863,195.0,135.03565135361535,8.0
290,20361.41800087185,2774.7022959283827,23.0,109.11852021970267,8.0
291,32843.643104440285,735.018166294325,11.0,118.3792223196638,8.0
292,11713.57169424158,736.8103681621882,43.0,110.47215822960882,8.0
293,27448.499445542246,1180.6562428256964,57.0,117.97941270789448,8.0
294,55605.34399313596,1179.4808459615692,26.0,127.04222962002838,8.0
295,48162.06615390335,1181.19415253977,130.0,128.8898095360239,8.0
296,29500.597621916542,22159.2246331766,68.0,112.31305277667298,8.0
297,43334.09294569449,21011.4246466552,-52.0,119.85403083863662,8.0
298,13768.507718000528,1474.1613155683197,26.0,106.49524115137206,8.0
299,48623.95228877605,1744.2298358119228,8.0,119.4573237222233,8.0
300,53311.15193055518,4736.82280230431,138.0,126.86339367115953,8.0
301,48967.29970361696,9470.434201128153,265.0,127.55616010868434,8.0
302,39925.61137127709,1181.2367504277015,44.0,120.19632058885506,8.0
303,36106.761789423,736.4724832602624,63.0,115.46673747645103,8.0
304,18531.877448975105,925.0020304112977,44.0,117.91704574360394,8.0
305,35909.20434389947,21727.003997256375,324.0,128.87839183733922,8.0
306,37384.975219202,22630.599539464776,84.0,113.68884786126583,8.0
307,48105.66970106033,733.1344755954126,141.0,133.41134278648178,8.0
308,33043.16355300559,13540.583565439696,176.0,105.90264707710458,8.0
309,36978.62510312278,8832.355337723764,365.0,124.72701811607128,8.0
310,48548.77350831187,4856.042744400935,30.0,130.88942337803147,8.0
311,51804.90972344967,1184.3816279003902,67.0,129.93429915874722,8.0
312,54715.50462866792,2870.0572344773022,70.0,118.76011072082788,8.0
313,38063.31883751517,4619.088777850221,89.0,117.91174001418852,8.0
314,33572.45250232629,17918.06932492557,257.0,126.77462885768614,8.0
315,31833.141377620876,25662.963887041657,-3.0,113.56587313340323,8.0
316,48750.75671868827,732.5522997527792,76.0,150.13044396465227,8.0
317,48260.273836138986,1180.1286177019795,23.0,127.92718594420518,8.0
318,54332.436739964956,1179.8097818438523,218.0,134.49979677737124,8.0
319,46630.706744896226,9790.720861101672,212.0,124.81924890001712,8.0
320,47315.28183449381,4624.971267892666,337.0,131.57138832596286,8.0
321,45278.0221886087,11086.509375420455,83.0,118.6253943081417,8.0
322,46678.85226234008,5231.4300699083615,58.0,117.81257491263781,8.0
323,13342.892232255574,3795.866834777452,193.0,117.53408997152594,8.0
324,34606.98642114088,14962.029633057618,279.0,126.36041972470866,8.0
325,29792.64588159895,1990.1547114627729,19.0,112.53969383517739,8.0
326,30328.605675613828,6638.981815380952,58.0,111.93113271348835,8.0
327,42411.95509108973,36945.30991265621,-27.0,111.3401502986843,8.0
328,7112.905359180326,4308.874780913841,4.0,100.7508827685894,8.0
329,55367.96845368269,36356.60617459151,84.0,123.99713548259619,8.0
330,33181.493314293126,15489.810392337804,45.0,113.8817718050604,8.0
331,55008.928834873695,9031.950814615235,63.0,119.68667516280871,8.0
332,37367.23836528777,7453.069302025913,328.0,118.63458590059352,8.0
333,60000.05504375483,16197.930790424794,34.0,128.2943549110305,8.0
334,45680.04202240844,1181.0706505234054,47.0,121.01699734364745,8.0
335,45804.20272179161,2774.5289119642016,89.0,114.04203747521248,8.0
336,42694.34483805336,28273.209779368925,64.0,114.9891516654006,8.0
337,60377.98360115399,52111.82181530823,153.0,112.3779949403092,8.0
338,34309.173154882934,2367.0859351897825,112.0,129.36857197471124,8.0
339,13032.229789039895,5598.045262861075,-14.0,98.56593189578227,8.0
340,46203.84707211707,738.537664421418,-1.0,114.7369216386932,8.0
341,11059.82340736249,6507.439903714811,62.0,98.20181156071786,8.0
342,40189.96650588491,9991.310665627598,163.0,122.80936340291336,8.0
343,16548.19930394738,3545.224833461092,68.0,113.55068962204118,8.0
344,49832.78099250883,924.7370965026854,39.0,129.4764684049353,8.0
345,11755.72164293271,924.8799252399884,31.0,110.23569030642818,8.0
346,24715.562555997363,4785.981107631988,50.0,119.78688264060618,8.0
347,41120.99521484373,1850.0504158003919,62.0,120.01839281955375,8.0
348,25400.0837126079,13310.703636951028,183.0,115.81618188647315,8.0
349,56054.806123827315,44364.67035402289,183.0,112.7921594377661,8.0
350,38732.81699175219,734.6918333775208,242.0,135.91472414506876,8.0
351,20558.947475474502,734.8432930158425,96.0,127.68781491107555,8.0
352,39969.99804912895,2390.281575364509,445.0,116.06542496032893,8.0
353,50620.61295358099,733.9949748730887,27.0,122.17936433215966,8.0
354,29422.006395148688,924.7929191351623,112.0,126.67372172478713,8.0
355,10957.898475211596,2396.361213936985,11.0,102.25193103672906,8.0
356,42821.04461721709,15430.970486375549,255.0,120.55350413490353,8.0
357,47421.68819546733,1184.4726361925523,36.0,128.30580714242546,8.0
358,42196.6620315136,30635.543900797136,120.0,112.70378089339057,8.0
359,48257.63267448019,33370.78833059907,-296.0,120.7150866063875,8.0
360,43452.057225679695,2870.111471888034,57.0,127.7215350091836,8.0
361,50124.22014778434,3144.9400833178815,53.0,121.75923086107358,8.0
362,48866.62176757754,33202.60722250075,109.0,128.7904119370246,8.0
363,11064.166307858986,3477.0920488797497,40.0,95.12773036748037,8.0
364,43998.66054014199,1180.556763283648,20.0,120.55757676820294,8.0
365,20069.303428085404,736.851654234118,99.0,125.71920227292182,8.0
366,49424.958883951345,733.9352742848425,156.0,122.48050042141985,8.0
367,19227.16536445624,1472.4892298738355,115.0,119.40594602416161,8.0
368,47284.76626188244,4052.579119586144,292.0,115.72575791453538,8.0
369,39831.22578962417,13943.706199692891,69.0,115.64814912969742,8.0
370,41053.35160622038,28366.55757719483,32.0,120.80700690167288,8.0
371,9584.714597776128,2396.544730122345,-1.0,99.46651781063112,8.0
372,21182.608626539302,925.0043954636307,73.0,118.5490463623342,8.0
373,66607.8186244316,925.2327572879938,15.0,122.84469504251851,8.0
374,49450.722426572334,1184.0401555113178,53.0,130.94778144102233,8.0
375,48260.52457013561,31238.316342923066,183.0,122.82749676330636,8.0
376,42459.45745655208,11379.753450469534,264.0,110.9774423329918,8.0
377,17712.158311483272,924.8789057074589,51.0,111.91572231669912,8.0
378,18978.079308255365,13759.808226642619,118.0,106.79975970045284,8.0
379,63625.261932545174,56968.59789810442,80.0,117.5333816902934,8.0
380,54895.97668440628,8625.644603666617,80.0,122.92720226476749,8.0
381,27852.329434865027,12821.050017173555,87.0,113.5099753124606,8.0
382,43479.21337166052,9249.744701057614,271.0,121.74113596134484,8.0
383,40898.00966735316,1989.8684045417644,355.0,134.3522029996604,8.0
384,60001.30449797719,13714.74559258866,-16.0,115.9319079732843,8.0
385,36898.72603534391,735.4272595813787,132.0,119.533991750349,8.0
386,50725.91984732398,9476.820780225597,76.0,109.2899636773793,8.0
387,32781.66311581375,14049.640174642334,170.0,116.95439680941658,8.0
388,41639.33455568564,2360.305636546455,83.0,121.71719505498842,8.0
389,32917.99512624057,21360.8150647047,58.0,111.0625479276048,8.0
390,30369.164536953253,736.3498872276124,108.0,125.52271150924489,8.0
391,40204.05528635122,20559.335358732118,121.0,125.42230085671088,8.0
392,18984.342064822995,12822.952225100795,-27.0,104.1234114211058,8.0
393,39065.51476423042,12673.24296125335,-124.0,110.25975500415203,8.0
394,30055.844576596082,18498.97674211964,61.0,111.38403520747804,8.0
395,41940.181672416635,6516.364123671462,117.0,115.76556059339715,8.0
396,50126.46288913026,5119.836010106224,350.0,133.53119788476403,8.0
397,52640.92319976243,1743.1362883380104,150.0,134.96853365323298,8.0
398,46671.49946695897,31019.21703620151,259.0,129.41415466555247,8.0
399,42784.37496803494,3801.5431433425288,27.0,121.80508754010388,8.0
400,30720.646951222498,9951.539075988632,497.0,138.05655276031237,8.0
401,46245.308283527695,28787.628465835325,109.0,118.88082437356111,8.0
402,43532.497162904576,7587.046260634159,183.0,126.54598554898728,8.0
403,42204.09426580801,4603.379404889102,349.0,131.23044812786642,8.0
404,64151.64727780507,1185.1598050069906,27.0,119.47921695176287,8.0
405,52967.92328482187,45424.11252307129,153.0,111.58894319627252,8.0
406,17234.049952596433,8616.138923346049,10.0,110.74344260619975,8.0
407,45069.97155017882,19600.845684909218,260.0,127.86800716060945,8.0
408,49142.03997079457,2361.435443676619,48.0,121.95569186991219,8.0
409,59840.09544168174,732.0596120553574,19.0,126.35589214681482,8.0
410,39232.31427726969,3471.070956517339,45.0,115.10315115567298,8.0
411,55537.49951477685,9247.86542941677,79.0,123.02327715133949,8.0
412,44669.03646544956,1735.2267579676393,213.0,133.99811457810634,8.0
413,39913.76015842725,19661.139672718655,73.0,121.21693014482675,8.0
414,30602.641277610783,1471.9321635177005,16.0,116.55830683231045,8.0
415,29552.110593034246,12163.693923994657,114.0,117.61824568466156,8.0
416,28833.819459829516,16729.265966813153,183.0,113.46744521498361,8.0
417,45703.08947164258,16794.671281682542,-18.0,113.29490253327619,8.0
418,63781.655434394386,1179.718980292965,29.0,134.87024359929302,8.0
419,48766.607512186,22689.222019911693,-207.0,120.93844313894652,8.0
420,13701.984775752324,736.8847504221945,6.0,103.74295758234808,8.0
421,49518.23055401452,5204.84479489838,301.0,127.81581511941764,8.0
422,45936.681082894334,1180.0011473608552,47.0,127.09700298634056,8.0
423,36848.31581329929,13328.876544660678,268.0,114.42712259941726,8.0
424,55841.35424357011,38818.28544795778,183.0,124.06972193493617,8.0
425,43785.131471701345,924.8810461583437,214.0,133.82090659825994,8.0
426,59160.688835136985,1989.0418595369722,205.0,132.4809064650136,8.0
427,18691.067510782636,1740.9950882320463,152.0,120.90127344289485,8.0
428,17142.98442114635,737.2756081977525,21.0,108.03113500250278,8.0
429,43541.546426372515,14276.402257289446,59.0,122.2596345369032,8.0
430,58981.61917020346,25930.451724136165,19.0,117.40306255522536,8.0
431,13250.498171167843,5763.808754462799,16.0,108.06115963829275,8.0
432,45241.97179461652,1991.8675922365944,81.0,112.60258083273582,8.0
433,27360.40444095181,7857.365442317289,368.0,123.95163654634334,8.0
434,25809.116883379138,5859.089079146791,125.0,117.49960003548392,8.0
435,14561.847016229473,2871.0686969128706,146.0,97.31199580085892,8.0
436,54082.306702546644,732.8905261663131,10.0,118.00771486254213,8.0
437,39940.77116000972,25839.287734264803,163.0,119.13164080910603,8.0
438,22392.94438132813,924.9616976123339,108.0,114.75850038130294,8.0
439,38569.32317309835,9798.96303985875,129.0,126.79615800506453,8.0
440,47362.32630183263,1183.0435521967327,98.0,126.96254205805296,8.0
441,31178.27168231274,14171.913393929244,296.0,131.94348074087713,8.0
442,13893.526868639368,12969.909807317887,-39.0,105.58085227745958,8.0
443,55216.554721055574,8057.109286459966,77.0,130.89588353356015,8.0
444,37114.347174621405,924.9357371286653,23.0,120.38651822147312,8.0
445,40097.77383263375,2207.135077939345,140.0,115.84956051873894,8.0
446,44615.99479057412,1849.8206493246967,65.0,116.31928158109488,8.0
447,34071.0254262854,738.4646700001205,78.0,124.22918404108697,8.0
448,49259.61174226645,2400.1695763324637,85.0,123.00172535915839,8.0
449,33402.68662581276,18426.103681031324,13.0,115.42516807373451,8.0
450,36910.13990211796,24808.491960420884,183.0,109.22484422725523,8.0
451,60464.14402600124,58482.98251071148,-450.0,123.74774024064955,8.0
452,34919.528944779064,8624.956213891632,44.0,115.37185473370414,8.0
453,26735.160113474594,7545.101964608025,41.0,111.66293241331805,8.0
454,54303.79942985624,739.3438490837933,70.0,129.5996465582015,8.0
455,51802.145930711944,6474.886955986605,184.0,130.24161355845646,8.0
456,41079.20666753632,925.0137750403505,84.0,136.54277979982186,8.0
457,38730.47844133104,27795.633087637623,-85.0,105.08340493734369,8.0
458,40005.87699033964,1180.3134993701708,79.0,131.6464797289472,8.0
459,46482.833398103896,7545.043093183002,111.0,129.79951108319298,8.0
460,42021.130697154964,10309.490847771245,-44.0,115.09833754840064,8.0
461,43120.03653004619,925.0641186158439,7.0,116.06546030832371,8.0
462,39218.16166641869,11542.991902167865,9.0,120.53942269142351,8.0
463,17502.93339567788,6392.914245699395,112.0,107.87593954303783,8.0
464,42199.08764028805,27160.09280905556,87.0,116.79600515359024,8.0
465,27640.326782065753,9028.372502713557,196.0,109.9598281196699,8.0
466,35078.88771823449,15001.462082315831,129.0,107.92533896652806,8.0
467,43462.20509177351,737.0561394651384,134.0,130.62184445103017,8.0
468,45595.59525238056,739.0818133982428,63.0,125.24345494565287,8.0
469,51728.55915945817,2360.563038190574,133.0,126.87237155674859,8.0
470,54808.16044556874,924.829631819486,44.0,131.60237383056324,8.0
471,31883.282021470954,17037.682007934658,198.0,107.5281700723779,8.0
472,36192.4130021131,3699.8417202666387,59.0,115.01750484456225,8.0
473,50392.989000898655,31608.145388268396,187.0,117.04394358675316,8.0
474,28802.33948164548,13840.9873713256,22.0,113.5224466502173,8.0
475,30179.027167597433,9430.62551713441,111.0,110.71911220785458,8.0
476,48984.448667128876,8679.288414501641,167.0,123.99441889957748,8.0
477,28367.811565681783,1991.7177515559074,72.0,116.41425773767618,8.0
478,42941.05749464913,3085.37124116139,35.0,120.83140135033346,8.0
479,12239.415860886307,1991.2952531608123,402.0,125.46349280320837,8.0
480,60809.24685410204,11358.154447663996,236.0,133.85248704546643,8.0
481,56094.82688842888,2368.502667905178,81.0,129.91989313808756,8.0
482,38574.76526603037,8630.812387853122,50.0,115.46217744466269,8.0
483,50287.1104842284,4315.079547369313,12.0,121.84767439610246,8.0
484,38588.12729991562,735.085502997656,212.0,134.42112769666005,8.0
485,29384.20578420817,17848.268372134204,60.0,113.21485624925552,8.0
486,41975.35344973821,22323.629351238826,-57.0,124.90104777692389,8.0
487,56511.89247201134,924.9035639155979,39.0,127.34512466079913,8.0
488,37660.511425936296,35298.53888768084,-21.0,114.96381652239928,8.0
489,68494.43646532275,60218.10986497179,153.0,113.09852462328074,8.0
490,14182.984095927985,924.9222129390357,10.0,107.15865207354453,8.0
491,39843.72736250152,1849.83771976939,23.0,119.67022526709206,8.0
492,20071.133395189743,2945.266798668709,158.0,119.70954595972775,8.0
493,37179.52660527449,1849.7684020761126,64.0,120.59526128905688,8.0
494,31802.61913462184,735.1950914461662,20.0,117.9200455618136,8.0
495,45920.359050448234,11808.250495384758,29.0,115.78742780743704,8.0
496,34698.345027199975,737.0617010073568,14.0,116.82187250136099,8.0
497,37317.63345705462,924.963017656886,50.0,120.13063587282826,8.0
498,31315.431868798452,30694.090181637144,-261.0,109.93764853168895,8.0
499,31680.62815985605,1736.2562816309808,51.0,115.31890661332329,8.0
500,43963.53904355528,15456.342330668005,189.0,110.28756236297912,8.0
501,46257.12878922134,1992.3387145915294,122.0,128.9473840318637,8.0
502,56346.588675061925,6275.219549565132,408.0,138.58946761402115,8.0
503,37136.444325140605,1849.9532194559642,29.0,116.51326442512244,8.0
504,44161.4084958906,18541.841004182883,98.0,115.94365430150506,8.0
505,38836.07446002659,2360.8955774601086,187.0,134.81399592917091,8.0
506,53370.5890952,26269.83904465616,49.0,109.90208153355053,8.0
507,27936.910477371115,1183.902656101222,73.0,120.66713928955059,8.0
508,41120.30743200796,3092.810084291236,187.0,126.93634433096832,8.0
509,51875.574825387586,924.8588586442719,97.0,128.89101655148667,8.0
510,44401.39836801986,8323.912456081338,88.0,116.7975293691099,8.0
511,6474.435299270836,5549.544028640244,-17.0,92.56122147484038,8.0
512,44958.2417940101,31952.015928662717,73.0,117.1380287039577,8.0
513,27992.080070708656,11049.86075587056,186.0,106.14686425323828,8.0
514,31077.806505613007,2362.032283595307,282.0,136.80050509167074,8.0
515,7544.68047099729,1849.9244471996235,16.0,99.94831028174376,8.0
516,40425.649214625424,35849.331516699174,29.0,111.47370915906522,8.0
517,54369.81810041095,45916.87320669979,368.0,131.0855839198416,8.0
518,34741.890877162885,8679.711036695926,141.0,125.55395845323171,8.0
519,39855.44967355649,1181.4144665464291,96.0,121.22825344373987,8.0
520,15836.530273087914,1740.7791371641285,115.0,104.43158457831456,8.0
521,6396.27107837991,2364.134285669082,28.0,93.72518736968563,8.0
522,31660.65654947461,25776.117397605103,34.0,103.38290334731632,8.0
523,64304.59437237232,5491.982337132477,100.0,132.77172439969416,8.0
524,33968.676332115494,1989.987931142519,121.0,130.32919861030052,8.0
525,47486.34651826419,14217.703552637677,126.0,115.92649937737153,8.0
526,54727.2607526792,3771.3282263378824,140.0,130.41626084268512,8.0
527,46324.104249053984,925.0085593784399,35.0,120.00371583197415,8.0
528,48440.22756784147,22505.009362948505,139.0,122.85909332764868,8.0
529,30307.913204338063,1741.9890344418293,45.0,118.26885212357297,8.0
530,46273.6313720811,1180.322893897095,105.0,126.38568758484487,8.0
531,41587.705061477514,29989.801005523663,263.0,129.6039727451944,8.0
532,29270.316553205117,5598.187503151229,23.0,111.00099624815687,8.0
533,46045.36232002683,2361.604555213362,447.0,136.64342004151956,8.0
534,51397.34616024219,2889.039206888123,190.0,117.9279241412444,8.0
535,36171.357499502235,734.7743391031274,62.0,125.10277615446526,8.0
536,28020.932048075545,2871.0662462154396,173.0,123.25558153974924,8.0
537,34092.23810648617,15285.426091460695,157.0,119.22639795569373,8.0
538,46252.92140996105,925.0435954902255,30.0,128.0671915461285,8.0
539,31661.98492979725,8356.587704315483,92.0,119.39697012973176,8.0
540,46249.56487354747,1741.6489675532553,16.0,117.3655604099063,8.0
541,32757.22452638826,12815.194829441296,133.0,119.55006210564571,8.0
542,36990.151441244074,20553.38614909027,73.0,112.99200490201451,8.0
543,44321.23604431634,30873.091691798276,78.0,118.90099303982352,8.0
544,38747.36653236503,1474.8532163425384,42.0,120.96610670944479,8.0
545,35087.455548610065,8833.150210848198,75.0,114.82764142781951,8.0
546,38104.25746436956,4603.374727122391,40.0,119.55657482706586,8.0
547,35177.17353724741,1742.833042865043,75.0,121.18897629795467,8.0
548,59322.11472309551,52667.08313397035,80.0,117.13403663782803,8.0
549,63177.73984461143,1179.681053470481,40.0,122.10904155489058,8.0
550,20212.162587401293,2393.569382836396,21.0,107.96305359675873,8.0
551,26250.293488750453,924.9163306404658,113.0,124.88214247231939,8.0
552,18205.723623015656,1182.7913991999515,222.0,125.9955438682811,8.0
553,47756.59628589673,4304.719410189417,44.0,123.78337069068337,8.0
554,49788.46158735079,32728.645275047184,451.0,111.03692688723383,8.0
555,39692.47759832867,13740.015567136452,88.0,115.38631319982858,8.0
556,38413.186141684266,1184.2338997798606,71.0,122.24928827971223,8.0
557,18533.401902069658,925.0007178856233,173.0,124.8275641539995,8.0
558,25600.058817689864,4607.340874731047,92.0,105.57546486232594,8.0
559,36993.10836296638,19868.18038509661,163.0,110.84478575138458,8.0
560,50268.63379774544,7847.365222151587,251.0,126.69740354363734,8.0
561,43347.7417419779,24734.383240026513,198.0,110.49625959221204,8.0
562,45620.65973004339,1473.7715234014659,325.0,135.74383576024118,8.0
563,49606.378158435684,30591.09638590372,160.0,128.4574569847312,8.0
564,19437.190437558897,924.9757876894877,79.0,117.985215782554,8.0
565,45516.27597469206,13930.91602244135,148.0,117.1972008044238,8.0
566,22736.59088542245,3549.885157051602,37.0,112.36144589270569,8.0
567,14192.896967552259,1182.8266530994492,67.0,114.47166255359038,8.0
568,42103.21496698922,32149.385679638897,419.0,130.31858981982344,8.0
569,23009.289093629446,8914.58981894062,151.0,113.23816546323282,8.0
570,50102.26338132617,1180.0666265712878,26.0,118.34356002625702,8.0
571,48657.73639748367,924.7980323489545,20.0,113.9445086918324,8.0
572,30953.21271250243,1183.155701363004,55.0,114.66292002118136,8.0
573,34606.820239367815,7435.667010643106,250.0,125.3091087705437,8.0
574,34200.677992672776,3139.4117056140763,129.0,117.32495252953986,8.0
575,46820.20615087703,1989.478507216263,142.0,129.34904753018662,8.0
576,44425.42127317147,733.4251389469978,15.0,120.99002855656595,8.0
577,12970.101938841572,924.9125244758384,32.0,108.93475229948092,8.0
578,48514.07819399627,1180.8008240322356,170.0,126.96650282226878,8.0
579,32580.714204820833,3771.7114850014655,123.0,121.7855781771729,8.0
580,20774.852034942312,3142.8039878140503,72.0,113.50096106596614,8.0
581,47915.52769074269,29072.011873113468,-143.0,115.52852861024549,8.0
582,43920.31451640061,13377.24341209664,216.0,107.45989792822125,8.0
583,16129.961199078489,736.2077185030274,29.0,107.94680863344854,8.0
584,36646.01831406615,734.5415376249118,14.0,115.62638685942171,8.0
585,46341.38370529433,3772.636421453319,51.0,117.99426357713084,8.0
586,40700.29846999949,27243.12068253354,-83.0,124.97573418928874,8.0
587,30392.573260894864,13774.951076516938,133.0,108.86446223159108,8.0
588,19479.46346530179,924.9241969508541,44.0,117.93483534618255,8.0
589,33905.54925144514,16452.919529517563,109.0,116.7333197392567,8.0
590,43081.87632026918,1181.6877229785837,65.0,132.1587607244358,8.0
591,44099.62750920033,42380.74358086604,-246.0,109.87988609939761,8.0
592,39187.70330322183,2774.5730130332418,84.0,116.78971099539035,8.0
593,53293.1567990823,14357.673719096258,116.0,130.1069800376501,8.0
594,66506.32348370858,1746.1226447494512,41.0,132.88867167704376,8.0
595,33304.161050658724,16664.170463329538,279.0,108.65114638264208,8.0
596,51712.89366026095,2359.9717327528333,44.0,123.55313333143863,8.0
597,38017.61836093518,735.1769324320655,72.0,137.4402004343191,8.0
598,40828.88504204904,735.4262572133724,107.0,128.025795632033,8.0
599,43442.22900023456,734.6015503462047,110.0,122.73034051618185,8.0
600,20598.012667757943,735.4735267815515,13.0,117.82272051236163,8.0
601,56939.02218772998,22373.867895742213,36.0,118.07206729080823,8.0
602,57931.14906017734,15248.647491873024,516.0,129.60485542044606,8.0
603,55831.708255994934,38780.88230032678,267.0,116.5320794405462,8.0
604,43999.90145377783,18051.915867558615,88.0,119.51629368736134,8.0
605,31300.85131162977,735.1930727229368,152.0,130.19315768066093,8.0
606,34650.37588613845,735.2772284123843,0.0,111.15718323139326,8.0
607,44153.84883472415,924.7712472725656,15.0,128.60110827820571,8.0
608,56844.07084033913,10419.371115509657,58.0,123.21585677431771,8.0
609,49033.497805998595,6670.405862945691,33.0,123.35905930984599,8.0
610,25897.522733986054,1849.8310110181326,173.0,124.76589090046767,8.0
611,49037.52552506759,925.1072660127725,24.0,117.97844650353369,8.0
612,38465.17452325721,735.749116272104,41.0,119.61736360848735,8.0
613,56965.28362125976,42051.37448320419,-33.0,114.77061382918447,8.0
614,51021.93589470467,1733.556794773792,72.0,123.44483408362672,8.0
615,58806.4305582785,47841.160278879725,-177.0,130.498506152473,8.0
616,33238.91343276531,16623.224280947,93.0,118.32399964933764,8.0
617,29680.53592898479,1849.9912966595746,36.0,126.32062964154849,8.0
618,59199.16206328702,46409.289906826234,87.0,120.68838367561963,8.0
619,3797.3874685006203,1473.3032198345952,9.0,88.35693340795865,8.0
620,37987.325106054624,1850.0132847305192,244.0,130.55288045838657,8.0
621,47665.309708711415,36852.148878792636,-18.0,114.0166007998239,8.0
622,22459.586169759565,11518.30409677257,220.0,120.63509375614855,8.0
623,49058.95640849277,738.9598148671556,69.0,144.05686996307045,8.0
624,33499.60908903155,23227.695099321118,255.0,112.505303465884,8.0
625,23130.563784877915,4514.365219751113,182.0,120.53721135937889,8.0
626,59540.23482751616,13301.891072855893,19.0,121.353894091515,8.0
627,34254.96662851093,925.0536824594557,13.0,114.6531710315355,8.0
628,46402.172763213726,732.7216042003665,9.0,129.14355499301624,8.0
629,14735.008665237832,13053.571844583954,65.0,112.7057054362347,8.0
630,51736.90592542541,38941.6546276296,17.0,117.5795925312491,8.0
631,22475.99082200126,1181.267529328759,16.0,104.29598039844974,8.0
632,47452.64548486419,3699.6445672315117,75.0,122.61871746962808,8.0
633,30592.524782373166,925.0847686775356,10.0,111.20887794415277,8.0
634,47376.24492044467,3699.298202644132,106.0,125.71689508488097,8.0
635,34444.70459323481,2870.378247827844,146.0,114.39244372082393,8.0
636,43747.619735284134,34538.23335862798,-180.0,121.95314589888656,8.0
637,50239.12937588148,10407.549956244346,550.0,133.8246638502834,8.0
638,43923.74783791413,8066.421383480341,53.0,119.08530806345749,8.0
639,4515.028168975506,2209.516753215361,5.0,90.44066193543335,8.0
640,59074.572883934496,7589.691702468363,263.0,132.06655533964152,8.0
641,42741.794795865404,22737.224671471176,130.0,127.72758029747524,8.0
642,28908.996136676713,925.0032766437024,4.0,115.77801715583738,8.0
643,45981.08684732065,20028.30383270209,88.0,119.1176946014353,8.0
644,58747.51126793033,9414.848576153641,118.0,123.13081415244591,8.0
645,20088.856702423676,3544.0874639080525,21.0,107.64183500431133,8.0
646,36424.55152693422,19401.496177718742,183.0,120.46725249501714,8.0
647,33323.55852358805,1735.954534298039,302.0,119.24102855996063,8.0
648,34375.642270685974,12336.075449717313,27.0,118.85939117356851,8.0
649,29825.388644762013,19548.29221676637,234.0,107.50403582407236,8.0
650,61385.214168928665,39997.838678193366,-159.0,114.41856289823076,8.0
651,62352.74551658356,22376.724466343785,46.0,123.46027926392273,8.0
652,66299.22202255977,58031.0739550341,153.0,113.34456424361103,8.0
653,43683.645734116035,3084.32054623981,219.0,126.23020152463928,8.0
654,5238.386043877379,3087.992101978439,-10.0,97.85014624057288,8.0
655,50871.843210754196,10654.754195651665,155.0,118.39244375856978,8.0
656,26755.337965812818,20113.446196560344,48.0,107.78503414173734,8.0
657,30223.659673316455,1990.42008897333,40.0,114.13222303751255,8.0
658,25147.494511499845,8611.195687791764,208.0,121.76906386306018,8.0
659,35867.343666760404,1181.5393448921525,77.0,131.74953829363858,8.0
660,27451.135375585225,3139.7497622201313,266.0,125.7259732506983,8.0
661,47786.601224224716,17352.080631486817,22.0,128.6399279754424,8.0
662,45665.50856167583,5227.460365354305,250.0,128.46962172940113,8.0
663,54162.96405024404,45902.83366759459,153.0,110.73859643630426,8.0
664,51881.48908223505,733.0244096174941,223.0,137.1397072250206,8.0
665,30717.745251132423,14276.457033248604,67.0,118.91151222168482,8.0
666,52903.5979504233,6516.109084265693,39.0,121.74994536925074,8.0
667,32110.43985828924,6655.354255663022,18.0,121.99042220527073,8.0
668,54787.44331440234,738.5993503938357,57.0,131.76177552791808,8.0
669,35541.9399671501,17228.855427994047,54.0,116.41042819386467,8.0
670,29862.596221980377,3143.7960162668355,22.0,110.7292914576565,8.0
671,46888.43392007224,11630.346086691008,-5.0,117.27785541977188,8.0
672,27260.44859115542,1181.597073380314,291.0,130.18818029984757,8.0
673,22834.58542122097,2209.732581953883,25.0,109.71651695102707,8.0
674,17345.190057202253,737.5528174869223,41.0,113.42429028070798,8.0
675,18415.103997566588,11049.064711557086,11.0,107.01759470196873,8.0
676,23638.72093364591,21273.830207612722,-10.0,108.80870110000383,8.0
677,57255.89294067043,2368.7213719209626,182.0,128.66485372287065,8.0
678,53457.42088198404,3772.893089893422,23.0,115.21792171696588,8.0
679,10439.379334713158,2396.8560755150843,68.0,105.50780440584212,8.0
680,43773.170539342704,20091.614070203792,35.0,114.99774101812982,8.0
681,28244.397606457445,924.8967777486955,37.0,119.05230470390882,8.0
682,48720.110991795045,42074.04636277775,25.0,114.49067090368648,8.0
683,46405.26861433338,924.8636903554134,11.0,130.89045471439871,8.0
684,46381.89260967413,925.1131968889807,7.0,117.3645518543017,8.0
685,42332.275520565745,5234.079198915032,228.0,126.1180520497425,8.0
686,60170.28757164681,2890.2771165040817,257.0,133.08530953724272,8.0
687,24356.931665849417,3679.5112275381157,44.0,109.97307810090673,8.0
688,57102.31822581769,1180.1268165744953,47.0,136.76301679010163,8.0
689,60881.313511013344,4037.8802365203246,32.0,118.08773938225248,8.0
690,39193.81593929407,5967.701033976699,95.0,118.38567262324563,8.0
691,56368.05092269568,925.095132192761,9.0,116.10291249660222,8.0
692,52052.74296678787,14872.36772582162,38.0,122.34612779963021,8.0
693,24171.15942352016,5123.422153246407,111.0,111.8173084314007,8.0
694,54713.897149755474,924.7047441775867,110.0,133.278420060424,8.0
695,47421.67949285742,35859.86890425223,120.0,113.36639239108774,8.0
696,48455.335757334826,6516.213452007781,125.0,122.91740956464727,8.0
697,44364.760324456394,6641.3078014083185,74.0,113.44594312956244,8.0
698,5887.962779070736,5152.17968970327,-242.0,87.84708434053988,8.0
699,39291.89950087798,2871.67349192219,106.0,119.72973134328029,8.0
700,17954.758749348377,1849.825207687136,34.0,99.88390652557831,8.0
701,22279.172791439592,20294.632973420765,35.0,103.78920896182491,8.0
702,48453.94667716477,924.9140630311823,78.0,126.15123874234064,8.0
703,58886.83867924578,42786.989104504966,87.0,131.8484034302568,8.0
704,56686.52672681352,1179.681053470481,40.0,121.38674290286797,8.0
705,40410.598136208966,4851.485330832785,228.0,126.96011354712901,8.0
706,54942.31003152194,1184.7211567131321,206.0,149.05252944758706,8.0
707,19224.192186219254,10971.287164224817,151.0,100.36075962783593,8.0
708,37550.07019782557,6384.565529727696,192.0,134.90594567029686,8.0
709,47587.03219378517,13718.111824174157,158.0,113.24754468277052,8.0
710,36850.028876380515,18541.349342431306,26.0,120.5074727905065,8.0
711,44676.593546372525,1184.8225584086829,9.0,119.42957852571998,8.0
712,27728.49400881015,8913.834235266162,67.0,115.83167212196375,8.0
713,34990.34374738554,12814.33093428565,244.0,129.06064669665778,8.0
714,43170.728390844655,5753.087373975447,186.0,127.05441002257311,8.0
715,25338.108155934748,5211.830671950675,-8.0,109.06947867609743,8.0
716,24973.0711003864,924.9074659485234,3.0,107.8297930098519,8.0
717,42711.304816616044,30019.226883882013,32.0,122.61618667668719,8.0
718,28907.892446086935,1849.854498474127,62.0,117.55551244770844,8.0
719,13323.125779016302,924.9578977594213,62.0,116.14684809830709,8.0
720,23321.11278914276,11087.89355588108,-35.0,119.38253732147957,8.0
721,37562.31082732026,2209.392313520136,131.0,120.3949646575959,8.0
722,28783.69837069097,7422.883977708285,99.0,110.11029515520765,8.0
723,23896.87148813817,12812.932818040897,124.0,118.8976262803501,8.0
724,43892.784801386755,1184.0607927429824,52.0,130.642507699842,8.0
725,38099.74623352313,28900.358654844586,293.0,118.47757205575623,8.0
726,47430.02191710164,924.74080261744,20.0,128.78864140315608,8.0
727,50653.755441269386,8629.988345445405,145.0,112.50296241444318,8.0
728,37239.41850643327,18617.09637995381,198.0,107.31278697998145,8.0
729,31705.57272297303,2390.8016856364343,138.0,127.05475637736166,8.0
730,37588.11956966545,12133.200425086208,9.0,122.91815632338461,8.0
731,58841.23757618313,11935.59377223214,248.0,139.69958407228305,8.0
732,62734.26015903456,11797.217361848687,257.0,124.94771256225707,8.0
733,49012.231471209256,2368.374183299985,72.0,130.31363916967953,8.0
734,44506.72890487997,30409.183404801464,163.0,118.40611216950451,8.0
735,45877.20105745574,3084.468259231212,57.0,121.41688943801267,8.0
736,47962.51631519862,1180.423700336337,30.0,121.67441353127359,8.0
737,39088.994320079786,26796.39985643772,75.0,113.54208475963726,8.0
738,25144.222592223246,2879.888612839575,169.0,122.1913458811998,8.0
739,12354.17691371449,11653.61380576157,-45.0,99.58436504597886,8.0
740,21335.60998695898,2870.35934644872,76.0,107.05115847666697,8.0
741,52965.188687542715,35009.600336726005,321.0,112.18935372940416,8.0
742,44347.85906555509,924.8754250886212,26.0,125.54641021250609,8.0
743,53265.21343164098,6289.662244483969,109.0,123.32327217179704,8.0
744,57578.845706688946,7959.107603067897,19.0,117.0605211965218,8.0
745,38400.989777129114,3541.0113480672894,67.0,129.13050031876733,8.0
746,69666.9293406625,8256.11939301915,195.0,134.6896369164543,8.0
747,34666.61411986323,1472.071908724661,206.0,126.07512037129047,8.0
748,55587.58554719601,1989.2067370252787,82.0,128.23284807984655,8.0
749,45572.577918489864,20986.624760680428,124.0,115.9053399014796,8.0
750,39700.711938567874,1179.7700178426594,50.0,125.1711568898493,8.0
751,49763.38089851874,1181.2122288735325,92.0,133.18041326814765,8.0
752,28237.041563148006,1181.3646641611329,122.0,130.51577133864419,8.0
753,44380.09073577843,1992.132282782419,71.0,125.28663549035497,8.0
754,34990.78623018828,10649.368808670099,139.0,114.57477633549128,8.0
755,44784.686570030855,924.9253081113957,83.0,125.78919767120928,8.0
756,38093.767296234764,738.3997001237741,138.0,130.77247757877268,8.0
757,49071.831060041615,925.059538961917,73.0,124.39495522072986,8.0
758,35206.36563177291,2209.6504466082433,289.0,130.59807108321928,8.0
759,41482.42942566032,3138.284658221941,94.0,124.77740105377711,8.0
760,43795.95549418539,2943.8235697779414,60.0,113.12039251914221,8.0
761,36551.4462470584,12226.464210158289,123.0,122.72691241717412,8.0
762,18427.9157067028,8073.063132001861,484.0,119.49476776995064,8.0
763,50090.111066479236,2870.0083149667,67.0,130.14223989883766,8.0
764,12684.486084016,1738.5403944248733,30.0,103.95972172295018,8.0
765,60776.14781559774,40016.40200016601,111.0,116.78204712784004,8.0
766,22118.87792404636,11050.124612142079,-16.0,106.42204471817999,8.0
767,20643.68790365659,15184.28387978916,16.0,103.92724290669422,8.0
768,38051.825204264234,1182.9496270305126,29.0,118.18325661014207,8.0
769,54747.712900324004,4624.13796541318,58.0,123.04536403285132,8.0
770,57025.315937683314,40002.25881590375,183.0,124.24865446343505,8.0
771,52224.51562873006,7546.100902479166,39.0,123.87279090264602,8.0
772,57870.800946724055,13941.9956469779,181.0,127.99824623023416,8.0
773,65386.24387592899,25610.096002118942,61.0,119.35289806752304,8.0
774,29788.8472135769,2362.402186722541,16.0,115.56816303055341,8.0
775,63044.22034053657,2359.0465346484298,108.0,120.96996732367514,8.0
776,55389.42336191826,7725.774955723418,81.0,120.61077454325135,8.0
777,40953.08784705367,18635.829553274194,168.0,122.54316712367674,8.0
778,40014.6163362665,1992.5933307845742,44.0,122.98606467445434,8.0
779,57782.05592606979,15392.787329231905,65.0,123.57279972371504,8.0
780,29892.560934411275,8557.27578420534,222.0,122.55697145243113,8.0
781,34348.76699774263,16713.689414056906,177.0,113.19633864914789,8.0
782,58970.86333154493,5231.546766370286,73.0,124.53491515551545,8.0
783,58570.06921578049,25300.650115096338,-47.0,116.05621719288948,8.0
784,50034.558618197305,7436.066455258383,126.0,122.92983439358503,8.0
785,38403.685139931884,19172.77174338897,181.0,107.518061833625,8.0
786,29791.59243499122,1180.4623155816134,30.0,114.54922481657445,8.0
787,37923.63597422628,734.537404835834,84.0,126.02066163260056,8.0
788,45488.7929028811,1989.3575558146256,18.0,125.76745915757036,8.0
789,38838.73609471762,21679.490028990822,125.0,119.53224071032626,8.0
790,41493.13892556753,925.0736853251569,19.0,115.4774243592821,8.0
791,51108.36364811049,8074.9065246853315,85.0,120.23438528619803,8.0
792,54767.2159992833,31083.33273779281,69.0,118.01076328207824,8.0
793,39528.848427461104,733.8293408324043,28.0,120.10622581367281,8.0
794,36381.243583798976,1180.9508875573733,74.0,134.3559729393711,8.0
795,24297.211871161067,4617.139575764181,38.0,113.62459941597712,8.0
796,14817.067407039114,13893.397783295013,12.0,104.32526020773415,8.0
797,42761.95481589044,1472.6370095688485,135.0,123.54496733002208,8.0
798,56630.45995263559,1992.421017421826,21.0,132.5434385362646,8.0
799,21928.010372204128,17345.63668818159,58.0,107.1378700183141,8.0
800,27075.09357255256,8356.975948460855,154.0,119.05299472739841,8.0
801,53197.01764755963,25894.643992621015,343.0,119.36042860848025,8.0
802,42374.65395936737,5902.338990720584,199.0,129.04929888269473,8.0
803,17062.12535969053,15927.202441470754,-22.0,107.18060594590455,8.0
804,37677.44607084597,6696.395219366123,95.0,115.90236726835026,8.0
805,67533.73081282494,2872.1274001740335,35.0,124.43307344821807,8.0
806,44643.91538405414,7828.5196302028,179.0,135.11094286520748,8.0
807,29010.585955868675,925.0215214417747,99.0,123.7116678255831,8.0
808,38035.985443534744,20401.388705215344,156.0,111.50499649763768,8.0
809,24322.02806754962,924.8168847204172,70.0,119.96829737200446,8.0
810,42822.780280626954,2397.194194815527,388.0,130.9674990532468,8.0
811,46236.73166066572,1180.0079229983255,54.0,130.57789390093637,8.0
812,41638.08106354268,9628.269900041956,210.0,113.51792314730093,8.0
813,49883.24065244585,2870.099736851828,59.0,120.42420162890814,8.0
814,25920.03253067601,1181.1954617718204,31.0,120.38927607375771,8.0
815,45250.095417605866,733.5163520429987,36.0,121.34557860542137,8.0
816,44142.820773632266,2870.3761753172803,56.0,127.9795913478628,8.0
817,39038.09274872767,26031.85739966925,99.0,116.57004771941878,8.0
818,38413.35685054829,25616.20515987459,87.0,115.49794935159174,8.0
819,55274.11316959416,3552.8312702689877,187.0,129.3527882682809,8.0
820,52060.42736775852,43614.972090942254,335.0,130.61822614188995,8.0
821,37612.993452335875,36996.567874683475,-545.0,106.07304085946727,8.0
822,64193.78128966606,1179.515606793446,159.0,133.1602407380201,8.0
823,35923.81574964722,24311.896882940695,39.0,112.93537355557825,8.0
824,52252.66866428326,1179.816942827393,118.0,144.56467921369685,8.0
825,57169.4898434045,9281.165062354034,467.0,118.97812134834858,8.0
826,54692.20283507735,5548.969904796099,83.0,121.71280059461778,8.0
827,19423.775190496704,14799.078581412694,-7.0,103.47488018048703,8.0
828,42684.0566752773,30582.953659885574,183.0,110.82729999483331,8.0
829,33957.06672983483,736.5611193849537,42.0,121.30938057675435,8.0
830,47046.88305645227,924.7454595137659,78.0,126.30119438994657,8.0
831,36191.047176603126,6516.0377389151045,51.0,113.03284042152238,8.0
832,21511.904542173077,16294.168545717535,-33.0,103.32379416562881,8.0
833,14495.612623239063,1181.5370392779364,142.0,126.15106161840455,8.0
834,39186.33438032642,3552.032579569087,122.0,127.7237899936211,8.0
835,29084.70974490003,2362.1409753162898,176.0,124.87368618649111,8.0
836,57118.308313150126,9240.685198282776,432.0,132.8062148527813,8.0
837,16843.921888143104,738.3403041318334,9.0,109.77593375764928,8.0
838,35317.61778856994,5864.551581291666,212.0,124.14830407189535,8.0
839,41283.973386365404,20894.174850155905,71.0,121.50263540991133,8.0
840,53645.52309683039,27704.032578507125,139.0,123.72778983998354,8.0
841,49570.15365177886,7543.765740009241,104.0,119.0233348016098,8.0
842,45134.55071205536,734.0176362506629,144.0,155.84645056330305,8.0
843,60001.69631553071,27433.770071551935,9.0,115.48838585180505,8.0
844,37983.19209013043,9202.787010934906,169.0,128.17721806962805,8.0
845,46762.952357899194,34070.342310282234,32.0,121.85206034018996,8.0
846,35545.72788406557,22749.13054018314,87.0,114.70401241568067,8.0
847,41113.659811433434,4304.729181037801,179.0,125.64742784819487,8.0
848,31996.012076071514,7545.414352393499,175.0,121.10507310151878,8.0
849,45197.726605731295,23311.46544921288,0.0,125.71831008680955,8.0
850,41797.636337919066,737.334468578345,39.0,120.13604229115793,8.0
851,42813.34861834357,22175.220015121944,186.0,108.76667165023092,8.0
852,61457.62183392583,1179.515606793446,159.0,132.81374727600152,8.0
853,44508.380968747515,7104.2483787492565,120.0,124.7710476963284,8.0
854,37816.85526954711,3678.410538609861,15.0,122.8707768942914,8.0
855,35831.85453577533,1180.4926224141154,35.0,116.3825174970132,8.0
856,15058.695070744492,3089.3614605049625,61.0,110.58717731250213,8.0
857,54256.331894019895,4683.293053960285,50.0,113.72983629492887,8.0
858,36817.08426833033,29458.91231451689,68.0,114.26567720001783,8.0
859,54898.13807991165,5209.9383693118325,63.0,120.73578612732153,8.0
860,46288.68374892116,3541.230505107459,25.0,115.54912622154255,8.0
861,26523.935653151653,1737.0799096294877,41.0,114.06822380366901,8.0
862,32007.671168407007,3551.138924793862,22.0,110.12811902972962,8.0
863,22475.10469186618,3481.119583921781,72.0,116.31145859099973,8.0
864,51901.196722155946,9474.567263475823,114.0,117.93189940087308,8.0
865,43613.453439726494,4682.848779578291,101.0,129.25919833472744,8.0
866,23623.544142960087,2390.6245310021345,405.0,130.12866008436035,8.0
867,12574.317354036877,10591.16456276798,78.0,101.06963385146332,8.0
868,45784.10785984401,25833.855466473127,133.0,122.3799654386338,8.0
869,61402.20779600279,1179.4926070714941,98.0,131.24938088647838,8.0
870,28223.48386230268,10280.308988860354,254.0,123.32018757505966,8.0
871,47057.010778033495,734.0234559001867,24.0,120.54558136330036,8.0
872,40046.63576470406,5490.228307968755,36.0,114.34419841007836,8.0
873,11820.844890988195,7423.201774127873,7.0,108.57375151209808,8.0
874,40732.56817117093,1471.390977248927,364.0,135.471767985058,8.0
875,19695.725656882667,9965.774224419853,-80.0,103.9909955312487,8.0
876,41219.796218267096,924.8773293283363,112.0,127.72616293405557,8.0
877,50168.620162900224,1743.0994310588214,109.0,128.2860649907353,8.0
878,54588.82045337104,1849.6555969004653,17.0,116.96602521434966,8.0
879,50955.31888081824,924.8384875825229,16.0,115.6572688136343,8.0
880,52051.55599503849,925.1181943668636,85.0,127.22884859611494,8.0
881,41648.18324739423,1992.059181781306,56.0,116.29334645784093,8.0
882,18443.54305997925,1182.453397986672,26.0,109.35921862369008,8.0
883,51981.85501778779,3541.3818276164566,62.0,117.66495689071812,8.0
884,46732.72508693969,4736.82280230431,138.0,119.03324295457756,8.0
885,49656.70800358612,7725.774955723418,81.0,124.61390117435182,8.0
886,47636.120489638495,3772.9077144909215,52.0,122.96949278353304,8.0
887,32913.211866065554,18493.047435452365,-70.0,109.81421857917489,8.0
888,7544.575302753716,6639.931078606979,-128.0,90.02442474217224,8.0
889,34119.52678618439,12938.635455185024,75.0,114.82718076275108,8.0
890,38702.027374268786,21246.687322374004,109.0,117.59184842846574,8.0
891,57471.099656283724,1184.6595210819637,44.0,129.35228314321827,8.0
892,50385.27615985272,6516.488956276867,51.0,116.1255526608359,8.0
893,43947.33404046673,8290.5926076812,36.0,114.61956383482607,8.0
894,32003.81166774544,1737.1681528719682,57.0,117.55403482063237,8.0
895,31826.229938448145,11983.903224372732,113.0,119.30773393571775,8.0
896,37985.7566632183,10200.548515652366,75.0,115.45852806996369,8.0
897,46508.61229103569,1743.6971495576684,28.0,130.1023648124614,8.0
898,24056.264634018033,5742.403308173374,152.0,123.68929296779373,8.0
899,21476.07518936164,2774.8279505170385,47.0,114.1866528515492,8.0
900,56841.27416102403,39991.58779358616,328.0,132.1126159563115,8.0
901,31113.31373696197,10594.563265009261,75.0,111.9802646963495,8.0
902,35110.17696422016,30505.415559970326,11.0,110.54898128490163,8.0
903,21659.735074381995,11409.543225032954,72.0,122.23654495517793,8.0
904,36507.999493829826,19350.475877870576,176.0,109.77186525889812,8.0
905,44777.4532207177,924.9721549858954,156.0,131.49643380896728,8.0
906,28650.639396610164,4306.298932519066,450.0,130.2481931829464,8.0
907,23649.35871519726,3684.72849071999,69.0,115.89338649505397,8.0
908,28959.407131861746,14113.25387076583,198.0,106.28530368482974,8.0
909,41686.91208231254,9703.20228661709,283.0,128.7873859033234,8.0
910,17954.618950011885,15996.821791413131,10.0,100.77248325074001,8.0
911,35531.53472950597,1180.714879615315,15.0,117.63476099417396,8.0
912,22922.625108153796,21274.734181706714,62.0,115.48544697072384,8.0
913,17443.495893236046,4787.985787813213,36.0,104.88154432996268,8.0
914,14871.579076637532,5598.12948922639,211.0,104.59713583318947,8.0
915,29804.60426492301,2366.9642634966376,134.0,129.02626477655707,8.0
916,56575.823055349814,1989.8429290042131,77.0,120.91319738302971,8.0
917,49275.554298537136,739.0818133982428,63.0,125.8527119045537,8.0
918,36905.83056489713,1472.2259234065507,242.0,131.0410444320229,8.0
919,52054.58732455063,924.8284768346779,22.0,125.61689394520494,8.0
920,47218.13772001956,12335.42416836835,88.0,120.10575490758234,8.0
921,5478.491369787459,1473.885161837932,23.0,90.71098154241798,8.0
922,27428.187197071667,1736.6742244710754,144.0,115.25320735615524,8.0
923,34084.6279156174,8260.072288389307,64.0,113.41591509009099,8.0
924,37584.62273655824,1989.814163251583,54.0,122.28702988219953,8.0
925,46146.384024690095,1180.8346117580995,82.0,123.54008404668119,8.0
926,13136.271953236144,6640.177892631297,36.0,101.96679970553126,8.0
927,42037.63611979973,4683.264269071696,106.0,114.55203045067304,8.0
928,24188.95691455652,13822.25324718878,-23.0,111.79500509240258,8.0
929,57300.39522454119,40287.52724336262,183.0,124.28970530443578,8.0
930,31401.65321458309,924.8671515927814,31.0,115.4172815115368,8.0
931,52537.782612196606,4056.1923903589072,43.0,124.56540360786664,8.0
932,38780.11004557585,20824.579711407823,261.0,124.87811069949049,8.0
933,56353.87556193962,54391.50916372164,-114.0,109.85507597502512,8.0
934,31232.373953465067,924.9429123228265,39.0,124.07466140554385,8.0
935,35205.53812838909,4041.73652550702,8.0,122.55816560482933,8.0
936,42167.853046041266,25381.402416682817,438.0,112.8051863294513,8.0
937,42751.39424828566,24308.649908889234,163.0,121.79855103855876,8.0
938,43874.00196013924,31775.783653682818,183.0,118.31490630128398,8.0
939,47898.91971397713,6843.9704186694835,62.0,118.56406331391025,8.0
940,38704.4011288303,736.9862834084274,138.0,129.63380945759963,8.0
941,45755.17754064757,25501.208697070568,73.0,122.37459872790285,8.0
942,25947.267958895995,1181.5859921331503,9.0,115.28136150731575,8.0
943,51526.279376945655,4721.594704625765,-6.0,122.90302151159545,8.0
944,23414.195627646364,6516.3398549062595,107.0,107.84844833451172,8.0
945,28216.71642151815,15553.269102072947,42.0,117.24647494078134,8.0
946,51605.42975376323,1183.9507911249439,103.0,131.06493528398295,8.0
947,23965.063670634572,3090.471109315985,52.0,113.38070226212525,8.0
948,41150.95282545599,734.029363323251,83.0,137.94846934884401,8.0
949,19019.6943658986,9510.080504401347,314.0,122.83106022164677,8.0
950,32289.783796204443,738.002636514471,53.0,127.39383414467682,8.0
951,19600.939734383577,1183.30419109852,82.0,117.94864031555682,8.0
952,26054.503757202194,5480.786263384876,75.0,117.58576659560697,8.0
953,33288.23266648794,11748.795738907926,468.0,121.66472002538445,8.0
954,55482.88020868199,43959.58665225808,81.0,121.97028021523793,8.0
955,56446.911145617836,732.5417377935171,21.0,122.9692805582603,8.0
956,45263.147558001256,924.8973967076545,14.0,128.22113632523212,8.0
957,7963.861263714889,1181.784091474115,90.0,111.16340131136941,8.0
958,36270.22027351279,2208.420212717457,411.0,134.0160353092287,8.0
959,33948.01637726867,736.4784947864827,181.0,125.0918495804959,8.0
960,8273.83565756048,1182.201723590508,17.0,100.53954719842633,8.0
961,46539.093288890035,1989.8788213326486,79.0,114.740388401889,8.0
962,52346.34299712875,50355.68786207006,-63.0,112.27115927525597,8.0
963,30714.278696284426,15674.209349215373,87.0,113.42093393773321,8.0
964,49695.11348963224,4736.888951593447,16.0,120.99198198553492,8.0
965,54533.06394005417,1180.0899429268397,123.0,122.9202760705239,8.0
966,38095.395139096334,3551.219116285029,64.0,126.61927305495641,8.0
967,28970.267434719273,8092.419576747334,85.0,110.75030562485055,8.0
968,66979.52109459262,49956.59536092639,183.0,125.62304832485376,8.0
969,59469.11705011234,3145.643824067377,119.0,121.77776978787205,8.0
970,45901.07923791385,2874.488357496424,134.0,119.0105284807376,8.0
971,27650.99151689053,2210.9231871329653,224.0,104.7250878135994,8.0
972,24528.94029334914,10446.458659072143,70.0,117.12264678263897,8.0
973,58842.80052474984,9247.86542941677,79.0,121.33609367562364,8.0
974,49398.46856482669,1184.3204116966447,69.0,129.437849160102,8.0
975,43544.20119909319,28049.154827530794,181.0,111.75960994265145,8.0
976,35387.1292394311,17695.343516788897,45.0,114.60086748338885,8.0
977,17920.3527931504,924.9548665301544,166.0,124.65291141313995,8.0
978,23118.782325342185,2367.1807780810796,108.0,107.40833476504956,8.0
979,43815.80314703569,17928.28835323563,70.0,119.62241787018519,8.0
980,58373.50772224873,45681.602002638494,32.0,123.96694834668024,8.0
981,22793.832044154642,3090.067073780754,62.0,111.86953981826915,8.0
982,45806.627781406845,3080.1042695667675,239.0,152.4762802635062,8.0
983,24972.737059710107,4116.870404515855,6.0,113.4026687937846,8.0
984,40836.633854946376,27387.559834264972,78.0,118.29854839066162,8.0
985,53139.528324682884,5206.321510682219,230.0,140.8995637615837,8.0
986,31131.367524145833,13375.131612332274,70.0,116.4232439111719,8.0
987,51407.66646470012,32959.57804338083,117.0,123.20590512632654,8.0
988,46303.80761192262,738.8309655221657,54.0,123.82501711145954,8.0
989,31985.393324693137,924.9732182407056,118.0,125.82854699857955,8.0
990,37259.15269928466,14111.788908743496,268.0,126.85255059664486,8.0
991,56530.133216667346,41284.8100182754,369.0,115.68632452347799,8.0
992,39471.82248562327,4603.4823700314555,219.0,126.2306330336491,8.0
993,29743.20515043267,20467.619634731465,181.0,121.76919623639515,8.0
994,50044.496611166935,37764.1032145246,64.0,127.3568825666768,8.0
995,33987.20860353025,1736.236205035728,56.0,118.76757270578366,8.0
996,36636.08295630327,2398.4707268813695,168.0,121.24074433674471,8.0
997,37584.50804109711,3091.5239656148865,32.0,111.34509470438584,8.0
998,43870.8740971728,2360.21310544486,129.0,143.3283585864164,8.0
999,19515.89177201588,1739.880830567691,43.0,114.85565787966688,8.0
1000,40089.62380406177,9951.448359883843,44.0,118.45401822459439,8.0
1001,32495.355967257055,20744.447593549212,170.0,112.01171063244556,8.0
1002,35140.61864401053,1740.8588094543054,144.0,123.23374906901014,8.0
1003,57130.44298041695,31188.938547229638,139.0,124.26436575545792,8.0
1004,54847.73827800143,1744.568777504713,29.0,123.91666092789472,8.0
1005,30271.372152048523,1180.800915579733,120.0,136.16680366650334,8.0
1006,27232.991439855017,8096.354258822053,259.0,119.86962892706094,8.0
1007,35922.429910463594,23141.185434938252,87.0,116.02055095839106,8.0
1008,48347.25939894001,1734.2929669390755,135.0,133.62583416400227,8.0
1009,49171.905700377596,734.1709396576099,109.0,133.7460317094886,8.0
1010,42583.67908114618,26259.253471714797,322.0,114.7548667963132,8.0
1011,15154.625623458087,10445.070632565834,-198.0,100.51119767222151,8.0
1012,21553.843416799515,925.010187971217,48.0,115.78857620698932,8.0
1013,54145.73817205562,5129.782150562853,83.0,130.33350107926736,8.0
1014,25440.155135605783,4042.7590330576354,133.0,121.30121424928689,8.0
1015,39405.73377086206,19767.148748462056,97.0,124.89609795736152,8.0
1016,31318.19046931091,1739.1031292977489,54.0,122.07922820585746,8.0
1017,25016.657142797274,1849.8370005656627,125.0,115.77425265696704,8.0
1018,53606.811626075265,1732.9342398491408,33.0,118.04612574114073,8.0
1019,59615.08429373536,1989.4558434121418,326.0,132.47195412453758,8.0
1020,41052.12480860675,10823.649569271118,215.0,117.83414358532052,8.0
1021,25909.622704121128,3473.6091525649613,21.0,110.52097757885383,8.0
1022,17806.67108289795,735.573636689053,80.0,118.73706024086071,8.0
1023,47266.66611001287,734.330973260386,144.0,132.9849540338618,8.0
1024,13294.60460913523,1738.141385659358,59.0,110.26007301616416,8.0
1025,44421.991350862234,1736.7631188742491,208.0,119.83802638534696,8.0
1026,61258.57005748952,54601.35281311013,80.0,117.31192739065662,8.0
1027,28965.70009080823,12117.651619143862,71.0,114.30231200645653,8.0
1028,40016.475311425085,3699.4869311837742,71.0,114.69536348824758,8.0
1029,52273.26294988703,4851.129414188391,121.0,123.99436223815306,8.0
1030,44484.44181239891,32960.92025671002,81.0,118.97805126974892,8.0
1031,47319.85627193302,7102.751301823533,182.0,122.4128961277613,8.0
1032,50882.761213894526,8608.077914510304,135.0,114.77123531414813,8.0
1033,32311.430924937722,20756.463518575565,59.0,110.87817369324652,8.0
1034,37523.09966226843,1740.6893066872167,27.0,123.8228155223467,8.0
1035,34635.936401280014,13996.303183047432,186.0,106.0554036717245,8.0
1036,6176.6628729714985,5478.473365878233,0.0,92.91970560527537,8.0
1037,49214.94010323208,8615.632350847809,31.0,122.85619895084312,8.0
1038,36259.57119949194,3699.854191718487,134.0,122.527473573462,8.0
1039,14097.870761107619,2363.6850766936195,129.0,117.98843439664512,8.0
1040,58063.70353566966,4851.376421801526,55.0,120.18262346940294,8.0
1041,56360.42020839927,4855.420329661369,73.0,118.36270913381516,8.0
1042,35772.974121013285,31726.092421841975,-31.0,109.85797110375084,8.0
1043,31042.711196828906,4734.070515481761,211.0,121.74079244210097,8.0
1044,40180.245055837324,10255.819659002003,333.0,127.76410274701529,8.0
1045,35255.786259826236,2397.114916941432,122.0,121.14636824314475,8.0
1046,18822.00163337201,13343.845966225968,58.0,104.44765359675314,8.0
1047,41284.83054905554,736.0659186437341,48.0,128.44460682218354,8.0
1048,19532.407972812696,1182.2398399471535,55.0,117.49047603433979,8.0
1049,54622.57042479744,8452.4425396005,507.0,133.92476379611924,8.0
1050,25389.43821507381,3483.834617298803,255.0,127.38269543578096,8.0
1051,50883.41889091673,16428.68162024439,159.0,124.99804722860283,8.0
1052,46618.672054873154,6515.9498388472175,213.0,126.45314024843792,8.0
1053,65496.9839703274,2371.2649265652603,29.0,121.18100732083798,8.0
1054,23269.533514776474,1738.641130630078,59.0,114.97919601913145,8.0
1055,51120.98022829164,42848.93189574218,153.0,112.61201178483817,8.0
1056,66188.0671624484,1989.774767088766,120.0,125.41179595522448,8.0
1057,50600.31869855728,8454.351340986386,152.0,112.21229043736237,8.0
1058,57716.25780553892,925.1687388687288,181.0,153.16585868747111,8.0
1059,42873.56977483394,7543.23058043423,212.0,128.3080934904562,8.0
1060,45848.626117919644,8767.293222082202,168.0,126.10729731918005,8.0
1061,36827.3659311587,5233.576037444387,304.0,128.38437719549995,8.0
1062,63410.37300433271,3538.0895916413556,106.0,126.4889243628643,8.0
1063,49162.33957076475,8665.373817805497,38.0,122.39634588412932,8.0
1064,22571.21402694284,6880.2415927617785,170.0,105.3827389994514,8.0
1065,38171.72122778865,924.889132986346,29.0,132.12760454722957,8.0
1066,35814.47616999264,17374.67469596069,163.0,120.30149604297272,8.0
1067,16907.62149960961,1849.8806460902722,5.0,102.74565471900831,8.0
1068,20296.10815371196,3981.3091629848145,33.0,108.56284861986472,8.0
1069,46561.480628551246,2871.811702026815,9.0,125.5991791956738,8.0
1070,23644.125212260875,4419.343405356551,170.0,103.08796929993767,8.0
1071,43512.85723567066,1472.420250787911,183.0,130.10557295740722,8.0
1072,42706.65188222982,6499.722415219461,102.0,121.46344271276912,8.0
1073,50938.203229083025,1989.4005720120738,35.0,121.97335574323981,8.0
1074,49044.82620950712,14817.743001916164,268.0,125.98438579758493,8.0
1075,49532.97898837611,1180.9286682364823,77.0,129.0808549452177,8.0
1076,47246.58240374698,1180.6810042123034,43.0,120.26022773998606,8.0
1077,54486.64204664725,14522.409121414878,76.0,120.20024097941005,8.0
1078,20768.29127608118,7484.02940206758,333.0,123.70838636691175,8.0
1079,64062.6670053539,2360.3807012294446,149.0,129.63654825958125,8.0
1080,28351.00421818128,16750.391719889118,39.0,111.82537639204813,8.0
1081,51727.84291499848,1184.0504022645134,82.0,132.8366996930999,8.0
1082,66413.42220654241,6671.651706796795,121.0,116.70602223464097,8.0
1083,46622.688095361205,2361.050607358446,373.0,135.34350212007547,8.0
1084,66828.3621064582,3539.847333488042,84.0,124.51019669829647,8.0
1085,41195.23330722593,4722.036091784361,189.0,130.21525431150704,8.0
1086,44681.84374790792,26562.762150759547,162.0,113.36807464751149,8.0
1087,58357.03793737722,2871.5560303504108,61.0,124.48259860871897,8.0
1088,38997.97963732812,6693.4717026450135,318.0,128.67134933483976,8.0
1089,21972.42395458526,17376.149117265966,58.0,104.45394541622034,8.0
1090,40808.238824705,10816.245620947502,33.0,114.66671921596338,8.0
1091,40290.01217226395,6330.915549213353,56.0,127.35560003900486,8.0
1092,47450.94583488599,3772.6456585035007,112.0,125.76595615633877,8.0
1093,18437.584693437624,3682.4321179780977,17.0,108.18058232781729,8.0
1094,14353.34784593002,2870.500512052627,62.0,115.40187792844742,8.0
1095,6395.454970793933,1739.4272270526185,4.0,96.26364934418928,8.0
1096,39580.728531502864,23255.254740991786,120.0,121.14604874178528,8.0
1097,43236.20764772727,5753.862361810549,96.0,117.78795206746891,8.0
1098,41816.786323469256,4039.586233181282,16.0,120.55884202575922,8.0
1099,16781.90088779489,6349.550361093317,-47.0,107.62114969745257,8.0
1100,22984.55264360469,5849.75101627695,80.0,101.70185519212681,8.0
1101,17811.79111334356,7863.191474599134,17.0,108.85764007303058,8.0
1102,10248.579600970681,9100.825489867633,-62.0,112.35233775145775,8.0
1103,6516.1876032722685,5598.207356829913,-17.0,93.65245551906534,8.0
1104,23289.784058041558,2208.288864226747,117.0,119.55860010689989,8.0
1105,43503.574655983226,2361.198339509862,20.0,123.97408057345685,8.0
1106,43471.25485615738,924.8964584470771,27.0,117.61400177711411,8.0
1107,33944.93577956412,13534.687883327433,185.0,121.45060294306067,8.0
1108,18861.689423659052,9365.787174559291,327.0,123.43865358699043,8.0
1109,29650.63669797034,1184.08510297876,22.0,112.35765269683483,8.0
1110,44702.56277104163,1181.7462401670443,65.0,122.81193642523846,8.0
1111,37144.91187975483,24853.580517268798,64.0,116.33607929778879,8.0
1112,43475.2092348593,5158.27859478591,134.0,122.56144827568818,8.0
1113,56737.90489316387,38201.67409500305,161.0,115.14908036949262,8.0
1114,52449.9772169376,11536.295313566292,39.0,116.406973923447,8.0
1115,56192.24159072857,10214.263319310674,63.0,120.08538086584606,8.0
1116,28054.12211118186,3085.3938962512643,66.0,117.15591204703867,8.0
1117,50848.94544694297,5749.275086042244,227.0,116.63620526207212,8.0
1118,8156.607720498294,7424.556449347671,-91.0,91.88265012162665,8.0
1119,41436.58112709288,1181.6468026298771,133.0,128.45762595242223,8.0
1120,54915.80937096596,924.7101826352434,32.0,131.66494691028285,8.0
1121,52150.55355615566,5750.419738398688,46.0,122.4320912169926,8.0
1122,53049.55279945943,1180.82852714522,66.0,138.61051059831186,8.0
1123,33460.553857695006,18617.09637995381,198.0,108.11562116046697,8.0
1124,30562.083266394795,11539.030454392112,318.0,126.6065680022316,8.0
1125,51680.63946957174,2360.4675028687802,145.0,127.79228149277587,8.0
1126,9809.980151120997,2365.6333369666304,19.0,97.94599894221321,8.0
1127,54102.70355413677,47441.571440184875,80.0,115.80751643883532,8.0
1128,19208.113298294866,4310.8098787300805,46.0,112.79031973208347,8.0
1129,24221.610182981385,9973.771922372043,5.0,110.73805344258066,8.0
1130,45827.62835466253,924.871944648894,21.0,124.34575533782868,8.0
1131,38536.228911650825,28291.568564440113,169.0,122.14240973147415,8.0
1132,58099.20860933438,3985.246648272737,79.0,132.7808297951759,8.0
1133,39790.693229065306,735.7669812329246,132.0,129.42092274986496,8.0
1134,40911.79261945051,2949.7183811101577,37.0,113.19244970036908,8.0
1135,50383.25095305611,6516.234038370904,123.0,119.09940522384393,8.0
1136,36108.97705994119,19176.299955435417,186.0,109.5725872020668,8.0
1137,45411.08799919293,1989.3469927961992,268.0,119.11968028453482,8.0
1138,14269.850540104715,9754.774696793624,9.0,111.08064465760648,8.0
1139,60007.159644701096,39625.46457340402,88.0,119.91039323428367,8.0
1140,23205.762647162916,16562.799280997693,80.0,107.78274213813698,8.0
1141,53582.35894321999,4601.798348261754,130.0,122.41070491920088,8.0
1142,54893.421622182475,14916.635118211434,76.0,118.26696516723992,8.0
1143,33425.92664362252,18680.96198260961,183.0,109.96957027643319,8.0
1144,54365.52487765676,8452.496764539712,329.0,130.5040827748382,8.0
1145,32223.864002126284,11697.888792717735,69.0,115.51058282427742,8.0
1146,50936.17288151735,24658.065268687602,89.0,110.5679380354111,8.0
1147,56237.14550487714,8608.874998933954,233.0,128.244770837967,8.0
1148,28681.608828455075,2774.6694501013417,60.0,112.98448399735716,8.0
1149,20092.93689047323,7089.964226728185,74.0,113.0832371331496,8.0
1150,27446.840085637075,1181.0651220535524,134.0,135.0995159302431,8.0
1151,24700.430541974954,5210.999211615128,283.0,124.83942536841744,8.0
1152,35954.2067123745,33967.945276355975,47.0,110.18572629395447,8.0
1153,47377.87777751264,1849.8688795985133,121.0,138.32617947380987,8.0
1154,22507.075616870225,10981.500500994369,74.0,113.72703830838955,8.0
1155,41173.416319258504,8611.063324774555,66.0,115.60302253696139,8.0
1156,18015.8570359541,735.51417512393,77.0,118.78227454637386,8.0
1157,33403.62687165116,15382.565175300564,87.0,118.10124634598458,8.0
1158,26023.49306541199,7878.724197796217,92.0,116.96883006477043,8.0
1159,37668.39977486486,18436.49518685834,181.0,107.33723606193755,8.0
1160,43849.446000266544,7501.428515695573,104.0,121.60156709500059,8.0
1161,20992.918970501945,2871.23328853311,109.0,116.99265401635762,8.0
1162,43457.65099198036,1989.905277036797,46.0,118.28469139204849,8.0
1163,51161.51329267497,924.716385914865,28.0,120.3952089939371,8.0
1164,33695.43631543498,14963.763649689445,96.0,114.25566344474164,8.0
1165,63908.109506088054,23929.793092924123,72.0,119.90695369004563,8.0
1166,47872.850475850675,4618.3246051762235,280.0,116.0148322001072,8.0
1167,46042.70626779438,10413.245590601347,99.0,115.70537814974627,8.0
1168,48897.03000059762,924.9023344408058,111.0,128.92373624808943,8.0
1169,58319.18443853464,6277.037866772528,176.0,115.64615793611134,8.0
1170,52851.05357694993,30603.805888921204,99.0,123.72280913723196,8.0
1171,38193.00811151277,23150.06296207766,87.0,115.96072152450711,8.0
1172,50525.278018067394,1179.6220790841207,147.0,144.1393239758234,8.0
1173,8640.471640909407,4044.6120307150477,62.0,95.76660672328904,8.0
1174,20215.821445588695,2397.263818064007,135.0,119.40001384684682,8.0
1175,40351.28612591048,1180.5201402865616,10.0,118.04578547116398,8.0
1176,61820.20227677525,4314.893181577219,215.0,131.71232815223505,8.0
1177,33565.4214524653,1990.3029013967914,62.0,115.57455896583966,8.0
1178,22498.471839257087,4049.3056248162457,149.0,117.25442392408311,8.0
1179,34098.39603375411,22537.374238474396,120.0,111.88172638169584,8.0
1180,49629.0853116329,6837.7562095736885,74.0,114.5601537921174,8.0
1181,14185.676022464952,5909.554032475504,10.0,102.8484305974016,8.0
1182,42674.0047938086,23649.391903313957,60.0,121.78319378888567,8.0
1183,13683.217954208807,1991.685751424536,238.0,123.50105630686296,8.0
1184,40380.23084739676,5740.158863759929,155.0,127.70691088679791,8.0
1185,41931.07975994576,15676.836985964575,72.0,117.45955878341543,8.0
1186,58450.40656564607,41606.23441374885,301.0,132.65724350316296,8.0
1187,32510.594847902856,15673.232247122482,99.0,119.48652045431989,8.0
1188,36845.32000209532,32811.494484955736,-278.0,108.84186286490348,8.0
1189,46093.07944855411,733.5338794140001,28.0,119.24021052874464,8.0
1190,18210.92841935706,11061.828333373378,180.0,118.09431496590973,8.0
1191,12293.039661296878,1181.6875178793498,100.0,99.49984983749755,8.0
1192,13336.395182194497,4786.21689104401,116.0,106.80925519130497,8.0
1193,36447.88834237803,26497.019756899856,429.0,129.30006486890875,8.0
1194,56341.881247757054,10595.128562778247,127.0,120.17866930323393,8.0
1195,57429.50041553519,1989.9906550603714,8.0,118.43358523764817,8.0
1196,23291.31538733557,737.2444868891446,55.0,117.84639185785275,8.0
1197,55266.51033584595,37145.086557844064,154.0,113.2194899058618,8.0
1198,13444.492872716512,11709.055647352772,77.0,112.10914623492812,8.0
1199,26983.801363056686,3772.396925694232,197.0,123.66483311780956,8.0
1200,49408.545804848894,40586.5776686367,-3.0,111.36049887718163,8.0
1201,24199.853986012233,734.8272764224881,86.0,122.76449721163883,8.0
1202,39713.441613832445,4510.894290710612,236.0,122.08874200360987,8.0
1203,34180.11605986423,9338.753307949823,51.0,119.90787072872877,8.0
1204,47033.455836498,40373.99283265962,80.0,114.860941143272,8.0
1205,46250.248930616166,32152.58286286684,81.0,123.91544186254146,8.0
1206,42497.45408176427,5845.547998652492,75.0,119.36411317410449,8.0
1207,23323.741824046807,4306.623804269448,103.0,117.99797803459624,8.0
1208,9327.276136658065,1182.0250405181587,55.0,99.14541845072564,8.0
1209,51978.55358500199,8736.472142888919,163.0,120.04023731965728,8.0
1210,49069.77510722829,12046.163210555853,45.0,112.61263363592917,8.0
1211,51925.272630497464,924.9341916193918,16.0,115.37207504298189,8.0
1212,48546.6160722112,1180.0800629891414,6.0,124.13377043230625,8.0
1213,46296.94882431167,5549.072626399999,109.0,123.76028806108982,8.0
1214,17823.23301304758,737.9466103436034,50.0,108.81464718109038,8.0
1215,42393.34581636394,21054.397691301343,337.0,117.0556560082348,8.0
1216,33877.542169012064,7442.24249265038,130.0,111.95060154330626,8.0
1217,28771.683869063207,1991.725485923953,39.0,111.08895479633662,8.0
1218,17224.356528138807,6639.435880396088,-10.0,103.36801689980688,8.0
1219,36050.714760526214,1183.4229867055963,131.0,116.18386944590596,8.0
1220,41027.19508308294,26927.954774873153,163.0,119.43854341507101,8.0
1221,15415.643136684172,5854.416222376536,198.0,101.26056671939213,8.0
1222,41540.07014083353,2886.622288335824,154.0,129.70583064429277,8.0
1223,62853.81783877769,51250.63936037809,380.0,131.8724093707787,8.0
1224,40695.662561419056,924.8399355606606,23.0,118.52213011684928,8.0
1225,5760.707175809041,1181.7987577285637,58.0,104.66387160958075,8.0
1226,35966.92945267301,25155.039163188198,158.0,110.26524664898082,8.0
1227,24365.040409645513,6690.738640410713,43.0,112.74202010665343,8.0
1228,54178.94960707122,4721.204736528388,28.0,115.13461101942448,8.0
1229,36447.75088849119,10975.8327371465,378.0,128.3328236683978,8.0
1230,65115.24045378515,56836.71001027712,153.0,124.82576128843327,8.0
1231,19282.18510617987,10619.950268373786,387.0,124.84574947204044,8.0
1232,32466.493017311957,26073.365575303214,19.0,113.4766935676983,8.0
1233,34496.05393205536,14556.090405734141,133.0,119.98536260450706,8.0
1234,50937.8877470373,1179.4841625546528,60.0,136.34297469242642,8.0
1235,22569.1763697473,14477.384464887044,62.0,115.38067251775766,8.0
1236,60724.70747306231,732.1514597636503,110.0,132.89312763388912,8.0
1237,31524.783825783037,5598.072069148915,181.0,105.71831489624103,8.0
1238,28252.980513957762,16150.097918387291,183.0,113.21635647975504,8.0
1239,26662.6019543743,924.8070574122063,27.0,123.30449164222574,8.0
1240,51300.657044028274,3468.1491782507637,145.0,116.22989582839105,8.0
1241,32270.610122272858,9959.321860921244,67.0,116.18991109675024,8.0
1242,22938.617702761665,4795.435693842814,94.0,115.6956349611517,8.0
1243,45887.33958990752,925.0139916140481,32.0,118.92451090788916,8.0
1244,55156.033065352385,46887.148770788706,153.0,112.23637394614117,8.0
1245,57573.32274990999,1179.9221794001057,71.0,134.22915320906608,8.0
1246,30558.832812876433,7399.690276342618,125.0,113.75759207055147,8.0
1247,14802.483294508505,2871.110885637882,71.0,111.21098333698598,8.0
1248,59118.526383814075,9778.60969993006,72.0,120.8953224940685,8.0
1249,25602.565021370658,13325.672542777433,70.0,107.78074212496959,8.0
1250,41164.28389755775,28163.55262657721,302.0,129.08159276752394,8.0
1251,63202.87438086602,7590.378413467544,122.0,126.19030951174742,8.0
1252,29440.755511148694,11387.462071233813,139.0,110.90456751732812,8.0
1253,45558.310859664736,26556.77010016807,84.0,122.33799083139996,8.0
1254,42150.62033778567,924.8711364431521,57.0,129.88550584625574,8.0
1255,50188.90702740709,925.0785254035028,15.0,121.48498026421703,8.0
1256,28340.719767132454,8144.060684418643,110.0,120.16117354765979,8.0
1257,7586.435191137528,6508.316449530836,-155.0,107.64698511209598,8.0
1258,53305.477358028955,732.5417377935171,21.0,125.79094639138039,8.0
1259,29988.12282329254,4051.2514681937423,139.0,120.60274157290755,8.0
1260,45480.75926059986,734.7582226354068,177.0,133.40408095033786,8.0
1261,34076.79624879023,735.9215608533082,143.0,126.91728329912416,8.0
1262,35829.71469564425,924.865307276413,41.0,130.18370492176115,8.0
1263,13912.907212795684,2394.128720268369,62.0,110.03047356323918,8.0
1264,53634.633230920655,2367.0252871224548,228.0,130.12723899710193,8.0
1265,25656.986721016765,1849.7978422910246,21.0,114.38684412438344,8.0
1266,42804.95114847341,16788.93635748752,-49.0,118.4738894440195,8.0
1267,48112.452136142136,924.9982336288551,22.0,140.32188321043884,8.0
1268,17012.147217724552,734.6704873895974,24.0,110.54980926086675,8.0
1269,54372.87595174877,35641.363414150575,181.0,118.3655183525783,8.0
1270,51511.27863142249,2870.1997682559486,10.0,130.19120584170614,8.0
1271,31961.426642231283,5905.974531326891,305.0,127.46977131005085,8.0
1272,55639.78917202942,739.9850287232936,114.0,132.5117548655772,8.0
1273,53278.56599382172,41799.69173284265,63.0,128.8012895871485,8.0
1274,62114.107575334674,2873.1543572418786,111.0,124.61109802717674,8.0
1275,52524.23252825209,33988.098701374234,161.0,114.75352943208426,8.0
1276,47538.74488351918,3772.894438759778,73.0,112.68732965026919,8.0
1277,17688.773318247964,1182.6507262888658,139.0,121.76450348147577,8.0
1278,56599.84016360934,6910.858038466069,43.0,120.50688700035036,8.0
1279,36175.13008623114,1180.6187150118105,52.0,129.77957118456732,8.0
1280,39533.01896728387,1180.9054448238298,70.0,123.3966337218391,8.0
1281,42812.52475905228,7083.350131056741,131.0,131.11185353079318,8.0
1282,33257.10141942248,1472.896720173469,265.0,131.06984597802358,8.0
1283,28865.84740813413,5240.221559702986,-18.0,109.98489412790498,8.0
1284,41167.94582786747,2208.202327500047,52.0,122.21154910415224,8.0
1285,23733.108340351675,4514.863766905081,176.0,103.22022788130607,8.0
1286,5549.601482307628,4624.596958705568,0.0,97.93588275315756,8.0
1287,11649.96682552725,4513.74327044337,193.0,116.30256365306312,8.0
1288,46801.95674529504,1181.660125579906,94.0,121.50462183541492,8.0
1289,55563.20733703679,15053.92496115587,38.0,121.10082621403976,8.0
1290,21728.373535772374,5742.3546827350565,60.0,107.44678815706284,8.0
1291,37543.4349209217,4417.256261178566,26.0,115.0021357402578,8.0
1292,55268.14311043417,3467.0761798641097,41.0,122.13781315624382,8.0
1293,34559.76129716791,5850.209355349827,2.0,110.53898046177703,8.0
1294,41443.61560842293,1181.4948050220903,29.0,118.58210593743485,8.0
1295,52093.32859421146,9948.375928721838,22.0,114.17573342112264,8.0
1296,35280.318423249584,739.213160553072,77.0,132.92265645731518,8.0
1297,25629.66377433778,9427.549544118696,238.0,106.45680097166775,8.0
1298,45560.273788485596,2399.037610525385,349.0,125.39728560641012,8.0
1299,52797.65499510087,1991.9942994103862,174.0,130.3843390912533,8.0
1300,49817.746979900505,8273.644113462826,33.0,125.59181032951176,8.0
1301,43027.248220160836,1989.955027701832,36.0,126.77241394353744,8.0
1302,38206.76904857737,23452.04211602372,183.0,110.08505195274903,8.0
1303,53585.70437593504,8454.192793574191,126.0,115.70315204379814,8.0
1304,33500.21661350868,924.9197124202163,26.0,121.66253754897463,8.0
1305,52058.06967496377,9778.58841657301,145.0,115.78736866245355,8.0
1306,29606.649392765365,10412.50638911746,56.0,116.24755650258983,8.0
1307,45159.76237892485,33598.52646562534,120.0,115.24357649581727,8.0
1308,49993.27060409858,3699.502713097191,98.0,123.4607561043089,8.0
1309,55643.77455298209,18321.9250230951,67.0,125.07079081210932,8.0
1310,46474.78695539052,12377.166179137848,23.0,114.95044025659541,8.0
1311,60093.05785462747,5231.621606063359,222.0,127.30359799456527,8.0
1312,24982.452982872506,4613.941519403453,50.0,117.13402074179848,8.0
1313,11300.38868123791,4120.6330808123985,48.0,101.92297835162015,8.0
1314,31757.466434289487,16731.526160663452,87.0,115.33607214308766,8.0
1315,52052.02494936197,9278.473742246659,49.0,117.30250149085282,8.0
1316,20467.579188216587,10200.426495743857,221.0,107.15840474380313,8.0
1317,45281.91346005608,1992.1602509561117,16.0,113.9242886831075,8.0
1318,46706.942067234035,32613.23467650148,163.0,118.68177197929191,8.0
1319,55577.27486453861,6276.824124475076,39.0,126.72061759374952,8.0
1320,31659.950256796412,4724.118477984405,296.0,129.47813188743118,8.0
1321,46531.72796399076,924.9041339035696,12.0,117.84337508588074,8.0
1322,39525.273458275165,924.8748518618999,68.0,140.64738217825538,8.0
1323,20825.926293055287,14182.306142239178,69.0,107.67535616016696,8.0
1324,19853.612031238346,4794.505518875564,53.0,109.26190699775758,8.0
1325,27266.716137492007,19678.391340494778,135.0,111.83153246816896,8.0
1326,16164.986146449353,14428.290375535356,80.0,113.6417415305136,8.0
1327,38941.222002311486,14489.261000963766,55.0,120.68085370745095,8.0
1328,43784.07643167743,6641.416507411035,69.0,122.11240997277685,8.0
1329,32949.552673327984,10621.880807289761,143.0,119.43590898060513,8.0
1330,7448.139976607786,924.9952143942403,8.0,100.97030267129165,8.0
1331,49430.927855881346,5743.915549133466,30.0,128.19979361991014,8.0
1332,45000.05876715676,4682.283535496545,498.0,134.42105577643886,8.0
1333,33350.16771030774,14114.83900899362,181.0,105.7076777086528,8.0
1334,33984.76555849119,19570.26051264713,-98.0,110.75011731176822,8.0
1335,49510.56107149412,1183.074121438102,127.0,134.57895529766,8.0
1336,25877.681024107012,9270.315259649191,133.0,108.06356986872989,8.0
1337,40047.85997417091,5481.878792151127,189.0,131.74990839536036,8.0
1338,29093.119003265274,4306.981559395569,50.0,113.16322532732823,8.0
1339,47315.506948946255,32892.9995854361,36.0,115.10865492897449,8.0
1340,26462.94321783142,6517.3691019421085,78.0,117.38949797420162,8.0
1341,52997.754657641315,1180.15780997568,46.0,127.86978869432323,8.0
1342,36177.33353851363,735.9215608533082,143.0,126.39812172931258,8.0
1343,56097.442248749576,47819.687413973385,153.0,111.95732810698813,8.0
1344,27310.63854845952,10253.705450964253,56.0,121.10576640595447,8.0
1345,52954.687098263814,3771.4454237863647,227.0,129.92717417302703,8.0
1346,42660.38956281748,40703.978733962795,8.0,108.72874119990918,8.0
1347,54180.030382703255,1989.2871065426757,37.0,114.00417877717746,8.0
1348,36834.91902815227,1736.9398833117073,105.0,123.97805812589468,8.0
1349,57036.75345273293,733.4419714664698,19.0,121.05079915946642,8.0
1350,24915.50086085401,13303.598764624494,18.0,110.08012622864993,8.0
1351,40949.18927866676,4781.636733127319,575.0,108.2107572415486,8.0
1352,23123.279106409263,5963.9557364922875,172.0,119.11515264786934,8.0
1353,8830.017454966253,7964.144524000074,-5.0,99.47265537834906,8.0
1354,53675.961317596215,2368.9554677154856,67.0,121.95493525504524,8.0
1355,10586.780061677815,8615.929627213822,79.0,99.60719936495288,8.0
1356,41166.638577988786,14883.310861894946,116.0,111.16521912718667,8.0
1357,47333.24524121039,5866.657419312462,301.0,116.30344177845701,8.0
1358,24325.534838037293,1181.0843624302004,208.0,144.3540678368094,8.0
1359,9509.256973073001,1990.6906814436036,75.0,109.66589158462929,8.0
1360,35281.96477309905,14391.099569259963,51.0,114.32490405895152,8.0
1361,49545.40489761426,7106.4232157693705,63.0,117.35802747510476,8.0
1362,40444.047820020394,2208.1932624319193,190.0,128.13796925786644,8.0
1363,40903.39264435753,736.7230689958583,50.0,116.85828723807462,8.0
1364,51364.409792165105,5898.573788789598,162.0,137.44479435641605,8.0
1365,60798.14371861972,49844.70622140751,67.0,117.54745899042491,8.0
1366,26250.381459730594,10590.090296371476,291.0,126.11682571169158,8.0
1367,28163.309107648198,17925.378258037712,204.0,120.42882818791107,8.0
1368,40736.427878306575,1740.6893066872167,27.0,121.38958868106403,8.0
1369,36085.46620627196,28726.606178644153,68.0,113.19165830155852,8.0
1370,53030.95145942929,925.063158379089,47.0,123.52539708690841,8.0
1371,36852.315604470015,4735.3874188309155,22.0,113.71011541802274,8.0
1372,50327.1037453241,9282.84948822731,54.0,115.06713562477007,8.0
1373,65507.21533542003,924.8157887888948,175.0,136.22578802758613,8.0
1374,42254.75149182664,10360.83894018553,89.0,113.98228328370378,8.0
1375,52130.58701674473,8356.850117187478,48.0,119.37440217187729,8.0
1376,20352.497970007294,2877.7231142757796,422.0,128.34358819982967,8.0
1377,63501.54765001002,4739.868920034716,68.0,130.72420827731355,8.0
1378,34652.162896857575,16960.357208550275,45.0,114.36503438155208,8.0
1379,23125.033109724693,5769.195556470574,268.0,118.42898695165415,8.0
1380,52878.700453102014,50887.56118775611,-55.0,112.51494787457814,8.0
1381,43816.848674001296,20764.01739447612,-75.0,116.55349541563692,8.0
1382,8242.493930260234,1182.6175251934874,54.0,107.22586857863126,8.0
1383,36103.45927739709,25634.67207762654,-120.0,110.112242723694,8.0
1384,43739.43436488128,2875.999014002137,16.0,118.89773450962528,8.0
1385,62721.73172054437,45103.45561412351,64.0,117.80175350949256,8.0
1386,44449.41286273335,3699.3496330863586,64.0,121.57590162850968,8.0
1387,33566.887975516074,12231.398490067606,496.0,129.63725608740435,8.0
1388,32678.527147545807,20385.625133556347,209.0,124.853190372657,8.0
1389,28415.724653381745,26690.767226192696,-5.0,108.94994611883928,8.0
1390,52297.43554949632,2871.811702026815,9.0,118.41648402837652,8.0
1391,58439.97745104085,3552.8312702689877,187.0,122.5848558346944,8.0
1392,18509.814769700268,7424.756655819897,17.0,106.70032364303417,8.0
1393,39797.608624711,924.8294933955408,31.0,123.90394018154414,8.0
1394,34082.90743652134,14845.905806800829,181.0,106.00419153604248,8.0
1395,31740.533331555274,10975.941087206753,44.0,111.55022082571048,8.0
1396,32639.261247523802,30965.633716330274,47.0,118.38534565007548,8.0
1397,48811.303447912585,30692.630338148327,160.0,112.29418300145042,8.0
1398,31470.060812943495,11956.366282362618,231.0,136.0135041534952,8.0
1399,30154.21001360746,22979.4370697377,86.0,120.66320139449755,8.0
1400,17808.022193000088,10628.512673895219,163.0,117.65172990496617,8.0
1401,44615.787604876634,6516.041114721272,54.0,118.99065615570714,8.0
1402,41644.05626087922,1183.7118370559672,158.0,129.53698124440658,8.0
1403,57821.514340853966,46301.48452620243,81.0,121.84099756916189,8.0
1404,22760.022280194447,1990.3440062898605,141.0,127.25847230165422,8.0
1405,34168.00597476677,13373.871936472951,18.0,115.89442952810225,8.0
1406,42340.171077307634,736.4329158131908,31.0,118.5100185533014,8.0
1407,18120.166283807626,9509.170357926861,-27.0,102.57130564099853,8.0
1408,11930.228152945747,3797.466745641821,10.0,108.30267427380744,8.0
1409,50211.98934025622,924.9604546117075,7.0,113.29307576968434,8.0
1410,8150.414537547828,735.8930727641003,4.0,103.24577699577938,8.0
1411,37239.170953182635,6170.455576679378,175.0,107.65214615757979,8.0
1412,68638.02332605286,4738.491668014222,172.0,128.99632281150588,8.0
1413,46584.14785958387,2874.793790088021,11.0,118.20986919296536,8.0
1414,43769.58395296062,7577.665545583897,268.0,128.87453562799055,8.0
1415,60277.162433759586,58310.95426273969,-172.0,114.66981159408849,8.0
1416,49191.27010062402,1849.6866701526633,16.0,118.45978439229887,8.0
1417,54260.202496161844,45437.943239269356,-123.0,109.9158604360572,8.0
1418,57218.321636641,1992.352434979679,122.0,117.43072639482364,8.0
1419,46727.38678738782,924.9686594458275,56.0,123.50983569401285,8.0
1420,46789.26912317822,28252.126375273936,161.0,114.24189361981072,8.0
1421,36423.16547019152,1990.2223757518025,30.0,114.59576822073056,8.0
1422,34856.28701207013,1989.9672524446023,66.0,114.60511529312132,8.0
1423,29962.121950141343,25354.01107842908,7.0,105.40322886896199,8.0
1424,26984.264345401363,1849.7429211414876,50.0,119.81832542018103,8.0
1425,27082.720852386698,3794.9172175312747,20.0,117.04738580308876,8.0
1426,34851.58661623428,7719.989964424855,266.0,113.60991755074004,8.0
1427,37552.363481481385,21845.934874512837,130.0,119.7179416480623,8.0
1428,43241.964652280105,6943.668704703491,1.0,118.54389523535858,8.0
1429,25140.95248384928,924.897661099837,15.0,119.51470540966493,8.0
1430,26910.940578581965,12818.121296473655,163.0,116.801656479173,8.0
1431,38693.135186234955,2366.7911260750343,224.0,129.03284751467078,8.0
1432,20862.555354891807,7584.776699956602,136.0,105.3750332665242,8.0
1433,60262.1853292904,924.8193296184496,45.0,132.11720868986194,8.0
1434,11087.996132735627,2946.0918738260957,7.0,105.36102587952648,8.0
1435,16213.270509964243,1181.9433131705453,278.0,126.98414756091216,8.0
1436,21997.38133322952,924.8947042672102,54.0,118.63015975995955,8.0
1437,51755.56013462316,25300.650115096338,-47.0,113.99395597996954,8.0
1438,48097.633370808886,1180.8602598422483,100.0,126.60782502780484,8.0
1439,59382.9381380589,1184.8896751613486,38.0,133.44566612934744,8.0
1440,20574.769568632608,7579.945784450002,339.0,124.95556801304393,8.0
1441,38983.41392666394,2360.783960868504,84.0,121.10233745858312,8.0
1442,41460.3764369693,734.9145424650105,116.0,129.04367830680042,8.0
1443,47646.024096737,5864.2465476085035,171.0,118.3679422539945,8.0
1444,35854.81802642929,733.6530306788426,42.0,120.39115524145937,8.0
1445,42107.98199879221,1183.5584236399422,74.0,125.8235655595737,8.0
1446,12809.311786277221,1182.1056325046989,-40.0,101.46145905287372,8.0
1447,41298.79403179582,10316.546799956732,95.0,117.61369878837546,8.0
1448,37219.27154539716,20622.104522377038,70.0,112.9592117003311,8.0
1449,16838.02741003641,5473.3153607856975,11.0,105.30550076581147,8.0
1450,36186.65672517019,924.9989745912926,72.0,131.32508777662082,8.0
1451,28226.26453728077,6876.769585332199,233.0,122.97551846837152,8.0
1452,39933.77659874847,5476.93069449725,128.0,118.98581281293356,8.0
1453,53085.75111529563,4623.25404779414,29.0,125.37312983364427,8.0
1454,33854.945657183336,7967.420486794202,72.0,117.1913235952963,8.0
1455,47204.04148978055,5213.062227751075,145.0,123.80793422074422,8.0
1456,10174.328370892557,5549.631758958863,78.0,97.20597089352393,8.0
1457,32869.05377334237,2870.5575193213595,45.0,114.81762548293445,8.0
1458,31718.895443048423,2362.4168166749905,45.0,114.87123424566187,8.0
1459,33933.91232674498,736.3415626755574,170.0,130.60308247831748,8.0
1460,44065.787803383246,9096.012661428216,185.0,126.9308960213838,8.0
1461,43963.34076301853,5971.019940237467,42.0,111.06145116592089,8.0
1462,61968.64721054092,924.9454781075449,29.0,135.7655772936566,8.0
1463,46329.0646076294,924.9401038183564,62.0,123.9420075420905,8.0
1464,44993.51657721488,739.595655908504,112.0,130.27223216371516,8.0
1465,51671.4521231204,5120.785264836044,11.0,113.3402197268332,8.0
1466,29102.590721146553,3143.5072525551873,83.0,125.20209966083603,8.0
1467,23863.24760556068,737.4194360797524,12.0,109.36787508841692,8.0
1468,23254.556400098307,3474.8179206304376,11.0,111.8936482868103,8.0
1469,57630.29549925578,47437.68922898262,116.0,118.99051170027,8.0
1470,54253.531750874674,28096.59893469653,-22.0,118.73290837194641,8.0
1471,62247.6507953524,1184.5850564851569,42.0,132.08543471295758,8.0
1472,33210.975637327465,1181.330722437082,104.0,124.83270218916005,8.0
1473,37939.01783610289,1470.8554803659597,159.0,127.68245734889405,8.0
1474,56329.397699427886,24742.378181045027,-35.0,116.70147420067393,8.0
1475,16847.710660724748,15184.28387978916,16.0,112.36191120420732,8.0
1476,62815.91556048314,732.1454563185041,49.0,126.88455505974022,8.0
1477,40251.1965684812,738.3181430042043,98.0,128.71986837693132,8.0
1478,20348.8042783825,925.0290888600418,33.0,112.29698819454784,8.0
1479,34025.60840066534,12704.410069990627,37.0,118.54713204356383,8.0
1480,45126.13132907801,9276.854560298661,27.0,126.38424547902079,8.0
1481,53873.340498803234,7726.105126178289,48.0,125.37261793910703,8.0
1482,63012.91287966109,3552.9039232807722,170.0,129.2286740807511,8.0
1483,26158.564779835022,25243.044861251474,-87.0,106.58650515203968,8.0
1484,36058.77473068425,924.8459822627714,45.0,128.31883819151926,8.0
1485,31187.69974735481,7566.337076559073,85.0,120.12098665307457,8.0
1486,43922.996475139335,1992.398576406201,61.0,120.1915460003298,8.0
1487,37127.373802018854,22367.625688372387,183.0,108.54829121764693,8.0
1488,17061.603953935526,10248.243996150013,-84.0,102.78812631874412,8.0
1489,30165.684290778976,2393.6969146386273,10.0,117.86355412153046,8.0
1490,55173.95493497143,15399.4000124867,61.0,116.60469496736152,8.0
1491,41783.67396986813,924.9329956498465,75.0,124.91718514701704,8.0
1492,55275.37232540367,34512.886672444976,111.0,118.62927134395984,8.0
1493,37461.17963044455,10279.407371400699,261.0,119.10607873995444,8.0
1494,52970.17707994645,16337.436402983254,32.0,118.88879889452164,8.0
1495,17426.1981140158,1180.9612725508446,63.0,117.82321399284169,8.0
1496,61365.91424505865,35408.53032790603,88.0,120.53831808638189,8.0
1497,40670.174116625494,1989.6135259999428,106.0,141.0487435997024,8.0
1498,46785.074783115604,5210.555876085123,1.0,116.65283726627115,8.0
1499,26271.0369952158,925.0191143677197,87.0,126.61244046345959,8.0
1500,55678.79724616272,4315.079547369313,12.0,121.94683826544856,8.0
1501,13260.031692031567,5156.483186604154,9.0,104.69296863809181,8.0
1502,45417.04269575572,3541.6164429415217,14.0,122.34930983128908,8.0
1503,48211.044915986895,41551.133559253736,80.0,115.0227924644456,8.0
1504,23006.59217965251,5966.385755201132,108.0,105.96568447089714,8.0
1505,41800.37681294047,24795.75249090576,502.0,134.76406740903747,8.0
1506,43951.377071772804,925.1072660127725,24.0,117.38334407186619,8.0
1507,15145.456664640418,736.1463852544036,37.0,115.05338980587965,8.0
1508,46897.33878720984,2398.8130909049264,11.0,122.58399936351537,8.0
1509,41454.42812826968,21060.126320042884,71.0,121.537529953393,8.0
1510,39290.8993186196,4851.8107039726165,233.0,133.03582469368962,8.0
1511,61883.58301688959,925.0843131027528,17.0,122.58635141528367,8.0
1512,32779.70918956185,10280.136360859231,82.0,111.0546199800601,8.0
1513,50410.12124540374,1989.4720708666264,116.0,134.72382735651752,8.0
1514,54509.45566401496,924.9013460331381,14.0,122.35219876777752,8.0
1515,32997.340617166505,7116.637360006256,66.0,113.65427957535012,8.0
1516,19151.395178449766,11785.356189032007,7.0,107.15958970395837,8.0
1517,51899.218346992806,4682.179680424626,221.0,129.2669523788346,8.0
1518,37975.92363539859,1180.6682473154044,85.0,123.33521646057989,8.0
1519,46817.83836867977,733.5250719361877,43.0,122.8990461620965,8.0
1520,32322.87152386431,1742.6035559831514,47.0,125.43991101503794,8.0
1521,53629.44947463875,10948.284485882734,522.0,133.0811374242245,8.0
1522,52975.14226797253,7457.515957402256,76.0,117.3208173265118,8.0
1523,22632.814025121254,924.9404756387218,51.0,113.83962120640291,8.0
1524,46084.332145440654,3467.5624388374995,246.0,128.46637197935294,8.0
1525,47986.09337474783,2368.1097983035565,122.0,126.6933122565465,8.0
1526,47450.933839327,924.9157927619219,141.0,130.947911024632,8.0
1527,48371.5940292595,16784.373772938194,142.0,117.06481321445904,8.0
1528,45345.76243268846,924.9283358218416,72.0,126.98031912610728,8.0
1529,40401.32018601707,28166.555092603197,25.0,111.66036143587526,8.0
1530,25130.88198828303,4311.581162628339,80.0,118.52147459955732,8.0
1531,11317.23664331401,3772.485068587211,109.0,112.49064025204193,8.0
1532,39503.80883689361,2871.3611742263593,23.0,117.66646452468822,8.0
1533,54096.15283823469,1992.0251583044121,70.0,129.10734605572068,8.0
1534,40782.11268366383,736.5691044890232,89.0,126.42454381048167,8.0
1535,42654.696710410826,8163.546716121881,42.0,124.48693832031847,8.0
1536,8312.135627850197,2210.293666289681,5.0,110.07985426498934,8.0
1537,57498.404669979165,16803.372573579432,95.0,117.58344473186999,8.0
1538,45918.98786097727,43556.12750979499,-72.0,115.89246737021269,8.0
1539,36230.05441721937,6165.441007374341,41.0,118.64381274183532,8.0
1540,30451.517015477595,20202.911794407228,204.0,120.92404170373194,8.0
1541,62046.818343660074,11416.244804070864,80.0,123.95919597491758,8.0
1542,10478.334910306314,5966.223300847596,16.0,106.77216647544347,8.0
1543,38028.04315017622,14508.161948911751,235.0,125.15721119058726,8.0
1544,45272.07752343998,7546.024051602079,50.0,112.40335394921226,8.0
1545,26532.367686712292,5156.012755771343,77.0,107.3203082586892,8.0
1546,51830.45063612965,1179.9319709602053,318.0,137.62178444479548,8.0
1547,55392.88112523619,13468.438115222798,81.0,125.34031986402745,8.0
1548,29458.70281762545,22102.45957265848,68.0,112.30820685893632,8.0
1549,52150.257194175545,14520.744877081526,55.0,115.73688073611126,8.0
1550,36878.16750702191,16231.868043482224,186.0,106.91359574967099,8.0
1551,49244.36903880297,30182.400099891474,101.0,122.97039936959413,8.0
1552,29941.737642062497,4604.514575590945,88.0,117.46312019593313,8.0
1553,36809.99005952982,3678.8602230630268,330.0,135.0853302921554,8.0
1554,30954.81388331047,733.6632827003859,102.0,140.27368983579692,8.0
1555,49110.5677508833,9278.673619904423,264.0,127.21608390933315,8.0
1556,25599.496605049688,4732.59900098808,170.0,123.05838769667554,8.0
1557,42071.771606673254,4040.883339129045,53.0,120.67997135160802,8.0
1558,31789.33524363757,736.0096266866107,39.0,118.96351510433523,8.0
1559,12023.716528358345,2774.694038503835,144.0,115.34431644566466,8.0
1560,22916.898945796365,1472.116857044728,17.0,115.534331531774,8.0
1561,46693.823711595855,738.2752288386957,52.0,126.05168123856464,8.0
1562,60205.67554186415,49623.617206926145,206.0,130.54979489126868,8.0
1563,45618.605994111946,924.8290125226905,18.0,131.54089367053268,8.0
1564,28791.15618616394,11824.450335360296,30.0,119.46482649745995,8.0
1565,41998.141241909565,9570.279248947163,249.0,127.26939861242153,8.0
1566,51281.392413131405,1179.9351076213552,35.0,141.92771898007078,8.0
1567,48628.46759399703,738.269455535907,67.0,135.13480911959434,8.0
1568,60820.58514713256,15702.528421679152,61.0,121.52924680714997,8.0
1569,4121.988262322932,3479.663699952687,-35.0,88.12730310664661,8.0
1570,14092.356680119796,5852.381926902008,41.0,102.26664014053301,8.0
1571,25859.74202900476,1991.712267953043,62.0,112.5782095706526,8.0
1572,40759.00255624963,1184.4726361925523,36.0,123.98415890455973,8.0
1573,58228.91047764584,16893.37647148113,95.0,125.61386717562772,8.0
1574,61203.18295953668,732.1963203828924,177.0,137.55165448126775,8.0
1575,46883.26099869521,5844.627466635302,164.0,129.93465479772965,8.0
1576,24445.945059330385,3678.974463052134,47.0,115.62880189593056,8.0
1577,46636.972279420916,25301.863299883236,129.0,130.08369943241328,8.0
1578,25570.434017918324,2366.9340781772567,93.0,115.35778197240128,8.0
1579,54488.11011140053,14047.014285273106,450.0,131.56130792721697,8.0
1580,31570.81043723672,14730.418920068281,39.0,118.21061087911937,8.0
1581,49145.10635681255,30076.670458005112,109.0,122.98193321365538,8.0
1582,56594.67937102219,43901.97565295742,32.0,123.41649856182866,8.0
1583,50298.566468126395,733.185430153729,87.0,151.09710595793905,8.0
1584,38662.0650373299,24234.32392460891,64.0,114.73046108998393,8.0
1585,31662.62567681313,15792.71885737505,163.0,109.3660810562184,8.0
1586,36071.41473253884,18123.08879520018,295.0,105.98889799111352,8.0
1587,31138.188725368345,19035.785323545402,183.0,107.24283492111496,8.0
1588,45345.65759695962,736.8029772826685,141.0,131.2953633719049,8.0
1589,34714.879418803626,1181.0512654332802,46.0,117.98643809644942,8.0
1590,52753.20824123763,41934.91614260729,305.0,130.09034550925438,8.0
1591,42966.22160275225,5210.205101135444,96.0,120.18731269688882,8.0
1592,45680.119627521344,27144.860787432623,161.0,114.15022047165068,8.0
1593,4611.2214836523,736.116332249699,19.0,97.48034800681523,8.0
1594,45483.01439902828,9006.646077840063,195.0,125.0283942515484,8.0
1595,50381.751624084434,924.9135762988024,224.0,135.09006050670342,8.0
1596,60704.717961614544,4718.400527303031,324.0,114.74775115970333,8.0
1597,30435.29063357525,11400.771742376106,59.0,114.41641443034425,8.0
1598,43627.0177439293,1849.7056431509395,65.0,121.00317462028008,8.0
1599,47743.784934863244,5598.192547059837,98.0,117.98786583305869,8.0
1600,36142.712257544794,15496.760103141014,186.0,106.88301921189634,8.0
1601,49708.395513854746,1184.8110879287944,7.0,120.11252615765272,8.0
1602,65402.85498732928,1179.4245693022838,264.0,144.18729919918752,8.0
1603,35155.199630577736,9249.567637514378,189.0,124.70449410702435,8.0
1604,42775.05512134045,4683.1361488235725,125.0,119.96959181021901,8.0
1605,28003.82551223989,6964.605334149489,163.0,120.71921586099685,8.0
1606,32769.863291360234,2884.418482367785,54.0,120.8520141766207,8.0
1607,27175.780172767347,5905.872618602789,24.0,113.68473689058973,8.0
1608,60694.6864393058,1988.97868869371,42.0,143.22130432461714,8.0
1609,44847.80988222397,737.334468578345,39.0,122.05404629575443,8.0
1610,54860.054276621544,739.4133717636502,92.0,130.28808433762592,8.0
1611,21540.0075359438,2945.5841915347887,177.0,121.23615960569526,8.0
1612,42266.71195913199,924.9607175104901,34.0,118.66461559492207,8.0
1613,44800.55085193725,5743.6495924657975,39.0,114.080208700095,8.0
1614,41157.84801140616,24135.056788042682,183.0,121.47672534330385,8.0
1615,43179.934531403844,924.806595752176,13.0,117.79689213439252,8.0
1616,49992.8885571069,6473.982427735093,80.0,120.71869086365962,8.0
1617,37179.66836246874,1849.9615296913896,31.0,123.42063870491333,8.0
1618,42421.889699876614,1184.2532860428505,55.0,130.54867470848106,8.0
1619,51383.97329608111,5902.197822231704,35.0,123.04696093723206,8.0
1620,43619.83606685524,21973.772908024,43.0,114.10086639526091,8.0
1621,37968.44486696597,1180.2417659496646,22.0,114.68684717990575,8.0
1622,34714.50412097638,13381.85195860234,520.0,123.84442334914168,8.0
1623,46456.262453603726,22307.4779989194,-159.0,118.84756963763782,8.0
1624,16793.275585410167,3983.042427039775,130.0,105.34436296698775,8.0
1625,36052.05568363206,2367.417800943992,231.0,128.75033862885996,8.0
1626,57335.1267843435,1179.6126324494812,18.0,118.19357574537776,8.0
1627,33073.54222881233,12574.883950151241,46.0,110.15864701419427,8.0
1628,42723.01623763999,1735.8605139411409,82.0,122.53755748913957,8.0
1629,46999.84687712295,3138.119236037148,77.0,125.74784984054887,8.0
1630,53825.21583309266,4683.177891613223,94.0,120.20469036165262,8.0
1631,28723.381588798413,12107.764128944316,198.0,105.82888164657079,8.0
1632,53646.25422791039,4054.47626809359,94.0,129.9329726021113,8.0
1633,43537.82016043146,924.7574798591672,52.0,127.1880303629325,8.0
1634,52991.22215375818,1179.7666117577978,96.0,142.30791455601485,8.0
1635,47664.46777058696,36850.81745785376,361.0,129.57352378716803,8.0
1636,11975.291042840388,4789.376031058072,193.0,116.36433816143264,8.0
1637,36676.670085772086,20679.59259244036,219.0,112.39320856519876,8.0
1638,16454.71967103443,2365.986129543791,53.0,103.7053175954209,8.0
1639,47560.139615145046,735.6006995952275,28.0,130.88111217568212,8.0
1640,46664.732063129835,3143.9746434471713,69.0,111.55401138141285,8.0
1641,50717.6619146824,924.7190478922575,59.0,126.60981206656773,8.0
1642,11299.538706788526,7869.193265257219,54.0,109.67292848002805,8.0
1643,37980.4574512857,4600.9085466776105,232.0,136.78760649991546,8.0
1644,39441.32037508552,5480.801236218281,497.0,118.90911454079873,8.0
1645,43822.475409831604,4781.636733127319,575.0,111.21367332979128,8.0
1646,40183.52358817201,14234.071447311228,42.0,115.16671282976874,8.0
1647,28854.66760862865,1737.0092403217757,27.0,117.40872815537041,8.0
1648,17853.887309086942,5213.702925659388,183.0,117.50842621230632,8.0
1649,65408.690248018065,732.5048597105373,50.0,134.24512720381938,8.0
1650,55513.62212235391,6275.367570363665,367.0,132.6833249511672,8.0
1651,40390.36419020278,14355.794598531824,121.0,109.9384058080321,8.0
1652,39932.34007264878,28370.645652945834,120.0,112.42738081869365,8.0
1653,23657.235121692887,5915.791476100385,215.0,114.01181577548962,8.0
1654,52380.75337893059,6844.238152132939,82.0,132.10738754579944,8.0
1655,58384.19511670024,5120.785264836044,11.0,120.65318720822135,8.0
1656,16608.688620089913,14464.7830433911,-114.0,101.71246764639086,8.0
1657,57398.49393431218,31443.39155042857,88.0,120.36717653572654,8.0
1658,59492.83474357045,2359.9347025949774,43.0,120.33945151932798,8.0
1659,55840.50618905932,16096.74705745428,121.0,111.71435893360383,8.0
1660,34719.36730862762,3541.766348410776,176.0,134.9078417405115,8.0
1661,45470.30238777531,21324.166577156597,128.0,124.6493569227066,8.0
1662,35583.14162315425,16798.286502523104,186.0,116.15750287997493,8.0
1663,22616.960067186334,7879.407105558919,93.0,115.64309297782208,8.0
1664,18779.007426509834,2208.7879363944817,154.0,105.06179675449111,8.0
1665,33760.87240757372,8613.555491632094,199.0,117.29918517274476,8.0
1666,41680.8342158227,31436.42904717917,170.0,122.7474940762902,8.0
1667,37141.836311298546,1992.3478270799162,70.0,127.4223312485439,8.0
1668,44310.29378828631,30215.072884156885,163.0,118.37963186399674,8.0
1669,53212.56985980228,3979.0556029546806,67.0,127.09448551723945,8.0
1670,46168.21975321077,2361.435443676619,48.0,120.14898949995263,8.0
1671,31481.01129979922,12969.345469378291,306.0,111.17115950916578,8.0
1672,36710.9227941691,17927.837779806367,182.0,110.67591587856083,8.0
1673,26006.490735303574,8654.241953453124,214.0,114.96536607336854,8.0
1674,11196.517256937044,5598.315603235128,-9.0,106.31671079626642,8.0
1675,66124.14832546131,57848.05459224498,153.0,112.7472048783097,8.0
1676,47144.27717204129,925.0499071716212,4.0,120.64661454681068,8.0
1677,30202.12577691164,13259.909261545507,186.0,107.27732798556815,8.0
1678,35579.29079297623,924.9158979123841,39.0,118.1034450797732,8.0
1679,33541.462274836165,735.2710851436003,107.0,126.5512393672667,8.0
1680,40903.2371427907,14180.96173069299,336.0,116.10935366378393,8.0
1681,23168.64983251614,924.8189315313158,85.0,121.41600816200405,8.0
1682,16289.820450088238,1182.7640389665635,80.0,116.01021064469538,8.0
1683,19975.171680419924,5908.166922122165,184.0,120.11205249106851,8.0
1684,45584.49001763977,6641.671697105112,39.0,113.44543572231511,8.0
1685,48979.7309817569,1991.8675922365944,81.0,122.12554349395339,8.0
1686,45874.63499459857,1991.6529086890653,202.0,126.24815848264393,8.0
1687,23517.094527323974,924.8181135297468,6.0,114.13894852242962,8.0
1688,12046.469393631494,11123.45791806051,-34.0,98.13330197634484,8.0
1689,27731.00566690261,2883.925756412344,48.0,118.13455998724837,8.0
1690,46373.89430197829,9824.512833996756,117.0,130.2677033582189,8.0
1691,45903.51010563136,24392.934570848905,139.0,114.83244241907398,8.0
1692,39134.55659074353,23641.171289391932,181.0,110.51905645408019,8.0
1693,49361.20411845706,732.8827488215699,204.0,137.0558316250302,8.0
1694,5973.551605906249,5125.809129482324,-22.0,92.165175148266,8.0
1695,27470.65891207388,3139.883612179959,454.0,131.1403833526726,8.0
1696,48769.944346618155,8452.317411107548,525.0,133.34704992798808,8.0
1697,47451.71826747086,3699.8317057111767,151.0,126.18801531926627,8.0
1698,56736.659743266006,16226.267638329253,38.0,121.17354825186075,8.0
1699,31189.214202867523,14753.142158666591,73.0,112.08641043754584,8.0
1700,4787.846471018247,3085.4572591931465,4.0,93.82170229154842,8.0
1701,59187.30474123706,20139.092322596254,31.0,118.6521677170746,8.0
1702,42696.00830483958,735.5757558098387,101.0,143.0381244995537,8.0
1703,41529.64825763619,2361.6284304157284,26.0,120.5872573840131,8.0
1704,63544.674637672106,56883.591382153885,80.0,117.01667116850442,8.0
1705,54648.22363153738,19436.136633886286,166.0,118.30384277110254,8.0
1706,48787.94798314432,38206.49348375797,291.0,129.21727583756459,8.0
1707,22583.671741552418,3548.8202619014305,102.0,116.61380269084654,8.0
1708,38557.861501231615,4040.345417600608,40.0,115.33531897039332,8.0
1709,25960.42927169137,21355.559149822384,61.0,106.63962460212613,8.0
1710,53535.907906696935,5969.84221234143,32.0,123.58609172791881,8.0
1711,50869.26550955213,924.8265667546218,83.0,130.79629988855615,8.0
1712,47813.2730618086,24704.785854872353,270.0,128.66313497992329,8.0
1713,43060.89059721867,3541.1623947905623,111.0,129.13377824595662,8.0
1714,19513.299837963215,17820.169595141004,37.0,113.88124452180722,8.0
1715,18911.129419476765,3544.8068070889003,394.0,127.21407612704344,8.0
1716,42146.51952973183,33694.42077532056,373.0,129.12956028286044,8.0
1717,31037.96367101163,5225.307406800893,47.0,119.800813104718,8.0
1718,35146.344595650444,23122.40912860878,117.0,109.0598368002611,8.0
1719,36925.72141580008,22500.737161607034,64.0,114.11618178848525,8.0
1720,33859.283308877384,4786.262453390467,37.0,118.79847500128388,8.0
1721,11110.156836063756,4727.37126641067,25.0,103.85018921103745,8.0
1722,34984.94403835212,737.5646121767043,128.0,128.53372066829513,8.0
1723,51502.36459201678,1184.6775274889064,119.0,128.89262602749798,8.0
1724,43452.45867464895,3138.814470657543,6.0,113.3057322445116,8.0
1725,38947.870054675725,30642.66196463995,116.0,109.49179213782682,8.0
1726,43847.62178304511,738.8547105979139,41.0,122.39371837770976,8.0
1727,27627.215954033054,1849.8753295709234,24.0,122.82083233227245,8.0
1728,39963.187642508,4422.673363311638,110.0,121.57507998714956,8.0
1729,49527.990775514794,30743.602608029505,187.0,115.18458966630787,8.0
1730,19339.919296763896,735.9703697247984,55.0,116.42444204811764,8.0
1731,52576.69151623548,43069.841578909465,284.0,129.7392229593922,8.0
1732,8356.682735619717,7435.862024997881,-226.0,90.88846150865109,8.0
1733,50141.198054771296,12046.892770606803,225.0,121.53664099272272,8.0
1734,45802.24740924243,1183.2238812489425,89.0,125.85074550801866,8.0
1735,38401.41264142416,12571.609299154516,274.0,118.0466419816531,8.0
1736,39491.30458375877,4125.411254630274,230.0,127.38860445118381,8.0
1737,37232.332715717486,2943.8933927622434,324.0,123.00444460773869,8.0
1738,49025.151561597544,24982.810260463815,270.0,113.85762875598265,8.0
1739,37084.160435304766,18028.715257699223,109.0,120.59546275990253,8.0
1740,41450.08046013389,4603.4823700314555,219.0,126.63258764160956,8.0
1741,37839.81524556863,26753.292438245033,199.0,123.40639858284212,8.0
1742,59489.81347964937,2369.261771475375,108.0,132.25937767479112,8.0
1743,34001.99022151616,3684.264564010684,297.0,115.11150719040556,8.0
1744,29709.958097726754,8689.062460647125,108.0,107.41191879755317,8.0
1745,43249.04166883184,9818.509502099269,18.0,119.17517757464405,8.0
1746,27616.74300614691,7724.147232568059,105.0,110.50246588217787,8.0
1747,56245.13982610665,925.1478541266226,29.0,125.35414776956418,8.0
1748,43061.67581648972,8885.233858776175,285.0,127.26644573354669,8.0
1749,38100.373976857365,20468.13269832119,180.0,115.41287691291917,8.0
1750,40392.72891581176,12382.11181816669,46.0,122.27313863981936,8.0
1751,43925.88718696899,29086.361567191656,198.0,112.07786595191321,8.0
1752,52477.93330480475,2360.7473980523505,29.0,124.54569543461002,8.0
1753,24860.777528956685,4614.249512190485,12.0,116.80052646965578,8.0
1754,51812.44670895285,1181.3719008987396,78.0,125.40273999936966,8.0
1755,53318.904625306546,1992.7889401321588,12.0,120.01510422573661,8.0
1756,60707.89831987089,924.8435832179946,57.0,130.84086777159442,8.0
1757,43771.891701714456,924.889132986346,29.0,128.70208142729695,8.0
1758,41358.45229568422,25361.655217258023,207.0,113.15555594244574,8.0
1759,31595.662176021044,26363.145757245842,-165.0,116.64618357383466,8.0
1760,19479.18815307329,1849.860657753392,106.0,118.21479535210122,8.0
1761,48117.481157530296,1849.783540773088,35.0,121.63838406607293,8.0
1762,45328.16025425035,5549.82852270044,291.0,129.41698571835192,8.0
1763,51877.6840715751,15253.011937160478,54.0,120.94375976708423,8.0
1764,40191.88992970992,1741.7577994498336,234.0,128.25979784196323,8.0
1765,25991.923756257485,8356.807794988237,158.0,109.29149852983718,8.0
1766,53211.73287630071,3137.729913474061,359.0,134.65407175179877,8.0
1767,28375.580176283176,1474.0946326343606,191.0,127.05531029831158,8.0
1768,17291.324590898214,15570.12023909891,65.0,114.0372089627993,8.0
1769,54644.103683111025,12250.28910288943,65.0,122.72531595587392,8.0
1770,34708.882807978545,19666.38140125351,87.0,115.19484940823682,8.0
1771,42687.8741592592,1992.3573781082064,91.0,116.53938069598316,8.0
1772,24369.432181322103,17726.844393274954,74.0,108.42891826885796,8.0
1773,31084.884566935267,924.9397423029391,24.0,123.6153680103636,8.0
1774,34461.05714135711,1182.0204318603085,15.0,118.91435869208263,8.0
1775,53248.32245317265,6844.973646287277,71.0,116.64599283528395,8.0
1776,46391.79128257636,2774.6060806986225,41.0,114.10591086515461,8.0
1777,46705.566823767425,6332.321869743132,5.0,122.11340413235672,8.0
1778,42785.89463843356,735.6999627483486,85.0,126.37138823208593,8.0
1779,28411.57668003671,8891.728880379049,348.0,125.97940822399303,8.0
1780,42249.63589546066,10465.317881749314,363.0,108.78914026805015,8.0
1781,57143.63362397196,7827.071458005497,16.0,123.86559257805052,8.0
1782,39055.656822396246,31705.17491335697,-141.0,112.04331983808109,8.0
1783,30895.579208123647,737.6459309053906,101.0,125.4204744095423,8.0
1784,57093.10268164321,48815.99644330405,153.0,111.27294205491135,8.0
1785,41377.81576367678,15915.351694625366,135.0,124.15220170665215,8.0
1786,18649.822862193243,1737.5531360901145,31.0,113.15044671143066,8.0
1787,24984.315023655257,1849.8431681105185,137.0,122.28312273632703,8.0
1788,38993.465164828514,8304.537814983307,355.0,107.3255023601994,8.0
1789,50651.30752456779,1735.4317248991208,77.0,135.7211127393237,8.0
1790,21551.007015830317,2393.546798927569,137.0,119.86628117769136,8.0
1791,16794.631528153324,15878.295180899302,-321.0,98.30866328738598,8.0
1792,22483.166729225508,1736.7697653758241,47.0,114.72766641461146,8.0
1793,42778.135304184994,8630.315194661136,96.0,120.82156114824964,8.0
1794,52553.6376696209,1991.9701896698425,83.0,131.25378035850733,8.0
1795,18809.38283019252,12148.186171629119,74.0,106.46738833054496,8.0
1796,21259.24918269936,3477.215647924805,47.0,114.72310753509723,8.0
1797,28834.269306767237,21420.149788352348,206.0,115.64585706471433,8.0
1798,19908.953465234084,12555.938011994274,-10.0,106.03794291239441,8.0
1799,39503.56128210277,30009.645201276522,287.0,127.4914493088059,8.0
1800,29131.676559439155,6639.288062235359,108.0,109.16950511712194,8.0
1801,56862.65766563031,924.8160175531675,131.0,132.2400263910801,8.0
1802,43526.853750908194,924.8458064449228,45.0,121.31332046407444,8.0
1803,56703.12431296132,7719.519104907435,75.0,119.09250216638557,8.0
1804,59266.449866874646,2370.11083219341,177.0,130.898510226318,8.0
1805,47727.74076287455,1992.0204129029646,59.0,121.52376949023399,8.0
1806,30693.112153174236,1183.8594449290229,156.0,127.46811020693352,8.0
1807,49347.789877851785,1989.9118137795806,95.0,119.3009967445634,8.0
1808,31779.259740903373,8624.72996988409,332.0,126.57823226300786,8.0
1809,42554.502055679775,925.0615306534769,154.0,130.50242865142832,8.0
1810,33500.216535438856,924.9339662845695,122.0,126.36302794449212,8.0
1811,63142.62317010745,53726.082876590954,200.0,131.18289548074117,8.0
1812,50850.92143949401,4682.268518633544,461.0,124.76950068376897,8.0
1813,26772.837078250694,5122.891702160689,402.0,138.06058222739003,8.0
1814,54787.755147272714,9002.725512015606,430.0,115.59330955132883,8.0
1815,3772.3400196155135,1849.8957796452326,24.0,97.7689142094322,8.0
1816,44432.82929547979,925.0616602422343,24.0,123.86965455566465,8.0
1817,44162.05613569655,734.706513029837,15.0,116.09726876146186,8.0
1818,39295.00444171819,6639.254615698745,56.0,115.97750854750544,8.0
1819,51169.50528347087,924.8588586442719,97.0,131.9073598687596,8.0
1820,50033.005000052064,3699.8173892487407,267.0,130.7426551390314,8.0
1821,19127.967508073914,7586.93104014026,62.0,106.16127965350809,8.0
1822,33726.44452806802,25428.43413608682,116.0,108.8445734223534,8.0
1823,20863.970971890358,5755.83048171377,362.0,130.07718953415576,8.0
1824,29419.238421837956,7585.549693128915,145.0,108.49750155347532,8.0
1825,21050.880223463435,1741.4411442464132,21.0,116.33311128631559,8.0
1826,49026.40013070088,30005.870557093902,151.0,128.27235976695417,8.0
1827,24056.991218124447,3772.546314821312,93.0,116.0419879792818,8.0
1828,47497.55755021647,924.8561065381173,56.0,129.04708685865984,8.0
1829,36964.362378026904,1180.5043062686086,23.0,122.20280172910195,8.0
1830,40879.46668613928,24028.45579310307,71.0,115.8850451218273,8.0
1831,43605.22324943905,16145.833655858285,313.0,128.7029354508353,8.0
1832,35579.40518835121,25329.631199218966,194.0,121.85047642608265,8.0
1833,12225.003118407076,10280.117067369045,-43.0,101.81610951670056,8.0
1834,63141.805991131805,5492.1373470979315,37.0,131.40296811572796,8.0
1835,35726.67101343454,7830.704673337238,42.0,113.74907356994115,8.0
1836,47281.63206036053,21240.241415620072,60.0,118.62453196364899,8.0
1837,36080.57327218581,924.9357371286653,23.0,117.60456820111533,8.0
1838,45417.623366292886,1849.892265557797,106.0,118.47140750823505,8.0
1839,48061.828570455975,1183.5584236399422,74.0,123.93239896898473,8.0
1840,33838.796811875654,3980.4519895724866,68.0,114.77571039759599,8.0
1841,22578.746172582505,3082.6861957248743,352.0,127.46921675035773,8.0
1842,36100.99952080188,1475.0393596737292,195.0,129.37725484381494,8.0
1843,48655.73025600373,31756.090111249476,76.0,117.93581406717294,8.0
1844,58621.32211895248,13947.857176642501,43.0,121.4796332435628,8.0
1845,50121.42350879125,2874.9929624590304,17.0,121.94978973160414,8.0
1846,49041.10283686158,30529.736976214677,292.0,118.91706081181013,8.0
1847,39835.06055480543,1990.1278641579222,82.0,127.96783519758739,8.0
1848,60225.90297240483,2359.1330932417777,130.0,116.94276516109318,8.0
1849,63529.68757781548,47201.7245090304,120.0,125.17091526536205,8.0
1850,36078.129181651406,924.824991732131,37.0,120.37977282695005,8.0
1851,8265.991356736122,7449.606445508911,-112.0,92.14398456250295,8.0
1852,43424.02324717719,735.6559015892398,49.0,120.52871868503695,8.0
1853,42138.64322113986,8628.68848781014,146.0,120.80445056432538,8.0
1854,56635.9874102894,14240.784627464871,81.0,125.39902574533502,8.0
1855,37681.97856018149,924.8484637742152,23.0,119.48010726394473,8.0
1856,15674.319174193963,2363.6563766316744,195.0,116.6860145032633,8.0
1857,21538.87745138838,9929.230801973114,16.0,109.22666043716247,8.0
1858,29391.51263422932,24798.759436251083,12.0,106.7578769814306,8.0
1859,49250.942686876566,9475.806919707475,61.0,115.45159356935456,8.0
1860,18850.38788079184,2365.9860922691582,296.0,107.69752691760257,8.0
1861,34973.283940841146,1741.0848660386941,83.0,120.43827587486973,8.0
1862,40648.63236499887,38450.57702476537,-310.0,109.38865746056294,8.0
1863,64295.762220748664,24327.48854371447,72.0,122.40619143710649,8.0
1864,58831.5798386711,10574.689472294185,539.0,119.53392701149109,8.0
1865,42681.072174033034,25627.101136396617,464.0,111.27677270597931,8.0
1866,28150.80253519387,9099.514087711716,114.0,116.02793763483628,8.0
1867,11784.609777849528,736.2439164465036,40.0,109.34684035988612,8.0
1868,27457.091995886047,1183.155701363004,55.0,124.27782509136637,8.0
1869,22514.135365135804,4854.382710605006,46.0,111.82644181319876,8.0
1870,37229.71666603261,2207.9217128041105,258.0,132.28385582427737,8.0
1871,52340.81331860153,3144.95856910582,33.0,123.75526418402553,8.0
1872,39725.093119950194,24665.53176607963,60.0,114.57912261188744,8.0
1873,6629.9131280364845,5892.676801873564,-15.0,93.90708057972893,8.0
1874,43235.26684266665,3094.2279693328246,156.0,125.88200857105107,8.0
1875,44244.08592568442,740.1039169713047,33.0,130.03457904105775,8.0
1876,43535.0498926052,1180.6493097468438,119.0,128.7504210851736,8.0
1877,59937.03920648426,1989.1100344873207,356.0,139.00982920645794,8.0
1878,40437.02069726594,15584.474222791083,51.0,121.32714599228302,8.0
1879,31868.64433324162,13137.144464803876,172.0,116.38720787925753,8.0
1880,18443.743351347188,5759.88621482339,43.0,113.68547486371544,8.0
1881,49294.186699990685,1184.6977305776493,14.0,124.33800216423747,8.0
1882,30155.330656881277,12131.683133073748,328.0,133.0835723492159,8.0
1883,34735.95498388814,5157.263095908206,259.0,112.63532321447074,8.0
1884,42106.186561198076,6685.353305844984,115.0,130.60060085085453,8.0
1885,18041.99377659072,924.8139533476414,34.0,118.7613667662294,8.0
1886,34528.43709661442,3790.734328700326,42.0,115.9122557235612,8.0
1887,20086.275659391176,11933.704900246848,-62.0,101.03717567797057,8.0
1888,55623.255971703446,42614.14619885405,200.0,131.04914399030773,8.0
1889,56872.42423628709,19249.570792631966,55.0,119.3862522558148,8.0
1890,35446.21464667357,13935.379663031956,139.0,111.57773091869478,8.0
1891,58028.470296380154,925.1097422525391,51.0,124.70296857972625,8.0
1892,56070.27386887567,924.884109829763,72.0,137.72303102450752,8.0
1893,54099.77846982703,14120.803288294857,76.0,118.05956958291213,8.0
1894,46153.96366064576,3081.370015609475,367.0,133.52008628081097,8.0
1895,42889.90948824243,22638.279454412226,73.0,121.82597065553168,8.0
1896,47384.16374214558,32140.443389588047,336.0,111.3359050373179,8.0
1897,49952.411714600334,12227.236054991692,50.0,114.87363204056625,8.0
1898,37119.06374917154,5862.5432878054635,198.0,112.44020793306909,8.0
1899,29605.97512105957,3983.78535649119,104.0,118.33962438790064,8.0
1900,41921.28708959558,12665.766889604345,149.0,124.2337587074571,8.0
1901,49778.04306832889,924.7328148946772,45.0,129.43769416968684,8.0
1902,30177.71978314068,1474.556486760256,189.0,127.58121727616225,8.0
1903,21658.157239701733,9427.366662945522,49.0,105.24269445419465,8.0
1904,25615.573129823442,1990.229316763738,36.0,109.74880540525822,8.0
1905,64273.64422480217,924.6894746425681,132.0,133.2735471360027,8.0
1906,34609.340750367955,10280.79739024367,161.0,119.97138724956878,8.0
1907,44398.04355189703,2774.960294155637,73.0,127.98045236875635,8.0
1908,25368.365537003396,13264.930948862513,183.0,112.8039142007037,8.0
1909,33647.961094644816,7565.950620788963,122.0,122.84452169920885,8.0
1910,31490.162861521298,1182.023722889891,83.0,122.75706272990227,8.0
1911,39985.767221757436,27688.60194405019,33.0,115.02887532400739,8.0
1912,30157.531994923414,13322.95429690486,99.0,118.85577019800897,8.0
1913,16150.097968605067,8613.417515143023,137.0,100.92360491061378,8.0
1914,50582.32439618075,924.8536521221247,60.0,129.80013605272464,8.0
1915,38977.07530756985,1184.8225584086829,9.0,116.5468363992682,8.0
1916,12557.940894323625,2363.972765631893,103.0,116.20536608031773,8.0
1917,51498.01956907833,13885.279105050577,108.0,124.81908245389363,8.0
1918,43547.97355317826,738.270327509243,109.0,129.11407577524588,8.0
1919,52219.98454738269,33590.95691882073,144.0,115.83985210348371,8.0
1920,26751.362999963076,7967.551000410817,184.0,107.57549602735348,8.0
1921,27628.04201390905,20094.011349906257,30.0,105.84296346154984,8.0
1922,42633.33324595216,1184.0445100302754,54.0,120.1552097703821,8.0
1923,45180.53776767001,1470.2515614430697,47.0,121.28656697750819,8.0
1924,43456.40944484937,1849.7133292460312,45.0,120.90441525733056,8.0
1925,55578.42625749581,925.0688377222916,48.0,128.3886080426055,8.0
1926,46801.799741510666,1181.2671426450445,2.0,115.7807714575686,8.0
1927,28838.06281920926,735.6408243881591,5.0,115.17086429698251,8.0
1928,56979.51273815442,925.222073093755,35.0,122.07803720179824,8.0
1929,38219.659798114844,20099.092843804578,140.0,108.5556345516894,8.0
1930,44410.06911026215,2367.0636776968954,263.0,127.82958168376898,8.0
1931,60716.804181020554,39182.07189927324,-9.0,115.68584385780612,8.0
1932,59031.14494028888,6381.640027201684,45.0,123.51798206790949,8.0
1933,57151.63366838824,3772.651246245758,44.0,119.06648225017726,8.0
1934,32709.879926284146,11917.727494109382,42.0,118.11867570707169,8.0
1935,39805.839591398166,9949.004371713434,266.0,126.38215471175681,8.0
1936,32977.85919667512,24713.73259623222,153.0,106.85995578134809,8.0
1937,47014.65368111134,7170.700543925514,119.0,118.96430153822223,8.0
1938,39544.21365022729,924.993947664369,59.0,128.05862806744656,8.0
1939,24676.494002519525,10960.143818517618,248.0,123.30596031952774,8.0
1940,30561.595615574024,924.7916908144597,94.0,138.43801392713004,8.0
1941,38488.1296762637,13069.142853343685,323.0,110.54083390751829,8.0
1942,52980.836362891256,733.4312731974104,97.0,141.61505361917244,8.0
1943,60179.58421877404,47385.71536732126,87.0,120.49202240362773,8.0
1944,50738.050405029855,7959.107603067897,19.0,115.62703444379231,8.0
1945,33411.60237601283,6666.913503706487,22.0,112.92854508551513,8.0
1946,31320.625907994112,1181.069615786566,23.0,115.21894480142105,8.0
1947,51002.56745659834,7435.774391752015,144.0,124.07489461613885,8.0
1948,58008.40164816364,14003.539841734715,33.0,124.60689064544141,8.0
1949,57752.7654722547,21204.876215976972,55.0,116.75089266969938,8.0
1950,44556.449247357676,737.7497894147357,97.0,127.91807547366894,8.0
1951,41830.14840316211,7875.376649020957,230.0,127.03482524310019,8.0
1952,39047.17273231462,7364.276462486864,159.0,114.45320784946257,8.0
1953,42758.18189504318,6385.427826191957,69.0,121.23056602608884,8.0
1954,53184.16576816428,41493.45283227331,183.0,112.76211976584156,8.0
1955,52016.87397838405,31772.078716263557,73.0,123.46519987899717,8.0
1956,29782.97156833027,8260.809618625804,505.0,107.19261865126568,8.0
1957,17387.54401291388,9815.11896293165,-12.0,107.0754382644933,8.0
1958,48898.9709382547,8452.94851981818,83.0,119.2464965140786,8.0
1959,51748.029249214436,9287.216095815607,63.0,117.50095319829302,8.0
1960,21129.42205258473,735.8062953911009,108.0,122.68058666673078,8.0
1961,32891.509299653684,15758.45052018559,163.0,109.38386286234373,8.0
1962,26158.141639382528,17711.637896265995,346.0,125.50436182740081,8.0
1963,45930.253034312766,21596.101512158653,139.0,112.3204943747076,8.0
1964,17339.357172648994,16620.00526057019,-62.0,101.79092806610548,8.0
1965,19602.318058604087,4050.1761663528673,18.0,118.07554339561264,8.0
1966,59992.938327581054,1184.7671819267082,131.0,132.34522043814502,8.0
1967,11642.542822780611,1737.7446074808963,10.0,101.66902993275522,8.0
1968,60566.80826265374,5230.979431810174,165.0,128.44344912919993,8.0
1969,36307.22091158215,734.6937711476679,140.0,129.87396462592977,8.0
1970,61556.03381386784,10617.926653408202,263.0,135.81186704641047,8.0
1971,52028.77548969874,2361.1089286117094,53.0,120.1556601337088,8.0
1972,15363.529650728271,8271.897297659725,-23.0,101.98207088866893,8.0
1973,29634.23608194908,3699.8445496688378,176.0,124.21971784522039,8.0
1974,38099.640412049455,1849.6572052987733,166.0,127.13904295037118,8.0
1975,22509.99063106826,4852.713643940307,18.0,117.48069336181527,8.0
1976,33964.69059808911,26555.060737575033,68.0,110.27566156589796,8.0
1977,54777.11941159306,1179.2322022646035,140.0,147.31134384278067,8.0
1978,59549.581045556784,57215.56641776195,-240.0,117.65579128077046,8.0
1979,32834.65782939244,2362.5943846498226,78.0,119.43431125910331,8.0
1980,56634.78880271724,15183.449561475705,61.0,117.89299566973325,8.0
1981,43985.61655472889,42251.3547142906,-319.0,119.20960946962175,8.0
1982,58933.76776549679,12658.595207113827,78.0,123.52904382646958,8.0
1983,25146.856250828736,9259.958353446164,71.0,116.28903477029388,8.0
1984,23101.777275306966,1736.6903644355227,309.0,100.30231686281618,8.0
1985,49260.5158004919,1184.2532860428505,55.0,122.5583732863713,8.0
1986,33815.04636841089,25361.518544719038,358.0,127.40605468290266,8.0
1987,44510.637102882385,35908.33210989321,-12.0,115.95591253098158,8.0
1988,37968.3085265064,8704.488088955732,371.0,128.8251673191316,8.0
1989,20009.257053793503,14543.833212507265,5.0,102.60182448711886,8.0
1990,10970.950233022932,2364.4240416135613,14.0,102.84215884721385,8.0
1991,43293.88676802949,6934.573936235808,179.0,120.66254623501774,8.0
1992,43059.733977442665,739.1372811133117,22.0,129.96515774602994,8.0
1993,31914.792016890668,6286.818093856533,186.0,124.21238590894292,8.0
1994,12109.85228109455,736.5600465862015,7.0,102.29350273360002,8.0
1995,17558.374427775347,735.4938231379082,16.0,108.49488491803334,8.0
1996,44065.42008745468,924.9721549858954,156.0,148.9396323245701,8.0
1997,33028.95648739162,21481.026602773272,58.0,111.38312300405342,8.0
1998,26640.578444748728,5478.572427306435,131.0,121.46733413664018,8.0
1999,19958.765476388522,2207.9430876256215,27.0,109.2306817790585,8.0
2000,62732.44293939297,741.2055783727322,52.0,129.921536132784,8.0
2001,25955.974641207737,9427.519170342948,84.0,119.10052019782125,8.0
2002,57740.853217641285,740.9739069797747,78.0,132.01216919094654,8.0
2003,32778.80921418701,5597.880090319732,253.0,116.8699301196968,8.0
2004,59470.301882357395,9784.2377781828,24.0,120.1042200936037,8.0
2005,52050.463496416916,2869.7360179425086,211.0,130.24981689020677,8.0
2006,29889.775802576678,1181.5549357447,97.0,138.20294180855632,8.0
2007,49585.02569002056,1183.3893300457526,225.0,134.07704695550188,8.0
2008,15445.631081773097,3772.40637646951,140.0,116.26968756579609,8.0
2009,54380.98634621423,1183.9539969818288,95.0,126.2402811898541,8.0
2010,28843.982426094146,24259.148484316785,47.0,107.51300119763485,8.0
2011,57627.13660425308,1733.3940518668444,70.0,128.62222655056206,8.0
2012,12225.269317249122,11316.875911544488,0.0,102.46149396931034,8.0
2013,56645.29522582497,49997.06974054245,80.0,116.8975616900039,8.0
2014,32379.563397291775,2774.6042400859424,44.0,118.39729308741383,8.0
2015,27017.82248520385,2361.887147985012,250.0,136.10358759512158,8.0
2016,54607.40927921517,11418.739826767991,65.0,125.11788726352863,8.0
2017,39879.894223766656,6516.295289381658,111.0,112.51017836722725,8.0
2018,36312.33795007986,4604.340442215397,22.0,119.25895260373565,8.0
2019,41101.21704681115,15259.098297838715,54.0,114.12930545841513,8.0
2020,32833.06307848147,23636.07485900318,-99.0,119.4635312198476,8.0
2021,8887.692807677926,736.2981178410606,0.0,97.56864899074385,8.0
2022,27375.860764624365,4116.361827342091,139.0,113.29908939570629,8.0
2023,32888.87639363006,16449.937064507543,73.0,111.66671516694788,8.0
2024,55958.46030673263,54003.29622935768,-97.0,111.32443424914146,8.0
2025,16132.5202798485,9807.030079116346,15.0,109.48650586615018,8.0
2026,34194.0932002922,17575.382290162506,133.0,110.34719792854263,8.0
2027,52968.31931172614,7850.18274130734,61.0,121.26885021857201,8.0
2028,54112.2245542523,924.7514842163528,32.0,120.86896787718487,8.0
2029,46834.86005742357,22972.30288648283,127.0,125.05214348860734,8.0
2030,26248.90827922704,3771.727684659467,299.0,126.67981859736932,8.0
2031,49158.01608577863,30601.35691241535,305.0,113.790124875449,8.0
2032,21360.046794470923,16757.611665789384,57.0,104.07935930969701,8.0
2033,45674.86411750549,734.0195656050911,230.0,136.3176786545604,8.0
2034,34231.10592259937,2774.9072056841997,45.0,118.30089434199232,8.0
2035,50885.23228844036,10456.610027416024,135.0,123.93923794894314,8.0
2036,37037.5459543859,735.4262572133724,107.0,127.21023844688344,8.0
2037,31481.78782830139,736.6774953829976,65.0,122.14333097815579,8.0
2038,35287.62532270431,18156.053843576847,163.0,110.2394787188441,8.0
2039,19932.89664260065,18199.76566934206,13.0,106.11450969092729,8.0
2040,32441.639789059864,12244.727612733817,72.0,112.68507920944452,8.0
2041,39405.86126472604,11195.793537988362,301.0,126.62192151871301,8.0
2042,31096.99539569122,2389.430678705864,315.0,130.20054365975477,8.0
2043,26489.80810817308,738.913362022692,43.0,125.81778303111813,8.0
2044,49313.26934166032,2360.21310544486,129.0,116.08190695014261,8.0
2045,44527.87172363934,27069.263603390104,109.0,118.59793933083554,8.0
2046,39216.00741197881,1742.9707487315554,97.0,128.68207725916213,8.0
2047,29594.987923596505,924.9735769856384,10.0,112.36080022330661,8.0
2048,26515.14232592267,5213.765458029271,18.0,110.12766127323343,8.0
2049,24464.522674839413,5237.651099193887,173.0,102.52338466607797,8.0
2050,51843.602105730206,4624.879247195185,146.0,130.28125613061147,8.0
2051,23572.064793199926,6629.840779453516,182.0,119.51514505057291,8.0
2052,27990.179417607844,924.895949842417,137.0,126.07661416382963,8.0
2053,5483.088804425693,3546.789552262137,-18.0,98.26966162272164,8.0
2054,52524.394873061625,10596.738881863488,81.0,122.83166909071282,8.0
2055,50970.89534189584,29583.77848313104,-90.0,114.28222376627909,8.0
2056,52356.12294908514,9962.797069870796,65.0,122.04005427849694,8.0
2057,31788.05201295997,13751.208115656325,87.0,113.8181358885518,8.0
2058,23887.013232266745,2398.5372713092734,134.0,120.42744266677204,8.0
2059,41745.690706100126,23124.303788795063,198.0,108.68269661126502,8.0
2060,54592.55344101519,20362.765573700806,160.0,123.83265297695372,8.0
2061,42501.67824998938,10485.71061199863,210.0,110.4806492965797,8.0
2062,52130.32831755763,36341.77455717734,57.0,121.57317623050281,8.0
2063,39346.943729535924,31272.41768778177,-490.0,111.3164669245009,8.0
2064,33370.42233760551,7435.959642822099,150.0,122.98486413801496,8.0
2065,60969.00909259696,925.1097422525391,51.0,125.23227960675177,8.0
2066,33953.27440907335,13281.88340778691,68.0,109.32503735767096,8.0
2067,30175.926384092312,9809.484186499181,2.0,111.58734425530699,8.0
2068,27067.068662962454,1183.8549818971683,120.0,123.92470554622761,8.0
2069,27630.51891212199,12380.550282763448,280.0,106.99200228156704,8.0
2070,6659.991175370122,1182.466794489222,14.0,99.35351272197424,8.0
2071,17635.533024685108,13032.62706927447,54.0,105.15686192173445,8.0
2072,15375.108258818607,7097.273811214569,10.0,98.9263924019095,8.0
2073,45129.935404423755,36826.543760586006,116.0,110.32505645611157,8.0
2074,65355.143859370575,1179.6743541251892,142.0,125.13483660995139,8.0
2075,46736.250619763596,27699.808694093885,60.0,122.554769534635,8.0
2076,53452.98936175166,7543.16827492457,328.0,133.07820743226185,8.0
2077,56368.870642694164,4304.032457242993,162.0,116.42042339834803,8.0
2078,46300.223271315816,12970.419128403191,381.0,116.07146472545905,8.0
2079,33874.88720238229,3138.3383013539396,145.0,129.86545029175866,8.0
2080,47352.37411455523,35256.694454727636,183.0,119.1413519553098,8.0
2081,43466.41240265154,4723.663463305826,14.0,120.787374066921,8.0
2082,21397.196191383322,20294.372554065318,-246.0,118.46529980178074,8.0
2083,38144.93788434601,31497.266365259617,80.0,113.06201592960952,8.0
2084,30022.193483212464,25974.88933848342,29.0,109.92732517512569,8.0
2085,22994.626955796906,11711.92712061697,39.0,112.20531758118128,8.0
2086,19970.727261493117,924.8690336708968,146.0,135.1245316058577,8.0
2087,32672.06758642791,6516.0510711781735,79.0,118.9673169274777,8.0
2088,37397.059393621115,20387.216826085005,183.0,120.80042907947148,8.0
2089,41677.24454751455,26634.169456220356,87.0,116.62932417365647,8.0
2090,15496.045838834054,736.3142284614846,5.0,107.88345097299013,8.0
2091,47963.37352162956,1184.266802247172,5.0,119.93789100609685,8.0
2092,34348.82635133437,924.8602831198407,11.0,110.54265300786236,8.0
2093,6640.043424476863,925.0171114276108,4.0,96.42237175543613,8.0
2094,48628.87154433849,924.86460250101,49.0,131.08688854090062,8.0
2095,37354.24241530205,2774.996809143374,37.0,127.50701757768067,8.0
2096,23969.351943527472,6518.813253174783,95.0,108.2670062639101,8.0
2097,34722.863793544646,7085.300764520218,35.0,113.28227768641267,8.0
2098,44564.607159580235,9805.32856737357,53.0,117.45450401988687,8.0
2099,50794.97460147794,739.7590071518123,5.0,123.26284949863853,8.0
2100,15574.969525495519,1740.468964275504,49.0,111.03990924577975,8.0
2101,13136.126141035047,12225.245358262599,-43.0,100.57705785797297,8.0
2102,24713.76021786902,7584.635676206264,73.0,105.64267057111226,8.0
2103,34207.74230953464,17374.479841106266,99.0,119.91467435580896,8.0
2104,57060.880737457344,6385.385108134857,74.0,122.41364188769519,8.0
2105,57535.795510778335,2360.095084921256,28.0,127.18980461587195,8.0
2106,33433.275697341865,1471.4309745520623,73.0,129.88694103347655,8.0
2107,44420.86728718609,733.3015613437576,41.0,123.19868307779987,8.0
2108,52726.99683552006,7399.828146521388,140.0,123.76199960405233,8.0
2109,43549.938719698934,737.2815422070552,259.0,136.057971988806,8.0
2110,68763.84184271432,7076.263988250696,322.0,134.26919089109342,8.0
2111,59794.086771890245,2358.369432363797,348.0,132.48460436389956,8.0
2112,51881.1768653414,1180.3647580015195,14.0,124.80822284750961,8.0
2113,24070.370750710143,15184.909255571638,43.0,112.92127347873412,8.0
2114,54786.55541364579,2872.7200316889434,18.0,120.37704028620249,8.0
2115,62147.43100518668,925.1343917293121,27.0,130.53204317317815,8.0
2116,65564.46239460085,58906.103316918634,80.0,117.21956030454128,8.0
2117,28986.54840929688,3543.724383857403,10.0,121.01752989795378,8.0
2118,32153.865820638443,9253.340772816466,30.0,110.0614856757634,8.0
2119,6176.420890966129,736.2058980677452,31.0,102.94907074298095,8.0
2120,25242.6708802154,2774.876261926846,53.0,114.77860443784405,8.0
2121,28504.70401683562,735.2055236167982,23.0,121.29196626064281,8.0
2122,37678.35866872082,4126.106011725306,170.0,122.65439764559656,8.0
2123,44244.764753684474,8287.540251185303,268.0,129.3208714602953,8.0
2124,13016.613913087074,11292.16741939965,12.0,102.50336141309363,8.0
2125,25019.664302365076,3139.4102595629247,281.0,122.32061269232062,8.0
2126,31155.082456091375,11572.128063039008,182.0,112.74666517755546,8.0
2127,4121.307159384927,737.0126700950294,38.0,101.48005166834845,8.0
2128,28682.965248747252,2774.9072056841997,45.0,120.36582700406412,8.0
2129,17711.775059796946,1849.9222527143625,-6.0,107.0070737374382,8.0
2130,48988.612915848964,924.8838733374176,34.0,129.36914572276618,8.0
2131,55384.98849208237,1183.8416167099633,98.0,131.09397537157366,8.0
2132,61031.70740198321,18870.970699614543,55.0,116.9594361163751,8.0
2133,58597.74994555465,5474.369971805621,142.0,132.9503768977953,8.0
2134,28705.61771029543,26729.97088557502,10.0,107.68743261404055,8.0
2135,30969.46106821791,23626.029898863966,68.0,112.55895508310836,8.0
2136,52442.063979073864,3541.3955532795076,56.0,122.04258516697311,8.0
2137,29969.04407678427,24734.371286766356,114.0,113.10642840740364,8.0
2138,42384.67787245655,40682.652456635835,-218.0,109.66081002434413,8.0
2139,55081.596371511856,924.9990696965908,16.0,127.09856816427013,8.0
2140,25073.394913949527,13469.432888973954,18.0,112.71846828370077,8.0
2141,29776.24775954618,734.6287869131259,38.0,136.50737752341223,8.0
2142,46035.96671671407,924.9015485030935,38.0,133.67983196735102,8.0
2143,39356.91578064868,13740.277996016403,193.0,127.85705272876076,8.0
2144,40754.294405075896,1183.3023050356644,170.0,128.92389390776765,8.0
2145,54896.56669723009,37879.00092404113,183.0,123.92424596609457,8.0
2146,32896.007200506254,2389.4098281503657,171.0,126.19239480188037,8.0
2147,11201.516319146469,6692.542416347797,10.0,108.78041472120488,8.0
2148,19237.27729803064,736.7146866112016,6.0,106.19189789020577,8.0
2149,32160.916347141192,8557.419142204204,23.0,113.39961356932224,8.0
2150,46934.71557743524,1180.810402729465,112.0,127.69287784376927,8.0
2151,52092.91056367315,3137.7207221885565,328.0,126.61109393025777,8.0
2152,17546.536612980526,735.4320015859968,10.0,110.37599198555793,8.0
2153,17955.111062980006,925.0412724430896,7.0,105.80061842395648,8.0
2154,18403.357110687997,736.7315319915738,8.0,109.77850828254904,8.0
2155,28365.205476864994,4682.782632155891,152.0,117.9167300500082,8.0
2156,22180.821694409304,3140.105546016867,135.0,119.85355604078981,8.0
2157,27903.423934829854,4682.985698149111,231.0,107.81675418480951,8.0
2158,30607.119686042828,19084.837777123746,81.0,119.25614196795144,8.0
2159,46910.46668010294,30984.33530138337,169.0,130.3799818010405,8.0
2160,32420.95375199966,736.1715437545906,56.0,120.77561305907247,8.0
2161,45833.33278883458,20205.83369531112,200.0,118.88893366165986,8.0
2162,61436.05094627076,924.9290572162467,37.0,131.2849467258369,8.0
2163,34349.49652548898,925.0610068756074,22.0,122.13613657343936,8.0
2164,38833.96163431554,23121.89880906525,176.0,116.60728214971458,8.0
2165,32125.032497293705,1989.875457286389,163.0,129.7123055962548,8.0
2166,45413.247726680725,1989.8365104296354,18.0,118.80775215935006,8.0
2167,17777.278362561807,6694.705078167542,20.0,106.51655513612283,8.0
2168,47772.400616224775,1989.775294825987,18.0,118.76574673302571,8.0
2169,48356.95313359799,2369.421188750151,12.0,126.82575318330836,8.0
2170,53180.82647037796,10595.390893489315,45.0,117.42627286477175,8.0
2171,55724.52007110466,5967.837336245486,299.0,132.6742935312929,8.0
2172,60067.32826036036,924.8031378135105,40.0,133.12110241449386,8.0
2173,51927.498703014004,12970.419128403191,381.0,113.90327380714709,8.0
2174,29273.131846475168,11317.569379634899,283.0,103.05877281296608,8.0
2175,39021.30685017187,924.9684512542401,51.0,119.80794401201867,8.0
2176,50127.943725533754,2874.579196562347,35.0,118.39382657210865,8.0
2177,41377.92237561349,12646.00502609001,25.0,114.92498928919284,8.0
2178,39909.487629554016,4040.979981990726,9.0,117.72849068085782,8.0
2179,67947.88735752813,27251.634751976406,63.0,122.46478835837806,8.0
2180,43920.311905916045,25481.003564987066,163.0,122.02727449548289,8.0
2181,41443.9008964941,17264.258784040096,132.0,123.32168804564843,8.0
2182,39543.745082864465,925.1131968889807,7.0,115.64423531092464,8.0
2183,27185.4448641743,8454.339319389293,187.0,116.22628192995823,8.0
2184,65689.0827344349,1180.2817949580847,85.0,119.92281029174096,8.0
2185,45983.18396045893,924.8477775777011,36.0,131.11825747122927,8.0
2186,36933.80083024811,36245.699573018646,-365.0,108.59368033124817,8.0
2187,42114.28162002581,735.6116704265431,90.0,126.88763662048066,8.0
2188,47236.013124488556,2389.720378675945,482.0,132.50105400117496,8.0
2189,41595.12657769795,7480.559484110886,65.0,120.2917035363447,8.0
2190,26814.241421151284,735.785340933787,5.0,113.34515225136488,8.0
2191,59988.09078938187,13743.573902604488,63.0,116.58178391176978,8.0
2192,16194.938607438953,8833.438014800371,29.0,107.43055113366567,8.0
2193,47332.16891917003,28293.523506764668,60.0,122.66241333064579,8.0
2194,26367.703008586508,737.3374091098813,14.0,113.36965276875578,8.0
2195,40306.0144138626,733.884916758513,115.0,129.56169879053186,8.0
2196,53266.00152725415,1184.1230241364622,7.0,128.38410172478046,8.0
2197,33667.52641396404,10581.550212570937,440.0,123.32771320684748,8.0
2198,22210.144507221252,4624.534738123408,-9.0,108.32349196836051,8.0
2199,43491.2023666271,737.6223813910755,130.0,130.56367073960075,8.0
2200,25548.065973184646,3543.8464485530035,229.0,124.9650622640132,8.0
2201,39776.8351692703,924.8201187602057,62.0,127.68642381295582,8.0
2202,22570.69567537709,10965.425796257143,18.0,108.98336652103531,8.0
2203,37677.92037146932,11084.067560893396,42.0,118.20399122582512,8.0
2204,62863.194215765456,3538.959759509091,44.0,120.5522282162744,8.0
2205,56910.293048319894,38134.76434479138,187.0,116.98910312202271,8.0
2206,32668.97109100271,14356.216734411895,231.0,126.48303783800279,8.0
2207,60188.583938489675,1992.1614537697508,142.0,120.38450284160822,8.0
2208,41681.01313512723,1991.622225483897,70.0,115.82765951802973,8.0
2209,29270.29642975337,3772.091815397469,196.0,124.80138929675158,8.0
2210,22278.49897255227,924.8929459959743,57.0,119.20941926605163,8.0
2211,49086.28973200994,6973.395992288166,432.0,115.58908897498348,8.0
2212,35936.729698428986,18782.371714498313,176.0,110.92200735405903,8.0
2213,60585.58323339512,2890.6638446150378,98.0,129.4279753464648,8.0
2214,45121.94974576091,43464.185754818056,2.0,120.97659039483827,8.0
2215,30332.12258870631,736.5053924108693,29.0,116.74262541025487,8.0
2216,55358.7660440276,1179.2802258884353,97.0,133.3301553095256,8.0
2217,17157.262938274744,11923.37893669157,117.0,102.61536783767107,8.0
2218,46438.10082297017,734.3589500226697,10.0,119.3438118631835,8.0
2219,27382.803664868952,10350.801154118573,77.0,112.6416018190763,8.0
2220,40081.736804345615,22952.912740682266,163.0,111.81771952440712,8.0
2221,54370.629408203655,12226.451760208975,150.0,109.37788762284946,8.0
2222,51313.14954323592,1180.8430925155055,70.0,124.57917612261177,8.0
2223,51641.42496418824,10825.321379560251,126.0,114.91481736849703,8.0
2224,42554.09058835982,2361.387470620169,125.0,128.4242736801507,8.0
2225,52770.79236669498,35937.92621574779,85.0,123.54084797957856,8.0
2226,34020.544636027735,26433.847248257523,-145.0,105.91095956065763,8.0
2227,41269.16585084067,23159.26397707061,134.0,127.17368832408401,8.0
2228,37546.27376465831,4415.332684561088,403.0,135.55745302733555,8.0
2229,33731.22998004224,1990.3150143056846,42.0,118.49526766569119,8.0
2230,32293.53900121259,20194.071559813816,183.0,108.58915822502449,8.0
2231,58926.8230527008,1185.0009831246023,92.0,134.1927928316615,8.0
2232,23949.059374743156,924.7933134006928,82.0,121.10946547348841,8.0
2233,60658.35344164238,924.9417201144,39.0,137.89959984422651,8.0
2234,37482.866173913004,2391.0029532991753,20.0,115.5076679474446,8.0
2235,33796.14799748461,734.2143966419607,97.0,139.90786818863893,8.0
2236,38100.45021561932,14871.900333799149,-57.0,118.72050254114016,8.0
2237,16323.754492801272,735.1791698061235,198.0,127.12698926876999,8.0
2238,17403.280820715983,1182.7601858415874,36.0,114.43657379349473,8.0
2239,23092.406061090038,1180.9516205249,298.0,129.9065306725282,8.0
2240,32869.21328954596,736.8802586633153,12.0,119.56263998507693,8.0
2241,49359.73548302415,11094.180370145838,162.0,131.97713598910175,8.0
2242,55580.3828862803,16548.189130723684,43.0,120.99886510326715,8.0
2243,64734.070234461054,1179.4147695447882,198.0,139.48632331535103,8.0
2244,39201.7759789155,736.71890228558,117.0,122.4339922606853,8.0
2245,13389.913249668387,2210.5553608325463,46.0,106.13946840476422,8.0
2246,36445.048858177055,5865.03666871569,158.0,123.09047871131074,8.0
2247,55479.65330697444,924.7374035430764,38.0,122.27200311828545,8.0
2248,39809.6264872578,25386.67495463668,64.0,114.5485981102018,8.0
2249,54348.53524780987,11955.795563473046,81.0,125.08138040572007,8.0
2250,29055.63879361329,20503.47489440364,68.0,110.96638845400503,8.0
2251,48298.04882389169,1849.8387636951945,368.0,136.2152982811428,8.0
2252,41941.660223624975,28497.286301455206,78.0,118.49273364840133,8.0
2253,19972.149894048038,5155.021991399889,193.0,119.50254119060068,8.0
2254,39679.67380835304,4114.047936000988,532.0,134.59001294488445,8.0
2255,56739.6841441002,925.2036733448068,23.0,120.10540662686599,8.0
2256,30043.946526103267,10412.186449862398,240.0,123.34274728340208,8.0
2257,55512.36710812346,53526.411893306315,-114.0,111.23811501930352,8.0
2258,27132.194252628884,20294.372554065318,-246.0,109.43066280095451,8.0
2259,41763.07189731481,2399.1212603372496,178.0,127.65268544285496,8.0
2260,25367.40996421973,6932.56544486922,119.0,121.5490471101694,8.0
2261,45122.14255481595,3081.7895381404296,39.0,115.36873830660532,8.0
2262,9932.605594393119,735.6042385223145,68.0,113.90139819077855,8.0
2263,58221.37420888114,924.7177107558732,95.0,130.2824387189201,8.0
2264,54567.72521445967,37919.50612421914,303.0,117.14519244110753,8.0
2265,37064.435724226634,10690.009230876132,45.0,110.8636548477658,8.0
2266,14016.091106031157,8149.90008876124,227.0,118.50998147793295,8.0
2267,47245.91322707095,924.8689120205964,190.0,133.38450564995472,8.0
2268,48879.67830812409,31875.887533452853,352.0,132.86188916606764,8.0
2269,24234.094397298846,734.9872373750615,282.0,132.66365314972583,8.0
2270,28984.903709505066,3543.3284289548455,288.0,128.54948884547548,8.0
2271,59874.28909112905,5130.405911339399,134.0,133.5102931737372,8.0
2272,55992.92261197192,1732.225370259791,85.0,125.23372413010645,8.0
2273,44819.122494957664,18863.27622634425,88.0,119.06703724549185,8.0
2274,58024.46750895541,12172.40554185055,33.0,125.61678466118596,8.0
2275,39143.50282614646,1471.2503762236686,191.0,129.78793961221257,8.0
2276,34161.83176762161,735.2710851436003,107.0,139.36739328832215,8.0
2277,8753.391865824255,7093.237262090006,64.0,107.65168250990368,8.0
2278,48940.03105753272,1179.8535104242012,47.0,129.2834618353549,8.0
2279,50313.262097230996,36839.57810194686,161.0,129.04348785213378,8.0
2280,34939.38827253335,2949.0267389147825,210.0,126.56283867314886,8.0
2281,4046.643804286492,3546.903950851502,-14.0,88.09929906157217,8.0
2282,49239.87455992439,28986.11601389024,73.0,122.99831701769752,8.0
2283,43931.19644462797,2887.3891508122056,82.0,121.98710347097641,8.0
2284,56046.4785849664,5119.821140512712,411.0,131.3308008641379,8.0
2285,36123.02270070781,18431.29902718106,45.0,114.82862959007886,8.0
2286,45489.7170595113,3790.893648600288,197.0,127.22399658155089,8.0
2287,49911.8173144726,4056.481859592686,33.0,122.45655734007185,8.0
2288,33099.27816434474,6843.16835790001,68.0,114.75266235996064,8.0
2289,31572.073564048253,23990.928376839605,-28.0,110.8800211385536,8.0
2290,26769.72365407558,2366.189456031681,124.0,114.27422664756264,8.0
2291,60820.27148452494,43802.81661846536,183.0,124.79855994477974,8.0
2292,47449.67954431015,6941.427792153759,38.0,118.61946313960725,8.0
2293,65375.82261011585,1185.426852464156,84.0,142.3264858403357,8.0
2294,23626.70149751369,6518.2219648373875,150.0,118.06585461497696,8.0
2295,50082.27742818747,6516.145734128209,235.0,120.71029565742293,8.0
2296,38036.58375153382,12153.551056979959,317.0,128.66212886310686,8.0
2297,38122.331247520604,925.0051091263791,18.0,122.43090985307114,8.0
2298,51820.64650827197,1184.7211567131321,206.0,140.1824990511052,8.0
2299,60955.68886029151,12549.136014192118,300.0,122.07080990920306,8.0
2300,6396.044484791832,4728.79682936432,61.0,105.18171354080036,8.0
2301,40617.104968330095,9624.167096504269,95.0,117.34524479976523,8.0
2302,27407.910188364414,3543.9365853659256,20.0,111.46332316860968,8.0
2303,36977.000766922334,8679.01915085535,110.0,128.3814532770638,8.0
2304,36377.73550564465,24852.328774693488,81.0,116.89746985798837,8.0
2305,38205.35282865943,12123.123466117222,44.0,121.82372962079948,8.0
2306,49557.65122158845,22789.15265760018,52.0,126.67991131234969,8.0
2307,29086.848385271383,2396.2154156660213,30.0,116.37216653414167,8.0
2308,55147.66085831569,924.9842884734,189.0,134.79005552062682,8.0
2309,32177.03980534,30478.615226928574,61.0,119.26180443416413,8.0
2310,39059.315421902334,4421.179337931128,95.0,119.56296819533253,8.0
2311,45011.79043725927,1179.8452035219018,111.0,135.40855994302427,8.0
2312,21333.160240746587,924.8815543755939,83.0,120.43965656449973,8.0
2313,50894.03859896432,3700.023507534364,72.0,123.25802156817022,8.0
2314,34882.762576519344,1738.2449474693142,61.0,113.11812049761163,8.0
2315,28652.200264457188,2884.9313158378764,47.0,117.45380949917211,8.0
2316,51668.190994229495,2360.673648541761,65.0,120.84256317068417,8.0
2317,46321.31541428218,924.8973783202744,72.0,134.31176000123696,8.0
2318,20238.746647133998,1182.7597191996924,83.0,117.86052569745512,8.0
2319,38703.35817179142,19920.388802838588,180.0,111.78196178321797,8.0
2320,16213.756476146777,1181.4609247584146,18.0,109.89650160136344,8.0
2321,33427.55096543917,4682.5299071435575,63.0,121.06729828347005,8.0
2322,59117.66371624954,3538.9138597904785,90.0,135.47618127167644,8.0
2323,20411.892962670172,19695.66217770495,-269.0,100.35398267111506,8.0
2324,40704.783892777064,36080.924710226216,-119.0,112.71651737833692,8.0
2325,49993.28073451361,15740.156810184579,108.0,119.89434935659774,8.0
2326,48977.7617365897,1185.2488324490866,24.0,124.28942102707173,8.0
2327,27427.350660087403,734.4158754909632,128.0,127.89147993816002,8.0
2328,33574.601181884806,4852.298488351117,31.0,115.7052309215135,8.0
2329,25478.266078383585,5242.5150400298435,65.0,105.14040827703955,8.0
2330,65795.23805376087,48772.36234553728,183.0,125.47047346992582,8.0
2331,36341.22546001225,924.8096293525548,13.0,115.272959173275,8.0
2332,47537.00080590603,4683.068218906702,30.0,114.41684741355951,8.0
2333,37562.930452434826,4040.3059937693347,243.0,114.88670541302956,8.0
2334,63413.751930656596,2359.0788281145656,458.0,139.30716490586815,8.0
2335,16544.771611510598,9453.139756761117,-31.0,102.39550813338722,8.0
2336,9793.095974992684,3141.9359175358322,44.0,105.8546519952461,8.0
2337,52564.08415659804,9443.300650350353,36.0,115.51509623697967,8.0
2338,48059.409621101615,1184.0504022645134,82.0,128.4291004241661,8.0
2339,34446.04504389537,4851.7699207695305,11.0,110.66018863591418,8.0
2340,61065.73401932962,741.1996297276489,80.0,131.54305069401545,8.0
2341,29138.53490525414,13488.06026371586,253.0,125.69928723422964,8.0
2342,43175.015219351284,12095.19828341652,284.0,111.71566238423111,8.0
2343,56324.97215748457,2869.6029998075883,58.0,130.77754568479872,8.0
2344,26728.78439868327,924.8533300131828,86.0,133.9566903644164,8.0
2345,25307.01673607015,1471.6590118556846,69.0,117.74478070954723,8.0
2346,34446.148654216704,7720.039835692164,333.0,127.50274801434335,8.0
2347,46179.483681080696,8454.87504015624,49.0,112.55673413308814,8.0
2348,27916.859666070144,16310.741930070308,417.0,127.95416164467491,8.0
2349,50644.677613020765,6912.473215698947,513.0,134.451362329079,8.0
2350,26114.41845798749,5224.610123979932,160.0,122.07845698238273,8.0
2351,55144.609961188675,1184.3059703582944,178.0,135.9509181095417,8.0
2352,56166.14978603579,32305.09786439621,132.0,125.82603545439737,8.0
2353,24056.020271063997,22075.60969576613,-3.0,106.8709952114844,8.0
2354,49128.64685939699,733.5487543696245,51.0,124.00634227442711,8.0
2355,45776.29080233196,2875.5620233771015,192.0,142.43871713823688,8.0
2356,10821.095213320461,4854.06798625909,15.0,104.07383503088386,8.0
2357,56701.13342797387,3541.1762099590087,65.0,120.58738235899985,8.0
2358,59873.99237333762,49297.833496089275,174.0,130.36292423575173,8.0
2359,43816.17822011,32729.16985490572,206.0,124.57493594645946,8.0
2360,27704.696155494377,734.8139287179798,133.0,136.0256030392486,8.0
2361,7447.0424410075875,5481.527612552434,84.0,93.70731130341804,8.0
2362,56073.805333823664,8107.799026769333,402.0,123.24368613567246,8.0
2363,27971.843091937826,6951.5373978026655,59.0,117.10998558773746,8.0
2364,47313.77674704882,11123.017967621714,142.0,114.06187138034906,8.0
2365,44877.9209332467,27751.433925871846,163.0,113.11019823796902,8.0
2366,44002.079123426876,20843.496861170363,265.0,130.59213916666923,8.0
2367,52052.1375339964,9279.020652024086,277.0,128.20086142354262,8.0
2368,48788.68239975054,1992.6204001467424,19.0,120.30517477837414,8.0
2369,34822.37990752693,1180.7222592029202,66.0,131.14679421578796,8.0
2370,46253.08849723333,6474.878230420525,325.0,111.33613934268486,8.0
2371,40913.48335065115,1992.29902547965,26.0,114.43571943374504,8.0
2372,18470.079258699676,1991.3746598326925,32.0,113.74109325153876,8.0
2373,28822.315482474318,1741.5787639547395,22.0,118.47645200718503,8.0
2374,31528.414471866883,1182.7062483820212,63.0,120.53324196636629,8.0
2375,3087.9180310254146,2395.573281308766,-12.0,86.4486394082977,8.0
2376,37842.28165630058,17928.22321714031,76.0,110.28576906735393,8.0
2377,28968.234500140796,2210.4508191695786,168.0,124.60156020598193,8.0
2378,32710.687713788022,5122.066153245501,262.0,126.42900540799931,8.0
2379,22178.198593992398,5157.3770919442895,111.0,115.79854168497826,8.0
2380,33264.23319188002,3138.769148482013,159.0,141.35405566534166,8.0
2381,15443.924025215741,6840.486761473641,43.0,104.67891176482814,8.0
2382,41231.83481402263,925.0673197057216,58.0,122.11529165023776,8.0
2383,40366.41148057997,33707.82416554499,73.0,113.70021929457211,8.0
2384,29750.08510126988,23586.22251651265,-6.0,111.69240009210435,8.0
2385,49496.69688415559,733.9120702268266,80.0,152.20378009108504,8.0
2386,41065.69367233162,26023.920497405972,87.0,116.47244997967562,8.0
2387,15175.114317149291,7586.639033230272,211.0,103.45296829469338,8.0
2388,33740.393197594814,11915.174727316797,172.0,113.57804066401377,8.0
2389,30581.13043511979,5479.278197090222,237.0,122.16104521465681,8.0
2390,59974.85689584944,739.500546767222,133.0,134.62867816618316,8.0
2391,56731.67287627552,9512.315255277947,21.0,124.65374041397388,8.0
2392,45171.02300741473,1992.3046302164291,54.0,123.58241940273132,8.0
2393,43841.36766501066,31742.483424208724,183.0,111.12238726033324,8.0
2394,49092.552212387316,36998.12887952178,183.0,119.52534050723821,8.0
2395,30628.342238160574,1473.856658456617,216.0,129.09667930710395,8.0
2396,33857.946166568814,25580.698218755628,153.0,107.06855002391148,8.0
2397,23636.63379187135,21910.13242207432,6.0,107.47478955774064,8.0
2398,24968.056062939206,3475.610933024408,22.0,110.60780733098811,8.0
2399,49051.04485540678,2875.006136012061,307.0,132.7699365295027,8.0
2400,37727.15453497405,4513.302796779021,498.0,123.66824999692494,8.0
2401,27615.39564424078,4854.518763874495,116.0,127.06255876553456,8.0
2402,32439.77738602757,7967.395700528456,263.0,121.3559106029372,8.0
2403,33135.91327687901,736.6489011759782,200.0,131.6404159611015,8.0
2404,41002.6055057006,2391.3421286299513,43.0,119.80682378211043,8.0
2405,42498.43049304987,2368.49830085621,29.0,116.83407755775002,8.0
2406,41207.98513964598,2212.3425988142417,18.0,112.22505969319464,8.0
2407,29860.14313404268,3550.578374481311,196.0,109.48736488550882,8.0
2408,40107.06131580598,11634.91216528054,22.0,117.5771609546157,8.0
2409,18210.352524635902,5915.005557172229,64.0,108.6510267179831,8.0
2410,34692.122503532984,1475.1907307505112,112.0,117.37646573983483,8.0
2411,13376.88781145045,1471.3275394191385,11.0,106.77182235750954,8.0
2412,30058.600887675402,738.9681123210229,134.0,128.5642359890333,8.0
2413,15442.772672441542,925.0043954636307,73.0,116.9659786565449,8.0
2414,56587.25643927396,925.0530952384061,59.0,125.78935832843558,8.0
2415,15444.025386519575,3089.849834491211,-4.0,104.69515338974615,8.0
2416,49080.2188726528,5476.780230044245,31.0,118.9691340001229,8.0
2417,37283.42331302601,29693.713426442737,-210.0,109.97209208196097,8.0
2418,46814.5291754356,9280.97980783931,187.0,128.32596445066403,8.0
2419,33693.828315187566,2774.979446098942,21.0,112.27253597687144,8.0
2420,41411.91280333325,1184.3227625580982,30.0,129.50693560924316,8.0
2421,42333.75381235045,924.9684320838438,192.0,132.94155001233742,8.0
2422,27289.796816256174,7590.925385711612,71.0,109.11681534858207,8.0
2423,27713.05164384362,2366.4140493094924,28.0,117.77877782080708,8.0
2424,28999.519940952574,7109.176192085495,127.0,121.90643580543642,8.0
2425,20560.204064899048,18911.400002182196,63.0,114.58175549388966,8.0
2426,52064.39206906932,925.0218928301782,69.0,125.54538895849173,8.0
2427,13967.613079654568,735.4186295923436,31.0,109.83281716903988,8.0
2428,13305.456561914714,8749.55982056653,39.0,99.05688860096224,8.0
2429,48099.50456249745,12947.970365192072,135.0,116.55846589396857,8.0
2430,40949.774464214934,25385.018381915073,18.0,122.81559601812026,8.0
2431,19667.733274522518,1181.322537777204,-1.0,104.53154323451679,8.0
2432,47965.5895949522,2369.242173724122,84.0,131.7101346031605,8.0
2433,39353.504371561205,734.8482333914126,143.0,130.31059597935644,8.0
2434,17016.119137797923,735.0969793134419,152.0,136.56651309857398,8.0
2435,30523.2128976534,22452.825214823093,59.0,117.90567486202805,8.0
2436,40820.29806892238,2360.4932331609075,160.0,130.9836505926649,8.0
2437,37064.862842108734,22022.286854814054,87.0,115.35580260830568,8.0
2438,48133.63826217658,738.5197907345529,166.0,133.7639625754477,8.0
2439,43241.9793087757,2871.6406752277667,25.0,116.00977043803815,8.0
2440,25564.148075411693,3549.089330521592,303.0,104.2975598424895,8.0
2441,61435.05267201427,3538.460062672826,136.0,114.64985649879198,8.0
2442,28720.576582935584,14470.259658263096,141.0,108.35307793387491,8.0
2443,14493.436921238617,1181.3674701570533,20.0,99.34719382233618,8.0
2444,20596.564270375748,3475.911480777179,92.0,115.30351042971432,8.0
2445,55860.27523435263,3985.4589540824027,48.0,126.32300108686097,8.0
2446,23297.267415056973,13056.199618198201,67.0,107.13245640456209,8.0
2447,52216.53361868282,924.9335396840114,63.0,137.51334358126732,8.0
2448,46719.47494259574,4683.006848768144,98.0,114.36412723933435,8.0
2449,26685.299244751055,9257.174629284484,31.0,116.81110037797532,8.0
2450,7448.238881928908,924.8985815823257,76.0,110.18894632157091,8.0
2451,37752.360106482236,4516.2149177788715,380.0,119.93276626243929,8.0
2452,7573.853808328345,5910.721550000218,55.0,106.29631028012312,8.0
2453,8093.7216432153255,4046.2122364948414,28.0,98.32580728653289,8.0
2454,13293.939499451628,3477.5441455658424,36.0,109.02094063098885,8.0
2455,6474.4425450494655,5549.550233381026,11.0,97.24848602069851,8.0
2456,64302.124841816934,54109.119539189196,116.0,119.33215817271378,8.0
2457,23310.22552471053,9365.67093423516,-7.0,121.45101424245122,8.0
2458,36818.17447549805,18862.69672161516,273.0,108.14766265517376,8.0
2459,16333.794814026687,3983.069018519622,16.0,103.80000104690895,8.0
2460,40626.60004232044,8311.592887011204,243.0,126.79855695374722,8.0
2461,50893.351926291485,10174.692609726975,262.0,111.25378191630965,8.0
2462,53338.151533962926,924.9785272221625,31.0,119.84228359605613,8.0
2463,25800.08085464345,8840.822515147527,32.0,118.7097672118442,8.0
2464,32672.804654291398,1849.6633896670337,50.0,110.79195703473164,8.0
2465,38667.80528794902,2207.170551378245,159.0,126.19369635685595,8.0
2466,29804.746819204345,1184.0272675249787,73.0,125.58382085420163,8.0
2467,42290.32630679603,21412.231715139096,85.0,113.36947992648561,8.0
2468,25119.029383660643,5158.816080473028,72.0,115.45517191118337,8.0
2469,57218.96223844759,3979.8777894734626,31.0,118.30414536870234,8.0
2470,22392.370350306235,2774.8352250717544,217.0,124.66397935917374,8.0
2471,39272.25811208465,3541.917287513634,126.0,130.48360810590782,8.0
2472,57721.264802416656,4851.6154333171235,26.0,120.39565899462356,8.0
2473,8906.51273217494,1739.3596498136176,54.0,106.37636491460356,8.0
2474,62032.00911945733,45016.090801360515,183.0,124.96706364434917,8.0
2475,24482.779208758206,4312.3179632695055,66.0,109.65579857531968,8.0
2476,21042.93035218206,9454.81408248852,15.0,110.78656942623986,8.0
2477,36253.181115717234,22160.601827685714,163.0,118.04758633773713,8.0
2478,37951.500563676775,16665.5330939394,-56.0,114.89521782536069,8.0
2479,26245.28934349056,1991.377822774311,94.0,120.40371549860211,8.0
2480,33998.75380738897,736.4234902689794,33.0,118.47522843505543,8.0
2481,39402.994003726424,18511.064500204517,51.0,115.61291426524627,8.0
2482,39258.56710953638,1742.5047741391083,189.0,129.12267055010037,8.0
2483,45914.204118816575,924.8184809373444,128.0,130.42040467463184,8.0
2484,42270.36334370667,22016.220518494283,73.0,121.70265232550021,8.0
2485,32595.58151608353,19155.689161386475,78.0,116.77182435986377,8.0
2486,29985.047863455766,17880.80855878914,183.0,113.96216016783593,8.0
2487,32545.266817779004,6182.206584280781,45.0,110.30864378054818,8.0
2488,24435.159065868804,736.2850695476831,28.0,117.76809145789227,8.0
2489,43696.121725157995,6516.234038370904,123.0,119.07190908828609,8.0
2490,31639.108132952082,734.9527168957603,100.0,125.85715454759699,8.0
2491,52000.094886384504,7572.316035879411,468.0,133.83729049511044,8.0
2492,45650.74259061112,2399.9612692357255,255.0,131.5211175638978,8.0
2493,9620.082180523863,7423.518416562576,-14.0,97.07601230123151,8.0
2494,32107.829099959923,9783.819920114856,467.0,129.42941878520892,8.0
2495,56196.72510867611,924.7022596624605,114.0,133.6143528077998,8.0
2496,33382.78226661755,11748.68596032779,356.0,126.88929988784328,8.0
2497,44309.74294307125,2885.688869073083,278.0,123.06822917946396,8.0
2498,47539.430551714584,924.9085088196167,42.0,125.76994267349099,8.0
2499,21286.464565682418,924.9224541842462,14.0,110.72734829771869,8.0
2500,38780.47139182728,4615.125870574283,150.0,116.72314759943413,8.0
2501,39976.210586889545,1991.974925217517,55.0,118.49647239581728,8.0
2502,26651.583820432123,924.913403274607,208.0,129.9389107739679,8.0
2503,37724.2743232233,1181.4948050220903,29.0,128.31089604535788,8.0
2504,30814.226833861554,6401.435809571631,139.0,115.4195494606333,8.0
2505,16436.970738816348,5962.197846574933,197.0,97.33442745898688,8.0
2506,47778.96704934653,5753.715142726456,145.0,112.12862118304142,8.0
2507,39048.64534870305,5892.671457929207,469.0,131.81944144178627,8.0
2508,55685.94747011508,10238.8499332753,305.0,135.8583891655581,8.0
2509,31797.7902541426,15896.153233613926,77.0,112.88711965164067,8.0
2510,15417.434989479832,13694.592712069274,73.0,113.17492170320322,8.0
2511,42697.084496913136,3085.059739794483,158.0,125.75825926651393,8.0
2512,47993.74392155638,39540.846508120005,368.0,130.10704915268133,8.0
2513,39716.739822471645,1989.903152972048,107.0,130.41646780819124,8.0
2514,27992.73605048309,7596.958101172972,66.0,118.20060053153526,8.0
2515,41150.71772772561,28366.98239476416,87.0,116.92932482350443,8.0
2516,36819.43772899482,924.9884385862596,11.0,111.51707161945728,8.0
2517,41163.732175482604,924.7550095552267,75.0,129.22241372943404,8.0
2518,39384.36701681616,3543.416845854142,14.0,119.07182255110195,8.0
2519,15724.00402404492,924.9119939302377,24.0,109.73456392508926,8.0
2520,56939.80343410981,13748.333522166555,65.0,118.70448406376052,8.0
2521,44787.269508656296,7436.22325562379,66.0,116.1714138960345,8.0
2522,53013.51230103305,44737.84564323364,153.0,111.65494019621075,8.0
2523,48539.05310062414,37016.25032490731,64.0,118.03433384902942,8.0
2524,35769.04950882748,1742.9707487315554,97.0,124.04704956959816,8.0
2525,41789.38663122059,24666.8690744237,163.0,112.30485766020497,8.0
2526,43946.07428046835,3553.2101708427363,15.0,119.67086206440692,8.0
2527,28956.09416363439,2362.5552960172845,23.0,117.2690408322344,8.0
2528,26064.828242120093,1736.2562816309808,51.0,109.08122822101203,8.0
2529,50712.33239575419,1179.4001794414937,38.0,126.98715846300203,8.0
2530,19502.388723836993,13335.748749358394,21.0,109.08491991473312,8.0
2531,34923.47210490137,16306.08011192138,198.0,106.49810783740479,8.0
2532,45387.2760164883,30627.2918813444,183.0,109.24802432937716,8.0
2533,43115.30230788128,17642.916922635195,251.0,127.34755069424341,8.0
2534,49850.36757466136,2368.915051957356,117.0,130.92859627968534,8.0
2535,24308.252257245305,5889.038315098942,231.0,119.55156765069054,8.0
2536,45801.167114209915,19644.106604996858,53.0,123.94290306928062,8.0
2537,37025.678574588426,1734.5495865088014,50.0,118.71042579195704,8.0
2538,33647.6220625189,734.6321839012917,20.0,119.43875011932015,8.0
2539,24398.75498974882,16320.118226432785,59.0,116.01105581437263,8.0
2540,50540.76323721692,1733.0567873677792,248.0,131.26472155328196,8.0
2541,37317.60648580288,11697.815586499522,111.0,112.88191264605777,8.0
2542,32728.9365126085,11698.02520287693,111.0,108.84262918037501,8.0
2543,44017.717506441695,35747.87945805722,125.0,110.03839699609404,8.0
2544,13046.82459059853,1738.5045766341573,45.0,103.01171085827673,8.0
2545,34172.300533739275,734.537404835834,84.0,124.62250087611017,8.0
2546,52200.02013923165,4037.8419779276983,86.0,122.41047048699409,8.0
2547,21018.890632949657,19282.883534031327,13.0,106.29413461398086,8.0
2548,46186.94662302536,27736.408419630596,163.0,122.4543518852722,8.0
2549,17027.473804230973,2943.1638968428374,89.0,116.08705371259148,8.0
2550,47413.136667423794,4776.982849627211,477.0,134.73289842085802,8.0
2551,41548.83675379578,28857.943734464825,32.0,122.47860493417458,8.0
2552,40360.418763742746,2877.1382408098953,96.0,118.29942432687557,8.0
2553,54367.72303964234,19645.187415886998,3.0,129.45525215847894,8.0
2554,57231.08997316771,3145.643824067377,119.0,132.7924662604866,8.0
2555,41486.17623853713,736.0716990486784,74.0,134.73417299705739,8.0
2556,14654.640397713281,1738.1249025304026,51.0,107.65226284098526,8.0
2557,52431.202901165525,2369.200539446281,46.0,127.94526099238422,8.0
2558,53468.58173737099,732.7863132921501,201.0,137.44531565273806,8.0
2559,22981.292107984405,2942.763812715116,87.0,121.40238683720557,8.0
2560,50761.85507010277,8661.929690250188,427.0,118.36109445383701,8.0
2561,46719.96683503489,733.452455086554,224.0,136.80296654805966,8.0
2562,46155.446938673325,37876.889285380195,153.0,122.09743524011483,8.0
2563,32722.012307696932,14111.657364752755,69.0,117.764006857977,8.0
2564,34849.30851908835,13458.365798629913,264.0,125.87721349919175,8.0
2565,53470.668285218504,924.8803872147263,121.0,130.70854954456937,8.0
2566,58728.70390978745,18954.46812866162,61.0,117.42270173442506,8.0
2567,45779.596952528555,734.17848898376,142.0,124.94399867084559,8.0
2568,36084.35724696096,1474.5074584892925,182.0,128.5838730810395,8.0
2569,49969.372744754415,15741.631607964498,219.0,124.9089162541045,8.0
2570,52494.58490727407,925.029146195738,34.0,121.12591031379527,8.0
2571,41597.496231322024,734.4208887236264,94.0,127.59930388985275,8.0
2572,31755.513507509695,925.0264789330238,60.0,122.1941486351788,8.0
2573,16439.13104244321,737.6787963337375,109.0,120.67965021006225,8.0
2574,50408.32661730014,3771.376067514647,113.0,124.42711710588394,8.0
2575,31083.520094128242,1472.697677731304,10.0,115.71545601344569,8.0
2576,34854.78831891603,4508.886984398808,63.0,114.31596763613835,8.0
2577,55674.370576288,4682.770693510167,49.0,120.76859240055046,8.0
2578,53664.78894386478,11549.18569731457,448.0,118.40932598124097,8.0
2579,57923.514579078226,925.097514254693,14.0,126.89738740482613,8.0
2580,37128.41904379964,735.620918213452,12.0,116.7829142545013,8.0
2581,20298.64197738932,1183.0093782542617,38.0,107.77629639964809,8.0
2582,45037.18780543284,3790.9627639402693,192.0,126.90565918844216,8.0
2583,32301.627456927225,14184.990246570753,130.0,112.61233017715698,8.0
2584,42068.508051305245,9752.809968548743,88.0,122.55897602395497,8.0
2585,26037.492117701753,924.9408259799876,135.0,125.35203020629494,8.0
2586,27017.592208112965,8899.860551663878,232.0,121.99149816174173,8.0
2587,60798.03706744584,18823.115155459654,185.0,128.7172855669341,8.0
2588,25359.650351980177,5598.072069148915,181.0,122.66526768966425,8.0
2589,13059.496161736213,737.453600308054,3.0,101.97761374923128,8.0
2590,18923.876315965597,5914.710194974393,385.0,125.42500310496436,8.0
2591,25153.046822926317,4854.243828990353,20.0,114.8011231808587,8.0
2592,56164.20197305619,1849.6111249804583,23.0,130.53869543509146,8.0
2593,20235.883468494554,11934.983223811101,35.0,99.91177366975438,8.0
2594,30841.77083213407,12114.41337322094,149.0,119.20867672370218,8.0
2595,14481.710119514206,1737.5694996426982,42.0,103.19149801814466,8.0
2596,19489.369261152264,2207.4417676942116,33.0,105.49405694007213,8.0
2597,50045.74093614337,1183.96046045236,229.0,134.24577491628378,8.0
2598,10369.477427449214,6924.920000258012,55.0,109.00521840420508,8.0
2599,22336.769147421404,20366.02276742176,87.0,105.95091313514658,8.0
2600,41695.9655847756,1992.259771710793,61.0,119.76227164708615,8.0
2601,28968.211792673952,9272.154769224646,73.0,108.17359278130168,8.0
2602,27807.689959959,2362.3976708913524,285.0,128.31646099208808,8.0
2603,27481.417415359992,6687.194217754486,46.0,115.61893064544489,8.0
2604,9753.500450443498,2210.309345153432,7.0,110.93564989482896,8.0
2605,35769.22047278728,28224.908707689385,97.0,108.10524412299459,8.0
2606,25593.365771131954,9272.378441907631,111.0,117.42228772066609,8.0
2607,34175.60046966091,1741.3217581187164,43.0,117.73063394425645,8.0
2608,38099.843008731856,4852.448340684501,116.0,111.52716596771519,8.0
2609,40322.02173064465,924.8700172307346,49.0,130.07825464659774,8.0
2610,50941.82030605506,738.7800762681429,82.0,128.99439107378385,8.0
2611,55447.82267236527,9475.327261945391,63.0,119.67135585690956,8.0
2612,40405.32318372393,20206.330038820837,70.0,117.83249996344938,8.0
2613,13730.678152421355,8265.720749178477,48.0,106.01744332775368,8.0
2614,31289.57935087931,13901.165429015302,66.0,117.80134201495132,8.0
2615,36089.09367134147,736.1715437545906,56.0,121.67884574322875,8.0
2616,41716.2489114354,1736.6220027928164,106.0,135.8922010073307,8.0
2617,44281.475199551154,20388.449423157464,-17.0,115.461406100151,8.0
2618,33952.226521678196,2871.330600606791,99.0,115.69560345657888,8.0
2619,30176.92035047526,924.9565965401434,35.0,115.69079001014632,8.0
2620,24979.245580530882,3480.2127100324824,36.0,112.4559783955272,8.0
2621,24227.511590491893,13951.563317279168,240.0,107.11901601871543,8.0
2622,38728.231253034195,23984.967173436373,84.0,113.92338400453927,8.0
2623,59265.03627147123,13746.891501198284,76.0,119.37230138261891,8.0
2624,35441.24603077634,2399.590992298343,118.0,128.76694208739846,8.0
2625,40871.325651985186,23866.469917782924,479.0,128.58408298310079,8.0
2626,35765.0553584663,1989.8705263986462,122.0,123.74831263644643,8.0
2627,33765.38364139286,14261.777706103723,176.0,106.20185130068688,8.0
2628,43812.19503031869,26752.86121856857,459.0,112.23265191327731,8.0
2629,38101.53072242245,16351.573031175032,88.0,110.48525440888399,8.0
2630,39578.99634961873,734.766024585499,151.0,130.76427734550762,8.0
2631,55602.84198340227,53633.289136650084,-55.0,111.09729819191865,8.0
2632,13312.972534714838,1182.9437297895965,49.0,111.98934883004199,8.0
2633,52108.159969194516,31853.946481317973,73.0,123.48012975784897,8.0
2634,51982.09172275632,5598.312610962836,47.0,122.92288416657142,8.0
2635,31890.127108338023,14754.429047163494,163.0,109.56831295226601,8.0
2636,22561.9525780384,735.3236622137078,5.0,108.72568594690405,8.0
2637,53968.388482952694,36259.61673964152,325.0,112.56843445256952,8.0
2638,59434.0217934111,15620.52041367004,10.0,131.40969189834973,8.0
2639,19355.355824994385,8268.317861396856,31.0,106.97151199137167,8.0
2640,26735.470704005944,8614.115347183682,127.0,113.00593971352879,8.0
2641,42950.974271896164,2774.879953704471,285.0,131.31303447765103,8.0
2642,50723.34014549257,42269.8155112609,369.0,130.5428920889878,8.0
2643,15569.622968561402,3480.603322467028,48.0,113.25562078164137,8.0
2644,32424.559320354798,1472.672878804009,328.0,121.48565713071724,8.0
2645,33731.57384786668,924.7624215525254,18.0,125.19045840162863,8.0
2646,32672.39207800859,24227.533767510813,338.0,127.0332622917106,8.0
2647,21696.22559355639,4124.483550034066,164.0,119.61616159799217,8.0
2648,60708.14125522259,1989.2108016025963,37.0,127.02037388803515,8.0
2649,51005.815779665645,3145.2313777023905,42.0,119.65483978959722,8.0
2650,48610.823269079214,41949.65596735111,80.0,115.07744619045351,8.0
2651,38221.14284031508,924.8684547196832,39.0,118.61556022963266,8.0
2652,41655.409943980245,21402.287569992808,73.0,121.57849484820159,8.0
2653,54801.350740182206,7082.489645668199,86.0,122.6918040729247,8.0
2654,18862.17860489208,1991.592432825947,91.0,116.31752580592294,8.0
2655,35564.340571256,6169.230260513365,48.0,119.13404917080892,8.0
2656,22250.75071498107,6517.927665673212,118.0,103.86156398447768,8.0
2657,54801.02208650812,739.1751832249716,56.0,130.75429515831294,8.0
2658,43724.62477269757,1180.8465988554592,14.0,121.63767562741279,8.0
2659,55978.35428038752,924.9138593414992,23.0,123.38621879258649,8.0
2660,16830.05557669274,1737.1707754088864,302.0,126.08745149938181,8.0
2661,8264.872525099054,2364.375404493449,-1.0,93.70543209208269,8.0
2662,56863.22007836359,16892.56832389212,76.0,118.7800300536973,8.0
2663,19437.310454417962,3699.69186575598,3.0,106.75199082668018,8.0
2664,43464.94048473235,736.1421892803095,126.0,129.8084599627601,8.0
2665,9256.936736707412,736.393124474801,68.0,112.67044978019423,8.0
2666,31847.09622588771,13712.017523447457,104.0,116.37625465103885,8.0
2667,28823.27656886154,5598.176238688176,239.0,124.29400951640176,8.0
2668,37711.0481831372,11765.696128191199,88.0,114.67528778638919,8.0
2669,34982.30309910981,1182.7926241797618,86.0,109.9494277971003,8.0
2670,36278.06810160423,32251.20367478188,1.0,111.46741578689172,8.0
2671,55279.74144021488,18730.72423117303,53.0,118.69361120970581,8.0
2672,29091.31648228893,9268.475193436841,113.0,118.55421096665413,8.0
2673,37499.24632720035,18462.523206030888,60.0,120.6894527128379,8.0
2674,42028.71348613844,37999.13072343034,-126.0,110.17222038075172,8.0
2675,39837.16053188368,1849.960499490365,19.0,125.18808545909773,8.0
2676,64236.68948228328,8256.876776759667,410.0,113.37735188923509,8.0
2677,24721.699653763884,22556.83379576503,-69.0,105.06141904511762,8.0
2678,28249.56133379386,21591.31322558229,80.0,109.34130723914262,8.0
2679,25918.94971182064,734.8917803888252,89.0,123.38898558398643,8.0
2680,50195.70413198237,39241.72713191931,67.0,115.9963509708355,8.0
2681,36431.355365960466,738.7300660198008,220.0,134.99409467817551,8.0
2682,54093.530793997365,732.774820399858,31.0,133.97475706571595,8.0
2683,31115.738433942657,19594.14086316564,-102.0,108.80309570993737,8.0
2684,31112.330454211555,734.6321839012917,20.0,118.92582218079063,8.0
2685,54014.77775520586,6275.811563300898,470.0,117.27942284102244,8.0
2686,38421.01497837633,737.1539151855867,56.0,127.38627710451269,8.0
2687,24315.694689231837,7877.281935801359,68.0,109.46779988407076,8.0
2688,34998.06226567568,10190.53288449593,50.0,118.88524497966766,8.0
2689,8904.146996665935,7184.215575151619,78.0,108.87417024684358,8.0
2690,15468.667215290203,13995.215654519292,-83.0,101.83078241069869,8.0
2691,24328.030873290412,1849.9532856755793,110.0,120.17999739075078,8.0
2692,36677.43414062616,15090.35043997067,108.0,113.12517334137202,8.0
2693,46538.7383287696,733.1772934038263,6.0,121.17240871248372,8.0
2694,11482.847593110419,10591.507373202285,-420.0,93.64877523507381,8.0
2695,39360.156249913365,5129.361785057479,20.0,117.01508250567838,8.0
2696,20825.467047880215,18461.685593032158,13.0,109.93708167622057,8.0
2697,20952.318461277162,1473.0697748697417,153.0,122.40677683769454,8.0
2698,16173.242485023406,1182.7516798326142,58.0,113.36291761155498,8.0
2699,19606.00274127887,6922.173825758029,50.0,114.26399950365246,8.0
2700,29281.955399175913,9335.535935117032,133.0,118.60890120626168,8.0
2701,55834.94413244399,12383.325229275739,50.0,128.0223521264945,8.0
2702,68334.26099240736,1179.5896923149098,108.0,130.3717063377782,8.0
2703,56992.224090866264,1179.3551854783373,38.0,122.00203585236017,8.0
2704,19947.874155238424,736.9087966608748,22.0,110.26892577863639,8.0
2705,53945.67037963841,13496.120480369242,99.0,122.89575565751151,8.0
2706,39221.921698375154,9623.016191653585,-71.0,112.86479060580606,8.0
2707,23407.615812129407,9966.645158045943,59.0,108.70730652555841,8.0
2708,39253.49628935545,27156.21859133857,183.0,117.08734852757497,8.0
2709,60947.53844632856,3136.6660100510776,129.0,133.36036718806486,8.0
2710,43450.3305317973,924.8949283292924,28.0,129.11259579636388,8.0
2711,32525.375854472015,17040.490576703247,181.0,108.31134136537247,8.0
2712,54926.48313966513,2888.719806560957,69.0,125.09571145193159,8.0
2713,42570.93107574721,4128.568267322715,297.0,130.1046775343712,8.0
2714,46876.675759639475,9472.829526066676,100.0,122.85589572819939,8.0
2715,25113.466645200315,5892.774535103546,179.0,102.36516610711152,8.0
2716,32316.369945091257,27083.112650162453,-350.0,114.3696059031091,8.0
2717,52626.718732971094,16086.535973513466,55.0,115.86036254506328,8.0
2718,47903.51048389914,16738.66244492035,95.0,114.84218974055857,8.0
2719,9101.165210294572,7111.75427583294,58.0,96.62687284901487,8.0
2720,36073.19576451874,924.939971244905,74.0,122.88272915206187,8.0
2721,28048.19758190063,5890.641858088676,28.0,114.34421137044204,8.0
2722,52486.27228772099,12658.003293587499,438.0,142.23277585660958,8.0
2723,23035.733578654585,6180.7683326909955,16.0,108.96910014874842,8.0
2724,55434.79973807087,925.1685687940014,22.0,119.72382301072993,8.0
2725,52061.08978018634,34106.14979801099,314.0,110.78233860246087,8.0
2726,6688.712962611968,3794.1702932060552,23.0,98.03474851817926,8.0
2727,14109.88967738371,11196.721186592908,5.0,106.16216746836508,8.0
2728,49883.52707382638,28382.744348356027,139.0,115.79159682739873,8.0
2729,6640.047475176297,4853.803550242868,-9.0,94.57600659528997,8.0
2730,48611.467816538774,1989.2436537360416,125.0,136.7176926377016,8.0
2731,10592.58422037169,1991.236500663758,8.0,104.77032658227418,8.0
2732,31577.98772617928,5122.264957194777,80.0,116.83331024573125,8.0
2733,31199.429105961484,11690.620405393236,271.0,137.02665611447844,8.0
2734,12380.234642625317,1991.6143918666567,28.0,100.75811578037604,8.0
2735,45612.86212010046,9006.322522242222,7.0,116.40397464972146,8.0
2736,28823.684426032138,5598.037720089124,-9.0,116.76432346713884,8.0
2737,42117.54495394963,23080.987558665587,60.0,121.67196373707803,8.0
2738,30565.80498348389,3473.2054271188213,17.0,117.83453646449624,8.0
2739,19173.4933308736,1740.2708519323346,85.0,116.20824061359966,8.0
2740,51009.57755227778,4856.290441371119,48.0,120.11170228881939,8.0
2741,41065.020921504365,734.2171872670206,21.0,117.01329637305591,8.0
2742,46561.34057838148,28028.72852273773,161.0,114.22264163810748,8.0
2743,39720.67345952242,13711.729826317254,107.0,122.14304615543492,8.0
2744,49374.48510060488,10280.151918810157,65.0,116.75687230441815,8.0
2745,50917.73977708147,1849.7827081593534,29.0,114.24812824343633,8.0
2746,32418.732556604984,6627.625323477179,32.0,117.20156637722486,8.0
2747,47336.38211184725,1182.7376379290133,22.0,123.58818875739225,8.0
2748,58215.583859755294,740.0834001250265,45.0,132.3044496467378,8.0
2749,14798.669158663653,2774.733666721862,131.0,116.39789120119384,8.0
2750,11316.842232976847,10411.349374372328,4.0,101.86209900656834,8.0
2751,35899.43328538903,4722.036091784361,189.0,134.98727220893323,8.0
2752,52964.61412828388,44517.71110371109,351.0,130.81576458651074,8.0
2753,59184.887463840416,49000.64125377136,116.0,118.47122683736474,8.0
2754,29252.8268818236,9749.03026373341,170.0,103.67817398477786,8.0
2755,40946.27979379807,734.4469844950063,202.0,134.06835805175456,8.0
2756,29133.5234561701,4683.292311158923,164.0,117.60975958468495,8.0
2757,35662.88450105948,12153.513493045519,167.0,126.6720090646993,8.0
2758,40153.520472299,20815.610485245597,208.0,118.78723231683925,8.0
2759,14926.669373687557,1991.2952531608123,402.0,108.41919874140348,8.0
2760,46809.06890161532,5491.166376381678,95.0,123.94950682366019,8.0
2761,48776.44278793654,13137.455747692902,112.0,121.08357269502343,8.0
2762,44166.81400374335,19720.450416895463,-110.0,117.67622223527866,8.0
2763,43188.104272505094,1181.259510243775,100.0,136.75839876172904,8.0
2764,63119.891554221846,42355.298334867395,111.0,116.56229572538936,8.0
2765,53827.06827808571,12046.215865311944,83.0,122.31977748286882,8.0
2766,17144.20132016094,15418.152950407228,73.0,114.04973227852003,8.0
2767,52910.127725813785,1989.7653415113998,293.0,134.7867586726141,8.0
2768,51380.03048850977,44719.12776966036,80.0,115.86040509814595,8.0
2769,49160.61509948314,13894.291426514923,68.0,123.52695169015584,8.0
2770,37572.68825164432,11951.444873837641,104.0,112.93379556723377,8.0
2771,41680.64136115382,5129.701013761632,55.0,111.78087083217152,8.0
2772,40935.885856979025,23228.375981298104,317.0,107.34501732261201,8.0
2773,32138.283065040716,1991.5636742090107,126.0,134.42831507150848,8.0
2774,43065.55042299475,1180.9204289776617,-1.0,116.90885970202321,8.0
2775,49466.74836647302,19644.822579714495,57.0,123.01009888006695,8.0
2776,34506.49981608959,14963.15678365089,319.0,125.58807547710416,8.0
2777,35538.65917895719,924.8085908648579,36.0,117.77551934345139,8.0
2778,38396.13741138673,6691.225049358497,254.0,119.10204908907905,8.0
2779,34595.637349632656,17469.25759799593,163.0,109.99133826413576,8.0
2780,48351.578427105975,31060.38443219184,36.0,117.64804097223686,8.0
2781,63935.64260284675,3554.036727269473,316.0,129.19399895590388,8.0
2782,34990.293485638555,5128.366314884279,75.0,123.14908211094513,8.0
2783,31006.484480787134,8832.45407939402,244.0,128.22117912808613,8.0
2784,59053.778474903746,17709.45944190063,95.0,125.72315431231189,8.0
2785,31772.421175507563,15585.930241903647,162.0,113.27134213079967,8.0
2786,34345.485693506875,736.7408118081858,50.0,119.05235227423934,8.0
2787,32228.693568380822,5488.614221682836,22.0,112.34676559345897,8.0
2788,27460.674008567017,3771.931645119619,73.0,108.81015883391592,8.0
2789,20210.322175590023,12813.409388184959,84.0,111.13679282424945,8.0
2790,33380.10450403062,6278.25718392167,172.0,108.73744174299101,8.0
2791,35629.090986598276,1180.4814925812873,72.0,129.80441119053057,8.0
2792,54648.17802161679,924.8091604591642,10.0,119.30812685841396,8.0
2793,34675.53262943307,3684.603473890032,95.0,114.75621699936262,8.0
2794,16648.522514499928,4624.587023715979,120.0,99.76039013078405,8.0
2795,26562.058183411536,6623.978549516847,28.0,115.05309746922352,8.0
2796,56509.92830497456,11741.158136662387,477.0,131.09249564216663,8.0
2797,18016.957308329107,1737.842630525538,11.0,110.24288508687263,8.0
2798,26116.6506942977,13325.128307692594,87.0,115.12533730183134,8.0
2799,45489.23785410136,4038.4752305585394,419.0,132.07962171746385,8.0
2800,22777.54287231642,6879.500511497125,69.0,107.38734460635153,8.0
2801,44455.92306206296,1181.609241003296,30.0,120.92979981258706,8.0
2802,18854.052721088963,8622.576690739666,138.0,116.7625985808407,8.0
2803,34458.92414325408,13943.698659625448,70.0,113.25942271647287,8.0
2804,52540.84603312083,28650.497951832906,317.0,129.80420530871066,8.0
2805,61088.31591024364,4314.772023026665,411.0,140.54628515154178,8.0
2806,48653.97124461699,8452.496764539712,329.0,131.30021925625604,8.0
2807,12236.93958664674,1181.6237975415643,3.0,111.83052188079961,8.0
2808,43474.38951529012,3683.8872762456094,6.0,112.2771913623882,8.0
2809,45569.959995871744,28439.643377168544,116.0,120.1077498929346,8.0
2810,44614.569326336044,924.798636863845,94.0,126.552881242386,8.0
2811,48753.212399781056,1184.917391180831,12.0,111.82457189889934,8.0
2812,21902.944782931245,735.1935129024564,3.0,115.0493062913702,8.0
2813,27388.22635141534,9584.704745321138,85.0,118.0497814783458,8.0
2814,38877.788406927306,15717.774518274335,309.0,129.8266514779079,8.0
2815,32471.70451507142,1990.0702704827906,62.0,117.8688062464325,8.0
2816,54017.39876497001,1180.1735482205615,44.0,128.65741049604097,8.0
2817,42041.00655227632,20371.336260875894,-16.0,120.1860231835995,8.0
2818,49651.351110858486,36958.84624923073,32.0,122.33985322836854,8.0
2819,7596.670379329972,6883.889806022303,-53.0,92.3014885474301,8.0
2820,45163.469345922065,734.5880082030338,137.0,131.17821923093263,8.0
2821,26487.67592927177,8828.358123434737,30.0,118.90414560562166,8.0
2822,32751.14301159253,14234.027938083482,126.0,121.32687331011,8.0
2823,18765.132712170467,11190.798472423685,200.0,111.22707963427622,8.0
2824,24704.981180846822,12149.248041938437,138.0,123.06796388222611,8.0
2825,30329.555787488996,1990.2223498287449,54.0,118.76288410334315,8.0
2826,51268.12294509583,1179.702463744276,117.0,134.1164599515965,8.0
2827,44648.15382489856,1743.0994310588214,109.0,125.8518225116542,8.0
2828,20647.2463342155,19910.819048232705,-196.0,100.30027956878774,8.0
2829,39563.39137666619,8260.428739724353,54.0,116.10080146617402,8.0
2830,38037.13855097376,924.9538818352221,40.0,127.9769048036602,8.0
2831,50365.33423595221,30111.171055600156,73.0,123.19056577521641,8.0
2832,43535.4556575196,8883.288936043087,226.0,126.22630117315774,8.0
2833,56910.21257183528,4850.882057566448,220.0,132.0025446298902,8.0
2834,24648.85780089482,3800.832090557155,44.0,109.39763405907956,8.0
2835,43234.713731929885,5244.117001094027,42.0,111.17270870343617,8.0
2836,51878.271083530104,2871.4692586115702,32.0,131.90964173314114,8.0
2837,47342.31738465197,33250.75842046729,163.0,118.76285572645301,8.0
2838,38203.35383458948,24101.758740940375,163.0,118.63147844760724,8.0
2839,6474.6133301138925,3699.8180815943347,7.0,99.62936562714731,8.0
2840,65099.54987380938,1184.5883598130943,90.0,132.85507834279318,8.0
2841,59809.28132981592,925.063158379089,47.0,124.02757721070736,8.0
2842,33474.94249033755,737.8034971959851,40.0,122.55045512199173,8.0
2843,52570.49270890881,7105.365066017539,38.0,123.55535334188035,8.0
2844,50858.25170663684,5743.169351802111,120.0,119.48320261441994,8.0
2845,43525.99498969122,739.0997741284268,84.0,127.51010303552052,8.0
2846,12106.044716404687,4613.9500122063455,-13.0,99.88365170116779,8.0
2847,64687.82329513515,731.4791456944921,35.0,128.6497212542026,8.0
2848,31599.818692077046,13088.60608641127,132.0,121.16606228907719,8.0
2849,44184.27271180063,4507.892815481978,66.0,121.07376802607985,8.0
2850,25935.24743096339,8890.559875157693,113.0,107.3095131304625,8.0
2851,42666.64225420364,10969.640479137906,17.0,116.40115965142824,8.0
2852,40886.66019314106,1180.0079229983255,54.0,134.57217102732963,8.0
2853,42553.636116685746,1849.8663925311976,242.0,125.05146124723306,8.0
2854,39037.79497988262,10278.447454514213,145.0,116.85322757749739,8.0
2855,16916.34441052239,735.6624466894572,8.0,105.32116816805039,8.0
2856,6841.059491495645,1181.945182191067,14.0,98.56630591551391,8.0
2857,38325.52729596778,2367.910951023837,253.0,132.7655817795361,8.0
2858,33878.93601980048,25647.788437800227,-236.0,108.81868326688227,8.0
2859,34055.10110098262,7830.589659046505,40.0,112.63048164642218,8.0
2860,62695.66045786032,731.9028175002569,74.0,139.7302596965143,8.0
2861,34348.22402048875,11123.104896624367,229.0,123.76072125566355,8.0
2862,59174.54925173679,925.1858922391891,16.0,139.61342469115925,8.0
2863,48334.17610934122,1989.88486444536,23.0,118.4615934479584,8.0
2864,40169.74442878509,2360.874588318019,125.0,130.59935246838165,8.0
2865,43929.69102357978,1180.2448866464863,56.0,121.45700676219408,8.0
2866,35178.835783193135,924.9314064243765,53.0,120.38102412313849,8.0
2867,46650.12480007197,1179.6956789461856,41.0,135.03028662164675,8.0
2868,36237.26716586646,9507.722295687423,337.0,127.42396725796493,8.0
2869,49044.5001626357,11318.81422684759,49.0,117.72918608202303,8.0
2870,35971.9538167924,734.2884680149174,185.0,132.2390256028283,8.0
2871,22596.052116573806,1182.392196015858,58.0,117.89361731047144,8.0
2872,34641.53836403427,7720.014863769053,225.0,120.79467716963008,8.0
2873,50122.02122807545,1181.494392239857,42.0,121.80920633231048,8.0
2874,37485.49372368849,735.573740055355,247.0,134.97499949983188,8.0
2875,38908.7905921363,13892.895366727647,258.0,110.46668049481269,8.0
2876,23163.203287343513,924.8941745536438,34.0,119.79305799463414,8.0
2877,57156.75569852747,13468.522618299354,30.0,128.36389735501842,8.0
2878,22046.682002904327,21537.374346463366,-370.0,102.33304309855504,8.0
2879,52193.438448741384,732.7115685065315,148.0,134.70964677027305,8.0
2880,18462.147059706967,2363.3701146835438,362.0,127.54261545189755,8.0
2881,26561.54855886269,924.8667678165131,13.0,114.80303920838658,8.0
2882,54971.107591730826,2871.836905060186,50.0,134.86520486193498,8.0
2883,51131.22727551277,32581.387843953606,348.0,113.39815963929956,8.0
2884,27113.437532775628,15032.76613001964,183.0,105.52907286523023,8.0
2885,56910.487634160854,36997.283361777954,111.0,119.00710337182176,8.0
2886,47262.52377546196,3699.6058720703404,90.0,126.11357119926089,8.0
2887,36819.09669141644,19922.563996291752,65.0,111.78097347873977,8.0
2888,60495.56795888241,924.6894746425681,132.0,132.95758474757065,8.0
2889,59892.571060375376,51622.29677800623,153.0,112.33053981765124,8.0
2890,35777.62795255042,23677.407294517147,183.0,116.05890342808115,8.0
2891,49466.98512373392,26158.607713192305,117.0,120.91224073835303,8.0
2892,44397.99125281452,924.9498541344288,186.0,128.3077394273803,8.0
2893,50382.24018549619,2401.9318751242417,101.0,131.56742461644936,8.0
2894,52934.51326418879,9199.048928727041,82.0,115.61438794261068,8.0
2895,57205.48148036253,44513.06605937938,32.0,123.82418105073569,8.0
2896,17427.06802898179,924.8752141245459,268.0,127.94683663497347,8.0
2897,42332.01735426642,8153.483818622176,301.0,127.74542840787706,8.0
2898,25390.238227062662,4793.71450309859,76.0,117.3764243149057,8.0
2899,19386.285038841936,2883.3584101522115,64.0,113.68048791267906,8.0
2900,56841.43606367942,36076.38671076017,111.0,114.9700793390778,8.0
2901,17775.595556115357,2946.4549531337293,27.0,109.50763365642153,8.0
2902,42771.312482148394,735.4116111788404,110.0,130.2507222690553,8.0
2903,64794.449534103005,7079.629775725913,43.0,125.53090479630684,8.0
2904,53475.44481442651,16153.388144482598,74.0,123.46700387669439,8.0
2905,33649.76149070374,1181.6855761335173,350.0,115.0696828154245,8.0
2906,38715.1193167898,18213.24241265693,389.0,119.47572762163011,8.0
2907,58994.885834272325,46306.15056591214,32.0,124.04261207783713,8.0
2908,43619.56424307114,1179.9890796637478,75.0,120.30260218030969,8.0
2909,42958.232924232296,33002.928322493484,425.0,130.4971140086801,8.0
2910,24149.079608866126,23228.220091815365,-434.0,100.10579488561511,8.0
2911,48097.0437473097,1849.8749732079327,126.0,130.65162767392317,8.0
2912,48768.453327446325,733.1244228324197,88.0,129.33542522545895,8.0
2913,37940.17126114572,1989.8630391471017,140.0,133.22828088250185,8.0
2914,20649.540662458203,19913.031208009987,-123.0,101.44842543895832,8.0
2915,37061.89630915244,18512.33982779632,248.0,108.59436218863536,8.0
2916,19856.269719564112,13467.427148225717,-4.0,107.90230940499714,8.0
2917,29116.4951662589,924.9670548264579,32.0,115.13915737555865,8.0
2918,58330.997552898414,1179.208856684716,234.0,134.5154480783453,8.0
2919,50920.41946416969,2870.215261762945,19.0,121.44186896601802,8.0
2920,16773.408249307915,4793.436485789376,67.0,103.1758373671587,8.0
2921,62480.66772443718,1746.5981081724694,151.0,131.61197663113728,8.0
2922,38014.01308413302,20556.249912336552,109.0,117.46934682412697,8.0
2923,46038.59544943885,11315.893551777111,13.0,121.40972334579132,8.0
2924,31796.106510806014,736.484594760941,22.0,116.53086099243671,8.0
2925,21034.06280107591,4041.6868258526047,576.0,130.126804544924,8.0
2926,28711.23612542848,2774.916560422148,123.0,121.00842468603913,8.0
2927,33287.96626142305,23045.04501487499,204.0,121.51350067733082,8.0
2928,45262.00786175439,1180.6797589345335,215.0,142.51348836130464,8.0
2929,46973.9278778478,5864.261887579652,98.0,124.75987017928182,8.0
2930,26925.976650471224,10482.565146895202,73.0,115.53103257372985,8.0
2931,38441.87964600619,17928.410649960933,62.0,115.54255188762161,8.0
2932,15703.431785386358,2362.946636577084,52.0,109.32111947152858,8.0
2933,51501.71495550559,733.2743431380848,46.0,124.21582010616956,8.0
2934,48370.87290546888,924.8084164503094,43.0,125.44495096477512,8.0
2935,63484.53499925531,1179.7512225086466,165.0,134.3558927576706,8.0
2936,27836.109523548712,5598.154739061786,123.0,115.45426248976437,8.0
2937,20585.456560924395,734.9050151280588,166.0,147.21742487790345,8.0
2938,59654.709617385015,4056.5442470304724,104.0,124.5270066911705,8.0
2939,47253.98597195473,27417.03401169134,113.0,122.6483664409937,8.0
2940,31585.498004826746,10816.546612891012,402.0,128.65851920796626,8.0
2941,61613.14957987643,40428.865039957425,75.0,123.1430013574016,8.0
2942,50871.182185420344,740.1479663276442,54.0,127.03019966690198,8.0
2943,36520.83688040648,10653.017372227949,334.0,128.48575799471175,8.0
2944,55235.85923191392,9778.60969993006,72.0,120.13509935833366,8.0
2945,43606.59042010189,4851.716553758121,26.0,116.63802998600472,8.0
2946,32523.65808822392,13708.018199229567,-122.0,111.46529792479457,8.0
2947,24451.335938541146,3799.7487931077644,24.0,109.63851315354319,8.0
2948,51393.43741699059,24294.88737076444,119.0,111.90339849428509,8.0
2949,35858.318810989666,16160.46980991981,73.0,109.76751336399008,8.0
2950,60137.27858983357,925.1965234116118,52.0,124.94101850424471,8.0
2951,7722.549397904544,4853.902486970018,-17.0,95.91703429136702,8.0
2952,23638.110722398204,7485.475832125152,42.0,112.27180708940898,8.0
2953,31654.456249603445,4040.7867701176974,86.0,117.40659753228282,8.0
2954,33872.29347181784,19785.24985925902,81.0,121.20677682037967,8.0
2955,53724.896068124246,17054.937400015773,42.0,119.60497336819058,8.0
2956,39660.54516828725,31353.459552212298,116.0,111.12843701572137,8.0
2957,64381.301861707885,3554.5471600816495,157.0,132.70538168361495,8.0
2958,27632.18520967112,1991.8718381510641,16.0,114.05174600306162,8.0
2959,24149.146099241632,5598.236348719629,313.0,106.00268297575839,8.0
2960,12657.488067085584,5475.634150462025,189.0,116.42559514332166,8.0
2961,38098.853807619,26570.774963618987,81.0,117.37950710476528,8.0
2962,31991.350008423597,924.9244754697224,58.0,124.3690610731188,8.0
2963,43394.62952179103,23444.8021455979,133.0,121.92515703746557,8.0
2964,38179.20986937503,19549.175402000186,96.0,109.19322268420193,8.0
2965,32553.104926358825,25893.015947149925,80.0,109.85176761425426,8.0
2966,43867.36285736906,2774.8836436985885,201.0,132.68839474595913,8.0
2967,36469.93520317111,21713.439210932986,183.0,106.87859862672198,8.0
2968,54724.57581520806,733.8294211227877,172.0,135.7699796132059,8.0
2969,54952.10055866525,9435.007432668071,76.0,118.07636515733358,8.0
2970,39329.941166690594,3800.3813047298063,210.0,126.53700480383945,8.0
2971,45881.08296009843,25642.647304029357,73.0,122.397930662639,8.0
2972,28891.28017066699,17376.06031084137,81.0,114.28637470993466,8.0
2973,18442.552624463875,3475.1459750935037,205.0,105.22704770481229,8.0
2974,50600.57404620089,41092.623326743225,350.0,129.73538301771129,8.0
2975,24312.107834456998,2362.722170464376,148.0,125.50761823346858,8.0
2976,42400.105334246946,1180.5974901024622,46.0,126.98121539877485,8.0
2977,29388.375288465402,9026.438846519617,88.0,111.51637739304869,8.0
2978,26271.534383587605,3771.9571431607774,111.0,118.51266889118082,8.0
2979,48115.445450961604,1735.00405316651,26.0,119.7088606726725,8.0
2980,57467.73625760584,739.2585163905779,55.0,137.99676973216873,8.0
2981,60552.88410279788,23999.265149527888,55.0,116.1062871001932,8.0
2982,47182.2860901309,34385.16143421803,87.0,118.8136468380661,8.0
2983,52128.53991417777,1179.7731191856333,165.0,131.8432929142614,8.0
2984,58027.1508013767,11743.312370770558,105.0,121.09360271691202,8.0
2985,46185.706721885625,3079.790239681816,482.0,136.2282914452833,8.0
2986,64892.09746440236,47880.34560484473,183.0,125.35229194263465,8.0
2987,35686.150211838554,8268.656519804223,23.0,115.71106795899945,8.0
2988,24748.420786433373,2870.3911611260673,273.0,136.76170629938795,8.0
2989,26169.320681077977,13940.555639797702,24.0,105.32767988043443,8.0
2990,56093.672096811315,1989.6345357133557,63.0,135.51498010461603,8.0
2991,36743.87878761879,1470.432063298943,184.0,129.48758520893293,8.0
2992,12574.820231324662,1182.165583289134,99.0,115.65680652774378,8.0
2993,42226.54055136508,3682.60793119168,53.0,122.35454195835263,8.0
2994,46619.67237030565,2871.460435907475,89.0,120.91382516168969,8.0
2995,51858.43186119609,1179.413555047706,35.0,124.98271875758962,8.0
2996,65238.13231732799,1989.883819510259,30.0,125.54129802880452,8.0
2997,46069.73151307967,5754.373066298846,208.0,126.28061534518713,8.0
2998,50585.63986267474,5739.51294762451,129.0,129.8682618599827,8.0
2999,58530.43485796622,5231.160701317944,43.0,124.47093259438158,8.0
3000,55512.64705998059,2360.0248737898373,260.0,133.322590335702,8.0
3001,48073.68991714143,734.8486551567199,199.0,135.10194029711326,8.0
3002,42037.3566782971,3678.8527554418333,169.0,121.43812892062915,8.0
3003,29972.088794459185,734.6450532538768,44.0,127.9173477442915,8.0
3004,47407.468711316185,733.8606598467111,92.0,129.25645074627258,8.0
3005,23046.4226688313,8076.44092809137,22.0,111.85368040004464,8.0
3006,12299.926423333925,4049.3250176952934,68.0,110.73479536728202,8.0
3007,57317.07097931061,44525.93974008697,87.0,120.2432916408439,8.0
3008,42874.25784823742,16146.040276937376,313.0,127.24024430701351,8.0
3009,21365.14348998093,4518.273405359893,65.0,109.56951551451007,8.0
3010,25430.18796557923,3543.3284289548455,288.0,136.08398605306067,8.0
3011,31276.62314779892,12654.280106405437,198.0,104.95286552161794,8.0
3012,12145.251090064121,11381.923038606015,-248.0,94.3875719516839,8.0
3013,39977.775180857,28366.347391218802,39.0,113.7394017693689,8.0
3014,49098.49942458805,924.71109621064,47.0,128.7429776881736,8.0
3015,49702.256082257685,13025.397146025956,66.0,123.97119336040147,8.0
3016,41646.15655669424,2774.595816230028,73.0,124.82371012279512,8.0
3017,62764.78143638005,17652.557347167178,61.0,121.95707351191133,8.0
3018,51920.585118718824,38616.495638584944,-209.0,111.5501859207798,8.0
3019,55936.59866966146,12109.589861656372,69.0,136.14694510958043,8.0
3020,22118.636464391304,1472.6892729625438,184.0,124.31113341894022,8.0
3021,58135.378475066136,1179.7512225086466,165.0,139.27875519642575,8.0
3022,40076.54923859281,18249.628746312676,-13.0,115.30896926008101,8.0
3023,47546.2929990521,33445.19436515424,163.0,118.78771088314325,8.0
3024,24288.535692703143,5223.151779796542,61.0,116.69450333553937,8.0
3025,37343.39936976027,5477.568842074334,140.0,122.70260901960093,8.0
3026,34876.82943377372,1470.2115523713783,267.0,131.8682759576462,8.0
3027,36192.974585031276,924.9514434629369,89.0,124.3418105239131,8.0
3028,38455.13227068615,735.4292588713845,95.0,126.84362095163051,8.0
3029,45559.93227460651,2400.1695763324637,85.0,114.56325199107576,8.0
3030,16770.77071660062,736.4607178008771,26.0,110.14090114669561,8.0
3031,51729.23811183781,35411.37316727226,120.0,123.41798850993142,8.0
3032,51168.97639293529,925.042443248639,28.0,119.67139884908099,8.0
3033,55898.391274385445,5210.209759974505,62.0,118.25048865381468,8.0
3034,31637.683946299247,24049.57451416362,6.0,108.79691855353363,8.0
3035,22505.30704567168,738.4226944457047,111.0,125.41856244193394,8.0
3036,54587.93350745109,924.9210324037861,22.0,123.39537418194374,8.0
3037,43833.70403983999,1181.5456915081702,40.0,121.56061542892274,8.0
3038,48001.74571786393,1734.7961095602686,115.0,142.2691238286365,8.0
3039,50657.939102920565,31875.49816859554,187.0,115.78107968905702,8.0
3040,28838.346836630782,16748.756695883116,183.0,106.28035127504884,8.0
3041,28841.603597576777,17288.833471601443,61.0,113.14417111981737,8.0
3042,31166.191492814487,1474.077601760667,140.0,109.49020327705573,8.0
3043,52029.585895671116,32961.552824352,61.0,123.30331913390935,8.0
3044,34733.527553998465,737.3054917767433,89.0,118.9418518925017,8.0
3045,20234.067544153673,3799.2501516099314,73.0,115.39202374661238,8.0
3046,39878.77863121482,737.3635339430854,129.0,129.3053973842798,8.0
3047,48279.72752657101,3541.6164429415217,14.0,119.36413278325824,8.0
3048,33195.79828431616,13277.582108675584,306.0,117.17855094559201,8.0
3049,25167.286664535466,5481.786034513921,53.0,105.54220540738471,8.0
3050,33731.43996842479,7845.680758405847,346.0,128.02709389719246,8.0
3051,15376.328934463698,2366.25940609758,71.0,114.8684278910952,8.0
3052,55800.87970453621,6651.78964070576,22.0,114.44334353644422,8.0
3053,39147.57108836234,8158.946218207,95.0,116.69852209981019,8.0
3054,42164.15084172528,25028.053851003962,163.0,112.40640561363102,8.0
3055,40295.69383810974,4600.745686051795,33.0,116.5269011271169,8.0
3056,11393.83428566885,5239.682275037338,17.0,111.96917431402193,8.0
3057,25622.490888595195,8831.762886599867,321.0,105.66565051670477,8.0
3058,33371.28420858638,7435.9717379453905,32.0,121.1818570354627,8.0
3059,12102.547150378401,9965.644506135379,14.0,101.27186613263905,8.0
3060,39420.567921781556,3084.466078874312,159.0,125.02808530100853,8.0
3061,31524.766661592745,13893.195469516584,165.0,113.85507234404382,8.0
3062,37212.273242319534,1470.5925647393856,130.0,126.18340536050799,8.0
3063,49248.97694163232,1741.1651118985194,213.0,131.97153386342933,8.0
3064,53726.05633459943,1990.096389580428,59.0,126.44100577017926,8.0
3065,15155.938262084474,2884.160231827867,63.0,110.42196208625072,8.0
3066,52966.411972500086,9511.971856676142,35.0,123.40252176318157,8.0
3067,43219.93170631962,1734.908518245042,90.0,135.96254646884753,8.0
3068,50185.978695649144,4719.093053950761,126.0,134.35765314969305,8.0
3069,39069.720812761756,22631.623427807834,73.0,113.59333526686207,8.0
3070,35158.847009108045,31114.317460669583,-44.0,111.45904366328472,8.0
3071,33700.02261389531,5228.154040353103,22.0,115.0038166108539,8.0
3072,46650.8598279254,734.6552410364767,170.0,134.1730695737512,8.0
3073,26470.517084053397,924.9097150735465,94.0,128.01010633241484,8.0
3074,42952.250477408095,34505.87514265995,320.0,129.02886161424814,8.0
3075,32342.031253861533,15726.184100053972,124.0,111.19798683327807,8.0
3076,43027.24241003622,3138.808189478455,28.0,117.05886815380947,8.0
3077,33589.46867373983,7967.356743544245,96.0,111.89748232321894,8.0
3078,52542.577803421045,924.7201091032792,30.0,123.96758135355972,8.0
3079,50719.38931221804,33812.41784040874,48.0,112.0133860769048,8.0
3080,38737.80378968995,4603.047847884807,96.0,119.97869111625033,8.0
3081,34697.83874447464,27288.83672495352,45.0,110.19865314400244,8.0
3082,31218.65890562436,1181.340681433299,11.0,121.18610987249261,8.0
3083,52554.69669374636,1184.468646927691,19.0,123.54997969053831,8.0
3084,37985.94588661642,7428.3109742775905,150.0,115.61744372431997,8.0
3085,41120.466316946855,2775.0209860430864,50.0,129.55620443091368,8.0
3086,11304.279053101585,3089.3614605049625,61.0,108.44505594057935,8.0
3087,54163.93406947657,3467.7920263972624,76.0,119.1886640531628,8.0
3088,38591.3690947476,30332.782665157392,153.0,107.23874730339188,8.0
3089,33209.24068987968,24974.42072071015,-151.0,112.39093761391385,8.0
3090,29920.17956925402,736.9293948468568,152.0,128.71287574022628,8.0
3091,7595.121782855598,3088.3370755493793,-5.0,104.03921487556829,8.0
3092,34391.98272856338,13045.029567560452,20.0,117.01881771820801,8.0
3093,29495.032602904303,3475.70184345291,174.0,122.92668872330307,8.0
3094,34913.036749252395,15203.694315770315,73.0,110.37686414248016,8.0
3095,40581.42214813782,7597.027709366744,166.0,113.93217256059663,8.0
3096,23228.844713862512,22308.180642418603,-81.0,105.49264184029401,8.0
3097,24869.210418347797,5861.332566533881,271.0,104.68236042087615,8.0
3098,47256.5295527433,20486.331738996643,63.0,117.77821455558696,8.0
3099,43310.69513763149,12150.47108556531,95.0,115.7091483446048,8.0
3100,28826.920336133186,2884.475560895522,133.0,121.17009555502723,8.0
3101,54985.71873579777,1179.593316531348,86.0,140.31984497836598,8.0
3102,12547.229222742417,6689.051711628961,229.0,95.10867854512456,8.0
3103,24047.691726007837,23122.799415606325,-332.0,105.35966213286909,8.0
3104,33268.12964062123,2947.7693789101054,297.0,117.74173010800752,8.0
3105,25940.42990736796,6930.725611171668,54.0,117.55583286436506,8.0
3106,66602.2320902145,2872.234164813101,83.0,124.83339282624935,8.0
3107,49653.49245020654,1992.398576406201,61.0,121.20428790154438,8.0
3108,45543.339825904346,4855.73809034337,94.0,113.3687932205095,8.0
3109,47699.57558390642,30695.6637846919,481.0,134.46012037151507,8.0
3110,10251.977443389747,5126.3168525668925,24.0,94.17111355881843,8.0
3111,27086.700013485264,7591.748288715123,173.0,103.20795279139821,8.0
3112,45451.923360590336,43736.586912165636,-243.0,110.71830799487303,8.0
3113,48656.90568874454,924.7429861560835,122.0,130.21486729922327,8.0
3114,10639.285735939204,9457.051940176543,-172.0,93.33408447322103,8.0
3115,26526.31941537677,22480.97529197648,22.0,108.2020581613808,8.0
3116,63208.149680238035,54930.289475557365,153.0,112.65478955018573,8.0
3117,32497.915396419357,1181.3347449101334,75.0,121.00125345722617,8.0
3118,23414.34948624996,1741.277833756825,235.0,113.62082042471636,8.0
3119,43120.60068884881,26792.14982613684,120.0,121.87144590198528,8.0
3120,33440.49255281959,19016.798855547146,-91.0,108.66646041250794,8.0
3121,24699.659139843665,1182.8705853787526,105.0,115.1537789362353,8.0
3122,20246.167620356522,4118.203397724538,42.0,110.3886417918176,8.0
3123,48188.23114329044,3541.9596188821292,9.0,113.62904646267609,8.0
3124,13384.940704928938,2945.1986204946015,160.0,117.12636300551759,8.0
3125,18401.550344220428,924.8736785538695,80.0,119.17636190398578,8.0
3126,50083.16088798055,11124.209570997542,88.0,130.79394843466204,8.0
3127,40746.58146761062,1849.8707101031823,36.0,111.31932105225654,8.0
3128,22198.66970644387,2774.8721983746996,44.0,113.98208252974128,8.0
3129,50893.822617529775,925.0557839946105,35.0,120.93709769322031,8.0
3130,44419.409379252604,6384.728776676149,187.0,129.03218842227795,8.0
3131,47258.45200201465,44893.56923232419,-79.0,116.95075291109134,8.0
3132,33562.965908760576,14498.067445967516,109.0,119.75448033870626,8.0
3133,53742.22602517605,1990.0506737131561,21.0,126.48915048874612,8.0
3134,53612.408475962286,732.4736908487347,160.0,135.70247190816298,8.0
3135,13975.590315101632,1182.7516798326142,58.0,112.09087006512628,8.0
3136,17297.95754577209,1741.277833756825,235.0,109.44718670980535,8.0
3137,46381.04973374045,33595.702100745715,87.0,117.67158727127311,8.0
3138,46665.43045159468,9790.490082195938,95.0,117.50326859522748,8.0
3139,36445.193851463446,7723.571647409863,216.0,117.14206314369812,8.0
3140,46510.3411242037,26121.130427917295,71.0,122.51361153307585,8.0
3141,18689.39977677153,2365.096289703661,167.0,120.44664162564544,8.0
3142,17691.6636090691,4311.0439930295925,233.0,123.24085915802296,8.0
3143,47192.10776510301,5469.270109227385,199.0,126.22256475812489,8.0
3144,63754.67111925139,55478.83683558576,153.0,112.38401957619801,8.0
3145,17051.016185414468,1849.8243519978485,97.0,118.17043352631009,8.0
3146,39904.31804284406,18507.673440890547,234.0,108.6101671206198,8.0
3147,21153.959077449024,14493.936914807531,51.0,108.330466449829,8.0
3148,35910.227364273815,4040.080763516575,164.0,125.18004957168833,8.0
3149,57151.70662559298,4035.4217113669156,264.0,133.23308217551963,8.0
3150,53613.93500791323,1179.8072981169244,91.0,127.04271485858222,8.0
3151,41089.61920450974,1181.7462401670443,65.0,122.07037113442095,8.0
3152,37179.52055930629,18630.07613109272,357.0,110.244091499782,8.0
3153,54485.48926054229,3539.791489334991,230.0,130.6388067351482,8.0
3154,23241.763767709817,2883.205703593078,60.0,116.59999431028783,8.0
3155,36512.19155403448,734.7807472823866,174.0,132.60143420670292,8.0
3156,58999.082903664406,17547.191896323766,61.0,112.15164667697346,8.0
3157,42401.11658914001,2391.1343463866556,218.0,129.69423231662205,8.0
3158,47778.873137433155,1183.3894758971358,7.0,122.74223906155345,8.0
3159,50429.31393647463,1184.7310806026499,33.0,125.12668177004575,8.0
3160,15835.363694955853,1739.8600398328288,171.0,120.4345291176271,8.0
3161,40013.108339586724,924.9121090505234,8.0,113.27210337436293,8.0
3162,46942.869833889396,3979.482607658297,61.0,130.18921991761636,8.0
3163,23113.888765229738,5485.694310468371,64.0,111.57445847415853,8.0
3164,44806.94033708024,3553.318937803244,76.0,118.78992009523053,8.0
3165,12564.25112019978,924.8648596270162,43.0,112.8723120973726,8.0
3166,41992.922178916306,13256.228541238312,-29.0,114.38659685517209,8.0
3167,33593.72192242436,2209.4168079490287,206.0,115.44681924415227,8.0
3168,25202.222975397977,8157.460636313976,113.0,106.85725244312452,8.0
3169,28002.02682728571,735.6939409571156,21.0,115.90144849460471,8.0
3170,24450.048021046372,925.0358891715622,53.0,123.49475866673609,8.0
3171,52076.3410031455,35060.35419458501,183.0,123.47492865673372,8.0
3172,24942.63516773921,1180.8607623914827,132.0,124.51378305031518,8.0
3173,34589.10605638916,23624.1726392714,65.0,127.90589140259493,8.0
3174,18498.522564234605,17573.646895252015,-133.0,102.95700462616821,8.0
3175,43784.48274998797,735.7264775729607,92.0,126.56621385184545,8.0
3176,28461.623543817946,9959.284763678881,132.0,120.49430347385567,8.0
3177,37572.32303633991,16944.678958876437,32.0,119.962461780567,8.0
3178,12825.314997209915,4514.6182433021095,11.0,109.19804976209336,8.0
3179,24378.677360418482,13291.76684039891,-6.0,109.78764541891276,8.0
3180,29012.00399240404,22350.981915378605,80.0,109.22990004516174,8.0
3181,33427.50018023864,7436.107884020864,81.0,112.0908985435795,8.0
3182,17344.528018186524,5966.620328209467,13.0,107.78189171953902,8.0
3183,20553.19057268264,2877.544494475678,454.0,135.8817140026775,8.0
3184,55833.3130863423,37878.121582574815,318.0,111.93670835067296,8.0
3185,35978.51996967477,19539.893780589708,73.0,112.81702545412463,8.0
3186,24964.013155579887,2392.2071850370053,113.0,119.65862076664705,8.0
3187,39326.16131349784,6166.498839020979,256.0,127.0230454430513,8.0
3188,49505.800323365875,21054.67449926157,349.0,120.35980535844746,8.0
3189,46794.0319319262,1179.9679064676134,278.0,157.07704102197994,8.0
3190,7491.79958858741,1739.6764566635977,97.0,93.30410308978227,8.0
3191,15740.892196089548,14817.08966874764,-112.0,99.35305701289134,8.0
3192,58790.608645564076,52416.22103947502,-138.0,118.55305689234777,8.0
3193,33437.97109638582,14442.015603631162,84.0,119.72308160822726,8.0
3194,44557.21011984344,13459.651448340626,130.0,113.75059610415519,8.0
3195,17562.79609807154,2395.921190228215,27.0,114.23265294575943,8.0
3196,29012.057666066496,924.8124613659384,120.0,125.76433089814466,8.0
3197,9327.765791371805,5854.170748461535,55.0,108.17010929437583,8.0
3198,13469.784040780089,2363.2772281117013,179.0,121.15828882836124,8.0
3199,26238.246884792406,5213.9876640653265,107.0,108.39862076205593,8.0
3200,42713.267614036595,23674.5213338507,60.0,121.79098853460812,8.0
3201,47739.771238912734,7435.701651539941,534.0,133.74737651184608,8.0
3202,31720.057461655968,10385.459819081218,37.0,117.56323541694216,8.0
3203,16160.233287026429,1738.3746306472613,99.0,115.96390709167207,8.0
3204,37275.144006434646,1471.368096748601,29.0,119.91517715309803,8.0
3205,39150.288311623335,4786.826318430078,34.0,120.0241085852875,8.0
3206,58348.27471994609,1732.7034320744008,54.0,122.35208201139945,8.0
3207,35650.94559501444,1740.2418426285278,417.0,115.20996265935094,8.0
3208,8619.770045907653,1991.16620096945,66.0,99.98043524895697,8.0
3209,42035.47950464475,7543.536602655414,29.0,120.63179689537785,8.0
3210,59201.70820365535,3144.876094170514,153.0,131.1820863749174,8.0
3211,47782.24508994291,924.8689120205964,190.0,133.623547612378,8.0
3212,38691.24754666205,6966.0139745055885,200.0,116.77539590675379,8.0
3213,40724.02503538162,16665.41937524397,-36.0,107.86069517716909,8.0
3214,54253.4712076424,28298.205409314578,88.0,120.27541383406601,8.0
3215,67744.99568923832,924.6493990482321,45.0,131.17455362614257,8.0
3216,43042.20778648583,5227.232773044682,319.0,117.38427355971054,8.0
3217,39175.37348986924,3469.079439327911,268.0,144.62021403092592,8.0
3218,39445.06577770463,2874.9539053301055,90.0,121.08814484044802,8.0
3219,51798.56621672848,35152.83486739199,310.0,117.45375989168409,8.0
3220,30687.692986904618,924.8207092278546,59.0,120.24437691893782,8.0
3221,48629.13361981091,30507.227883772448,132.0,113.73043772599227,8.0
3222,50477.22902309559,8606.088647091703,426.0,126.74451251841484,8.0
3223,23433.435435233474,5860.237722914501,92.0,116.20139395884931,8.0
3224,10280.302815643314,2870.8557137879734,73.0,109.03005373598808,8.0
3225,44250.73618882191,1741.4973959959154,270.0,135.0726263876886,8.0
3226,45270.210443808544,924.9077989694939,18.0,114.23120171854274,8.0
3227,52808.18011774532,35906.35491687494,33.0,112.70135086567082,8.0
3228,37808.877334328674,23624.15946440489,331.0,129.32428874698059,8.0
3229,38004.217246375316,924.770485434375,64.0,122.8031697766722,8.0
3230,45118.93397549099,10954.61252505608,76.0,121.18910178826638,8.0
3231,37085.653592942486,19960.899223732995,163.0,110.86696907367464,8.0
3232,23436.411274473347,1183.4469700624838,22.0,111.12622540787113,8.0
3233,31957.226009068632,737.6694858671272,135.0,128.54686413070687,8.0
3234,22123.830384066525,735.3070644578947,55.0,118.70973450213046,8.0
3235,46750.63109116202,924.862834835205,166.0,132.37188357243946,8.0
3236,52316.664900870834,924.9913621945528,7.0,123.89586223742211,8.0
3237,22581.354991173037,22058.676326280696,-230.0,105.10987703403093,8.0
3238,31690.483325758734,11049.86075587056,186.0,104.68755683902175,8.0
3239,9936.40528909139,736.9160422382137,14.0,103.8798469980587,8.0
3240,24984.38509371591,2774.889336541093,82.0,116.8694044336059,8.0
3241,47089.729507923104,1180.0638189722229,101.0,147.58925012039762,8.0
3242,31695.16816901494,27087.41711661634,-39.0,113.0590417048349,8.0
3243,45871.035311393796,38703.54264773867,-327.0,120.96891922908179,8.0
3244,52951.34983591863,3144.895958834502,28.0,117.59897575852351,8.0
3245,50656.37556292414,1184.6595210819637,44.0,126.04046314970665,8.0
3246,40419.58146349285,28824.46218558776,322.0,129.82692890378863,8.0
3247,38495.44215149807,4682.722633047383,43.0,114.52266729085198,8.0
3248,42108.11807246493,1181.273274860516,143.0,137.69259596048485,8.0
3249,59628.821916470326,36871.24574990987,136.0,116.02302872671378,8.0
3250,40124.49103817267,19330.956704109274,2.0,121.3721258175231,8.0
3251,27747.348871256447,3699.657151763686,251.0,107.40212106673131,8.0
3252,30985.910270286175,5890.886401834607,36.0,114.19824305179381,8.0
3253,20007.90450405237,924.9856774720231,190.0,126.67832428720448,8.0
3254,50759.183841106475,1183.6549619896093,246.0,135.02217734476346,8.0
3255,44448.904741405335,10244.176024671036,85.0,118.25593018882917,8.0
3256,28718.566650674984,12100.094900356824,102.0,106.95943307497114,8.0
3257,47875.90717802193,1180.8304012585193,196.0,145.25752623468162,8.0
3258,32000.38125803196,1472.576636875896,346.0,133.197652820783,8.0
3259,58019.46530516827,1179.4709857062514,176.0,133.16439105000745,8.0
3260,7573.933034223757,1738.9892456431169,44.0,98.29286917960565,8.0
3261,47827.39980988174,4315.227043604431,24.0,128.84416328709028,8.0
3262,39770.053215255684,23121.83407549073,197.0,114.98914465423789,8.0
3263,51173.758690316645,2869.6993882626116,135.0,130.4790565419051,8.0
3264,19117.504790782463,14529.946817787848,61.0,103.38741035177149,8.0
3265,43455.55932255388,924.8949283292924,28.0,124.36200256423842,8.0
3266,21930.03671884091,12364.300808999069,179.0,118.76903264370007,8.0
3267,48542.60353390271,14086.843121318687,8.0,116.63446803960149,8.0
3268,36078.614803293356,735.7575193378975,44.0,132.66301179416303,8.0
3269,27049.84255771422,1475.5627745395986,22.0,116.77949089645685,8.0
3270,7423.46963021141,6693.525880489402,-61.0,91.83936795206688,8.0
3271,45469.640033027266,3699.3912518316765,110.0,124.58169142650053,8.0
3272,41643.328703420586,8610.691683128482,106.0,119.16313193772092,8.0
3273,43496.56204626522,25874.229583166027,64.0,117.94635135512954,8.0
3274,13346.999873556124,6174.735970891578,49.0,102.4880249147605,8.0
3275,50184.77421079995,9802.531690667232,91.0,121.73998207452904,8.0
3276,44554.21491813817,4111.870854990223,290.0,130.93233874552774,8.0
3277,23624.330021150123,7877.38154804971,89.0,103.47313095302462,8.0
3278,54010.251631407926,1179.6786088178762,112.0,140.92772284245353,8.0
3279,47326.92704749983,1733.0567873677792,248.0,144.16088672842804,8.0
3280,26042.87538238447,7421.938617691678,196.0,107.50433996220622,8.0
3281,54914.87878429262,1184.638929132033,73.0,129.22830149580756,8.0
3282,29507.14914027389,11817.431474785952,45.0,112.93880538203597,8.0
3283,42056.201299102504,40344.26735864522,-122.0,119.75518675437095,8.0
3284,36624.16573583745,1180.4623155816134,30.0,116.15411891786755,8.0
3285,51032.570073276744,7106.085220226197,242.0,131.0672534395693,8.0
3286,25908.37027803132,24983.881175723018,-508.0,100.71658512766828,8.0
3287,40667.609566193554,9344.24391084275,100.0,118.18500724445062,8.0
3288,40774.57074592304,28488.617311720172,34.0,112.75781091819708,8.0
3289,52594.239516598536,1179.2558902982912,172.0,147.64405573309213,8.0
3290,57646.08222201955,924.8250575477743,22.0,128.7187259217873,8.0
3291,60837.087402818805,5231.2947796673225,134.0,125.3417575741563,8.0
3292,35171.71504551348,1849.7323124678444,3.0,115.31303272045382,8.0
3293,38683.40425308957,15364.340414708793,126.0,124.67145657802097,8.0
3294,8263.205156492442,924.8866510595847,33.0,111.97244522092882,8.0
3295,41975.20147568141,1849.9177911613906,83.0,126.88927147591616,8.0
3296,30229.930926849327,22831.20882531671,154.0,110.45815102316578,8.0
3297,61084.248925334534,39544.25579469905,-65.0,114.83199782650345,8.0
3298,45472.94436821713,12639.644739009427,387.0,125.44130401998073,8.0
3299,35258.23830173657,2390.5396587420837,30.0,122.68814323518176,8.0
3300,50785.332365753195,2367.5043654233427,321.0,127.19538828548124,8.0
3301,57854.83317359742,39076.62209786272,187.0,117.70427202193176,8.0
3302,50896.1909258198,5229.681604628892,407.0,124.1292480693173,8.0
3303,6283.493191646052,1991.1467333514781,32.0,103.4346452901515,8.0
3304,22239.634943259083,738.593270399616,97.0,123.85382047296298,8.0
3305,28760.53376278556,7878.059472610454,2.0,114.2347173384009,8.0
3306,19886.6714459954,736.218600632699,14.0,110.96713241632794,8.0
3307,39541.20977834281,15091.061241749596,128.0,119.74010855863074,8.0
3308,43512.39849362712,23266.381444712562,73.0,121.94813889753351,8.0
3309,16296.375588796684,2207.5970954826216,96.0,118.83303095088735,8.0
3310,24800.762135133748,2877.2230978682437,206.0,136.05691615491503,8.0
3311,40110.32686844232,14234.17140671955,60.0,109.90167903438288,8.0
3312,45499.993677363156,5208.175737825444,358.0,131.59462787369657,8.0
3313,18414.254578045646,8621.785253630911,136.0,119.43966207730901,8.0
3314,45205.998919415615,32422.942645126273,87.0,117.9053175704887,8.0
3315,31935.859698230717,7100.286447986151,38.0,119.93072880583011,8.0
3316,55660.5447829172,6908.406489728973,348.0,132.4803185659871,8.0
3317,44495.40357659651,1849.9236178893325,64.0,130.2165033349665,8.0
3318,39406.921339023604,924.9719717704756,57.0,121.86975407418338,8.0
3319,6282.652478785041,924.9112656486524,14.0,97.98811372995202,8.0
3320,4791.36496858878,3088.2098026718854,-1.0,91.36458464881864,8.0
3321,48934.87001368905,1184.5338652410478,23.0,131.51575136113757,8.0
3322,49019.47686332447,1184.5725228087867,171.0,132.89758515875053,8.0
3323,39579.11596124561,23490.55681664772,167.0,127.62539074775532,8.0
3324,27835.514854364097,10200.740931743556,154.0,108.32807606418362,8.0
3325,56237.784421690776,1184.7473652065964,57.0,132.97183616097837,8.0
3326,55789.72703260737,4056.8123560389045,196.0,121.87697110363666,8.0
3327,64680.15686543364,1185.0422484177882,17.0,127.08799055981814,8.0
3328,51374.15411034201,2368.9554677154856,67.0,123.59736135101608,8.0
3329,30497.37239546628,1849.909031939289,192.0,125.87582758044847,8.0
3330,49712.069826544604,15255.260990184604,140.0,122.64297008369583,8.0
3331,34215.52510900192,738.3312081558819,66.0,136.77891198582435,8.0
3332,19921.034055806995,924.9971305634098,59.0,120.55925352558764,8.0
3333,47251.719146333184,3137.711340080174,155.0,126.9685242547051,8.0
3334,40724.465081491006,7399.818166744246,334.0,128.64230526291112,8.0
3335,31762.302131998356,3543.461534083895,8.0,124.69443380946163,8.0
3336,49344.04989268414,5740.114546914717,44.0,122.5130996035393,8.0
3337,59641.70462639136,1184.6274581795467,70.0,132.3313419417331,8.0
3338,48903.012757413955,40449.779692228905,370.0,130.26126627901556,8.0
3339,14962.86748510614,2871.056845471918,54.0,110.03567584088725,8.0
3340,21926.23239347199,7497.026955556989,16.0,106.8190605589071,8.0
3341,39779.02942303678,924.9240121849645,26.0,127.62622158449456,8.0
3342,57376.136700667485,924.7477930748295,19.0,123.90679522996136,8.0
3343,35372.13130503371,1474.0526445930798,407.0,135.49244832374572,8.0
3344,40911.17964863754,1992.0204129029646,59.0,127.75756910850214,8.0
3345,40722.27484218665,2774.612556627299,39.0,122.42965173159834,8.0
3346,11483.22722352295,924.9015409879527,45.0,109.32219990883192,8.0
3347,38798.31844884033,4619.378113938799,304.0,129.4924726288224,8.0
3348,41493.72656228086,1990.2223757518025,30.0,123.33960608789982,8.0
3349,25284.365902528378,23637.24756566541,21.0,115.99133497343547,8.0
3350,4624.560349792823,3699.6680380786033,15.0,94.63225464029456,8.0
3351,51476.79493958834,3539.640361912677,279.0,138.00547562206998,8.0
3352,13003.188267698462,11820.954532446092,-387.0,94.72878023310125,8.0
3353,33993.50667186077,16869.557721402267,163.0,109.79365075911149,8.0
3354,12092.367606645988,735.0969793134419,152.0,135.25828551783064,8.0
3355,33963.87927021074,29475.39370991129,-418.0,113.78958110014834,8.0
3356,22494.3465611028,3983.5697132311657,114.0,118.80950422118876,8.0
3357,43783.02149364678,19923.052482776013,126.0,124.88214595512642,8.0
3358,43132.367862652914,734.0234559001867,24.0,124.3432618304385,8.0
3359,46178.09723932367,1184.1817016732416,8.0,119.75526300056885,8.0
3360,50972.12941630105,1183.2238812489425,89.0,126.60644529086518,8.0
3361,47803.13801350029,7106.4232157693705,63.0,117.64740012740201,8.0
3362,24984.42488802122,4624.740792058513,61.0,118.74030362604618,8.0
3363,47666.28171062183,2875.5391360260405,212.0,140.80533055984074,8.0
3364,27605.465503471747,3980.734074946323,38.0,111.42067723588019,8.0
3365,23724.006515520556,2393.82360407389,229.0,113.43806949105686,8.0
3366,28908.904368269425,1183.6387460583653,28.0,125.28924526188977,8.0
3367,28085.706692162174,7194.407046467451,51.0,112.13034372020164,8.0
3368,53837.78639370874,1989.6858744158376,129.0,129.3905117627727,8.0
3369,47094.104257320825,45363.24690882023,-119.0,121.82318558884815,8.0
3370,54572.96430415142,12949.930008308123,380.0,130.13995225066637,8.0
3371,18518.447309216615,8267.307172219094,419.0,125.34036161024773,8.0
3372,45807.53641632297,1179.8366538287137,64.0,143.625560578553,8.0
3373,54651.914547558794,8077.132913336732,13.0,122.72530010013008,8.0
3374,26292.01862515656,1990.5611761467796,5.0,113.43512977443523,8.0
3375,27461.501748664567,2870.627944039823,15.0,113.92077845383704,8.0
3376,35046.19334046926,736.1715437545906,56.0,121.46628904674273,8.0
3377,25663.00064130299,4118.705371000591,10.0,109.28204961728193,8.0
3378,53296.373271551645,7557.36990801387,159.0,135.04062165708106,8.0
3379,43792.683543336636,7418.490819324308,221.0,113.49393032735307,8.0
3380,43824.735272962556,13393.330894860517,348.0,128.75386095513932,8.0
3381,45715.9652922066,734.5417318939957,160.0,139.05135228680322,8.0
3382,35867.21535044689,1990.2153568890328,105.0,122.74047015275809,8.0
3383,52723.281953889295,36077.44364988792,302.0,116.99874863344283,8.0
3384,32242.659569783784,9804.07942364861,40.0,111.17416803800987,8.0
3385,27402.770637283153,737.0908746124015,105.0,120.19568093210974,8.0
3386,54256.39034962949,924.8941446201261,201.0,134.9845553250192,8.0
3387,39848.21085489206,6625.926498639219,457.0,137.5103474991707,8.0
3388,40947.70602068821,4052.753059640139,221.0,129.6361126342884,8.0
3389,46205.22279639834,1475.3146193703571,73.0,119.78807142910802,8.0
3390,18143.44252611226,1740.7105962984515,67.0,113.84986749115527,8.0
3391,48367.258248072416,1989.4359907359792,30.0,123.9338752856991,8.0
3392,44241.80067939179,9782.38154220497,52.0,117.47640728343346,8.0
3393,20295.737960176375,9705.75560386378,-29.0,110.89326084452331,8.0
3394,38875.75920511026,924.9363000268617,43.0,119.81298607711577,8.0
3395,33480.11286713326,14441.72900520533,60.0,119.73368028584736,8.0
3396,42469.709041819355,33573.091753955705,-431.0,124.08858433092553,8.0
3397,49108.03286935455,924.9346492793575,26.0,118.1013205377053,8.0
3398,34419.65069119434,16713.52334245758,278.0,124.6453418344731,8.0
3399,61243.8241261816,4315.634288031525,194.0,131.2295976916844,8.0
3400,33448.51944207058,17551.635733287618,-7.0,118.2392996586586,8.0
3401,23569.49547040733,12521.135343125723,17.0,106.503479996866,8.0
3402,38350.078563912204,17703.288086529134,186.0,107.41830372750718,8.0
3403,45625.685679738766,34027.47027697289,93.0,129.1856401669785,8.0
3404,43217.95246737354,733.3482751051486,33.0,120.15599629191541,8.0
3405,7964.76506347539,2870.9584495220142,65.0,105.94667287138788,8.0
3406,51253.04958979284,1180.5137065216259,28.0,132.15621881555867,8.0
3407,16491.405553336077,2397.263818064007,135.0,117.78273906721842,8.0
3408,14103.563060552662,7450.401733916318,54.0,106.88032443495938,8.0
3409,44156.46614887087,6844.497719684189,77.0,117.73390823256598,8.0
3410,16310.816249785626,1472.7900569295025,6.0,106.22811357933978,8.0
3411,47901.982653812,35799.84041820442,183.0,121.38029776408459,8.0
3412,48427.30337388108,733.2934567885466,101.0,130.3491100251284,8.0
3413,65414.42036458393,11087.944799136043,42.0,123.29421351479417,8.0
3414,6395.584604262539,4728.7642695104,66.0,106.07503070573318,8.0
3415,30898.28081500878,7878.3182768254665,45.0,112.98566870868441,8.0
3416,34893.26387574987,11398.768157781209,225.0,124.59562685485271,8.0
3417,49358.51540561153,3139.0131873058226,44.0,118.33581918024949,8.0
3418,47060.39521787955,26679.030901584294,88.0,118.29296767757057,8.0
3419,37231.08696653193,924.8459822627714,45.0,129.45259294853943,8.0
3420,25646.41668484884,5847.738712225613,11.0,112.52213150790914,8.0
3421,39800.1401485225,6474.878230420525,325.0,113.99634097048796,8.0
3422,14485.005977961417,736.653626338878,61.0,115.73212704742667,8.0
3423,39833.170560764716,924.9179399266967,65.0,122.60193270631902,8.0
3424,34001.6799099235,734.2946450348265,64.0,138.7691864257906,8.0
3425,24059.36188785235,925.0141702156387,97.0,122.32495327989838,8.0
3426,35270.57874566665,2774.8867114435675,30.0,119.74181073906861,8.0
3427,39001.03377536201,12230.432152472344,171.0,116.71175525683917,8.0
3428,38950.83897100854,925.0043140966744,32.0,117.94987100588641,8.0
3429,32901.934102307,13135.023176850564,322.0,115.85162731706137,8.0
3430,21053.28154442846,4050.127240563275,179.0,119.92375385348598,8.0
3431,28523.05544960179,1472.382560002981,22.0,112.49592961765993,8.0
3432,50290.8885849561,4619.795611799808,189.0,123.12954190124181,8.0
3433,48142.95437890338,2871.436059096465,38.0,118.54753555837902,8.0
3434,25840.211261044413,6640.570092381244,53.0,112.60241671718299,8.0
3435,40501.73573447619,33142.18759411246,68.0,113.96620255873033,8.0
3436,33517.21758956288,4117.476546375553,70.0,118.75265729545532,8.0
3437,22767.949734432765,2871.519275272516,105.0,111.77066888571758,8.0
3438,55083.673268397884,13747.932964851287,95.0,125.18467309520435,8.0
3439,55254.2150587231,8273.353203578836,74.0,123.95312146080896,8.0
3440,18207.723865455482,7965.702884583664,376.0,124.79232834408094,8.0
3441,49217.90656635238,1184.398564558701,31.0,120.38420845784269,8.0
3442,30192.9450455186,9026.659791892182,72.0,108.26924977969895,8.0
3443,38933.521948676724,23907.799572425727,87.0,117.38522274100484,8.0
3444,16926.870510338715,2883.1624165397297,142.0,118.0292181909673,8.0
3445,46059.51924925778,1735.3252989676196,248.0,124.38533359345415,8.0
3446,51308.624682646885,1990.1813246974068,82.0,124.0960137830931,8.0
3447,56936.769060434526,14357.847589660996,54.0,121.43172338362253,8.0
3448,40621.0136527917,6405.791314743536,249.0,129.4009715301355,8.0
3449,29011.81058790652,1849.8618660146574,66.0,125.5821628810484,8.0
3450,47178.641258923424,12949.654686978101,270.0,126.07848964905213,8.0
3451,48371.18665175481,10200.29018522768,112.0,115.40634594515211,8.0
3452,7868.261908697367,6174.024154549667,72.0,107.79791715428642,8.0
3453,41021.286948746594,6516.022711229203,71.0,123.31730566027024,8.0
3454,47339.059324793714,8285.396253399236,110.0,122.25699401226906,8.0
3455,37564.85546886568,35911.64345908232,28.0,119.49462901620396,8.0
3456,46802.320064022046,20844.951011381854,73.0,117.32644043812272,8.0
3457,41531.97869408184,735.4116111788404,110.0,126.18779202159371,8.0
3458,22787.648176058043,1849.8861089631923,23.0,109.7566141433384,8.0
3459,28729.73379716584,924.9723641143618,39.0,116.63559515569708,8.0
3460,59198.26513524338,924.9328570915006,49.0,133.6220480770643,8.0
3461,7448.314721161905,1991.052244373994,50.0,104.59521392327594,8.0
3462,38019.5470263949,2361.442396800844,31.0,116.23548507729161,8.0
3463,40405.526579322905,20028.30383270209,88.0,117.50408362252941,8.0
3464,21278.35757456271,7192.806118499334,138.0,109.03555193121771,8.0
3465,22101.654677873954,2208.214313456224,23.0,107.42877323402803,8.0
3466,53378.06275932365,1989.8788213326486,79.0,116.26618938484813,8.0
3467,36448.353978499494,10823.880475285116,96.0,110.68455603207455,8.0
3468,64179.76332333555,5897.056804859535,7.0,118.0784146613873,8.0
3469,35940.13347280075,16101.176873964854,113.0,120.33103575125051,8.0
3470,32822.43901628501,28791.67445788007,11.0,110.90776780998438,8.0
3471,14477.977088010699,12827.92955155945,-34.0,100.18457967313903,8.0
3472,48146.59264082183,29365.824645783858,187.0,116.85724645112202,8.0
3473,21476.14062071263,13032.489750023313,-55.0,104.99479823541714,8.0
3474,40369.07573818639,14426.657118815467,139.0,121.31291317240621,8.0
3475,49182.103822820965,5739.410304744524,288.0,129.57833769472995,8.0
3476,43211.81510098891,4800.622289893253,170.0,125.80435659352665,8.0
3477,29273.93422967704,21729.40486194852,147.0,107.58066715803251,8.0
3478,21923.81853215461,1738.3269666885487,68.0,119.3834085406225,8.0
3479,33858.04583977239,13943.984623033897,111.0,110.66650809209462,8.0
3480,19144.70162001102,4125.86364759097,77.0,111.34113695335125,8.0
3481,27786.636863097217,737.324385805816,114.0,125.36064815617148,8.0
3482,29607.23761174781,2871.332631790813,38.0,107.69317078273855,8.0
3483,44157.95582247887,1992.211738939238,55.0,119.40883390190494,8.0
3484,44309.45375632151,1180.4149448848132,77.0,123.98106859228886,8.0
3485,41855.54328377451,20467.99678092191,-18.0,114.07278676539774,8.0
3486,39777.69541253169,3699.491784717606,119.0,122.36614861184617,8.0
3487,43051.74340515198,924.8472108784123,267.0,136.12399097119686,8.0
3488,57644.54838970283,44847.43525650773,87.0,119.74349643109741,8.0
3489,37974.09710333424,18037.876423327278,133.0,120.79574544265441,8.0
3490,54362.08140330329,5968.531090107277,135.0,125.51164091045993,8.0
3491,47838.46315301737,1181.0526113948542,179.0,144.35533138778663,8.0
3492,44229.55229689674,924.8524076829424,9.0,125.10887308386737,8.0
3493,45916.382703275674,37463.754687454326,373.0,129.78525560465977,8.0
3494,27314.5012005245,11820.43407621964,181.0,105.9949059544857,8.0
3495,36175.94443978699,1990.2256767151503,86.0,129.2075362105934,8.0
3496,44940.76121360965,1180.4270062980718,13.0,119.31519414365555,8.0
3497,51051.5534294374,2359.793804517805,12.0,115.32834770977058,8.0
3498,10591.149254815407,924.8854356583198,3.0,100.5675055217311,8.0
3499,24327.37590535496,7367.029416513791,32.0,118.32892823539817,8.0
3500,48707.00063193208,3138.7165336591243,77.0,115.05356039166733,8.0
3501,35161.26969125443,3471.61855816371,96.0,117.71421488569891,8.0
3502,22328.786122303674,1738.2475404692666,65.0,119.5507864255447,8.0
3503,30841.27316181222,13136.871693407516,317.0,124.76410453885474,8.0
3504,24093.64752706967,924.9292672142659,74.0,123.58609039950048,8.0
3505,48175.382928000465,11362.663449069223,179.0,133.50670118449804,8.0
3506,47883.38674356257,22454.246744440345,-67.0,112.94596575852601,8.0
3507,58806.84884446367,2873.3544593069446,79.0,123.52038994834727,8.0
3508,49270.6892121863,2361.041089086863,91.0,125.0944993731578,8.0
3509,11519.96225237452,6921.271248467689,56.0,98.03779885898763,8.0
3510,41769.86858289219,21524.06666482107,73.0,121.60173834359806,8.0
3511,59496.417022452726,10577.221269543232,135.0,121.43092546891609,8.0
3512,30174.710218267624,2391.4831548261386,127.0,122.04697934958828,8.0
3513,34843.063370810276,3542.8573951560325,86.0,118.67804644122988,8.0
3514,50286.25003561869,2869.62060169317,223.0,142.63134735640577,8.0
3515,41917.95740693674,21523.161803866136,71.0,121.63171938292933,8.0
3516,31486.875021234984,11657.59494440079,105.0,119.17275405150608,8.0
3517,6926.890803916101,6397.490144139292,-45.0,92.90292550719325,8.0
3518,58356.91014332703,4719.779304926633,298.0,133.08464339450512,8.0
3519,13030.385322458043,4793.436485789376,67.0,96.85324007163555,8.0
3520,42375.5136295619,5902.964330421188,174.0,118.09177940592795,8.0
3521,34505.19453970034,1735.3634633164882,24.0,118.99831605102514,8.0
3522,37554.65171430903,1989.8817021836276,211.0,121.25716583437347,8.0
3523,62243.23088653172,3136.739259887209,128.0,140.1585539670008,8.0
3524,44207.68032269912,734.830667019401,25.0,123.65364278985935,8.0
3525,8453.701936571486,6516.29473961529,59.0,95.75032951469939,8.0
3526,35347.99641402093,25840.748139810385,336.0,126.9683262997596,8.0
3527,21589.184679213493,4682.782632155891,152.0,106.47850637279322,8.0
3528,26589.234400764646,25875.454160194302,-188.0,103.75029109576437,8.0
3529,49005.89877618787,39506.128614217836,351.0,129.4935007662936,8.0
3530,33510.76161602656,734.5331669372329,142.0,130.06817174745606,8.0
3531,52112.17212403616,2871.856204548491,13.0,118.7839764252212,8.0
3532,33148.21450777537,1736.9398833117073,105.0,122.16029939582538,8.0
3533,66582.64901048676,2358.7720255043146,68.0,125.73518085832235,8.0
3534,55681.031253300076,47230.8471860694,361.0,131.2495882024308,8.0
3535,55248.01098519003,34259.6156839496,317.0,124.67498204117533,8.0
3536,54015.78735941053,1850.0245699460131,20.0,117.7098688694571,8.0
3537,62115.4644487573,2369.923730407382,148.0,131.1748043972501,8.0
3538,8905.381832083553,1738.4952889384815,151.0,115.20803576085162,8.0
3539,16128.011844538205,736.2215804751199,106.0,121.0099374406283,8.0
3540,56938.78934684911,15392.48662848857,33.0,126.14650919698308,8.0
3541,19650.73821344723,8089.146244826828,72.0,104.95773418655352,8.0
3542,11299.054430123551,4119.527330307978,192.0,116.22234108112802,8.0
3543,19768.3227463772,17817.983345801236,-357.0,105.0640411735248,8.0
3544,42608.12149442039,1181.078720752812,31.0,120.67846112193506,8.0
3545,22852.274743119135,7365.332905776962,181.0,118.95158955755274,8.0
3546,26242.954946953698,5213.055635136721,27.0,118.16764730085482,8.0
3547,46764.309226838646,924.889958738311,41.0,131.10579725310544,8.0
3548,45173.23322200149,20806.202054010744,234.0,117.87194966972922,8.0
3549,7399.515406267746,1849.9139241595446,13.0,101.18316739653321,8.0
3550,26128.877078511217,8318.849733722074,77.0,110.38613564187199,8.0
3551,29132.67439526148,13136.341212514464,190.0,109.69591912181046,8.0
3552,43176.95512654587,17817.320034902797,225.0,126.59266337873535,8.0
3553,27183.282791149108,9365.36096497366,-43.0,113.7905131341417,8.0
3554,27448.78832632081,737.5281786882581,35.0,118.9303587934109,8.0
3555,39750.38158367734,14276.402257289446,59.0,122.05463960370223,8.0
3556,49465.01734416098,31754.560822216692,23.0,124.15238936261795,8.0
3557,54103.93144117209,16473.808460814857,55.0,115.83990171262246,8.0
3558,53136.684439671124,4683.362896631373,52.0,117.37655432131581,8.0
3559,18630.015389611923,1849.9620028698198,79.0,114.02700040773121,8.0
3560,48459.88871537586,36359.18118103518,131.0,112.77630752180413,8.0
3561,54824.179249054694,3137.854032195364,268.0,132.83679901211877,8.0
3562,16548.569816433035,3772.3171866262933,128.0,115.21767460026952,8.0
3563,36463.77027789418,737.7259222848587,101.0,127.1204627903939,8.0
3564,21552.75946379272,1183.763651231977,116.0,122.33467517278564,8.0
3565,56093.62592879465,10981.814955621294,61.0,121.84565601649122,8.0
3566,25353.20214681808,4042.0147896562753,25.0,108.8543385812766,8.0
3567,59383.03652864402,4056.153485470687,147.0,129.28389990813838,8.0
3568,8756.643153867515,736.9433800976262,123.0,117.68730961975237,8.0
3569,12688.991866732333,10953.260617129114,42.0,110.26200702998214,8.0
3570,14837.88984708445,9614.492361726392,126.0,105.05149191337753,8.0
3571,56071.77105138044,1184.5714356921821,116.0,137.1347993057189,8.0
3572,42546.545143114745,2398.839518093447,47.0,116.83869631404819,8.0
3573,15375.39259619721,5914.441333674577,44.0,106.55552745036437,8.0
3574,33254.19875101937,1738.654089498114,5.0,114.72866564838188,8.0
3575,21651.18342215904,1181.1967515450326,31.0,109.97936227790034,8.0
3576,50210.82559740169,1184.129865708393,62.0,125.74128785719921,8.0
3577,57237.07942969314,732.9613128614183,21.0,119.82211109376891,8.0
3578,16841.769217806293,4049.5529332006117,259.0,122.06761185406032,8.0
3579,5478.005601906371,3797.2077716336407,-4.0,92.57250175023596,8.0
3580,52575.73340711571,739.0381444975792,17.0,123.48552179722017,8.0
3581,6925.013339516989,5219.078751097959,56.0,105.62792091910947,8.0
3582,67199.52259222502,740.2277738331902,51.0,134.89292135032292,8.0
3583,35242.57881279286,2393.209259516775,44.0,116.02201338741739,8.0
3584,46829.5486321777,38377.39937425122,374.0,129.9414427357901,8.0
3585,62309.268590979875,2357.6908408018962,80.0,129.05086189809538,8.0
3586,34134.95728846332,26546.49315395966,-40.0,105.44619807782898,8.0
3587,57601.01370521098,731.717148069851,290.0,141.43155047684587,8.0
3588,31102.4354811951,1736.9546830185702,25.0,110.134583092535,8.0
3589,32911.22489094881,9806.604672424817,37.0,121.64120410414165,8.0
3590,45320.06595042218,1849.7799146606785,57.0,122.23841753474017,8.0
3591,51209.359370643695,4682.268518633544,461.0,122.27733789013097,8.0
3592,45244.31054296996,7197.895947340153,67.0,123.1206254467829,8.0
3593,55160.801219748966,4722.619446509034,64.0,123.28411225909846,8.0
3594,41062.658645856136,733.70578336352,212.0,134.69021100504352,8.0
3595,47452.16254586754,1849.783540773088,35.0,116.65194211141605,8.0
3596,36868.47599915832,1472.896720173469,265.0,131.93314100333183,8.0
3597,45801.72749948858,1735.295570344891,186.0,130.33323113513623,8.0
3598,44896.7609880946,1181.102948470993,240.0,134.08996116857224,8.0
3599,48253.098049986445,27864.04229885866,71.0,122.82618851028224,8.0
3600,52497.3904031891,21331.913698323675,95.0,115.37065097258349,8.0
3601,37750.96189188844,9281.103393697935,22.0,116.30037848868464,8.0
3602,26579.040671485825,12164.113369138471,89.0,111.32973463365113,8.0
3603,20401.97000833274,4624.836872104364,-4.0,108.38602434318811,8.0
3604,26252.81737864705,5487.8601978563,103.0,116.36845703504967,8.0
3605,24315.120148471196,8570.986234510307,39.0,114.33472706627923,8.0
3606,40989.22397034868,7109.070343316548,159.0,109.43902548941618,8.0
3607,26909.140969729506,737.4243602045598,76.0,122.22801653397525,8.0
3608,32816.96061795061,2877.60071858469,101.0,131.34390426884443,8.0
3609,53058.42476858833,27125.70135810747,139.0,123.63404247409359,8.0
3610,42858.14460119622,7435.958178324319,116.0,114.88447449214439,8.0
3611,43060.322335547826,1181.2367504277015,44.0,119.43338928690386,8.0
3612,58416.11564330967,10457.478441969795,417.0,118.35645562958328,8.0
3613,42926.26675801915,3678.021556727999,118.0,132.40953163643272,8.0
3614,63413.57376000241,8289.983957687688,192.0,127.9524611506548,8.0
3615,21481.00829242729,16902.56987859581,60.0,104.22365540108844,8.0
3616,36114.988272965595,1472.3844404112233,41.0,116.73588220253127,8.0
3617,32994.188515298,1182.8358876392115,64.0,127.27955056510928,8.0
3618,49191.77566139152,924.8810461583437,214.0,134.6766421331714,8.0
3619,17427.208413412412,6840.006912082721,-15.0,109.79542804195373,8.0
3620,30602.21644449994,924.9056671707419,71.0,126.28390325392161,8.0
3621,32589.276847152316,2399.203306440919,121.0,121.36568478243413,8.0
3622,49018.49044660769,2871.8786298082805,48.0,126.19574548272412,8.0
3623,55266.69088034234,38944.2890167523,109.0,123.94636706979463,8.0
3624,47981.71773978526,2360.654045738971,319.0,136.978169796761,8.0
3625,43168.69283823833,1180.4036661987054,78.0,126.3166007442606,8.0
3626,43763.71386975258,734.0125563417963,95.0,145.08127407680976,8.0
3627,20183.603749565445,3482.7002552018425,25.0,117.74549107155126,8.0
3628,5157.170892120202,4419.93454422993,-15.0,90.35087483625313,8.0
3629,41307.50843096438,2205.661808570839,124.0,120.97711385627558,8.0
3630,53069.877026184826,739.9850287232936,114.0,131.75824676197522,8.0
3631,31190.49896697028,2877.550774532625,3.0,114.53500253166308,8.0
3632,56102.027050117445,3540.6387258603213,51.0,122.07222146596246,8.0
3633,50611.848227596005,1989.9906550603714,8.0,115.70943868884727,8.0
3634,50494.48155810486,1180.6174260274888,35.0,119.26992699941886,8.0
3635,4790.970959614722,4120.82651891712,-23.0,89.22117372308234,8.0
3636,44526.564982442134,24276.140625856962,73.0,122.1435739315388,8.0
3637,27731.806890120537,11311.854069533776,73.0,110.72041759688217,8.0
3638,34370.431528843685,3790.8606948058227,55.0,110.09594223043693,8.0
3639,48290.64881487175,10413.542119542784,35.0,122.70836140525077,8.0
3640,17028.476986209487,4050.325520676626,72.0,100.31425142050738,8.0
3641,30782.787440127388,1470.933031124095,15.0,115.14711340017426,8.0
3642,60241.756204595535,3540.33821983776,78.0,122.6947898502996,8.0
3643,44680.090448300805,29431.28346927548,366.0,113.4310346324806,8.0
3644,11071.66177784314,2397.0057735375694,33.0,105.65879939607899,8.0
3645,38100.43809441076,12113.908487125898,99.0,111.63285403610045,8.0
3646,29477.61064724022,10268.164455018177,185.0,117.14768457686,8.0
3647,47973.43067848078,2360.673648541761,65.0,120.70968724670246,8.0
3648,40431.73038850609,6179.832805555131,202.0,123.26080917704408,8.0
3649,41079.42749638972,1475.15489744322,131.0,127.07403959220053,8.0
3650,60344.04700866553,8769.068108680252,184.0,124.46162361441247,8.0
3651,52081.80075690774,40395.06078866937,259.0,114.18905322417918,8.0
3652,16196.170872658226,4615.298464391967,25.0,111.55778076534963,8.0
3653,57279.2057187584,15608.58502489273,16.0,128.0140558331155,8.0
3654,33755.62313247097,10595.960334270154,374.0,128.6912691883602,8.0
3655,41830.93628865432,4110.770243762703,77.0,133.7334517387157,8.0
3656,45012.237221074094,2870.099736851828,59.0,119.72453877046033,8.0
3657,29606.925272587665,925.0215214417747,99.0,128.62922271941346,8.0
3658,13287.616491042985,8689.280160859713,61.0,100.31370491916138,8.0
3659,53338.21621147021,2775.0973233165787,61.0,121.31785696761797,8.0
3660,32710.590929983435,1180.5139043253062,81.0,129.6575177180065,8.0
3661,40151.35768206328,12555.374980905843,65.0,116.80989332974282,8.0
3662,42778.0361753837,738.6912532779231,112.0,134.49732375172485,8.0
3663,47828.529311691076,1179.6419559904207,89.0,143.62355199964918,8.0
3664,5125.220341795107,4309.109943761617,-64.0,87.46104811860572,8.0
3665,55152.8349452388,21890.385624685427,72.0,111.39544468104906,8.0
3666,31584.29664478797,1849.6449038992341,33.0,112.09574148021959,8.0
3667,38095.55974748751,4619.425937213456,188.0,113.80347305643662,8.0
3668,21324.63097432645,924.9256098255647,22.0,112.1629956477053,8.0
3669,12024.266089531216,11099.26156619089,-71.0,103.6414100334283,8.0
3670,49195.11807789383,2870.3183662351958,5.0,113.77835435911048,8.0
3671,45648.24180215116,1992.3347756244907,13.0,114.54603913350378,8.0
3672,28458.335309527312,3143.3863798048747,22.0,109.2594324543089,8.0
3673,35052.63184875475,17893.501832231745,176.0,110.1139221649538,8.0
3674,45059.171469053785,8263.059969451673,183.0,124.95638213153262,8.0
3675,43498.02053386765,924.9548926780217,65.0,125.30252550410262,8.0
3676,50908.40572693522,11640.453463521877,44.0,118.94229688835901,8.0
3677,36338.30138579386,24242.37900812296,183.0,109.05019988397524,8.0
3678,33367.43234323247,6638.904591753015,324.0,127.50052039502292,8.0
3679,54519.873103628954,9436.256880046445,28.0,124.85310650366546,8.0
3680,56689.76360265489,5900.334808136764,210.0,130.7566264535273,8.0
3681,34442.30652166096,19644.190613682473,60.0,110.02247670651488,8.0
3682,45889.81163960704,1741.9064538209152,222.0,131.6957602978536,8.0
3683,25703.023139814115,6180.864589887723,91.0,116.94618705545068,8.0
3684,9746.723041271855,4512.852247482513,114.0,111.44867601401558,8.0
3685,39030.316172811756,924.871944648894,21.0,130.0417589002775,8.0
3686,26380.241501200242,9258.114410324366,27.0,116.70706275707822,8.0
3687,40194.70084637365,24948.012411423017,363.0,113.96112835303624,8.0
3688,24939.71411832225,9274.193099914866,470.0,127.56124608862453,8.0
3689,35947.07002571214,738.1680578048918,74.0,125.72597294379372,8.0
3690,29357.068225783507,3143.4998405102297,36.0,112.53339850482665,8.0
3691,40802.91348639507,3699.525466760882,83.0,108.52984650372446,8.0
3692,37057.35886164878,2885.397183971595,223.0,127.87815506541229,8.0
3693,32357.715987078933,20797.27844203032,120.0,111.87723995949158,8.0
3694,40028.18037205849,19782.652037163647,73.0,121.24115033379832,8.0
3695,14048.504378897338,3772.065008533822,65.0,100.86482468495089,8.0
3696,44801.51338550769,6667.931081462011,57.0,118.86833864815162,8.0
3697,11091.76032797892,8264.345016410425,-4.0,104.60540451736392,8.0
3698,24524.886650083412,3482.422817542066,215.0,123.41077288325482,8.0
3699,54475.83216041102,6836.4657579026525,267.0,129.2888118442288,8.0
3700,34690.828512463544,9830.185950032725,51.0,120.03279472145888,8.0
3701,6177.671500486265,5478.63812318227,-34.0,91.18612798745608,8.0
3702,57188.64944786053,35853.84907187403,-45.0,127.92906159114784,8.0
3703,37758.92405770043,5240.944916281163,29.0,115.65821224002286,8.0
3704,40904.626856096686,17222.13575236293,91.0,116.83224169455302,8.0
3705,55037.167621952416,1180.1493538961913,47.0,122.92110462287528,8.0
3706,41528.4054739891,29425.5260948093,183.0,110.52139105889243,8.0
3707,29802.448390535184,12672.573564238965,163.0,108.4793892897904,8.0
3708,17635.24507140041,7436.11193626234,177.0,117.61510409762664,8.0
3709,46475.84718854462,5130.245088914234,95.0,123.8961743095379,8.0
3710,40076.29880707143,1182.940013159826,41.0,127.49536919702074,8.0
3711,47914.78990775592,924.8405611562778,28.0,130.2220550068539,8.0
3712,34725.33037414097,14962.839087552564,6.0,112.23445779729605,8.0
3713,49564.507341072895,3138.0350307187628,236.0,133.648960940828,8.0
3714,19157.919538503036,13280.195970225264,91.0,118.86032412874165,8.0
3715,42725.33124311549,24281.291218394184,110.0,111.92206568980257,8.0
3716,40313.57136103965,3471.837247180569,95.0,116.72470261958561,8.0
3717,46120.731050967144,738.2115300312903,131.0,131.8108111002085,8.0
3718,37299.141262863224,14793.497214499628,277.0,131.78671615637495,8.0
3719,58267.17647042394,6836.263601975415,242.0,135.889768146721,8.0
3720,68029.20020639399,925.2697043735109,15.0,123.01999697411148,8.0
3721,18780.50504052104,1181.3674701570533,20.0,109.25063515966686,8.0
3722,41681.53463334072,5549.943520631242,274.0,128.08927559578652,8.0
3723,48921.551285172776,1733.2537104329397,212.0,145.46542933844134,8.0
3724,39502.49388390208,22484.23000681399,183.0,121.1293134460247,8.0
3725,19862.785058712856,8272.725897478971,18.0,110.33773178770039,8.0
3726,55632.12705329198,1745.60228172672,206.0,128.86040821326722,8.0
3727,43192.555814755986,2207.845133919268,107.0,118.24055405577505,8.0
3728,55405.82971064771,46952.300160137,353.0,131.18178532693105,8.0
3729,45535.839597756654,26984.094061747248,340.0,112.22586741714886,8.0
3730,24751.118830042225,7427.718874398233,82.0,113.34648812094869,8.0
3731,47777.582144270134,1734.908518245042,90.0,125.9017821196361,8.0
3732,55167.427948554,2869.873004240579,21.0,126.81368162856025,8.0
3733,39842.201983306106,37640.0074145266,-259.0,110.10802901402707,8.0
3734,46843.019294227204,1470.780362106788,175.0,130.6098794391711,8.0
3735,45804.15955984193,28744.64948433042,478.0,112.14043791547408,8.0
3736,8647.423595225808,2882.8440470534783,75.0,108.17115816013614,8.0
3737,6640.131934125336,3772.4799350894896,-12.0,94.7120539205938,8.0
3738,48079.21331711408,11634.710872499845,167.0,132.18207072858368,8.0
3739,54183.780678068084,19033.206495907438,79.0,122.83669719154439,8.0
3740,46102.50805672679,13225.94106221973,21.0,118.0172654974216,8.0
3741,35261.8497074259,15429.383444201505,113.0,120.1703808135226,8.0
3742,58044.15366199126,1184.6174673329936,130.0,130.58234165894865,8.0
3743,16848.895272284768,924.8712173756248,271.0,128.55396639291746,8.0
3744,17854.810571212874,5759.847310612974,37.0,111.43571417290944,8.0
3745,64797.244738829606,4739.689682462176,82.0,132.9421846302444,8.0
3746,9755.267048370697,1473.9748866424084,95.0,112.2165762320069,8.0
3747,14839.768360299717,11923.1450323142,-9.0,106.08733531154787,8.0
3748,23895.665597880066,7115.3591794449,73.0,111.23644589706299,8.0
3749,49512.31796031935,1850.123438283716,48.0,116.6047793558403,8.0
3750,43168.44685255452,33952.40963805389,-269.0,120.81709676828474,8.0
3751,33426.9674888597,14871.803654942049,293.0,124.99333936469822,8.0
3752,27939.734943317548,19663.403228877447,149.0,107.30609091007908,8.0
3753,43163.03631695001,25707.54551290698,109.0,112.86411435029063,8.0
3754,54326.61066409384,11590.08502820166,-1.0,116.59403846693718,8.0
3755,49467.5247252674,7435.607808574095,90.0,111.35156523042384,8.0
3756,19059.104433762237,6393.313791774234,50.0,114.03020942582334,8.0
3757,17832.021394490468,7598.603964704713,3.0,106.83719871084406,8.0
3758,9422.493908686494,1181.4609247584146,18.0,103.02884014122633,8.0
3759,52924.894924170185,12945.393849073227,76.0,117.7447006522832,8.0
3760,10438.945626104954,5763.438482588278,9.0,100.57423055587996,8.0
3761,12379.419352877214,4853.176120496606,84.0,100.24454114394463,8.0
3762,35756.33361646188,13431.372708691471,167.0,121.68196586017609,8.0
3763,42250.50908948274,6501.503974021438,473.0,132.43062320689302,8.0
3764,43761.15385933526,734.7543791916839,102.0,139.81046646087952,8.0
3765,64257.97291297177,5207.396565616932,61.0,118.38038142721099,8.0
3766,14255.07517322498,6686.813444361364,196.0,113.95907186551413,8.0
3767,25497.62456103808,5740.641683890251,215.0,107.19141433013289,8.0
3768,36433.40494565907,924.9818608450937,42.0,125.48011947865996,8.0
3769,36139.02867998295,924.9465592795416,142.0,128.26637171852016,8.0
3770,34057.71990265322,14107.670906254785,133.0,119.87766363023547,8.0
3771,52454.025153314105,1733.9586987456614,47.0,120.49960248624808,8.0
3772,47519.55868893964,35960.510176761934,120.0,115.50233018317284,8.0
3773,48947.40599970771,3139.0152999290804,98.0,118.55155694070872,8.0
3774,34569.73365611412,11412.17989277576,333.0,129.07328463706685,8.0
3775,14414.800287820382,1740.4316311803327,6.0,112.07687854413359,8.0
3776,42792.26579311308,924.8633605404125,7.0,125.12735101972584,8.0
3777,41145.07878221457,4053.4940629004823,195.0,126.4345269208734,8.0
3778,47250.71003617877,30247.85227336313,216.0,130.82685901021344,8.0
3779,28714.890666608717,27000.433576705254,-8.0,109.62453842527829,8.0
3780,31851.5819606325,5122.780013962014,26.0,110.52748357333391,8.0
3781,44403.988407945835,1849.892265557797,106.0,116.0134257689385,8.0
3782,21647.391655045136,1990.1067142682293,50.0,118.79015492923979,8.0
3783,25173.880564730167,11077.989526704698,39.0,116.89601059207538,8.0
3784,59326.58433788655,1179.3352886180776,51.0,136.2583102213388,8.0
3785,18470.31509475091,16752.392822957856,5.0,105.33395682654343,8.0
3786,48661.28086127267,924.760081894756,28.0,125.54649207020086,8.0
3787,28613.04231120225,6950.816486543954,66.0,117.26898927855513,8.0
3788,49240.826537476365,22792.57668504058,63.0,112.76464234957498,8.0
3789,29924.161341263552,6889.002587571288,45.0,118.9938898896912,8.0
3790,23540.823821553167,925.0141702156387,97.0,122.23467436620686,8.0
3791,58161.739688918286,5206.5479853460965,43.0,119.62361399268669,8.0
3792,25130.870691217795,2366.9415564016895,56.0,124.04093855475242,8.0
3793,48130.04415110041,3539.448124727195,442.0,135.07797859839164,8.0
3794,22116.577291938796,6629.052326307678,180.0,118.93794719622935,8.0
3795,48401.15716707428,1185.2488324490866,24.0,130.49600052074362,8.0
3796,27627.32299607556,1850.0220805598228,42.0,111.47134982725376,8.0
3797,58696.59353035356,56735.84523835483,-153.0,109.5546970555689,8.0
3798,18196.82450456319,1736.8347010869886,273.0,127.84093195862621,8.0
3799,5125.205636865626,3141.4537528478468,18.0,92.17531480495037,8.0
3800,39728.49884769895,2361.6172620052644,65.0,127.81742848637157,8.0
3801,42720.557980093756,1181.1018770780063,10.0,120.61876855629083,8.0
3802,32873.01657555492,15714.259965283174,176.0,110.45115041507148,8.0
3803,51815.32422221816,1849.6646110039756,25.0,120.76705045119296,8.0
3804,45606.15293413242,4039.3486881048384,26.0,118.79979454303896,8.0
3805,41261.74402478722,2208.1932624319193,190.0,128.2253820034638,8.0
3806,30604.122777917,13756.471410570392,45.0,117.98515508837284,8.0
3807,53637.70476068105,19577.80543781358,65.0,122.71775866540189,8.0
3808,52563.14229402699,925.2001939033565,8.0,124.51400966497263,8.0
3809,28022.73504086956,1991.9754508051199,15.0,118.89558696192378,8.0
3810,35855.26215444937,19004.11681311535,34.0,114.00528573190581,8.0
3811,51260.368638139,5130.86561172032,48.0,122.45435157280113,8.0
3812,28867.320192688683,1182.8395885942098,95.0,128.40792046795025,8.0
3813,19582.426688820804,8639.366955903404,207.0,119.61607992199885,8.0
3814,38039.8182006597,22790.7872626348,361.0,111.52239203549547,8.0
3815,16549.521181561413,8273.4000021107,16.0,105.63012054271589,8.0
3816,21924.223280195074,4118.705371000591,10.0,114.64735453624807,8.0
3817,44771.09119933438,1179.7129766697578,136.0,140.47482380098904,8.0
3818,12046.510511399945,1849.871854104302,86.0,113.62508408794824,8.0
3819,28530.227879269918,4683.178431473863,127.0,117.87817141660844,8.0
3820,40398.40333518089,2361.4217117021612,172.0,128.21323436815817,8.0
3821,59210.3534152451,38454.16485975359,111.0,118.80284714464518,8.0
3822,12790.542052403478,1181.831841147714,21.0,110.76635583674351,8.0
3823,49571.43249170017,41121.12787678929,375.0,130.3868823712071,8.0
3824,57505.62162131434,40483.46451894977,183.0,124.32020604076148,8.0
3825,59232.48074772253,4315.76806402391,245.0,133.44733005016278,8.0
3826,33969.77707999446,14744.393390432928,140.0,119.61418156252044,8.0
3827,59484.00874091518,1989.498287677233,72.0,134.23059990084568,8.0
3828,52883.569660138826,19900.384930924276,50.0,113.55650968474217,8.0
3829,32281.1176804025,6353.663986567617,139.0,119.72814925738497,8.0
3830,26833.530085283735,3699.802225462786,36.0,118.37648862571172,8.0
3831,41096.7662514998,1989.6338632323234,108.0,125.07003689010786,8.0
3832,57061.22053896225,2369.5479170331055,129.0,133.11787146205685,8.0
3833,51309.284565358284,23855.570152112916,54.0,128.55177839513345,8.0
3834,59071.98674372709,6942.27026278618,304.0,131.08956089417342,8.0
3835,48733.39346631958,35944.39057968833,87.0,118.73549894147155,8.0
3836,54283.9201307731,4856.042744400935,30.0,123.03054944815166,8.0
3837,39097.10003191019,924.9240121849645,26.0,123.89003189163132,8.0
3838,39369.436319658256,4039.3486881048384,26.0,118.8264464498573,8.0
3839,9804.716098696796,735.7540961295458,1.0,100.75900523655885,8.0
3840,32506.143376161504,14871.981286693917,170.0,113.57082372934791,8.0
3841,43232.69372567725,1473.6195004669667,97.0,130.57708678798846,8.0
3842,32541.54605577754,15916.312239796789,133.0,109.70725380488192,8.0
3843,31231.869743740688,7543.831201855447,41.0,112.42711509067787,8.0
3844,49706.54068009848,25844.03711718162,132.0,125.35074070767128,8.0
3845,27368.053729178937,3983.5977281816545,174.0,125.52385854608977,8.0
3846,39867.62290343996,3082.3837480694983,312.0,120.27853625408456,8.0
3847,40603.22619382672,2871.8697259219034,42.0,110.26290436802618,8.0
3848,40086.77762779682,5121.379544952024,220.0,124.95172203271815,8.0
3849,48530.44338486528,734.3859895046663,117.0,130.63279537812892,8.0
3850,61971.1488155635,924.6846116692019,32.0,131.47511612715653,8.0
3851,33902.05506008553,17467.85397050121,73.0,112.01276255117223,8.0
3852,7113.613123188663,2870.8420766451636,42.0,105.08880675791748,8.0
3853,55863.94834266021,37086.84552879726,187.0,117.52530111288686,8.0
3854,50878.21686999766,3700.0358974639016,108.0,122.1975442597718,8.0
3855,43466.96890874804,1473.9049535671866,125.0,126.74652066115284,8.0
3856,8090.49270964675,3545.6337357158695,58.0,98.80759802397415,8.0
3857,54588.453448880384,13892.65883398701,168.0,119.19288939001564,8.0
3858,52966.13271698076,13222.795373124083,267.0,114.61342933312271,8.0
3859,52844.19019517854,1179.6887558433034,99.0,122.28321919269946,8.0
3860,18205.785123243575,1183.2941272652236,161.0,122.46897234339832,8.0
3861,42328.10563842092,1184.0405639758437,23.0,117.03125202327624,8.0
3862,41691.10443053831,1183.9087798821165,63.0,123.30506884294866,8.0
3863,30306.933279968114,22030.15642376246,153.0,107.16159886664433,8.0
3864,56514.49608431845,40418.39631091984,205.0,131.0857779202551,8.0
3865,52607.70923118957,4850.823151890856,279.0,132.73591191581232,8.0
3866,37359.4244961892,12549.158983941687,36.0,117.8078772858904,8.0
3867,58621.22511239325,8274.044942208313,105.0,119.89573914486931,8.0
3868,38032.68312175806,17048.128217763086,256.0,125.8522823135951,8.0
3869,32877.485944061686,3541.6794695506765,93.0,129.58110007677243,8.0
3870,46253.91153181742,4624.986878117633,297.0,130.19140540642564,8.0
3871,35392.65945313417,1183.4055681348527,148.0,127.75781355741591,8.0
3872,47165.02101127995,1181.1452198426257,144.0,133.3276130368604,8.0
3873,30557.50420713414,5549.322583851336,272.0,125.59405024827619,8.0
3874,20678.81022357475,924.85118434144,45.0,110.89966613638653,8.0
3875,64223.862948177644,16284.506915941654,219.0,141.30786409908083,8.0
3876,37749.52004593665,24955.655472580136,87.0,116.36894240428379,8.0
3877,20154.86828573058,9211.225771929301,453.0,129.03110177571182,8.0
3878,50618.52839344089,35821.95534491771,9.0,115.39639568678129,8.0
3879,31581.84562244625,3772.3958635170025,64.0,126.18937855263218,8.0
3880,42818.43201124595,36171.338039376475,32.0,113.21871446752127,8.0
3881,49725.766084997056,10462.496623029825,44.0,118.95849049190322,8.0
3882,19017.82200005772,1990.3567083826329,30.0,109.5314133783838,8.0
3883,26278.432794137258,13488.15610295327,87.0,113.60847630815732,8.0
3884,8084.249934678042,736.6703829758239,18.0,103.51953891106749,8.0
3885,9955.109311215427,7112.91086296408,1.0,103.88665811365807,8.0
3886,36224.38226720547,29584.44239312304,80.0,112.86645562880476,8.0
3887,22840.27608407421,5154.219835862026,35.0,109.24432199877828,8.0
3888,15250.464997530995,1991.3046946279815,133.0,117.458547858788,8.0
3889,50885.0632417597,5920.962566127244,94.0,130.92414577854302,8.0
3890,31316.55645262259,10673.056570557068,41.0,113.98197644858865,8.0
3891,31082.40449208672,15181.430240070875,77.0,112.83419451394468,8.0
3892,32949.421053946644,12574.26506326371,88.0,113.13135527471016,8.0
3893,55763.41640729267,924.7048871056389,91.0,131.5151066458618,8.0
3894,58331.221531854295,8255.449072772697,416.0,133.61924420042064,8.0
3895,54744.20107027213,31928.24943443487,255.0,132.31774511007788,8.0
3896,49420.3790853276,1179.7666117577978,96.0,142.56429819413816,8.0
3897,19842.8961863255,18134.646241994316,-37.0,114.22403769249793,8.0
3898,52050.9776739908,924.8024026824669,57.0,127.6431884856534,8.0
3899,23860.643764178225,3475.2141306142476,144.0,110.79921975015746,8.0
3900,61053.38365495771,12125.432471571567,116.0,121.69177398133671,8.0
3901,39902.10345018233,14489.838812383827,76.0,122.88406308434836,8.0
3902,31173.784484897504,1180.6217605392098,193.0,142.17410227407106,8.0
3903,44467.77201788943,26020.178204861226,163.0,122.13236333055946,8.0
3904,41595.14051360492,26561.86048623377,87.0,116.70725442228331,8.0
3905,52062.23812930231,8615.33948731139,50.0,122.79698900344414,8.0
3906,51338.8979756027,2367.9168738086228,238.0,132.02694130737376,8.0
3907,41009.904160444086,34854.00964212489,-78.0,113.76129615225173,8.0
3908,40855.41829359759,733.3840565713774,122.0,142.437006429539,8.0
3909,30165.374355498774,1183.3100222738185,57.0,127.26354544863415,8.0
3910,37569.580539609,8832.77878443939,223.0,116.3037179731265,8.0
3911,43202.2777409274,2947.8220680886543,134.0,124.55006416904972,8.0
3912,33584.13331277241,16565.32147662717,183.0,119.39681707361066,8.0
3913,48166.806464298126,31157.359253854185,296.0,132.06280984995672,8.0
3914,30743.05488873582,1849.909031939289,192.0,126.48623082697043,8.0
3915,25548.58765182655,1181.597073380314,291.0,126.84939403831449,8.0
3916,55271.218673670985,45080.32181447057,116.0,118.95338852380615,8.0
3917,28071.452084730558,26377.787501954735,56.0,117.15420730798007,8.0
3918,28239.064417689522,2362.3816046034326,69.0,116.22857095209807,8.0
3919,41714.37312498326,5231.976748305433,160.0,123.58035462437971,8.0
3920,34194.050062684655,2399.8387341352195,99.0,123.85014849442557,8.0
3921,38096.09004273393,11940.867378695282,43.0,110.06126385447527,8.0
3922,40069.0978757455,1991.7838734472357,81.0,130.1476911123019,8.0
3923,47376.39474216631,4304.703069514306,7.0,113.98668777434136,8.0
3924,59541.74575696054,925.2037186992641,25.0,120.23675429757652,8.0
3925,45528.08903495224,925.0324299119005,43.0,120.84737525717405,8.0
3926,48287.36826117739,33045.9772134463,355.0,115.12542072454666,8.0
3927,57091.874393586746,17317.04480778411,61.0,117.05581539018475,8.0
3928,11823.823250032587,2365.3437425862467,44.0,99.75740185498586,8.0
3929,30021.008732514623,2878.199712825676,15.0,117.66736078859968,8.0
3930,13976.75603449885,1741.366140543934,68.0,99.0811114129842,8.0
3931,9788.400883084232,924.881790815194,41.0,113.25741440921772,8.0
3932,46292.12418953611,734.0176362506629,144.0,132.31142714774853,8.0
3933,28316.253971848222,16719.371606761186,17.0,112.03378629135196,8.0
3934,35177.18731039677,924.84096472814,39.0,116.94629411028902,8.0
3935,11064.655703978211,7589.341372919738,52.0,109.46851559205622,8.0
3936,27785.904807369392,11123.06770629387,115.0,112.49543148420511,8.0
3937,18028.88411427451,3140.3397800285748,89.0,113.61679942119761,8.0
3938,13685.5836267259,11966.984932196896,12.0,102.92258669500966,8.0
3939,45543.43910952388,26758.865751334004,187.0,116.04756836296217,8.0
3940,39097.4347900528,2774.644764798869,75.0,116.91809172638317,8.0
3941,46317.05024028745,1989.603721711388,74.0,126.24193099985251,8.0
3942,21324.585952333633,924.9266387532232,82.0,119.32904462348579,8.0
3943,28221.41897731371,2870.248648919471,286.0,128.1709991876021,8.0
3944,36197.95901454125,735.7857697304855,15.0,116.50749348412093,8.0
3945,29999.177346134373,17915.824189352374,183.0,106.78158600455666,8.0
3946,56365.07080599915,924.85261062087,62.0,125.46105446903094,8.0
3947,29485.397146654796,14444.884432403258,87.0,112.79548685474413,8.0
3948,46213.81003942323,16937.754615070706,188.0,113.92973859350055,8.0
3949,38885.61450051584,26322.939113143784,331.0,128.58943670141065,8.0
3950,43066.470030852885,6866.413468406084,153.0,120.24105892661842,8.0
3951,29610.790531280265,9430.659555142252,72.0,111.68475518413433,8.0
3952,17700.32667904804,5891.862676606828,59.0,102.58813931045887,8.0
3953,16331.81929348246,924.9879724511759,151.0,122.84477861674618,8.0
3954,53493.6123605152,6290.088867017579,33.0,122.10314628476748,8.0
3955,50889.19151504168,3137.4396521833946,88.0,131.66168218863243,8.0
3956,40750.33172093087,1184.13345292591,71.0,116.00475534886442,8.0
3957,48330.63360488104,734.9736200218099,70.0,137.82111281569348,8.0
3958,51481.93661271151,1733.7984407265467,53.0,124.3766210209543,8.0
3959,40321.28419109761,37973.49115599054,-135.0,114.57709942252878,8.0
3960,41431.29252433294,1474.5431888180378,83.0,122.98287577380424,8.0
3961,55388.49528903393,924.8641196155806,44.0,122.92778318520085,8.0
3962,50123.103273450295,924.9306138700184,13.0,121.19786155167712,8.0
3963,41280.09940096159,8107.82260998604,250.0,129.5509374999447,8.0
3964,19588.390789210087,924.811494577102,18.0,114.91842683254009,8.0
3965,40314.175798571705,2211.31085042762,82.0,124.26005422857828,8.0
3966,45798.228010518746,1180.226802356359,45.0,122.3053842455557,8.0
3967,40017.164559986944,925.0736853251569,19.0,115.42965188266835,8.0
3968,42037.804781948056,924.9753290529701,7.0,117.76134371154569,8.0
3969,28008.81736670306,2884.9204030554624,32.0,117.79502532861662,8.0
3970,31235.304975138966,21728.445705736758,345.0,126.8496883143658,8.0
3971,44179.225305283006,3542.3590836844646,3.0,119.06381022160946,8.0
3972,46325.81984126491,2871.8697259219034,42.0,122.30017947705447,8.0
3973,31323.886088516956,924.9563415297799,61.0,128.5743679231299,8.0
3974,22940.666040338532,1183.5767913536533,66.0,124.45817525770929,8.0
3975,42163.001944588475,15439.621485167621,337.0,120.33269083151811,8.0
3976,49074.41183470085,924.8578612946598,163.0,132.93041141188488,8.0
3977,66115.17269829793,1179.8240432705475,53.0,131.76389759085416,8.0
3978,27968.688573174702,8832.052315401397,259.0,119.63653524592232,8.0
3979,54862.58605612125,924.716385914865,28.0,126.67472117738009,8.0
3980,41162.39569785782,738.2095078346667,136.0,130.73478594262184,8.0
3981,5892.824958197826,3683.1075824096356,1.0,93.48451558749093,8.0
3982,36191.67618969772,17634.853696974642,174.0,107.82922027932719,8.0
3983,26347.566242356883,16769.493401234024,58.0,117.87446068802504,8.0
3984,15376.933290196732,3141.9359175358322,44.0,109.41899779617351,8.0
3985,47378.01689130175,4682.605879612132,385.0,132.5583172626034,8.0
3986,46284.545502644214,2361.314625128513,336.0,129.48761733729694,8.0
3987,30502.14785911494,20993.228976875896,334.0,125.91068800781986,8.0
3988,47944.082650887234,1743.526462805962,309.0,134.8785162875149,8.0
3989,43319.25928856566,1744.2664093597016,9.0,123.5065927062298,8.0
3990,18429.86153086166,13820.875165076317,58.0,102.81968088315784,8.0
3991,53645.52908783747,6638.755277832337,54.0,123.2369215059511,8.0
3992,7492.038946680909,6927.525821972615,-123.0,91.08675702299945,8.0
3993,38177.10491850572,8915.128640688463,219.0,114.86077637314304,8.0
3994,5220.030710655834,3546.8260529056065,63.0,103.79994561542578,8.0
3995,28603.963219455116,3143.3303137212165,201.0,125.27117995177387,8.0
3996,49573.369486489006,5752.125940400055,522.0,110.28547972528392,8.0
3997,54117.13974493933,1185.2488324490866,24.0,125.89529487420018,8.0
3998,13316.927592316064,3548.394610507049,25.0,108.29344049226552,8.0
3999,30243.32419194094,1180.6721112702612,60.0,123.71308503024473,8.0
4000,60465.087612858864,3136.813222364023,220.0,133.34379576687064,8.0
4001,15641.360170991025,5848.655325990509,413.0,128.2088588619988,8.0
4002,51880.62858560532,3700.0358974639016,108.0,131.74205561578611,8.0
4003,35270.702019425866,924.9252342786516,82.0,123.56611814951154,8.0
4004,36279.346428086195,16443.5933465523,113.0,120.41028155278183,8.0
4005,63526.68561782068,1185.8449691799224,16.0,118.6201106923688,8.0
4006,36500.542187143474,735.7383760328968,74.0,124.20261862375614,8.0
4007,11693.715476445412,1182.1651689760608,23.0,105.70927333896685,8.0
4008,38909.18764703129,11123.285627377601,89.0,117.03983361310753,8.0
4009,33336.65879978584,7724.147232568059,105.0,113.94842830255811,8.0
4010,33500.84139933322,14872.224313262686,115.0,110.50330360390114,8.0
4011,46119.009149402045,1179.7553289815153,67.0,129.15881807477183,8.0
4012,40851.32650751992,10595.927445601668,207.0,122.72546357784447,8.0
4013,55583.86244474102,924.8915575666495,75.0,143.331611032786,8.0
4014,57355.588201514816,3553.1950599512775,67.0,124.29791860728454,8.0
4015,29609.839571347096,3543.6191928624144,451.0,131.23542000352785,8.0
4016,42505.497082411326,4519.636526340477,42.0,111.40583014656823,8.0
4017,57627.11465464656,36862.87780855077,111.0,116.23290803251376,8.0
4018,12046.349974093626,924.8629031035325,39.0,108.7496507401288,8.0
4019,46191.50356974087,4721.834190257085,2.0,122.30661932098943,8.0
4020,12097.478898459127,1181.7490574437816,32.0,110.42724181959565,8.0
4021,50288.63312406284,4620.242820234406,410.0,134.05390998814974,8.0
4022,7836.572059916329,5908.991113066261,60.0,92.29264871219895,8.0
4023,18266.693446174468,736.2557772265998,35.0,124.7705067629112,8.0
4024,59487.608012011275,739.9940900108704,11.0,129.6563436798622,8.0
4025,33556.777581129194,2398.229369630917,40.0,116.88343214736408,8.0
4026,56343.65279355899,3772.6981071178834,51.0,130.55149121704358,8.0
4027,36451.33843852549,1183.448037773775,33.0,121.83571157701883,8.0
4028,45799.54878562348,3138.8130346140024,24.0,122.95005720069342,8.0
4029,37839.83370336904,1184.094464089307,55.0,129.6027439324737,8.0
4030,36438.24791829696,1849.9226538337884,79.0,130.23467208041853,8.0
4031,12563.062930072008,924.9322645770505,11.0,102.6959715198694,8.0
4032,50801.57155826822,1180.7960960219136,46.0,121.5868627728737,8.0
4033,47078.443796223226,6638.2496152421545,497.0,133.44555392571652,8.0
4034,33328.61476639739,3699.420515790219,128.0,123.95203900445341,8.0
4035,39516.75342051129,1181.1218516131796,38.0,120.97946630311998,8.0
4036,47575.48263571406,3978.87980040971,220.0,128.39857297523383,8.0
4037,52743.20467443373,12024.7591098693,132.0,124.36226771414412,8.0
4038,31687.843227889756,16940.195650193848,183.0,110.4724258745411,8.0
4039,29093.104449300412,10473.724260928151,194.0,120.38193511992048,8.0
4040,36323.7739060451,737.4891138254239,53.0,127.34772503378943,8.0
4041,38411.38251006249,13942.86600678184,182.0,119.05119401898618,8.0
4042,42931.07577250449,1179.9890796637478,75.0,130.42084225543687,8.0
4043,8155.546449344656,5965.227713865168,-13.0,95.58765092104863,8.0
4044,64936.678764890705,13934.863633033923,77.0,131.32889858389603,8.0
4045,41628.692286301666,15724.24912788197,331.0,127.83692041127591,8.0
4046,44803.588021266725,39326.0582827085,-212.0,109.20227599525376,8.0
4047,20227.084113419296,9260.220227464388,48.0,108.48574791278833,8.0
4048,39337.046227151935,734.8482333914126,143.0,130.54618380954133,8.0
4049,40551.69831948965,2875.953135193288,91.0,119.57021932969896,8.0
4050,38809.27859578754,14100.801462730338,73.0,119.25791084746464,8.0
4051,25153.907763024028,2871.3336284755487,36.0,118.27476263567877,8.0
4052,67231.13079263922,26535.0930311155,63.0,122.21041491389644,8.0
4053,29495.735287202635,9610.717133876822,97.0,110.66395044429993,8.0
4054,56176.82602475372,23132.585866771245,73.0,114.01910413731443,8.0
4055,23892.74223807106,1181.1954617718204,31.0,116.31987749963963,8.0
4056,27786.638414783076,17588.86417393102,190.0,102.84537728321877,8.0
4057,21588.671754025243,924.9050279016897,202.0,131.2780147737105,8.0
4058,60051.99869147792,2368.5913035135018,179.0,130.8867455189557,8.0
4059,54048.69458518236,3979.1448284516046,400.0,134.72917670407293,8.0
4060,46817.90683259041,31780.287771430012,87.0,117.85310802667144,8.0
4061,35826.518891121596,924.8825425275695,48.0,134.42151945937738,8.0
4062,47086.98357961409,9366.677531215902,68.0,122.37907578832463,8.0
4063,10433.9049000145,1182.7335485548865,8.0,105.84855957275755,8.0
4064,31063.419456363164,736.4318176157053,38.0,116.87128694381562,8.0
4065,35161.402813226254,21062.51837483671,163.0,117.69612306668203,8.0
4066,45280.78287773753,9948.540694359448,476.0,120.67215302420809,8.0
4067,64843.29926516047,47822.25064122906,183.0,125.34586040754077,8.0
4068,37832.25088315361,4721.980511600224,201.0,132.58171656943875,8.0
4069,30532.11154046897,4624.740792058513,61.0,116.88118295852557,8.0
4070,38119.69416412192,25892.52327522008,249.0,112.47308426868472,8.0
4071,36432.309296971354,924.9960494341167,184.0,130.92386128027616,8.0
4072,56536.92472563637,10183.61992813979,77.0,118.05827723863594,8.0
4073,34505.936524151526,8356.824748910265,-1.0,115.34083097767719,8.0
4074,54681.89184450254,8624.383106572983,453.0,125.97330331920531,8.0
4075,28794.305616000504,3473.5209159398228,108.0,119.18822059253304,8.0
4076,43738.73289180414,27115.45043781505,98.0,112.88808064984424,8.0
4077,22384.2064277718,2207.0504078603376,134.0,127.70676930297066,8.0
4078,40151.14538410563,25307.487513119737,198.0,110.26448476312324,8.0
4079,55373.477033535855,4738.140581660494,186.0,131.42023735844066,8.0
4080,62875.61195743228,9911.06386726994,-57.0,120.56463821660977,8.0
4081,26463.798047570446,12285.810249833588,441.0,127.8521336821852,8.0
4082,50631.521404219064,924.8273384591746,33.0,132.18369900802494,8.0
4083,55823.69144194169,32134.90091386928,76.0,118.29820383488504,8.0
4084,63284.280363530605,5922.844971218256,162.0,127.21868862808023,8.0
4085,36586.75582928789,3791.588320391115,349.0,130.68478178799973,8.0
4086,36438.4693681014,924.806595752176,13.0,127.93131449871119,8.0
4087,44427.84802433775,32324.197839577202,183.0,118.45211274994762,8.0
4088,41724.84197452206,16713.289279309272,188.0,123.63674072777664,8.0
4089,8096.003182738975,1183.0578468635363,6.0,100.30079700889286,8.0
4090,26480.297791798064,4604.472913667663,45.0,109.00773151197453,8.0
4091,23967.51737299855,3091.0619553533766,45.0,107.77375756283192,8.0
4092,16764.976673597805,15052.440306873807,65.0,113.77909447804443,8.0
4093,55615.74853461241,37957.92124383668,305.0,112.21036687457068,8.0
4094,43174.42221246606,924.7474069900309,76.0,125.8236809417843,8.0
4095,39988.508852949795,33327.205813909815,76.0,113.74282671190089,8.0
4096,42402.970831994324,10816.298330359989,157.0,119.08670718008139,8.0
4097,36215.29803814916,26029.281094887127,116.0,114.80317336016238,8.0
4098,15928.752314838925,15073.512386650638,-325.0,100.31573177675978,8.0
4099,52521.73522789552,3471.5570471600618,236.0,130.3849283805269,8.0
4100,28003.06245502022,12101.420910362878,77.0,112.94650716854088,8.0
4101,39096.6450745514,924.8059642657437,49.0,123.54356193141638,8.0
4102,65802.28235525842,8293.010407738058,181.0,122.93762675048032,8.0
4103,43937.185906471284,734.9145424650105,116.0,130.14787675449534,8.0
4104,49569.14057789486,2774.8836436985885,201.0,130.18049921879475,8.0
4105,40205.74941414,924.7986827452559,17.0,128.77294338945165,8.0
4106,48180.17203095466,9916.021312221153,169.0,131.82770632440833,8.0
4107,45804.87677891804,28099.15056137116,317.0,112.52401915086963,8.0
4108,27100.771405842122,737.6459309053906,101.0,123.29580476786604,8.0
4109,32421.618250817315,11087.243745108952,509.0,126.83422894628197,8.0
4110,57155.486325267135,7440.252721102121,67.0,119.80090352403536,8.0
4111,37930.3755181381,924.945521101875,57.0,121.66467137852894,8.0
4112,32134.378872653753,14108.311766109473,55.0,114.44258967848957,8.0
4113,65552.95014380428,2370.315337712421,48.0,133.04757138638504,8.0
4114,53667.9198458296,12949.825998166994,93.0,122.4272780216916,8.0
4115,38641.68521511597,5753.282665063336,341.0,126.9270570713706,8.0
4116,44222.82808412945,9743.163644474282,354.0,120.01386421737521,8.0
4117,9460.952404488453,4731.185829656151,-18.0,99.52956014299352,8.0
4118,62535.29305326398,5233.574829872811,242.0,130.22408089866678,8.0
4119,24750.620595315875,737.5703670588127,77.0,121.66966642852145,8.0
4120,52772.236370421,34657.695657504875,132.0,114.79692332974832,8.0
4121,15250.789890809629,2871.247552096973,34.0,107.61506730490679,8.0
4122,12810.1286673175,2397.032359170133,178.0,117.94455489321774,8.0
4123,54766.63170669406,52807.87521250608,-54.0,112.64184972865233,8.0
4124,45580.33056735498,1737.3643109455345,197.0,130.7094017721962,8.0
4125,50161.20214048817,738.4481170321835,97.0,129.90042510445153,8.0
4126,44449.86227608393,924.8265667546218,83.0,130.40419048618577,8.0
4127,25790.14376319964,18202.69100170272,45.0,108.00703721283375,8.0
4128,49238.45807388262,39054.11066348328,73.0,117.1943994270497,8.0
4129,45908.56939926557,5209.459048375773,117.0,130.38134650249367,8.0
4130,41537.10887401114,4619.088777850221,89.0,121.33601827184827,8.0
4131,52050.84615311128,5597.806586284521,505.0,135.03748616678723,8.0
4132,47314.30305876099,2887.3891508122056,82.0,129.3307103126903,8.0
4133,51005.654670738295,1850.0600519448833,47.0,130.88295765380198,8.0
4134,30257.85708757143,29522.907213834245,-180.0,105.58580383914367,8.0
4135,12113.997434371795,2774.85063560279,32.0,101.95344086255062,8.0
4136,22220.366845077846,735.6384797353918,45.0,125.64329975344032,8.0
4137,40343.05998941544,10186.071323751215,66.0,115.7339776509751,8.0
4138,48408.94041253749,21637.86479010258,51.0,117.83015138071357,8.0
4139,27812.24109961531,14529.458415653387,-6.0,107.75910786493628,8.0
4140,31706.157893922064,925.0023219818088,9.0,115.53241068585405,8.0
4141,43417.85894082631,733.6173581849094,110.0,141.75569111336597,8.0
4142,39181.296701196654,3470.70910488371,18.0,114.25551187642284,8.0
4143,19642.937604104078,3544.656145262234,363.0,126.85625023561906,8.0
4144,36138.7524183594,1849.7872086780396,86.0,119.2869563826236,8.0
4145,26065.139164123386,10280.136360859231,82.0,115.88087341118889,8.0
4146,48371.0913383138,10279.582197503707,216.0,125.81668980176593,8.0
4147,15927.475403183218,13081.419155774118,-1.0,109.6020978989646,8.0
4148,41169.73021360393,2361.0330600923794,63.0,127.08892863158695,8.0
4149,66555.22346004147,56367.472660245054,116.0,120.58188912615017,8.0
4150,10818.48289827374,924.8903247027938,41.0,113.61700495606729,8.0
4151,52412.62691663142,1180.0307345009248,65.0,139.54496480071904,8.0
4152,25379.04623244007,1740.4221753859426,147.0,123.03209803397348,8.0
4153,56335.59383852709,732.8697606537631,6.0,124.34952093220481,8.0
4154,30682.48947516964,1990.0911138931235,243.0,128.50820413865276,8.0
4155,21904.088455274574,5126.973709212173,60.0,112.52457400934448,8.0
4156,32359.597999742222,17322.91030382995,87.0,115.38512188806575,8.0
4157,52971.1551052323,5598.211134052317,101.0,119.42805834506254,8.0
4158,33575.01627982632,12805.643856434177,487.0,129.5884986817614,8.0
4159,34292.27706901835,4624.229427470364,67.0,117.32133078479771,8.0
4160,46091.14657497412,3985.0907700414723,43.0,114.43161864586332,8.0
4161,48986.70579175509,3978.9513921709326,150.0,126.97335301406825,8.0
4162,48665.089402618956,29882.56809902126,187.0,115.99962912489767,8.0
4163,41195.702393658954,11936.544535670064,315.0,110.35565436871481,8.0
4164,34227.13293315453,8269.550034401533,88.0,107.6184723737917,8.0
4165,42547.447379001445,2870.161589139676,42.0,120.59960864825435,8.0
4166,31849.920829051385,14726.208387431923,-45.0,119.10334822581898,8.0
4167,38932.910537103984,1989.977542953128,29.0,122.7927704747582,8.0
4168,40108.55555843437,1181.104228703869,95.0,136.4994509609629,8.0
4169,14092.493432161564,3478.4669808319045,55.0,108.98221124471358,8.0
4170,25070.52665314288,7435.99540337963,154.0,110.15216849269407,8.0
4171,49290.52804735594,1849.6156131107045,94.0,116.28121291523306,8.0
4172,40016.33492163666,1849.7548749979442,74.0,118.9187442665879,8.0
4173,63783.190255821544,55507.126453752266,-126.0,114.0851223123303,8.0
4174,51615.50090192588,8825.715309943223,20.0,112.68443697491864,8.0
4175,18031.678758324473,1740.468964275504,49.0,112.94563814929266,8.0
4176,36311.44972755269,18264.32109078732,141.0,109.04380604808031,8.0
4177,14798.712327003506,13873.836657736803,-99.0,98.88294599031528,8.0
4178,57683.422734963024,1733.7984407265467,53.0,119.31813796391363,8.0
4179,37445.80234763997,13813.035178145428,207.0,124.64772523134329,8.0
4180,27332.43851530745,15168.101484647492,40.0,111.60661916928956,8.0
4181,28978.29765180339,10957.024735016992,304.0,132.86852147745526,8.0
4182,32836.9553198042,25651.52616177847,-283.0,116.82626849179891,8.0
4183,42944.63480511479,4786.826318430078,34.0,113.13857871692306,8.0
4184,46142.28351339488,1184.0451982797938,11.0,120.19654912375769,8.0
4185,48117.50070649714,7399.059368542885,44.0,121.45006198508577,8.0
4186,36967.40614897671,11481.035167715496,298.0,109.04715904772675,8.0
4187,55981.72675807616,925.0186004675169,50.0,132.12827181442393,8.0
4188,48966.412149117416,1734.3558296987794,42.0,116.34254074094062,8.0
4189,34253.17468284051,9278.254206288742,281.0,125.52232321783637,8.0
4190,64285.577674011074,4740.06789680412,115.0,131.5897180936113,8.0
4191,13257.225081122,1183.2941272652236,161.0,119.96737932591093,8.0
4192,64058.41370230489,22801.742145926935,76.0,112.69168792647271,8.0
4193,50873.0074334283,9249.97311153143,326.0,129.58582963126045,8.0
4194,45475.00053781841,6405.203159553049,163.0,114.99657567587528,8.0
4195,56270.72763674543,8615.748434053914,81.0,120.00710498009705,8.0
4196,26624.440574451426,8611.819191072407,266.0,124.20976792400864,8.0
4197,31741.0417592621,10976.17606136747,111.0,107.40281249166259,8.0
4198,48107.649830444185,1183.0466951761882,98.0,126.84345439552985,8.0
4199,47646.48050698525,26135.930698071003,139.0,115.26853674467739,8.0
4200,30464.746188033565,2870.3911611260673,273.0,131.67604753905607,8.0
4201,51797.030384550526,6474.908277462832,168.0,125.5641780343512,8.0
4202,60007.035311834894,3978.3473352497504,398.0,135.5947156482677,8.0
4203,21607.603064894796,20906.58528597495,-161.0,103.78692565644376,8.0
4204,44348.15177751254,2876.746628264457,45.0,117.01897812716005,8.0
4205,12144.664242887398,736.9906532629351,114.0,119.94337828529163,8.0
4206,41730.63519867134,37685.84286292007,-29.0,112.64524894779598,8.0
4207,34294.07446364328,5549.766177895042,61.0,119.12972740383746,8.0
4208,47534.33383802085,1180.6493097468438,119.0,129.30266332941227,8.0
4209,30583.56976659939,2362.074677167761,11.0,112.58261179780281,8.0
4210,32984.27105712959,1181.1576670072889,18.0,122.05074711887973,8.0
4211,42588.854564664885,1992.5828987034447,20.0,127.45755255235069,8.0
4212,63015.93064582137,23239.972759792894,61.0,119.18569006650071,8.0
4213,46426.63022776042,1184.0401555113178,53.0,126.76457024209262,8.0
4214,54150.74430991619,38272.585117592535,186.0,118.73659683104492,8.0
4215,46086.60122760891,20206.330038820837,70.0,119.7240038164343,8.0
4216,33259.02936916995,17772.557455648217,181.0,108.58080698842888,8.0
4217,29537.93052236769,12993.171431085402,29.0,116.53579689699455,8.0
4218,21665.315906777807,19931.24415694829,13.0,106.82244272760903,8.0
4219,19202.576964594,1181.2220676120228,41.0,112.67744092149702,8.0
4220,57498.45009591004,38714.442962976515,187.0,116.4524564699713,8.0
4221,33818.88738277228,5906.735811360689,44.0,112.62958549745477,8.0
4222,41440.86443509648,20558.909790280668,51.0,116.7149585263555,8.0
4223,41034.14095873172,924.889958738311,41.0,136.10541074491076,8.0
4224,36846.08115879451,19912.81589961947,135.0,119.82980159519724,8.0
4225,19761.65857845591,18023.165909518604,15.0,114.69105424243223,8.0
4226,40830.05996540533,2400.186803471048,282.0,131.42789079019045,8.0
4227,34631.63460811781,4051.5761185765887,239.0,126.61681748616519,8.0
4228,44448.96561269228,925.014150288266,29.0,119.88832507293232,8.0
4229,30333.10793893386,15252.251962718477,46.0,112.14097923088218,8.0
4230,20889.81382616564,8100.405982196853,-2.0,115.6777472411857,8.0
4231,20753.00665319947,14096.090347068093,52.0,108.25537521725788,8.0
4232,57999.29823574103,5207.396565616932,61.0,125.57555200524064,8.0
4233,35975.862100517974,2398.1686375596287,222.0,128.1690889353312,8.0
4234,37350.536677109856,925.0333871706554,80.0,124.70147862587146,8.0
4235,61562.42925378015,53295.822810437865,153.0,112.49399819718745,8.0
4236,40912.73895837567,3471.61855816371,96.0,119.54035335553819,8.0
4237,49343.16616456959,1850.1168824225917,21.0,117.97123640960703,8.0
4238,20752.824292994388,12138.523229168946,14.0,113.61526164544483,8.0
4239,36451.66948058674,16207.101018530833,39.0,121.61559988404015,8.0
4240,47467.846665312325,1180.107357576907,28.0,125.03104542822898,8.0
4241,51288.97488336744,4303.882362166058,60.0,112.50386490277846,8.0
4242,41271.23835614165,12571.33688558466,23.0,115.18246402258576,8.0
4243,12679.022946609113,1737.5872356452778,404.0,112.90751935189328,8.0
4244,36725.98641488719,1184.4549888012014,72.0,129.81430105002312,8.0
4245,47450.45110118013,3980.282082427839,20.0,119.81621043170219,8.0
4246,38119.820448789884,1736.5044196026165,157.0,118.09932360390577,8.0
4247,28710.998336599252,5549.747682864406,50.0,116.56964055270537,8.0
4248,57849.45904558987,1992.4887828347241,31.0,132.84750686219172,8.0
4249,57186.065269325205,11686.615742014423,105.0,140.02302277439708,8.0
4250,16530.742177350185,15708.386780907651,-333.0,100.69928612772885,8.0
4251,35089.775154270654,14565.194367773342,65.0,116.91787105645298,8.0
4252,54086.15973651104,925.1510425981991,26.0,127.16282307306078,8.0
4253,49899.84675236881,12580.577742773983,77.0,121.17095746807252,8.0
4254,43899.75605680772,25853.413953122676,-190.0,111.17739313636797,8.0
4255,10951.800920223848,9261.131874064213,82.0,110.55085145726693,8.0
4256,45556.467734593396,737.5445852661804,131.0,130.91731489712538,8.0
4257,55817.60066703682,8609.296901564736,365.0,119.05664712826281,8.0
4258,43041.41535040833,26259.358024060868,447.0,112.72444710694441,8.0
4259,43056.28763827097,16328.213482532721,343.0,119.15492180880345,8.0
4260,24801.531602945433,924.9281538626126,42.0,123.60990990783958,8.0
4261,24421.325426551248,738.6680987328896,61.0,135.36569768883086,8.0
4262,35461.54124139775,19971.495910740043,181.0,109.3334622726976,8.0
4263,40165.223083282035,3980.335141480527,31.0,122.45655467049296,8.0
4264,15746.954801706723,15059.847054930595,-218.0,97.79005895298579,8.0
4265,64909.89947686235,924.6754151645704,44.0,127.21076415157755,8.0
4266,45571.474344401155,45013.480336564986,-459.0,111.25993325570383,8.0
4267,28159.011802444602,924.8136889190032,15.0,112.01085221223072,8.0
4268,43792.55942062917,10816.18185588525,113.0,113.55157138332083,8.0
4269,40907.03071566417,1181.259510243775,100.0,123.77247661669935,8.0
4270,59038.334157123434,1185.1975122127528,48.0,135.8832627799465,8.0
4271,21889.972421854585,12380.468696792866,247.0,122.81466840253216,8.0
4272,68480.94858160998,5924.898247813079,77.0,128.0311603194985,8.0
4273,16324.586553618248,14654.259027932452,70.0,112.74552753597285,8.0
4274,20694.098719008973,1472.6534062135372,102.0,121.88061350786545,8.0
4275,30273.93755529069,5479.726414092754,50.0,115.7614273109885,8.0
4276,38722.2829922799,737.8674863247797,42.0,119.79194712404401,8.0
4277,63432.12952458644,1185.100682500255,123.0,132.7700434216927,8.0
4278,33816.83389884948,9011.289719560478,44.0,118.4049957911918,8.0
4279,43312.19247520513,1183.5714741296026,149.0,129.47905356589547,8.0
4280,55276.18412008009,6409.564075610466,302.0,131.6698418769504,8.0
4281,36273.65477116151,4417.290299215563,365.0,130.11019464345276,8.0
4282,36100.98159443861,1849.7809173786397,158.0,126.30607063686966,8.0
4283,40755.651021670004,924.8294933955408,31.0,122.62390413582638,8.0
4284,14733.714566488936,6630.166491250113,13.0,105.83320925984171,8.0
4285,62603.4549012895,2360.2612348210223,51.0,121.51973079857733,8.0
4286,29463.843138610737,12341.878876315757,119.0,119.38074550871642,8.0
4287,32774.230800856254,18678.860595668706,163.0,116.86703678976406,8.0
4288,39686.48649279563,1736.5368417767538,53.0,118.84338079935515,8.0
4289,34411.98257479371,4305.8010514387,26.0,118.69246263480576,8.0
4290,40456.1646576264,3091.5218935546645,177.0,126.42760594127134,8.0
4291,7113.2498589769075,5125.341087152206,48.0,94.68683192859959,8.0
4292,36703.87463807186,2870.378247827844,146.0,110.25298510801784,8.0
4293,40747.3490694479,3801.6036530479746,30.0,121.39185789483537,8.0
4294,36342.56946320896,924.9753290529701,7.0,113.49021903872928,8.0
4295,33554.401352601824,924.9723641143618,39.0,117.62076558567668,8.0
4296,42017.08951105375,7362.656326595769,296.0,107.98857158752197,8.0
4297,12023.935493264591,11099.044222875427,-196.0,94.90259751227242,8.0
4298,43487.62663061666,10969.635627659067,30.0,118.2962161483525,8.0
4299,14038.755712440116,12348.682915432322,53.0,111.27803273840196,8.0
4300,22807.52043684436,4307.1436158613715,-2.0,110.72180584880698,8.0
4301,23634.72331604258,14417.09584426909,-173.0,113.0860938689257,8.0
4302,41723.80503365363,25122.530449683756,-68.0,113.77425217726405,8.0
4303,62798.79354668688,4035.021062332026,144.0,121.36064000194662,8.0
4304,47276.712153831264,1184.7256659705777,14.0,124.1591776416118,8.0
4305,45508.32625998637,1181.231286251921,151.0,135.46739036570509,8.0
4306,50957.31942190796,14817.786851561634,222.0,129.41605979492908,8.0
4307,47245.57829473698,734.4473220200651,51.0,123.6089856551711,8.0
4308,35115.80009814656,733.9915019271978,53.0,121.59173961882925,8.0
4309,42556.81566968908,14055.746394587191,332.0,110.08828125480863,8.0
4310,28101.321722151573,20686.584132177853,195.0,113.87163981419539,8.0
4311,55908.39309541757,15726.587734709554,26.0,119.07721534386168,8.0
4312,44159.37195534863,21351.191827043058,279.0,130.66482206278332,8.0
4313,24207.605181337258,7590.26756842114,135.0,117.36343622644374,8.0
4314,66501.65818622302,49478.859170700096,183.0,125.5618057284567,8.0
4315,26664.36364718666,25932.071695885657,-153.0,104.55458885743323,8.0
4316,35177.13340927263,4042.7183621330487,38.0,119.03448372730436,8.0
4317,47822.96269947868,924.7539470715051,12.0,118.69791113215489,8.0
4318,45926.809917526785,1742.739402773568,102.0,124.89452252461213,8.0
4319,45037.333062435944,5977.3133284990745,39.0,114.0986438986269,8.0
4320,47376.832180616286,24148.67717736794,177.0,114.13286853344859,8.0
4321,42388.86229849424,8706.457213840236,241.0,116.68550373864005,8.0
4322,23606.010166050593,18128.668218128438,28.0,105.56878625163168,8.0
4323,24646.25026852714,3800.0926065215426,12.0,113.36705453805517,8.0
4324,28732.095981280945,925.0650946817949,20.0,122.01276954886652,8.0
4325,48011.35297378962,1181.357382603149,61.0,123.02838297650695,8.0
4326,38906.118399203944,5223.62834960226,178.0,117.87823884009964,8.0
4327,57243.3384213609,2871.664429196537,195.0,133.10754973335935,8.0
4328,22501.51936029944,6516.174774863268,204.0,106.21013027271634,8.0
4329,40123.62627222823,22747.003011012876,96.0,120.13668654749804,8.0
4330,36409.777496845665,14080.748183942625,170.0,121.4843075185889,8.0
4331,56499.99702776169,732.7824427441295,162.0,135.57552331727265,8.0
4332,58925.10712700588,740.1645941768413,87.0,132.43539341571523,8.0
4333,41039.19512958515,1180.190495151815,13.0,114.05447693584516,8.0
4334,17361.19231669561,736.8926770281304,74.0,118.7540894387186,8.0
4335,45495.68142736901,739.3372200324392,8.0,121.56659179973312,8.0
4336,53530.68849586964,2368.5913035135018,179.0,129.93487097950145,8.0
4337,50927.25030788521,2871.8127465482935,63.0,116.10061731934559,8.0
4338,59462.55515474307,32153.2844929332,378.0,119.55329087712154,8.0
4339,30093.27211734357,737.7468537190967,75.0,123.33070348403037,8.0
4340,32226.053325438934,26771.782121358276,-13.0,107.74360676410261,8.0
4341,43450.275417504,737.137918980108,26.0,122.26483174988789,8.0
4342,9224.250982279318,1182.5754793793305,75.0,107.02247308108122,8.0
4343,62324.34009666343,2370.2558236030363,78.0,135.0897148766814,8.0
4344,28222.881692376945,12225.705287156177,181.0,109.4810235294328,8.0
4345,34009.92377853026,8092.450364719764,139.0,119.86583914768985,8.0
4346,45921.476222474375,738.7492575233576,41.0,128.31984863215635,8.0
4347,57236.307585029754,38451.70696106278,187.0,117.64811722442707,8.0
4348,50975.55332438836,1989.3515673631314,216.0,131.89864706402858,8.0
4349,41307.06121049307,27868.736688109148,78.0,118.38128113969404,8.0
4350,62111.4304438751,16132.578861969707,63.0,121.65129690975998,8.0
4351,37950.78808045658,2774.86286774226,103.0,127.41568856382648,8.0
4352,33753.55177461105,10589.972381213453,44.0,112.50540225777311,8.0
4353,49966.440585808625,22209.509576351233,61.0,118.0859697067549,8.0
4354,26362.675224608614,737.1060056855845,25.0,113.64017019399114,8.0
4355,42546.245519011274,5740.114546914717,44.0,116.26109223285191,8.0
4356,32825.661522594244,735.5859829687427,85.0,125.48321279264337,8.0
4357,46815.97217889562,1183.7112696164543,92.0,127.34804881569121,8.0
4358,42270.72069072335,6641.294978415915,128.0,116.32045620006971,8.0
4359,36481.70963793838,2362.1624874742038,86.0,120.38103656509287,8.0
4360,37235.578954322285,24956.55574444469,75.0,113.00138054584139,8.0
4361,55079.25440173955,1849.93171683862,69.0,128.4967663594551,8.0
4362,62492.04805761451,54215.69744803367,153.0,112.58510276482491,8.0
4363,56824.982941135095,12823.16080581181,33.0,124.32633292891487,8.0
4364,21887.747825919203,1990.3740162682784,53.0,114.68537970038835,8.0
4365,63663.32312937331,7592.917253981534,137.0,132.66617370510215,8.0
4366,32022.27953233234,15177.960471302145,-79.0,111.58106316529054,8.0
4367,44160.000492490435,22649.39865116967,139.0,114.36647519140197,8.0
4368,49528.143666768214,4055.732763535795,38.0,123.04796491226801,8.0
4369,23519.945720293817,924.9244733292047,52.0,118.78258997711465,8.0
4370,29524.938730206766,28789.99143178349,-407.0,102.8260985876898,8.0
4371,27409.559279986242,6519.624884931506,51.0,113.09647255871275,8.0
4372,28120.545999785216,4041.8117651670473,111.0,114.09353334626769,8.0
4373,65961.72366261469,3538.221810661033,424.0,137.34969446093825,8.0
4374,16794.44061056109,8356.833762305816,27.0,103.32348625073678,8.0
4375,54050.87301625818,25895.110423933227,319.0,117.99149480430916,8.0
4376,42096.61712445326,12834.153089523048,292.0,111.67326694960003,8.0
4377,33041.53088487845,5740.513484235423,297.0,128.09335868649717,8.0
4378,5474.730321357581,4788.597726514684,-100.0,90.99584743209742,8.0
4379,32380.151430022892,20361.178502794188,141.0,104.18639573317998,8.0
4380,31348.823493781856,12578.671964403631,180.0,119.1014399670955,8.0
4381,14114.397430550134,3681.2715058419435,193.0,97.75616501966257,8.0
4382,63995.67776229937,1732.738600475108,35.0,124.09089406779955,8.0
4383,31222.105221272413,737.8263729872383,106.0,126.4785109863395,8.0
4384,48794.61143238735,924.7097143109726,101.0,129.11193100667197,8.0
4385,58923.04402754519,1185.509635775593,134.0,131.70276359270045,8.0
4386,26910.641621472838,736.7435039032661,17.0,112.41551627909443,8.0
4387,43293.640029475755,24511.389171005005,187.0,116.49376394271962,8.0
4388,30836.176063101964,10444.361079223218,71.0,119.04241670657905,8.0
4389,26999.773074162214,3082.2842972116023,65.0,110.24575245217235,8.0
4390,31126.958173211642,23709.19753273062,92.0,115.60622414787497,8.0
4391,19414.49362455716,924.8444639228439,161.0,124.50304116850589,8.0
4392,21571.774385979646,19210.847923617675,10.0,110.16695543164144,8.0
4393,44444.84979898643,924.9749380299404,129.0,130.42992274686424,8.0
4394,34655.80990471475,14727.297121283185,24.0,127.16429591613247,8.0
4395,43787.28020336751,3082.6971815097236,282.0,130.86673685582238,8.0
4396,38806.43572428581,3144.1643577630653,37.0,118.6688562493331,8.0
4397,32635.942215225696,5905.723219547445,106.0,126.20860722749211,8.0
4398,54498.31177550591,35771.65864120243,175.0,118.2791890069683,8.0
4399,41104.76351189522,6651.927474879958,138.0,118.56199458896286,8.0
4400,17366.42984235824,6285.2880126269765,70.0,108.73742429118047,8.0
4401,26040.4675129311,1182.2812730976814,48.0,116.38729124483174,8.0
4402,65012.166049416635,18776.519219302016,-21.0,122.52976079932711,8.0
4403,34925.3155521587,13740.448988469354,72.0,113.28472741359334,8.0
4404,26567.77902262007,21966.93994148172,30.0,104.47576628406252,8.0
4405,32868.335297614816,12649.659803435647,86.0,109.47912777720424,8.0
4406,63409.49919516854,7437.876246734734,274.0,130.80510633030588,8.0
4407,61172.94781972215,2369.4941098551863,148.0,132.56174051729838,8.0
4408,35576.8510855553,9959.253127980828,213.0,116.42013455705228,8.0
4409,39564.32318508862,13943.45010264341,109.0,116.84899770866443,8.0
4410,52017.77227446407,6909.417676276417,76.0,121.0326786730289,8.0
4411,36340.08850226058,2211.837549466559,81.0,118.47984217583083,8.0
4412,15558.852128855253,10964.64871754678,54.0,101.5799022201552,8.0
4413,32406.092833310693,3550.684319768947,125.0,128.1427128711648,8.0
4414,41784.39165639959,3699.6445672315117,75.0,113.6661882359275,8.0
4415,41028.61493709132,19681.608986405674,-10.0,113.01027115469795,8.0
4416,53472.19610995177,924.8641196155806,44.0,130.11162594919156,8.0
4417,55591.667668403745,5969.217269803149,59.0,114.72236945075498,8.0
4418,46019.404189441775,26080.52820761305,133.0,122.42349146650571,8.0
4419,13693.31977059611,11973.87334811143,54.0,111.08493182856874,8.0
4420,56146.39630045057,35159.147091354265,312.0,124.69436726265774,8.0
4421,47952.787622754346,35862.61022629832,183.0,119.27610094187476,8.0
4422,27228.328703937,6352.920162424364,85.0,111.27671940211584,8.0
4423,42376.65523096549,18051.17679426932,187.0,128.19263501925354,8.0
4424,32984.191109910054,24167.90574760981,-27.0,107.4266282805514,8.0
4425,8278.581191970608,7095.799056135715,-163.0,90.80690147135766,8.0
4426,45828.29691041209,1181.1218516131796,38.0,120.54049870903143,8.0
4427,41233.48275948512,3772.8260049792943,48.0,128.95874152927814,8.0
4428,40105.64190183536,2774.7028993283134,36.0,116.10552814499685,8.0
4429,61842.34544398478,1179.5800617869284,27.0,124.3111219020071,8.0
4430,53856.21335645728,5742.863774048164,61.0,119.50586379222864,8.0
4431,49549.10312699108,36102.19280792944,78.0,119.83566165725772,8.0
4432,50615.860769488725,43956.17383995196,80.0,115.80345590468411,8.0
4433,38267.257044009595,1183.4623935180748,86.0,138.97957568791333,8.0
4434,42703.60260753973,5902.816786663832,182.0,125.09976898139632,8.0
4435,32136.47713652623,925.073232734695,30.0,115.57031882062546,8.0
4436,30448.056826475036,4312.333471406552,44.0,109.04071512669077,8.0
4437,31865.470278002787,6403.443687057433,178.0,123.96343537557628,8.0
4438,22998.751520205522,1472.9553694679882,26.0,107.59110370492213,8.0
4439,53136.239080205996,24228.062043379876,-21.0,118.19433048405782,8.0
4440,27764.501522010607,20591.951710014095,145.0,120.64256718296716,8.0
4441,33090.3278959336,2870.3422578572413,55.0,115.9287239821729,8.0
4442,38101.71697281238,1472.071908724661,206.0,126.23999830045376,8.0
4443,64951.06876425264,2359.1500766548197,13.0,122.98560557461272,8.0
4444,56404.618777835014,16072.266720783566,501.0,131.01280454362526,8.0
4445,57497.757284582716,44705.00144644285,87.0,120.39944522662677,8.0
4446,42927.157034604745,22170.02049573487,37.0,125.25357886778819,8.0
4447,21387.61058364483,1849.711320999003,276.0,126.91567839296135,8.0
4448,40592.41596850143,2871.8697259219034,42.0,108.17525298033443,8.0
4449,52620.56732127528,1184.519563594748,32.0,130.02415485090933,8.0
4450,37658.386520388616,735.9215608533082,143.0,127.52167681607654,8.0
4451,35216.86728512131,5598.035218672731,15.0,115.36394151196929,8.0
4452,43268.15717922768,1179.757942884508,100.0,126.07606112447604,8.0
4453,53966.08038482167,732.4589616303866,69.0,128.03813423030596,8.0
4454,48527.85016164861,1734.6953629165791,198.0,120.20876121381924,8.0
4455,45471.049901505496,3699.9623502470054,145.0,131.32130486551992,8.0
4456,15557.345861974347,734.8432930158425,96.0,128.79030939198225,8.0
4457,17702.002187434577,10353.584332034168,4.0,105.99689676048288,8.0
4458,30126.521213624805,4042.228243628538,373.0,129.48935451389983,8.0
4459,37434.53880027071,5753.862361810549,96.0,106.5093724374323,8.0
4460,47449.694572367785,1180.0666265712878,26.0,117.94994568053986,8.0
4461,33172.41454918953,3793.127328764771,60.0,118.60684914234055,8.0
4462,23431.796366915492,2397.919883145572,219.0,113.67142072483048,8.0
4463,28827.491265109456,4042.0296911355986,45.0,117.44794356289668,8.0
4464,3683.1446301251935,2946.8642886947155,-11.0,88.44415534735658,8.0
4465,31773.467159782333,924.9699385042363,76.0,122.08240813464938,8.0
4466,20823.594707884404,5742.319747708773,50.0,109.93473015642559,8.0
4467,27764.657078292406,7861.264961081745,12.0,117.28041864836295,8.0
4468,42764.545293336065,2368.879253540208,15.0,117.73622600977218,8.0
4469,43503.57497262227,12814.869895619613,285.0,107.81167326005762,8.0
4470,60892.609886448015,1184.2711763475218,30.0,132.28193017747805,8.0
4471,41377.63258582028,6498.804382779729,217.0,112.5968317370422,8.0
4472,24986.294280465143,6876.769585332199,233.0,122.06855181903427,8.0
4473,14962.594958106025,7435.853573753768,49.0,99.37673632220755,8.0
4474,59766.75667422583,1992.7780657369285,118.0,127.88381194097002,8.0
4475,47354.94972277136,739.3580754299551,18.0,118.03640109461166,8.0
4476,24785.70874702391,2361.8602674633216,237.0,122.87485231588622,8.0
4477,55405.477825075686,1992.2908684695885,13.0,119.26256140450224,8.0
4478,23310.079126769724,3772.444685844061,321.0,102.22967828386764,8.0
4479,36480.99458956129,34119.20183295167,8.0,115.07473287350074,8.0
4480,61182.632110501516,54521.39554349458,80.0,116.77891325412853,8.0
4481,50813.79648226936,2368.391532271708,43.0,120.32958720813798,8.0
4482,25656.792628493982,1990.0702704827906,62.0,115.86465460077534,8.0
4483,37217.13760268996,1183.162859680573,43.0,122.5570908023588,8.0
4484,38450.78810154178,738.8547105979139,41.0,121.1954005296618,8.0
4485,47309.8528131481,1181.102948470993,240.0,134.59293425414597,8.0
4486,26707.034951467445,8235.777759104032,99.0,120.52579810082986,8.0
4487,50532.723160639885,1992.3276398139076,26.0,111.33668220731866,8.0
4488,53713.73185894255,924.8186714635444,48.0,130.34479857983865,8.0
4489,52971.09791878669,6641.688345758686,31.0,124.59366056048887,8.0
4490,60249.61622918296,15646.903655093778,325.0,137.20701410604693,8.0
4491,51369.412233287476,7456.327507461765,179.0,130.00004423331018,8.0
4492,43334.44537040577,8146.339597766226,417.0,118.59428590285118,8.0
4493,18267.26301513092,6879.175616673751,59.0,105.25323007831284,8.0
4494,68671.68889477524,60393.16461806852,153.0,125.25594628192994,8.0
4495,63174.12200313427,3553.887326552569,110.0,127.94242559396429,8.0
4496,43114.13722146649,1743.2461106792407,148.0,120.12050943457753,8.0
4497,35534.51709586948,19206.46429155495,120.0,120.23532020501102,8.0
4498,44892.504653254495,5902.184792001874,191.0,126.90586596191207,8.0
4499,7095.331925221192,2365.5082307543257,25.0,90.36898305005845,8.0
4500,35226.3933024398,1735.954534298039,302.0,118.4973598599821,8.0
4501,45207.72274592744,1744.679437422655,36.0,117.51905578093795,8.0
4502,44917.673764503386,733.7881980327556,105.0,129.7888146585978,8.0
4503,13248.612504413277,736.393124474801,68.0,116.08369720438658,8.0
4504,48462.3563000748,7119.5559499969995,95.0,124.20974576562793,8.0
4505,24189.94579507782,3083.869206174757,82.0,113.42412404489059,8.0
4506,32673.476792980626,13952.173990706106,159.0,113.70695659903774,8.0
4507,69133.74648189254,28437.501026775433,63.0,122.66283579719754,8.0
4508,30590.22655501938,7109.8793522216565,354.0,119.10610548975858,8.0
4509,47085.07860172833,38632.66480575302,367.0,129.95438518082898,8.0
4510,15486.722554921691,8149.82339480541,50.0,103.16641142997658,8.0
4511,56692.25531491495,3539.640361912677,279.0,133.22995099561138,8.0
4512,38436.470328137,9709.349335329143,231.0,115.89039631362549,8.0
4513,64675.16259518594,731.2084956806672,169.0,137.74730530419308,8.0
4514,33151.681254237126,12524.02890227176,32.0,118.99886250853902,8.0
4515,18027.530834825873,1990.3440062898605,141.0,121.62905306308551,8.0
4516,39856.56949728045,38185.75176138493,21.0,119.97555714823942,8.0
4517,39177.04580686773,15542.978389827635,224.0,120.689903008719,8.0
4518,22807.517995942384,2362.9828938408577,39.0,108.71703247457478,8.0
4519,4419.5028961781445,2209.7628912484347,-11.0,91.28199547586634,8.0
4520,46987.853725049965,2871.862777383831,28.0,127.0881316247399,8.0
4521,43495.1694000851,1849.6612325266544,84.0,118.4532120687349,8.0
4522,12023.948872186245,11099.056560755145,3.0,102.37106439744232,8.0
4523,51617.18044917413,8715.280713533753,223.0,121.96239395705653,8.0
4524,16713.84818596855,924.9205350314269,91.0,118.1669724990362,8.0
4525,20296.28889853003,1990.7474289169684,9.0,114.4299627482298,8.0
4526,42396.983322960434,32152.420608012577,113.0,122.28056263276665,8.0
4527,31771.453478000396,3472.36432867667,215.0,134.8154249683549,8.0
4528,40555.520741256674,733.8350364663961,26.0,120.36802658959228,8.0
4529,42553.0490485874,924.9884385862596,11.0,123.75947107486462,8.0
4530,26703.32791180078,9319.799352072,118.0,116.78768797857695,8.0
4531,48454.261424971606,11318.86075556139,49.0,121.001180391098,8.0
4532,25682.89477677602,6172.045001011764,22.0,116.49685149630339,8.0
4533,55655.660229819645,2369.1370293971167,46.0,130.4418103112632,8.0
4534,40431.86146044827,20899.497999175946,77.0,121.32606607375033,8.0
4535,59105.1826250733,16825.231533752558,478.0,136.9119297574851,8.0
4536,47034.51672024527,2369.4422837135553,13.0,114.58204154444319,8.0
4537,65839.73240746591,26066.080727097855,61.0,119.38201365452093,8.0
4538,34077.76803739364,1182.8395885942098,95.0,128.12921555606226,8.0
4539,58564.095746155224,3144.9199711431547,166.0,123.67859789351071,8.0
4540,40888.67682415664,2361.442396800844,31.0,120.35699195616296,8.0
4541,47174.628489405026,10173.425050160631,104.0,118.63095665146788,8.0
4542,3479.37493637462,1739.653686179943,-3.0,87.77639555052855,8.0
4543,37782.82698998956,18078.38725363541,73.0,110.93352345364498,8.0
4544,35448.47574138609,20424.660177997626,87.0,116.35459726759484,8.0
4545,33201.35645318027,24761.645611364303,364.0,127.30787106312837,8.0
4546,31771.83317850335,1989.9289894985945,23.0,111.1041744418454,8.0
4547,23038.72670248323,10821.743706232228,75.0,111.07716738283065,8.0
4548,34655.6767747163,735.4996222454174,2.0,118.91180128950518,8.0
4549,32876.212597176636,14263.253093849602,198.0,109.47054676603531,8.0
4550,45906.06030245832,28247.44010266816,370.0,115.0436815610436,8.0
4551,46863.66738560352,30533.517698255957,160.0,127.76987691687174,8.0
4552,19223.746111498498,1991.482219704468,15.0,109.35187989070833,8.0
4553,50869.21121124495,2774.591523362542,37.0,116.97222658698769,8.0
4554,29473.71379385933,3681.446192772179,21.0,116.49237120203514,8.0
4555,49663.94274674192,3471.5322891796663,51.0,123.10858891120665,8.0
4556,55858.94060460355,7724.945497073528,85.0,132.4340110733093,8.0
4557,51001.79406394298,1849.587526435753,93.0,128.5107123443748,8.0
4558,41301.80084005324,14533.685693093263,53.0,124.98819382136121,8.0
4559,18767.580754376744,2207.433621355305,120.0,117.83755015985909,8.0
4560,33355.989117334524,738.8112789433866,10.0,114.89799697270101,8.0
4561,32164.06563110742,7178.9055745178275,41.0,118.16767149949669,8.0
4562,58317.41659563608,1989.295182070288,106.0,135.51289963506147,8.0
4563,35365.90116146159,6518.288345272697,26.0,114.20056127150328,8.0
4564,41494.90347732986,2946.257090085605,33.0,115.30185773258268,8.0
4565,67766.81155364598,6377.3279710849,176.0,134.40624675882054,8.0
4566,11112.48631056484,735.5197100093984,58.0,113.82548049289613,8.0
4567,42655.48854217487,924.8499189339278,62.0,124.8527325340377,8.0
4568,38496.44132242447,2949.0267389147825,210.0,127.3338421758362,8.0
4569,61520.950764535264,54882.50548075633,-32.0,117.96185293841998,8.0
4570,36375.86448907824,21350.615799228905,87.0,115.9683098614887,8.0
4571,67294.81413381947,1184.84653444071,51.0,126.2597896360142,8.0
4572,18315.127329083614,16333.727493427508,7.0,102.35444419819798,8.0
4573,51220.00221414015,1180.3845580614477,76.0,131.400579690096,8.0
4574,25089.919615884795,8759.808380129498,110.0,117.24860779242525,8.0
4575,39708.74423021472,5211.6864510261785,51.0,116.26718977667005,8.0
4576,6659.877863090477,4729.033570288338,-4.0,95.33895631116994,8.0
4577,7590.574782770694,4120.6330808123985,48.0,106.39459839139467,8.0
4578,28483.68804883507,11643.346834304544,77.0,116.06723708486479,8.0
4579,43938.34669071351,2368.521513841193,9.0,123.99550182003108,8.0
4580,43070.30981253996,24951.378726438157,132.0,113.18344414527631,8.0
4581,28222.088094863495,8453.323556131943,16.0,107.866086460487,8.0
4582,39363.7903476604,6384.728776676149,187.0,132.4553864342372,8.0
4583,43470.23926898933,31446.303819863755,171.0,112.13430056607751,8.0
4584,37354.26659234906,2362.407930092102,10.0,119.01052784791756,8.0
4585,4682.840768750599,1849.7803318969404,2.0,90.01130916754539,8.0
4586,52652.09295785341,1744.568777504713,29.0,124.57705760195458,8.0
4587,56096.87968422492,12159.183856598793,107.0,131.19918123937236,8.0
4588,29968.59701278169,1182.7236023504129,20.0,115.3397530440329,8.0
4589,50889.58610270367,21888.44770640473,-37.0,120.87311095115629,8.0
4590,11092.50190931001,924.89911123527,33.0,108.12974840309107,8.0
4591,56416.054598134,5746.183025020184,341.0,133.2070805400104,8.0
4592,9365.633821159001,924.857293433165,130.0,117.52192795959205,8.0
4593,34579.81431745067,2390.9607520205873,62.0,118.9493384154252,8.0
4594,31854.465803890205,8760.284935150592,158.0,110.71473306411148,8.0
4595,49342.29898375217,1989.5065370679702,86.0,127.70905688752543,8.0
4596,63835.31613742148,5899.576995403324,55.0,126.56792147614448,8.0
4597,48939.8570636672,12080.35918640756,22.0,121.64801241164547,8.0
4598,26730.2873683436,925.0659315437821,17.0,111.27057450673237,8.0
4599,38411.510396041995,2871.455021283779,79.0,119.18509260844652,8.0
4600,30190.071337225727,4312.189758876693,214.0,126.15928797138423,8.0
4601,37500.48584905784,3090.548804300128,89.0,122.39910946303971,8.0
4602,25689.45358122166,3091.6845108543394,48.0,116.44095841149051,8.0
4603,65422.56686975092,731.8598041626166,277.0,141.982448346819,8.0
4604,46167.37846855018,31740.881634273428,64.0,115.51446603982784,8.0
4605,27812.616812383127,1990.4556596679688,19.0,107.6450845975687,8.0
4606,44064.83574196758,1989.8002233331192,17.0,115.51325656963863,8.0
4607,45328.65287081606,739.042998145465,32.0,130.5734801881843,8.0
4608,25625.32885857815,4615.076876379313,221.0,123.03911912368602,8.0
4609,20180.25216944765,1183.1327759732646,10.0,115.07079683239441,8.0
4610,19346.397227318394,5971.628161129204,74.0,103.68039852430368,8.0
4611,48299.007395191074,5598.042056666893,362.0,131.57290696893062,8.0
4612,53156.935324038255,5739.649756294171,91.0,129.71552406628945,8.0
4613,44665.66153561667,924.8395307162726,28.0,127.13430211911319,8.0
4614,3797.169868133064,3088.168705079141,-1.0,88.42102402217951,8.0
4615,24595.963905840566,1992.1028887067475,32.0,114.29248611002225,8.0
4616,67780.05838208571,2359.2192074569098,85.0,133.58733887970303,8.0
4617,35387.646052884,1182.9626664169177,101.0,125.90258736708446,8.0
4618,34325.95898603364,17166.510134412627,176.0,110.35795249492618,8.0
4619,34859.682756787115,1470.37993378996,52.0,121.69054535767602,8.0
4620,33282.42481401934,924.9097150735465,94.0,130.33229767202346,8.0
4621,31689.082642601767,9941.549925208043,276.0,110.5053738055014,8.0
4622,60517.391242008365,47720.76472460788,87.0,120.04148295550883,8.0
4623,31013.208561077055,6655.335162342277,25.0,117.68108389562326,8.0
4624,54074.76536149313,3137.729913474061,359.0,134.79218147559948,8.0
4625,18278.38433637421,1474.2979947902834,42.0,111.36067249836432,8.0
4626,46170.25982100407,925.0270364838713,109.0,134.75127103570534,8.0
4627,49192.03191110516,40745.57937152364,370.0,130.30720052885695,8.0
4628,24367.277439485064,15361.074111854452,-265.0,111.0738098621453,8.0
4629,50172.497955837425,1181.0797199953674,177.0,140.01441025449012,8.0
4630,43461.5575608591,733.3056731910872,102.0,131.81368720026651,8.0
4631,29928.922466168915,737.8162075084841,7.0,112.74948680379246,8.0
4632,48939.1498752616,6844.991147731061,43.0,116.54118227673631,8.0
4633,40872.741007603065,735.6675313481089,86.0,136.22602666222693,8.0
4634,39226.156397865605,22185.030814783273,113.0,115.24565076667913,8.0
4635,39491.73164753788,37510.42041697551,20.0,109.89559748413933,8.0
4636,17226.24777596573,1991.5432263776195,7.0,105.37773406983553,8.0
4637,42203.28213383794,735.5294640265191,30.0,121.2181470118436,8.0
4638,49688.765666322804,1992.5567276902666,17.0,122.0570025100902,8.0
4639,40660.32329326734,24040.21972595155,133.0,114.9858097546687,8.0
4640,23859.811282301293,12378.129973554243,215.0,123.16302227955019,8.0
4641,17711.810804657045,1849.8342420912209,123.0,118.50174960119494,8.0
4642,40169.12678518247,9338.029841477592,160.0,110.36643327717063,8.0
4643,48325.71408120768,5742.918544582169,53.0,117.5574181865952,8.0
4644,54133.931004112375,3469.3071784167278,76.0,121.57341185258667,8.0
4645,10976.227687346776,3548.3424259270446,-12.0,98.84031938688935,8.0
4646,65100.839922699066,8293.189266413374,243.0,132.67727081070225,8.0
4647,42477.92969407556,40749.66849679949,-96.0,110.85993273273259,8.0
4648,49069.758114114615,7398.964156884826,111.0,120.3286966859179,8.0
4649,37258.20784722573,2396.6778221743707,29.0,126.0085651564009,8.0
4650,48067.730691725636,39789.624067477496,153.0,111.21861088364207,8.0
4651,24015.056352657084,8308.394037759732,172.0,118.68077901502178,8.0
4652,31463.590687987187,735.2055236167982,23.0,119.56549390035333,8.0
4653,33553.03878582084,6838.678859754568,338.0,127.73932343932144,8.0
4654,38629.235818481204,18860.29023158618,46.0,115.16280873133634,8.0
4655,13032.416383424692,2774.8005648943517,-1.0,101.33687294314885,8.0
4656,56556.00305773367,740.0062871372021,174.0,136.7723905663082,8.0
4657,46220.36919970048,734.712580052723,20.0,121.04216921910589,8.0
4658,27315.024002948587,7116.637360006256,66.0,110.88761657724936,8.0
4659,34091.71257106837,8624.75694041329,350.0,119.35135443647778,8.0
4660,11291.842692208898,735.3411631296547,55.0,118.9210016351568,8.0
4661,37679.169525458594,925.014150288266,29.0,116.87605674976044,8.0
4662,27817.932664004264,9708.938803354065,139.0,106.69197099630877,8.0
4663,43441.65682549944,5842.730498193325,300.0,121.15692096470414,8.0
4664,60639.71574745566,925.0831511246417,39.0,122.9718112422013,8.0
4665,19604.91208732287,8639.258036068042,19.0,105.20550052481049,8.0
4666,21939.76341700914,8622.232733578265,280.0,123.43640191758054,8.0
4667,45374.35817536391,3699.491784717606,119.0,117.87431307798168,8.0
4668,39284.465602129094,17532.894243684535,88.0,110.53193156964532,8.0
4669,50112.15685600044,5205.17807009573,437.0,134.01770313107437,8.0
4670,34659.684693485375,23138.453397857713,81.0,115.5156290320057,8.0
4671,46789.74790504629,6944.7218902700215,96.0,118.2714638446459,8.0
4672,39025.16313909685,9106.039567896783,361.0,128.36320812163817,8.0
4673,49290.833826543465,29743.165478884894,301.0,112.66865724280673,8.0
4674,42664.34364448763,924.833108013535,21.0,127.4708545974976,8.0
4675,31006.35239382207,3139.6506771863965,74.0,117.23736066971242,8.0
4676,57532.105731284486,55581.956943292214,-206.0,110.06896271039973,8.0
4677,60819.62353545614,2360.223839336442,61.0,125.04723666672781,8.0
4678,57608.40596919736,1992.494848293896,39.0,131.11681525882346,8.0
4679,54489.049888948175,732.7824427441295,162.0,135.50017753879433,8.0
4680,40050.03784864142,25016.16497573092,87.0,117.69120005417732,8.0
4681,17401.36687075929,6961.760189465038,-60.0,101.46667096272517,8.0
4682,38300.40425172356,20899.068515477895,-133.0,113.62871213831477,8.0
4683,34917.8510706701,4782.133877243777,39.0,114.72953933210117,8.0
4684,44121.9648448934,1180.5757002634107,164.0,123.01571890333128,8.0
4685,52083.45731854437,11638.420305828606,36.0,128.0772107522482,8.0
4686,31581.728789249264,1180.8020330310849,12.0,111.25375482347688,8.0
4687,52217.75414897993,8357.144444502252,68.0,124.30765858965387,8.0
4688,26118.318415548354,14499.727114096211,39.0,110.67520221161153,8.0
4689,32408.42571210618,20854.8866388798,56.0,110.93706899050017,8.0
4690,57613.55430595927,39076.4815194204,161.0,115.23198529680286,8.0
4691,18778.940304920798,3980.8602602696437,83.0,112.09832470282679,8.0
4692,28197.673061755228,1740.9078234780623,45.0,118.29316876600052,8.0
4693,40425.184845750584,2886.6389282169876,275.0,130.35930536878664,8.0
4694,54617.665601105306,13894.291426514923,68.0,116.21126656825001,8.0
4695,39734.96747901644,5481.30261683046,196.0,121.06008822707477,8.0
4696,39564.182580855115,2871.278984324019,44.0,129.87641447482426,8.0
4697,49642.83822474882,739.9850287232936,114.0,131.29830293127816,8.0
4698,59394.127321167696,42371.11217665766,183.0,124.59596357213422,8.0
4699,60243.21070930327,11802.78925008628,3.0,118.89035873731204,8.0
4700,49651.65003432499,1181.0431609065704,265.0,140.59526044470215,8.0
4701,44202.69337404397,1181.0706505234054,47.0,120.88515801069704,8.0
4702,41391.27316954906,1181.0064250505513,195.0,131.78608427256762,8.0
4703,61933.989320971894,8630.692765765056,116.0,126.68634392282874,8.0
4704,42090.37157786826,6166.697577281846,255.0,128.00091603141078,8.0
4705,41989.18076820033,736.4390259479975,23.0,119.69087293163774,8.0
4706,40107.46283292273,11950.5826263719,352.0,122.62306819645215,8.0
4707,53642.45105330819,11360.339560851115,133.0,118.24129381297736,8.0
4708,36800.42037980382,3679.2706484954647,311.0,129.75040285811963,8.0
4709,21286.39999858447,2774.8592334789078,127.0,119.25329191306685,8.0
4710,48530.87172871608,4111.037924955329,653.0,112.72013052279603,8.0
4711,20190.225874058222,18468.672917699354,3.0,106.07135157699302,8.0
4712,33402.74746757867,3473.1923414281046,36.0,111.85005389692296,8.0
4713,41603.111806778084,8080.494089366057,255.0,113.72455909283116,8.0
4714,39718.30755627074,738.3641604363384,160.0,131.3526605589572,8.0
4715,30332.54702868525,734.5628164244423,1.0,108.42519950607121,8.0
4716,40547.37108191629,19670.234856570278,85.0,112.89190286045616,8.0
4717,49757.97188084343,1180.0218563360115,32.0,119.97149967986188,8.0
4718,26022.44150051887,1736.3229966910299,141.0,133.22463574467992,8.0
4719,38731.144160606826,14395.113391349136,139.0,113.98286441063162,8.0
4720,48974.29465920205,31956.549517279607,183.0,122.95232460487392,8.0
4721,44062.16340960708,2399.9612692357255,255.0,131.16167535208334,8.0
4722,44995.080756657786,738.7800762681429,82.0,127.69960982183756,8.0
4723,43468.23448093596,1471.641815425338,62.0,132.58845606435708,8.0
4724,30884.58326664967,3980.55706477352,220.0,127.40637024528198,8.0
4725,36017.28702226075,14487.556788045602,69.0,115.26225967554447,8.0
4726,28383.167367490052,4732.808411566274,246.0,125.78477444912002,8.0
4727,41778.54788799743,3803.088024843215,103.0,111.0825398072869,8.0
4728,45625.52282024671,3542.0566967843715,32.0,118.13132332755126,8.0
4729,19210.22259402699,9795.433489910321,117.0,120.17120470192053,8.0
4730,33696.015740511204,924.8506367756477,79.0,135.61032529509026,8.0
4731,39893.94805105993,4600.03826909533,23.0,110.61877869501136,8.0
4732,37525.41657542633,1183.1393781948095,149.0,128.20850573491808,8.0
4733,33370.35947359718,23169.88413912222,167.0,121.24367070852315,8.0
4734,37268.44168313393,25035.809967766214,254.0,112.81702726926457,8.0
4735,40687.32240093349,734.7719793445482,205.0,133.84819338125476,8.0
4736,31729.197015493424,1473.4821163650265,30.0,111.24818637370238,8.0
4737,43495.18488108826,5549.214175543096,54.0,121.85108123007151,8.0
4738,29997.480878558847,12990.880925341198,444.0,134.9822488900964,8.0
4739,49608.69114591027,2876.657970845851,281.0,126.13255323678335,8.0
4740,50741.03957793974,1180.2489769776716,69.0,124.56559675744663,8.0
4741,37675.211044544594,737.3194628135485,89.0,125.2884740787685,8.0
4742,38934.475265975234,4851.655006293165,73.0,114.37779099258131,8.0
4743,42896.462926456494,1734.9521044210285,178.0,132.55451931091656,8.0
4744,52177.93921799476,9805.898854170726,33.0,123.59262348839043,8.0
4745,63587.95663596938,1179.02847813702,127.0,148.11571465332412,8.0
4746,44778.107034039786,1180.2854417519884,57.0,119.17586716882569,8.0
4747,36370.74419247935,734.082505743828,23.0,119.15758456023552,8.0
4748,29105.873524967585,21036.15660926843,61.0,117.51578615766122,8.0
4749,49393.32598569176,34364.39691732031,87.0,119.89131334888437,8.0
4750,49649.07024110857,1184.1249900439366,43.0,123.35761226948975,8.0
4751,43816.33005920273,4796.881608012244,27.0,122.0071701796881,8.0
4752,42752.45738209463,8098.64597388788,184.0,125.12337257200619,8.0
4753,34205.059481525706,12557.94665799447,360.0,122.91484377886891,8.0
4754,47541.103022902964,1989.5628631683091,122.0,134.9374053700615,8.0
4755,41260.81782170558,4419.845792413347,53.0,117.26102143660249,8.0
4756,27686.306729068434,1736.0770192583993,78.0,117.43677859909354,8.0
4757,45636.20945754867,27191.140709224426,163.0,122.35249471471947,8.0
4758,49351.676029893686,1849.680712909026,67.0,122.98422659286004,8.0
4759,34030.601237690535,737.6694858671272,135.0,129.56460977220283,8.0
4760,41336.49725698709,11412.17989277576,333.0,127.7156420427778,8.0
4761,46574.349180003475,16788.93635748752,-49.0,118.44614655207951,8.0
4762,21890.695247379466,6640.717396899096,54.0,112.07570728339152,8.0
4763,53440.877721780686,1989.2117625780081,266.0,133.83461416479335,8.0
4764,56389.67031570126,2874.107159920057,29.0,118.5052106983466,8.0
4765,20004.83037210956,7110.242628551039,-26.0,118.51425783948261,8.0
4766,39926.192065153766,6355.225122641384,237.0,122.32684832831158,8.0
4767,60392.01165681404,50140.03742797873,204.0,125.89770094586439,8.0
4768,43672.24183072688,1179.870760110642,35.0,122.08021989093251,8.0
4769,44351.4218273183,925.0238012386754,18.0,117.45963431024059,8.0
4770,43536.08523755217,28501.92988491594,87.0,118.57762427461813,8.0
4771,40399.68204414233,1735.0910608811432,135.0,125.25762211326854,8.0
4772,31417.70907991205,735.6939409571156,21.0,112.77816376949306,8.0
4773,45907.08361826402,37632.27379009802,153.0,111.60011347846043,8.0
4774,29554.681745627327,18007.52874079841,58.0,110.8482748590994,8.0
4775,58460.13194969498,2369.757933188503,62.0,131.84932220764375,8.0
4776,52971.431428086915,1849.7145684737227,41.0,122.01441560674573,8.0
4777,42881.524580296136,1180.0849314486165,56.0,133.57166895455975,8.0
4778,43454.13401536847,19004.780111285836,-9.0,120.30217908144967,8.0
4779,47635.91747199413,29927.22238670504,298.0,110.85736721511043,8.0
4780,37959.12416353762,4785.808206655692,47.0,111.03312655512029,8.0
4781,15927.04264919703,9100.825489867633,-62.0,106.61435368873437,8.0
4782,42109.904304378244,734.1117136874342,66.0,128.82957379659547,8.0
4783,47224.15343796865,7399.741561634821,212.0,126.1465756776602,8.0
4784,37130.232820819256,738.2474400831577,105.0,128.87562732005813,8.0
4785,38401.39130633708,3980.071101161146,39.0,117.10695061867473,8.0
4786,41246.872550607324,13942.14589303204,399.0,123.28292810277715,8.0
4787,49850.01333172812,17416.90561486313,77.0,116.63612195019145,8.0
4788,6661.422750605998,4730.3040762899955,-4.0,94.46278316743916,8.0
4789,44234.59823015288,925.0441926128634,20.0,116.75457944738366,8.0
4790,35313.34544900118,924.8867509591994,107.0,126.16624288627887,8.0
4791,41446.47871347128,733.3015613437576,41.0,133.47663599021263,8.0
4792,51970.633422160325,4055.4024642409813,52.0,129.05511579663852,8.0
4793,62100.31757431568,4737.8845235093395,246.0,132.2834477609406,8.0
4794,42059.450615147165,13333.073417557465,21.0,116.81336346537078,8.0
4795,37104.78076711031,17161.258728745754,133.0,120.60015595734052,8.0
4796,25314.281660820427,736.994640246186,30.0,110.87362618316324,8.0
4797,7593.558818315786,5237.310564511098,22.0,98.47812902853153,8.0
4798,19645.266229302597,924.9044293599865,15.0,115.88963804657925,8.0
4799,51845.502926835165,924.8893924708851,17.0,137.60611521222663,8.0
4800,43067.644174366484,4855.3381545578595,60.0,128.48130245908757,8.0
4801,8311.137902163378,2209.516753215361,5.0,95.12375523677444,8.0
4802,42954.92182827078,8881.354858227485,349.0,129.49354354224104,8.0
4803,16139.751928382246,3481.9426081676756,121.0,109.49806971290755,8.0
4804,45832.60897836598,738.5479427988104,21.0,123.60741570718704,8.0
4805,36511.56722027698,17889.540928992894,198.0,107.06730884649168,8.0
4806,36589.54448587468,7178.392528936768,36.0,119.31397969418738,8.0
4807,58097.48422715453,12580.63849912765,76.0,119.06970398469156,8.0
4808,39592.77261295709,26795.607574924903,68.0,114.94653942764808,8.0
4809,47988.30630134148,1989.4505734825714,219.0,141.81456194998287,8.0
4810,44494.80282079475,5549.82852270044,291.0,129.30231004305267,8.0
4811,50707.048311985694,5751.8067386049015,483.0,116.11869573579112,8.0
4812,14799.324432479563,924.8715303113898,89.0,118.817272272551,8.0
4813,41626.28292046809,4624.32255993814,155.0,125.57328595000975,8.0
4814,9956.3813567088,924.879093815251,54.0,109.93564482310111,8.0
4815,57762.56139013056,3145.2057153727173,46.0,132.7836107283806,8.0
4816,57715.9336030792,924.9880174826615,64.0,133.12693202680794,8.0
4817,44445.15083956924,2361.6284304157284,26.0,116.21919941017589,8.0
4818,40496.65096175103,21429.055515328906,109.0,121.33961793316661,8.0
4819,46142.125275357765,4053.568956356687,332.0,123.47542764698736,8.0
4820,50979.80113077425,734.1517167211964,5.0,114.37468080721223,8.0
4821,24595.976155973614,4517.769502942199,128.0,118.03878846145875,8.0
4822,40759.7253035934,2943.8933927622434,324.0,124.68010902224283,8.0
4823,53705.49843745759,41012.72349501659,32.0,122.98381505905299,8.0
4824,56945.090738828425,7958.822772773539,99.0,114.75564481227384,8.0
4825,37869.17908495359,925.0188977388925,14.0,118.47379638443172,8.0
4826,30153.1498928004,17924.59929321466,205.0,112.36007091322627,8.0
4827,26407.60236302621,5742.613793988104,87.0,111.49964081896306,8.0
4828,66589.68532627063,1179.8514488447754,36.0,129.9066209661068,8.0
4829,39696.0844347704,1181.7462401670443,65.0,121.9821307085981,8.0
4830,30613.913605890495,11571.252022178354,180.0,122.41983024045817,8.0
4831,44016.46834611815,31717.189981364572,21.0,119.94821452452916,8.0
4832,46814.52453720811,34729.629639517225,183.0,119.01940256676296,8.0
4833,28260.37100133864,1990.2314828424699,98.0,133.50268199540238,8.0
4834,36911.754262722614,1180.4814925812873,72.0,129.72464363184167,8.0
4835,61447.0415038851,1179.7478273135916,112.0,129.93784579863956,8.0
4836,48753.00331872367,4781.52633039735,374.0,132.40621980901133,8.0
4837,22449.577561228158,4724.508586672958,459.0,128.19670479388697,8.0
4838,35913.43252006025,2871.738757943113,30.0,114.47128255742511,8.0
4839,50971.69484646196,1179.6108711501279,48.0,127.74642753387047,8.0
4840,54948.0698488112,2869.5067904473403,31.0,140.19525048808828,8.0
4841,42789.116829501465,3083.0184938419225,178.0,126.9586849348177,8.0
4842,36143.9400690614,6630.390151433779,359.0,109.81209869548611,8.0
4843,3794.054151139364,735.6911982143738,-6.0,91.76298121717005,8.0
4844,53588.10248534227,34863.32515729286,184.0,118.34305255305918,8.0
4845,20095.07692825491,1990.414802374778,42.0,111.64666518543545,8.0
4846,22071.23335968059,1180.7061016333294,253.0,137.43699041846887,8.0
4847,59747.59975570649,5490.962807874966,67.0,113.93348779440474,8.0
4848,64398.919072715486,47381.85393483617,183.0,125.28707166925692,8.0
4849,40405.95061353282,1992.2528398431778,10.0,120.8466944572916,8.0
4850,46244.114662260865,6474.0614778221325,101.0,118.92497636947343,8.0
4851,43692.26088085466,2207.7363731325245,152.0,128.55422087910003,8.0
4852,19393.420869525635,7098.576452472483,57.0,108.36621133131439,8.0
4853,14742.187392605678,4517.126818633074,32.0,104.39617881450455,8.0
4854,35339.55651773394,924.9221629047925,46.0,132.07349924505303,8.0
4855,26863.01441490391,16664.75235434882,191.0,102.42490570722622,8.0
4856,58986.222447761895,5232.4736710619045,117.0,129.47273352607363,8.0
4857,18437.241825122044,13841.247280854417,55.0,102.92905481786961,8.0
4858,55874.67102858925,4037.274147588433,41.0,123.03283754549598,8.0
4859,10439.92187466238,8754.18108429629,54.0,109.68760314441752,8.0
4860,36071.59690984709,2945.4146591117556,26.0,113.91151361156965,8.0
4861,27687.56178611425,734.6450532538768,44.0,118.76446124331767,8.0
4862,46653.301021412066,7545.401249250028,47.0,112.78440235591673,8.0
4863,30709.93249231798,737.7447167885314,48.0,125.8867324911858,8.0
4864,56766.14129212203,3539.3380355920604,102.0,126.94645038673421,8.0
4865,11692.942995763966,1181.3062239367646,13.0,101.27159628226313,8.0
4866,27253.987637983762,736.2679510512454,54.0,117.68384429050046,8.0
4867,9031.549436227313,1473.831648602594,4.0,109.84246466427437,8.0
4868,61564.8307196913,59203.06838069227,-126.0,118.3713412538917,8.0
4869,41882.239307404525,33604.93020343662,128.0,109.90292306708594,8.0
4870,20989.874670192556,19017.70533037449,4.0,102.06379334867034,8.0
4871,16312.039058366667,14118.53648094457,-49.0,108.02840829257956,8.0
4872,42078.23103400855,3138.465201760674,331.0,132.18357363304875,8.0
4873,53724.39100349138,29276.354683781537,186.0,121.02430968279097,8.0
4874,37619.11674124059,2391.1452623400214,38.0,117.74824908395483,8.0
4875,40025.79710857677,4722.9652482058245,-1.0,119.01301211984358,8.0
4876,61406.025686773435,3539.263037852872,56.0,121.32868862627242,8.0
4877,41452.058274259995,2877.288163462899,16.0,113.49652117702661,8.0
4878,52980.9070277656,44721.76103787823,153.0,111.57165906163341,8.0
4879,36840.420665319674,14528.84256925541,141.0,118.59726965940982,8.0
4880,56417.631763189245,34091.29859189894,473.0,130.31442135187677,8.0
4881,42406.0022611448,4683.313352749676,73.0,117.13841562796674,8.0
4882,27115.358652036237,10383.833524842183,25.0,122.53660182953166,8.0
4883,51950.26414929901,3486.3704816610157,352.0,128.20653269801804,8.0
4884,10632.948522027242,3478.65200610377,46.0,95.57861696375465,8.0
4885,52678.29263811136,45134.27417973187,149.0,112.00979940439724,8.0
4886,45012.42424788114,17652.59210210741,204.0,125.22525828246579,8.0
4887,47377.20346642316,28823.460425678975,343.0,112.36055703173741,8.0
4888,25794.139993700726,14758.818493361707,-12.0,107.88472597418023,8.0
4889,32244.198243146915,1736.628190395845,86.0,120.89943070501332,8.0
4890,24264.78650449915,2399.1616887967734,30.0,116.17544695024023,8.0
4891,14540.56935122131,12801.567476090077,63.0,111.70745089378329,8.0
4892,47551.120501290265,13335.249256085395,166.0,129.99651301553394,8.0
4893,42584.73402804307,2367.611320640493,154.0,112.68608828033501,8.0
4894,33277.20668512561,15260.51298220482,320.0,122.65459917760094,8.0
4895,40451.50925130265,739.1814273542012,231.0,135.3296275078029,8.0
4896,13452.375863509684,4794.263065015113,-8.0,103.08937342323921,8.0
4897,15494.333249061712,3682.5419987178475,62.0,110.20325799379165,8.0
4898,48439.54792272841,924.9097439113957,71.0,136.77441783065785,8.0
4899,29519.59776741895,14024.394855832388,181.0,107.07642683115652,8.0
4900,54143.70352385062,8629.758152182596,76.0,117.78475230985094,8.0
4901,4682.751862580159,3772.166027457965,21.0,95.03295277749062,8.0
4902,12379.213284786312,1990.8657065455895,29.0,99.36953879086707,8.0
4903,31177.30642979158,734.712333556908,63.0,122.01371223309886,8.0
4904,63793.57980358152,1179.5109886665139,303.0,138.7137459504897,8.0
4905,52549.47873221636,39241.51693927248,-175.0,112.52768157985449,8.0
4906,41105.76563205526,2361.966941024828,42.0,120.4354719351019,8.0
4907,26710.477114803252,737.0930058342126,39.0,117.73984617386635,8.0
4908,25950.3383635344,6932.012252287437,437.0,127.99949149367541,8.0
4909,44502.11866578323,34317.250536678795,62.0,115.57341646754301,8.0
4910,58827.32598585732,3145.303915700696,129.0,131.1277813887652,8.0
4911,50134.85182968603,1179.7127559360192,9.0,119.33081866256981,8.0
4912,17039.72065390559,5237.728528368645,61.0,106.2551252802308,8.0
4913,28280.8062886938,6354.90911920623,38.0,114.47481240964828,8.0
4914,55838.38064377161,39506.128614217836,351.0,116.33020233191336,8.0
4915,22767.092943972155,11949.198607120907,73.0,108.9886754232418,8.0
4916,30521.990148417564,8324.047765708923,113.0,112.54308655298777,8.0
4917,41533.95063033508,924.8825425275695,48.0,128.75974018465428,8.0
4918,55064.669456023075,11196.303674072387,56.0,122.14102030027443,8.0
4919,40515.426245467854,736.4329158131908,31.0,121.16355297145729,8.0
4920,31397.156898897178,23993.485758613213,-167.0,119.47315404592744,8.0
4921,30551.0940026307,733.9040305153846,116.0,143.3092691761961,8.0
4922,47210.721434461426,9801.787669577056,72.0,121.46735447263924,8.0
4923,32514.34136781774,15491.4790961066,77.0,114.0530083057348,8.0
4924,39097.233487082354,6516.17722431042,71.0,119.2712380696731,8.0
4925,19657.018927969362,13012.641221775813,72.0,106.90383183178416,8.0
4926,29542.624999089912,15357.896570995224,516.0,129.03535088264937,8.0
4927,60066.68444816031,5491.241303073002,244.0,130.1116740523962,8.0
4928,27079.227223296366,1181.1741970875603,87.0,127.093680558653,8.0
4929,26730.778868030142,1990.5684758162542,41.0,113.5512221778465,8.0
4930,19204.5429797414,924.9408259799876,135.0,122.82573716145988,8.0
4931,35997.809836153116,13680.668806801681,158.0,122.35449240874644,8.0
4932,36066.88577432313,2870.4995738912635,39.0,114.98767819255204,8.0
4933,37622.82606499985,5127.6040193120225,116.0,121.77778863643154,8.0
4934,36994.058929394574,2944.9018096928844,327.0,124.1371410057383,8.0
4935,54597.48041146548,1989.3481578482754,91.0,125.64553914886926,8.0
4936,56356.91648836402,924.8257272250648,41.0,130.81536736703222,8.0
4937,28681.70705423863,16664.619353372076,177.0,106.38629944108848,8.0
4938,26564.72089656409,8150.369995755782,234.0,118.70137522533184,8.0
4939,34634.8932167937,22539.038806768032,183.0,115.6893148090769,8.0
4940,33291.07405922624,11750.317966447785,94.0,111.69310032032946,8.0
4941,16189.723767924464,4048.9023730575796,37.0,113.45446270736986,8.0
4942,48100.42740084879,24058.399705870175,267.0,126.02523393050151,8.0
4943,47093.63605956914,1989.6772470422247,80.0,119.30791105125846,8.0
4944,62344.27220661717,21202.282433901386,130.0,131.07025160331204,8.0
4945,49145.11786144458,4110.2403307478735,415.0,134.2640978314239,8.0
4946,67535.53770832012,1179.7555465723406,41.0,129.58776701442693,8.0
4947,54104.36383582921,5211.589532081963,115.0,132.9536595687734,8.0
4948,45580.58031424053,30333.097233402445,374.0,113.40172574325918,8.0
4949,41092.710893406154,3772.8143901921353,67.0,120.2350694059224,8.0
4950,4624.7018478452255,1849.9065992134647,6.0,96.6456749039736,8.0
4951,53667.201372952586,13893.98330644015,381.0,129.68649318957023,8.0
4952,61257.10561315419,11801.820853828143,17.0,118.75975899294409,8.0
4953,42164.68120893562,1180.1642878925043,30.0,131.42929208858908,8.0
4954,48960.05739209057,1180.0899429268397,123.0,138.80687445342056,8.0
4955,20361.050539279928,3699.501188802192,47.0,113.95270460037267,8.0
4956,62054.59013784454,1180.0723280577731,27.0,130.94808773096008,8.0
4957,33373.53699415591,15252.00302634055,141.0,107.54757088802157,8.0
4958,33589.623980849865,15878.703338702013,307.0,124.9408803540363,8.0
4959,60429.013896118624,4033.4540592321723,448.0,136.5667594538245,8.0
4960,50636.13737136908,14681.967127748918,42.0,118.62788322103523,8.0
4961,31164.287351688978,737.4694756813101,228.0,132.2800812020423,8.0
4962,45033.41861097112,1989.9890336682581,31.0,112.19997255271018,8.0
4963,38099.351300564325,734.7743391031274,62.0,125.58271322518246,8.0
4964,46679.30222974438,4315.089246598903,65.0,116.42114769161888,8.0
4965,53339.94593089581,44888.785202005005,366.0,130.9272105581952,8.0
4966,35541.71154858363,738.4943056570299,21.0,125.30884998286359,8.0
4967,30954.064435797976,15498.35460040453,85.0,110.77254908635021,8.0
4968,22392.70858731348,6516.196510903596,65.0,114.17173294292444,8.0
4969,56107.67349248444,740.2354362128613,7.0,127.49602925054792,8.0
4970,49571.41184650981,33694.551234886145,97.0,117.0338498944421,8.0
4971,33409.54419018678,14907.958771748177,132.0,121.53813318392146,8.0
4972,30893.819985239323,8614.416949412722,46.0,116.19898432910794,8.0
4973,37114.87535899555,18502.85631609569,198.0,106.71967024088829,8.0
4974,15445.45650350187,924.8542638715282,71.0,115.43914733235123,8.0
4975,54025.137505202976,38780.712888272035,367.0,113.79644712672028,8.0
4976,37234.74232914808,34875.03077402431,-12.0,114.58510312875417,8.0
4977,23691.929253532195,10412.106578421555,130.0,115.80071106444196,8.0
4978,59126.6363512541,56769.90480440265,-100.0,119.59364053987149,8.0
4979,58160.40728063898,15697.591353741556,63.0,119.33113245202526,8.0
4980,18525.144653357365,13052.816391972607,53.0,101.92852663625382,8.0
4981,35782.30492888624,24226.165082276024,-16.0,110.05872348598812,8.0
4982,47667.95594167806,29131.787273154638,161.0,114.3166580451498,8.0
4983,58892.29886295144,52234.52361418901,80.0,116.54968184908115,8.0
4984,46728.161544816656,2885.680958289777,302.0,124.11868913826088,8.0
4985,42083.445583867906,10383.232314190573,110.0,117.11252405725025,8.0
4986,9972.601753696898,1740.201764241211,79.0,96.88708117098562,8.0
4987,53364.11173234606,3978.7599011491193,125.0,135.20319413189145,8.0
4988,41536.75812193394,1180.7163599468856,20.0,123.26554572142851,8.0
4989,10353.033179495194,2945.845429320132,38.0,104.49492389746909,8.0
4990,8237.508180112687,6508.558391824026,4.0,98.37508116012124,8.0
4991,25821.06760200693,11720.769663652094,-60.0,112.04187783828453,8.0
4992,41030.3008049212,5225.546285447933,166.0,122.62296911025547,8.0
4993,13693.224149741236,11974.96557066549,81.0,112.3094834367947,8.0
4994,45702.62288561435,15877.942326320057,57.0,122.49548535350007,8.0
4995,60952.0232316363,1179.580218772995,74.0,126.34590368276123,8.0
4996,48246.31778808112,924.7310649815856,81.0,130.5054141585355,8.0
4997,40381.25166634926,739.432476685799,17.0,117.71841864189196,8.0
4998,54700.440498018754,32685.13368495149,257.0,129.42965495563783,8.0
4999,49894.993735424294,1184.9267120493712,24.0,120.7393902491219,8.0
5000,27706.342852537466,13284.11416580325,28.0,109.41758318481004,8.0
5001,47178.75169624136,5549.943520631242,274.0,129.08278383335227,8.0
5002,28371.549808831063,8551.391522770444,7.0,115.56865616294441,8.0
5003,43542.54940774968,17251.9550666462,44.0,114.86335413089824,8.0
5004,35289.55275093543,1180.3170164536762,138.0,142.3340359983865,8.0
5005,45128.99045691242,36869.85921794158,153.0,110.56929848588278,8.0
5006,42200.825435229985,1183.7918710106555,62.0,123.82515342517911,8.0
5007,55004.99938877843,16153.028374568556,15.0,125.34972360631107,8.0
5008,53134.1375055169,1849.8683110041525,43.0,130.31348521768032,8.0
5009,30580.820478725105,22997.109791528183,-81.0,105.33196952779588,8.0
5010,37374.77124813404,20238.609420853267,163.0,110.96666018664891,8.0
5011,51713.76453593221,1990.0555545400298,39.0,125.36512056607324,8.0
5012,34231.82813786726,29108.002428768687,39.0,109.6908009554157,8.0
5013,28930.434514343273,21362.381872157224,-35.0,111.76442056431041,8.0
5014,30933.161281761848,13252.469897390014,45.0,113.4513012335668,8.0
5015,55259.80836154909,8261.190910172048,458.0,117.58028911507756,8.0
5016,48896.808562285936,8452.4425396005,507.0,133.04979790239446,8.0
5017,47257.74000565851,20485.86267251558,-74.0,117.18791395986577,8.0
5018,38209.407369586,17220.73899689513,319.0,116.22616319179733,8.0
5019,54953.50923588975,13504.4423570114,61.0,111.17404151805512,8.0
5020,43550.16409924524,737.179901775538,7.0,125.90998010319318,8.0
5021,40475.76152022851,13716.178201643608,121.0,124.96918883605069,8.0
5022,36443.148356330574,17375.74486713338,109.0,120.44829167758343,8.0
5023,47416.14408400266,1181.1169177220143,155.0,130.51136687305953,8.0
5024,52624.82576923515,32374.7226842007,73.0,123.56415098878455,8.0
5025,50495.775300444715,5119.821140512712,411.0,134.41277221415396,8.0
5026,40611.1390361415,23775.611045928348,99.0,121.36351364108381,8.0
5027,25627.95450558094,4126.741785214393,139.0,119.32797523184217,8.0
5028,33042.517717803545,9365.546732778828,117.0,115.1053148793032,8.0
5029,52061.61267219886,4851.376947252471,124.0,110.98821903718587,8.0
5030,42062.57629781841,1180.9874289902402,63.0,128.57992988127316,8.0
5031,44156.70544372809,924.8890695492307,5.0,115.70836139906454,8.0
5032,48099.79521090215,925.0109829066733,82.0,126.29967410895563,8.0
5033,13734.929353997173,1990.3723394733183,-18.0,112.79652232721322,8.0
5034,27250.20847525258,8833.063416123292,230.0,118.37413555027575,8.0
5035,41499.79344534838,26654.959655746246,198.0,110.65183173558538,8.0
5036,15996.632324041457,10280.04187263405,-85.0,104.14186774251408,8.0
5037,37923.19036971803,5549.858151040649,87.0,120.79195160669316,8.0
5038,31421.970608430256,14266.366139544405,176.0,111.43217270599241,8.0
5039,29599.477061149617,8610.648125303123,334.0,126.23276673057393,8.0
5040,20958.52565372218,1474.1163688969355,3.0,107.61018031852603,8.0
5041,39085.64731696104,18438.692583544027,186.0,107.65587286162788,8.0
5042,48498.22648738908,41558.58656464802,38.0,113.44144328552298,8.0
5043,28393.59289575815,20115.019060964707,153.0,118.50225277833698,8.0
5044,60003.09949959128,39249.42187985566,111.0,116.73137386240612,8.0
5045,56047.02849049187,1179.5208108123124,42.0,134.7652855330022,8.0
5046,14368.362641606187,4790.282295290896,210.0,117.96173043715024,8.0
5047,33949.843660796425,16836.376864847287,-17.0,116.99371190912535,8.0
5048,44584.446846183746,20242.58501338262,139.0,113.79575445348182,8.0
5049,20211.81496478398,2395.7853165053352,71.0,115.40766253743149,8.0
5050,31289.11983532181,734.6222075258056,25.0,127.84949722680037,8.0
5051,49389.284270021126,11771.153402686865,55.0,114.99201455543107,8.0
5052,32368.231499627764,734.0688145522552,123.0,129.17341943546398,8.0
5053,39955.974484755854,737.445510038454,200.0,133.16297777472795,8.0
5054,22210.780951514753,924.9174084682013,44.0,115.30475027958425,8.0
5055,52906.27023644321,10201.255205536912,393.0,130.81709973170948,8.0
5056,31985.38706972913,1990.5403260429139,60.0,117.31334799732556,8.0
5057,27260.874641007576,1736.061329947465,133.0,120.71123196062648,8.0
5058,22457.920703146596,14181.802505970434,12.0,108.47642783880785,8.0
5059,16437.7793482571,1474.3344410451355,17.0,111.52670438575241,8.0
5060,23032.066074885475,3140.031692047393,119.0,105.12920702049138,8.0
5061,50571.67283796332,9433.267455674233,252.0,129.84551176988083,8.0
5062,11123.577081119123,3699.714716643209,66.0,109.01181723612457,8.0
5063,51020.504601417226,2874.5334724375116,109.0,127.73437563914547,8.0
5064,25145.735594873786,14871.532602038997,239.0,106.11348200781893,8.0
5065,32210.975155159755,924.8730810308887,55.0,125.6200051624105,8.0
5066,32528.37669985759,13289.82162450937,181.0,105.35502146365272,8.0
5067,38270.5643848225,924.9643743763546,56.0,121.02075361833633,8.0
5068,19245.193884287146,11090.885687637383,50.0,99.57140475038614,8.0
5069,18523.594672236308,1739.0567100016024,12.0,113.44345641427097,8.0
5070,31597.026324528837,15897.85559567267,176.0,109.69233676122491,8.0
5071,48530.89923558159,739.0304911059546,61.0,128.7501497246535,8.0
5072,28910.221125324522,8614.182145796542,103.0,109.99527675761642,8.0
5073,30008.510828230443,11485.485203577207,149.0,113.51283580528703,8.0
5074,28817.12941409049,1180.5927014736526,85.0,136.30851176887563,8.0
5075,49766.62255445649,4304.032457242993,162.0,114.38105170620665,8.0
5076,27106.612515494828,15555.62600647747,59.0,112.75174978897246,8.0
5077,30215.754727422744,736.3415626755574,170.0,129.64673684454908,8.0
5078,48987.959187523644,3978.997751551435,138.0,132.99936407255254,8.0
5079,63626.47979871732,22377.04709622731,72.0,112.16994813333515,8.0
5080,27317.106742587646,26582.481908841553,-113.0,105.28919798967016,8.0
5081,59706.44178303712,7590.877235829911,52.0,124.64073615856934,8.0
5082,27405.61395445946,1990.1287317121805,293.0,129.13876075866597,8.0
5083,64229.73639944342,22778.642026618756,61.0,119.51044359584156,8.0
5084,47772.23695970229,2870.1981293022586,37.0,113.78850600474948,8.0
5085,18846.09253346153,13387.301421157994,44.0,104.42735074620796,8.0
5086,43289.93183194964,1180.1286177019795,23.0,135.66810265554457,8.0
5087,34870.51917823414,17247.317275043722,64.0,116.35506612021996,8.0
5088,5909.3732485840255,4727.448180695212,50.0,108.74748694368606,8.0
5089,57143.29623358651,739.488912478782,46.0,126.57743817486916,8.0
5090,43923.94804943995,26912.862296842937,483.0,134.48278353262813,8.0
5091,41001.90597178527,4113.303835211016,311.0,136.78335738277232,8.0
5092,28876.152799920863,18459.56854944711,-145.0,111.45492527206636,8.0
5093,46720.26823406027,29012.89797935302,309.0,111.69242149826907,8.0
5094,33699.57145474727,5905.872618602789,24.0,116.22233061307325,8.0
5095,35408.60145229011,5157.559447830447,338.0,111.77570778186974,8.0
5096,51483.98508364794,49511.66942079059,8.0,113.22188757617295,8.0
5097,26611.565268665283,9231.057510736144,-48.0,110.92852829753718,8.0
5098,28225.305895188398,21567.72575099114,50.0,110.25229806906432,8.0
5099,19548.593456351944,1849.8310110181326,173.0,122.62474410024794,8.0
5100,39791.21961039535,19152.91020791152,129.0,119.7984685064901,8.0
5101,34081.56086398184,1180.1975570424104,73.0,123.91153655764779,8.0
5102,37230.11804919125,1992.0377725376811,17.0,113.97619830132498,8.0
5103,39357.22107599949,924.869119871727,48.0,130.16123657094658,8.0
5104,51932.30792315687,41350.11494815342,302.0,129.7687108964448,8.0
5105,18533.33660309336,10683.535935407479,-38.0,103.23538706458694,8.0
5106,44479.69098844188,2367.829903976435,101.0,125.07978377913311,8.0
5107,22592.47036599517,3549.833283417615,15.0,113.88223480157387,8.0
5108,55382.023945287685,739.2449224808948,37.0,128.05692010260756,8.0
5109,41490.33164124605,1180.1797345923615,144.0,129.65874136125328,8.0
5110,55175.247079631794,924.8435832179946,57.0,146.85584052524996,8.0
5111,46248.641550135064,20773.887493749102,28.0,119.38209097672107,8.0
5112,42479.572555801264,25351.967960406724,163.0,112.49228030709669,8.0
5113,47858.01988412318,3983.972742455142,115.0,129.13794846895627,8.0
5114,43621.030571659234,737.3635339430854,129.0,130.078103819752,8.0
5115,49717.14804118177,47363.60129731926,-89.0,117.41188535817952,8.0
5116,53050.108912649484,2774.6620022820516,22.0,115.50377884132882,8.0
5117,58156.64634960319,23949.685216449376,-25.0,120.60995902472025,8.0
5118,27603.955417999357,5122.081887392732,185.0,130.49435406603138,8.0
5119,21565.12913613551,2361.887147985012,250.0,131.8798917193459,8.0
5120,18805.578140383477,924.9178808628058,59.0,116.11827164791063,8.0
5121,30178.700852945665,13136.212776273831,213.0,109.2331463288435,8.0
5122,10637.736290784329,1183.1183720541544,9.0,102.5818931936739,8.0
5123,35887.22658667177,9106.77581905725,43.0,111.42866708067132,8.0
5124,5125.723123761786,924.9713286212881,84.0,108.1479628251062,8.0
5125,29610.949309199852,734.3981858660977,165.0,130.46512504120372,8.0
5126,31141.529397365757,10377.985240265667,-34.0,111.96011917873317,8.0
5127,40393.17431896867,738.3787127576281,48.0,122.63736636492268,8.0
5128,55168.88227028363,46718.93935220603,366.0,131.19392630626967,8.0
5129,28711.808698478137,9510.84313191635,62.0,117.24779635348517,8.0
5130,35215.853530250315,16664.320864628226,141.0,122.59221713178016,8.0
5131,45994.89143093339,6939.26939413262,288.0,129.30049427875315,8.0
5132,29468.4151556446,6172.045001011764,22.0,114.68063296506102,8.0
5133,30501.223299338657,15251.233671264605,249.0,106.10438251349524,8.0
5134,49373.261686626895,1849.6094872633398,18.0,126.40295676549283,8.0
5135,36340.02012467404,23654.053785419346,32.0,121.42961010269181,8.0
5136,56710.31328075109,3979.1265300234704,80.0,119.91244604565844,8.0
5137,18556.86043375579,925.0037658251412,63.0,116.15514937549715,8.0
5138,31491.45318514745,15161.530828548957,120.0,119.21892064072422,8.0
5139,42206.842635358524,23138.239621171153,109.0,121.68990940689494,8.0
5140,54813.726081416324,924.9418453536579,17.0,130.68055953380903,8.0
5141,58980.527404510845,2368.769720232431,171.0,130.58473103516775,8.0
5142,39975.669231402215,4313.242776982508,100.0,127.73398444027133,8.0
5143,43176.2201161604,14961.595036164525,297.0,118.30571891625472,8.0
5144,50536.91693562767,4304.719410189417,44.0,120.58793142703082,8.0
5145,56452.02086362512,5750.794220349142,71.0,121.12408755802555,8.0
5146,60268.70832150408,16040.76347411333,-85.0,127.97947103492851,8.0
5147,45243.09194465913,28910.79279102017,327.0,113.83724241819885,8.0
5148,34014.153679432784,6386.7904238747815,74.0,118.94586562656988,8.0
5149,38693.16632832359,737.3018714781045,38.0,122.20812504914885,8.0
5150,19227.14702438669,2394.4340480376904,13.0,113.77471312755199,8.0
5151,10411.1538165965,1990.7657411044154,70.0,100.09752675237205,8.0
5152,52805.0024680057,16666.1051181585,303.0,127.32074812065636,8.0
5153,38660.931568777196,37990.09545252979,-603.0,105.73955089390624,8.0
5154,37061.522145368064,7435.740285564314,116.0,114.5822186100225,8.0
5155,44459.18488266441,1469.2452331475108,302.0,134.87417928017152,8.0
5156,43690.82169203972,735.8142651470577,141.0,130.9985410861326,8.0
5157,58676.44376533976,45882.88475026919,87.0,120.60062634460373,8.0
5158,50189.451051328186,2368.6367524603156,157.0,131.69353638220127,8.0
5159,62138.179786201414,23153.744266318416,265.0,128.55526915733523,8.0
5160,56413.57134138529,5121.06511018176,62.0,120.1031653835744,8.0
5161,22915.665472310775,4787.356099962701,239.0,122.60924858008038,8.0
5162,47001.32207454174,9916.88239980124,-141.0,112.48494834259057,8.0
5163,26495.550149725295,7723.983226786395,184.0,119.96904285178587,8.0
5164,65866.99445638867,5204.017592542874,123.0,122.02393134758348,8.0
5165,32307.560197063416,1736.9546830185702,25.0,113.95819479361796,8.0
5166,53233.25484486091,4304.212301353569,62.0,118.7999554115383,8.0
5167,42756.571027898906,42021.0066894767,-445.0,106.5794663027948,8.0
5168,39199.85766817486,7442.948169272663,64.0,117.91556611836974,8.0
5169,39410.027273837346,14963.763649689445,96.0,118.71823150048785,8.0
5170,21184.621817343446,3982.6320797978374,286.0,112.27127407411973,8.0
5171,12225.258831712974,8453.548749230964,-14.0,103.06548019791043,8.0
5172,21035.993589069898,14648.071640071244,-2.0,108.64387122549253,8.0
5173,60405.14530956757,1992.233955119423,73.0,132.44119293950902,8.0
5174,36722.98268412208,3551.016796326957,248.0,128.7735457619376,8.0
5175,35929.729915081116,1471.2503762236686,191.0,129.13220323089627,8.0
5176,45605.30689109895,1990.3364277862374,20.0,115.83886802776692,8.0
5177,40909.16456560623,17274.535000013668,-45.0,120.81106829086129,8.0
5178,30879.950998849312,14267.84061937469,198.0,106.86407404293787,8.0
5179,28101.540085507717,10965.745211276662,157.0,110.59008218999952,8.0
5180,57479.49726932528,2359.477262759339,77.0,136.0783806549749,8.0
5181,42327.01705353306,21157.873664118706,-156.0,124.93667317117956,8.0
5182,48466.56142332642,22526.050352057788,139.0,122.8637138907758,8.0
5183,49709.28407343481,41430.73071752615,153.0,122.67608911428563,8.0
5184,36482.80831006497,31891.92400789098,-88.0,107.10383131609645,8.0
5185,36631.702774690435,11811.774383893624,50.0,116.8097766842109,8.0
5186,63614.610546527765,5899.471322573387,46.0,126.07148202253998,8.0
5187,10434.447342832218,1181.4518857298413,92.0,116.3904446222029,8.0
5188,40679.650576949076,21438.982973888636,181.0,108.20912835247788,8.0
5189,27460.901207298415,19206.700671039223,147.0,107.07077536479362,8.0
5190,36836.68968836101,734.6937711476679,140.0,130.29243563276938,8.0
5191,17123.87220980145,15434.962162653632,30.0,112.67329465207288,8.0
5192,56834.46481698351,4736.762461594331,301.0,132.0895848927687,8.0
5193,29594.746885448563,1180.9275989840792,23.0,112.53438272142753,8.0
5194,28484.815883289397,735.6408243881591,5.0,117.34696066825957,8.0
5195,9025.340826778887,3795.5919125194573,116.0,111.1975691210842,8.0
5196,50132.60337933471,24296.631058829025,37.0,114.85346719010467,8.0
5197,34788.49418077529,17027.422750560603,17.0,111.55035009558695,8.0
5198,12555.711476829747,10635.96002325081,77.0,98.10489227325914,8.0
5199,57372.54467558116,1992.5518308948556,27.0,116.87951518162572,8.0
5200,42601.480689497286,18413.51353883829,-104.0,121.25108258399442,8.0
5201,47273.13773304932,1992.2097687445378,34.0,116.59478073460582,8.0
5202,41489.47231941979,21952.021737880772,77.0,121.54468669393127,8.0
5203,42002.13370316804,16121.906098728705,178.0,128.53416485385176,8.0
5204,44216.98488254152,18859.106003528097,272.0,127.39926710428806,8.0
5205,58223.311140231286,8625.644603666617,80.0,117.26230409059333,8.0
5206,31574.46221107869,10589.066038245706,344.0,115.41743188084943,8.0
5207,23011.773517640635,8251.10244315677,111.0,116.40918018748145,8.0
5208,29798.7106198337,736.3622436604131,25.0,114.2983828642407,8.0
5209,51292.37799302147,20331.519002013996,-167.0,114.64188050399956,8.0
5210,21335.644091299793,8262.282717686165,-30.0,119.32213679574922,8.0
5211,43868.7153230672,20560.609851493635,84.0,119.59999577148369,8.0
5212,26170.788799833415,1183.949964384852,28.0,114.40701048844505,8.0
5213,49708.047621169135,12383.023814719252,63.0,122.0738371963074,8.0
5214,35596.722687649446,736.4173475448295,151.0,131.5837610791226,8.0
5215,12239.391314007951,11407.484633268637,-289.0,96.92294288907037,8.0
5216,33451.54983331893,28221.834493149134,-112.0,111.51808292518876,8.0
5217,38868.947010380914,8295.823464875859,-11.0,113.28790127875611,8.0
5218,50878.38832578193,9250.004314294298,315.0,128.94182968884184,8.0
5219,27809.413634597415,10688.623760981503,156.0,110.72111271005024,8.0
5220,54152.377912020114,2874.5334724375116,109.0,120.33010727151334,8.0
5221,50203.668604473605,29822.69341914217,88.0,118.48101544503875,8.0
5222,43716.61707554921,18896.70807886136,-9.0,116.95158996282863,8.0
5223,64562.033063925475,52816.742396682006,-130.0,120.681750442229,8.0
5224,19972.199776795012,737.0092075680292,3.0,108.02782056017956,8.0
5225,13249.829024718012,5888.327561298722,56.0,101.87284200946178,8.0
5226,24203.700133503204,20161.612630628042,23.0,107.47647920751403,8.0
5227,37603.36747078106,15852.683639057937,103.0,114.34959769014083,8.0
5228,21364.977032783278,4517.892340187387,10.0,107.26173162013009,8.0
5229,50205.88082148603,732.8697606537631,6.0,120.02757079566996,8.0
5230,39340.50878308731,37620.538267930795,-99.0,119.2435586983802,8.0
5231,48972.63843855012,1184.5281847864185,54.0,128.23800065959446,8.0
5232,41542.76442047435,34883.51715705491,80.0,114.09279398399728,8.0
5233,23650.365872209426,1182.7668659506253,11.0,107.55767720072305,8.0
5234,56567.643484966095,48291.6757547529,153.0,112.00352879048542,8.0
5235,50679.95033351784,6910.983998428993,21.0,119.03427876795172,8.0
5236,52669.23634057279,739.3498866369453,160.0,134.9316424105101,8.0
5237,54775.61558571471,12320.433308605203,63.0,115.8750097177981,8.0
5238,27778.368718477723,5472.644734296024,112.0,118.10325265432364,8.0
5239,32749.432930493647,737.6945194989227,162.0,129.5335741981708,8.0
5240,41820.382943245975,12814.33093428565,244.0,113.5054020929518,8.0
5241,19159.41493262992,9581.336923797415,192.0,101.76781172927069,8.0
5242,53262.342882947276,14214.101064506522,31.0,117.79527305750261,8.0
5243,47023.45541856772,1184.2258367889158,16.0,116.13315379136765,8.0
5244,47195.344152341444,6909.417676276417,76.0,131.65162069024268,8.0
5245,60923.76265472118,1180.163341179763,98.0,129.23901646076436,8.0
5246,57190.35336964481,1179.7607955752735,73.0,134.9381243679915,8.0
5247,31487.7562413058,7098.486414267595,125.0,114.50889993345271,8.0
5248,54478.96833291781,3771.4141124087523,193.0,136.51337438100532,8.0
5249,59591.79790187398,38829.36569424191,111.0,118.82506308495802,8.0
5250,29633.649710418096,4624.364542385652,292.0,108.15696503771574,8.0
5251,29745.390520850666,3482.60317084779,46.0,116.62434511772874,8.0
5252,41555.89299545429,4854.8598873697665,76.0,130.38782197448114,8.0
5253,60346.05682435551,4737.828477983946,162.0,124.23130036399533,8.0
5254,51861.447688585686,1989.9890336682581,31.0,118.26275728421052,8.0
5255,49569.26353722118,1989.8197133961971,37.0,126.65455198814593,8.0
5256,43307.17556044649,1849.794462378297,37.0,128.94211935251334,8.0
5257,48987.30652046342,733.6047268663415,10.0,122.38933539015817,8.0
5258,44848.563135817196,3771.968877885544,63.0,117.76096998157536,8.0
5259,48326.80911982802,39111.980187272704,81.0,120.96330709176266,8.0
5260,32391.03057095053,735.1999960028071,66.0,122.44230387234451,8.0
5261,28580.97648295333,3139.745518008456,301.0,127.89762809115476,8.0
5262,34316.059482424964,3092.2323030527605,158.0,118.24833001668839,8.0
5263,37316.18179502898,10589.066038245706,344.0,115.31733258402016,8.0
5264,43229.22999639352,733.70578336352,212.0,135.6133053546287,8.0
5265,42741.41306873774,3800.959034668801,63.0,116.4710332956938,8.0
5266,33291.09931264701,16161.901988099908,163.0,109.53893404667488,8.0
5267,48766.72559437984,33732.29555981981,87.0,119.75855734411398,8.0
5268,68778.57032842869,3539.291452083516,143.0,121.98647870385852,8.0
5269,49741.59248591978,8710.423118465258,26.0,118.55317667875839,8.0
5270,51302.2320883788,35425.05116564893,175.0,117.45379229109554,8.0
5271,37587.404141345534,6640.855276574425,114.0,115.59005002071493,8.0
5272,38442.524139918896,31027.96175608738,-100.0,122.52166710421238,8.0
5273,29590.33428180371,14757.445022637472,198.0,106.57471909299741,8.0
5274,18510.69528020772,10944.448345591734,160.0,105.0665093848086,8.0
5275,46471.06978090647,924.7383317216598,14.0,131.1851679918353,8.0
5276,51808.702804582994,5130.86561172032,48.0,124.71530069913683,8.0
5277,68462.56296010384,1184.5883598130943,90.0,126.78252076981104,8.0
5278,25282.478645379546,9925.7863083795,500.0,128.68213159574492,8.0
5279,45126.57459013623,19767.148748462056,97.0,124.93345086415417,8.0
5280,6840.841425204129,924.873802420732,48.0,106.75448351495226,8.0
5281,46801.8864398163,1734.3282851197455,109.0,125.65821355902298,8.0
5282,40584.92841273695,19197.66087904604,180.0,125.21879844242346,8.0
5283,31763.324831173053,3543.5475994250896,20.0,116.20909356807292,8.0
5284,51045.68542265631,1179.3967261267212,122.0,139.80440597932437,8.0
5285,22923.37826872178,3088.873435320668,105.0,117.17998073440282,8.0
5286,21312.75194796132,735.1493837386647,25.0,116.3255096206812,8.0
5287,30162.274952570642,4724.118477984405,296.0,123.99087003575718,8.0
5288,34564.49421020543,2877.1382408098953,96.0,120.06907627375058,8.0
5289,58665.26455070534,733.0184123338665,35.0,123.45704213417564,8.0
5290,36084.179633584674,6286.655343092995,112.0,116.83701659471386,8.0
5291,37267.09451584524,11097.925829439875,46.0,112.63999363331887,8.0
5292,40009.23904726308,3793.1924026461793,135.0,123.37473126907312,8.0
5293,16454.491250835716,925.0240413482303,11.0,107.71994975589838,8.0
5294,29926.637298905203,11196.899920303167,171.0,116.15608990098607,8.0
5295,49104.017389500754,3145.2277860633412,12.0,121.14068587462106,8.0
5296,32939.21181032165,10629.663347067348,414.0,128.81279654574502,8.0
5297,45560.843242218776,10425.284224919382,79.0,121.35795139086773,8.0
5298,39187.595236054054,4682.647612174479,29.0,116.29816028102042,8.0
5299,40728.17057315473,19189.611529454432,366.0,128.84851242388117,8.0
5300,46253.47497958088,11629.72700472882,14.0,117.09847319726866,8.0
5301,49436.01322443477,8737.492044298417,20.0,127.43748217398333,8.0
5302,29510.244605476026,737.7342697845017,60.0,121.44600606806364,8.0
5303,21427.05328005038,2944.423405127493,146.0,118.49149242979176,8.0
5304,44682.424981348704,20825.796877433397,83.0,123.69810609441596,8.0
5305,10194.477754720263,924.8787687962722,92.0,116.08830757709165,8.0
5306,37270.948359068956,27029.23509095643,174.0,121.95067862737417,8.0
5307,55358.495794278635,5901.211109795688,40.0,117.78340783016428,8.0
5308,31792.073177796676,20235.362221967953,57.0,111.61615670915349,8.0
5309,31401.44715427573,4305.4451545603615,137.0,120.93601024107966,8.0
5310,41373.92909333677,1470.050688579295,50.0,120.1321825038833,8.0
5311,30955.584811218687,11317.67445117128,134.0,121.04490831029754,8.0
5312,57666.34133521323,15531.578035925602,105.0,127.26309847996154,8.0
5313,49043.91764244297,925.0442435188424,74.0,129.36128684222922,8.0
5314,66028.02707688186,49007.043205985145,183.0,125.50067664895576,8.0
5315,18980.539149210286,737.1423652003999,99.0,124.79568989371026,8.0
5316,59298.478315880486,1991.9942994103862,174.0,131.3085791931177,8.0
5317,13135.990638269803,12225.29818353909,-87.0,101.61551634004415,8.0
5318,51977.252908628776,739.2042423360699,42.0,123.13149358311065,8.0
5319,8756.119181676642,8278.146525085182,-76.0,93.97594805558626,8.0
5320,50486.269068726695,924.9077989694939,18.0,122.13900709364566,8.0
5321,56365.611084410644,9962.647619640878,95.0,121.2198102859685,8.0
5322,23217.259665361882,18637.342522818042,67.0,106.20976213091127,8.0
5323,39191.98821527011,5961.618648182867,457.0,131.6886305059328,8.0
5324,40755.034876270875,31480.467613597946,95.0,114.98103955025637,8.0
5325,8617.913037658416,6282.400846787889,-14.0,100.50416897527285,8.0
5326,30562.590821516354,734.4025503179118,75.0,123.0484460200014,8.0
5327,48905.726056801905,41361.85302137803,147.0,111.80929170730376,8.0
5328,54290.07131994787,2869.507573813218,260.0,132.34406120420076,8.0
5329,31336.15947145437,15666.592660884022,368.0,128.03165987896134,8.0
5330,60246.56969116832,8113.123234064315,292.0,127.74274921285993,8.0
5331,28228.751186037964,11383.942502117288,115.0,110.62663393953852,8.0
5332,47254.32632520158,2874.9929624590304,17.0,116.33789700221152,8.0
5333,40724.75903170225,18514.108365207783,-20.0,111.11661867855919,8.0
5334,30509.414682373525,1735.954534298039,302.0,130.61567109058015,8.0
5335,45926.83460009617,43950.910189074886,-19.0,110.93235670429927,8.0
5336,22307.57116005823,6516.1166851402295,-46.0,110.34970073152093,8.0
5337,33894.199360338185,736.2596292935551,170.0,130.50006259942273,8.0
5338,56328.72575322727,1850.123438283716,48.0,117.13291724705124,8.0
5339,38409.6912840512,3772.3958635170025,64.0,115.12133639545354,8.0
5340,47796.41239800884,2888.757289618183,133.0,130.62566594630334,8.0
5341,33041.96987724472,7543.845830897301,228.0,110.23681036518755,8.0
5342,17955.19412680816,924.8548494682481,107.0,120.50471743377304,8.0
5343,60374.81958877207,924.701502563271,99.0,131.02234815519662,8.0
5344,41252.74405448012,24310.546037382708,153.0,112.99365568006851,8.0
5345,25945.487279388555,4306.391887383619,404.0,128.49598943737982,8.0
5346,53868.601424901004,5743.176357282832,78.0,132.12061120156528,8.0
5347,48792.06268847772,733.9372029861447,199.0,147.15015146337015,8.0
5348,53165.501880640484,2360.5907338780216,29.0,117.92587195831246,8.0
5349,37860.65118406416,1183.7486612894497,143.0,127.87319556991355,8.0
5350,51715.06558974759,1180.6309155589647,24.0,124.14134526622928,8.0
5351,54368.28793523262,1184.4913314980076,55.0,122.43932964804846,8.0
5352,9509.047657234152,4682.90003206504,20.0,106.61802584549261,8.0
5353,48625.39844217222,734.0125563417963,95.0,130.08854961868445,8.0
5354,32146.631374702432,12245.057732775322,111.0,109.9694536551092,8.0
5355,18668.777546664875,2397.9874852561293,51.0,111.47215419146855,8.0
5356,60904.35518263381,5204.144980875214,298.0,136.0660569846745,8.0
5357,19141.273347757728,737.1307631433806,92.0,120.8988198480823,8.0
5358,31398.92679930529,5121.666836003367,138.0,128.90218611812844,8.0
5359,47452.12831830243,4682.759314108039,309.0,130.64559604244602,8.0
5360,30663.62263343224,924.8230624581377,19.0,115.18056777603758,8.0
5361,49069.26870737604,14816.311406733701,120.0,120.33466838914559,8.0
5362,28278.28100420404,1183.763651231977,116.0,123.90375928424695,8.0
5363,42399.540223319156,27600.75274056233,6.0,110.40306763430574,8.0
5364,46555.66498168026,21406.236088539892,201.0,117.33311225719575,8.0
5365,17759.823891566582,3679.6114666981252,91.0,114.84237292471474,8.0
5366,57869.614988664616,4719.7917538739675,65.0,123.32695896570858,8.0
5367,42730.45947570039,737.3930439381733,116.0,128.85031530777047,8.0
5368,53725.68135253966,46180.956265318666,153.0,112.91537681327031,8.0
5369,56190.42515243107,731.8827040001166,68.0,142.6675744248561,8.0
5370,26495.711997914485,5975.568252973448,59.0,109.98818805097045,8.0
5371,36037.13056764779,734.7759989069716,211.0,133.04730840945874,8.0
5372,41638.26921840672,34990.93424820972,70.0,114.31928271997695,8.0
5373,66287.45850988774,8293.837734564577,165.0,123.55529923467473,8.0
5374,28015.746067031054,4852.434028490253,30.0,107.37574764461472,8.0
5375,42085.245008279795,735.2435028753921,41.0,120.77728971621968,8.0
5376,57816.80831821259,16365.036612887177,61.0,111.87513955039822,8.0
5377,6840.979244453738,4853.398829677016,57.0,93.54287429545265,8.0
5378,18831.867673675824,18141.960319300553,-201.0,101.34206334263408,8.0
5379,41300.410356586806,2885.680958289777,302.0,125.24157166631775,8.0
5380,42406.61840562695,4683.529892613438,50.0,111.38718997924775,8.0
5381,44364.13251994902,924.8750345751778,48.0,121.17105364736649,8.0
5382,63196.636818332554,2369.8656362988327,142.0,133.633647901782,8.0
5383,51130.43473744146,4682.283535496545,498.0,122.51234375640921,8.0
5384,22346.516861971493,15685.675811283347,73.0,107.43616451415114,8.0
5385,33126.188652850076,25764.69757260087,32.0,111.40825632526926,8.0
5386,37325.853606182594,22266.245852235348,60.0,113.91676840783015,8.0
5387,48505.76306431116,1181.5233111078492,153.0,130.8304218924281,8.0
5388,33422.82185937951,19322.92616989233,163.0,117.10179178009412,8.0
5389,9792.991804665213,1182.6045328626335,-45.0,97.44588314668151,8.0
5390,10959.243584605812,10268.152878945975,-109.0,96.0157723840399,8.0
5391,47971.06368833788,2874.5334724375116,109.0,121.02630385338256,8.0
5392,58306.74981516896,56353.08906995564,-244.0,124.0815050248676,8.0
5393,41884.30113754428,6519.913999831215,252.0,126.99054908433111,8.0
5394,35774.16664836723,23083.069781057566,32.0,121.3093416653477,8.0
5395,48903.707632668324,3772.6456585035007,112.0,117.47152081706184,8.0
5396,42705.74084043259,1183.1092268974542,6.0,114.40883725198573,8.0
5397,46957.145211285606,2359.8968497120068,346.0,134.4916165319508,8.0
5398,46155.31319019466,27375.541388909456,187.0,116.69975923538357,8.0
5399,27814.896955531538,2362.074677167761,11.0,123.2517808304982,8.0
5400,39817.56731757316,24323.88771892986,181.0,110.72463769730815,8.0
5401,29770.270582041787,6171.451694135637,31.0,112.1873919886987,8.0
5402,51800.81521355,2876.038479322507,115.0,125.50888090779164,8.0
5403,54164.708412442196,925.097514254693,14.0,117.46946796872993,8.0
5404,57744.835909577894,12654.427253007465,94.0,121.39117445378494,8.0
5405,40670.49328576196,5121.294660324811,191.0,125.61648653008955,8.0
5406,35779.59236622542,21349.83206696671,64.0,114.30715347691523,8.0
5407,41598.25828401203,30076.096418827194,81.0,117.34104917836453,8.0
5408,11299.000344902497,3087.094922884043,48.0,99.5357883800553,8.0
5409,34456.97044723831,4305.512016792339,87.0,117.9187432171294,8.0
5410,50082.218060913074,2870.493056910449,15.0,127.03499095823635,8.0
5411,24326.16194806404,1183.3571211205667,274.0,139.4860850022979,8.0
5412,30601.78250140626,12046.160823684824,360.0,104.75329113693182,8.0
5413,54491.56137681956,1850.1168824225917,21.0,119.96537747836287,8.0
5414,41374.026871459006,6887.067297627776,230.0,117.17219224857271,8.0
5415,27985.98829309293,736.1890505669784,21.0,113.36357273970296,8.0
5416,46054.28817565156,19900.384930924276,50.0,112.23781549466608,8.0
5417,44895.3871811107,27895.241250782612,400.0,133.38539126326845,8.0
5418,17737.261063568476,1182.738347662709,51.0,113.05673112362373,8.0
5419,30964.063303612886,4041.1254815039997,242.0,126.6187392785034,8.0
5420,46611.90736531804,1744.07535471731,179.0,130.66999770611113,8.0
5421,41080.81893193018,37034.112602366185,-27.0,112.32746613326901,8.0
5422,35514.405495076855,736.2319290825335,13.0,124.48705503999079,8.0
5423,48187.25351312903,12047.007382621154,210.0,128.27041062876572,8.0
5424,59968.422128326165,42343.04626610571,64.0,117.43532504883447,8.0
5425,28609.92827930442,1181.267529328759,16.0,109.81281668115115,8.0
5426,24316.061584595886,22591.624871683078,-4.0,115.44044722534768,8.0
5427,48367.92594273743,36134.06065333275,198.0,113.3608554084073,8.0
5428,7722.097182125935,6840.943516485413,-45.0,92.90793202914828,8.0
5429,42416.64782413344,20906.0146649531,139.0,113.8911392037568,8.0
5430,32505.31580950052,2774.5765072615736,36.0,111.7213529956315,8.0
5431,14923.150838064194,3547.8392537004192,35.0,107.46316317884222,8.0
5432,34496.85866882701,924.7611860133521,43.0,124.57642587914398,8.0
5433,38289.28235089713,30930.867085212933,68.0,114.3272612576385,8.0
5434,23401.68312498511,21740.25514788538,61.0,115.65118095578835,8.0
5435,23333.114712206934,2871.0662462154396,173.0,122.15925474725249,8.0
5436,49288.984016403345,1184.469786486089,37.0,131.9678770561529,8.0
5437,57177.64548915102,5899.772532125837,199.0,130.78709659826185,8.0
5438,18784.291313251113,8831.762886599867,321.0,124.0697545156589,8.0
5439,19146.496484492272,17433.03611030691,0.0,105.56335440018569,8.0
5440,46533.45889693327,2775.030570043607,44.0,123.52951614344167,8.0
5441,46272.16576964554,1183.7145190520248,69.0,127.52988366495904,8.0
5442,44404.03313218156,10174.692609726975,262.0,118.27078105634409,8.0
5443,57909.94415419017,46935.854940555626,50.0,118.7702301757247,8.0
5444,43902.516490764465,5863.399627231744,100.0,121.36380253273049,8.0
5445,21368.184745881055,10427.755012752004,226.0,120.4276135515799,8.0
5446,45182.65135476191,25340.421062877478,105.0,122.23642442545281,8.0
5447,39830.10110500305,3684.158948502339,29.0,113.1923059068229,8.0
5448,21365.902103730634,2944.095150924745,235.0,123.55768812790359,8.0
5449,20679.433742570145,1991.5453505431399,41.0,111.42034021141068,8.0
5450,51528.01238810112,2361.0774054766316,92.0,112.33088543745426,8.0
5451,19888.50053662163,2946.273523530254,182.0,120.72877189241369,8.0
5452,11822.196372423361,3546.0733498901523,12.0,100.1284005126517,8.0
5453,52085.566811520264,40398.465457965285,183.0,112.77403340843067,8.0
5454,12235.85395941984,10248.318743045058,31.0,97.62202713645192,8.0
5455,25969.745036555654,2391.7960405411955,372.0,114.27593628808509,8.0
5456,55663.09168675713,38813.06922538222,451.0,118.61584590210347,8.0
5457,33018.43690585473,24724.296814144484,116.0,108.76833252036846,8.0
5458,32447.015206093118,13892.942188002937,320.0,125.27187284501301,8.0
5459,29429.02310920589,9586.632020977158,113.0,118.65085859760131,8.0
5460,50662.03628903569,6330.789691875127,631.0,136.3412864315353,8.0
5461,19225.51159597602,7866.84000671325,49.0,108.26209932887349,8.0
5462,31426.070689609227,924.9060277810348,29.0,126.15960753982387,8.0
5463,20348.126083239924,3699.5851368918325,13.0,107.02183565125661,8.0
5464,58795.03092298782,1183.944423455837,213.0,134.98478117006897,8.0
5465,15723.54095045628,3699.605459065769,103.0,114.79126413742276,8.0
5466,32969.65532623198,14933.618124020273,87.0,114.26018969760548,8.0
5467,9804.812731667555,2364.898903474448,19.0,100.25376106839286,8.0
5468,54888.867484404545,15793.359940292767,23.0,119.59118173548418,8.0
5469,39027.68016657539,3543.238937961312,45.0,114.33557267398332,8.0
5470,30327.11273450668,11086.584906207872,181.0,104.29143950256612,8.0
5471,54812.30283745998,7435.607808574095,90.0,118.57649600669268,8.0
5472,23525.38875002535,4733.566432090034,103.0,119.41235900622053,8.0
5473,17514.453188171676,5223.048471019019,221.0,121.26491482986876,8.0
5474,48456.25430849623,2775.0475059053183,49.0,118.96138803345036,8.0
5475,55313.31736529982,9805.388466881373,76.0,118.20864995199899,8.0
5476,4515.394639593638,3797.6805012109858,-13.0,90.2353175433902,8.0
5477,40039.02605489564,2876.5964341601975,26.0,120.0842361196205,8.0
5478,46887.754307941344,734.3251019876932,115.0,144.66548875459097,8.0
5479,25283.209123809913,734.5759998693703,196.0,130.96218237453337,8.0
5480,43538.04691720332,19063.40098391778,128.0,116.74749478158654,8.0
5481,52905.22122118827,6516.0275199217995,340.0,131.11181666874046,8.0
5482,46905.5840770153,31862.606040398623,87.0,117.87219643891692,8.0
5483,46383.92794928605,2368.9535360867635,33.0,122.04982619743046,8.0
5484,18968.1604315552,11379.686519438976,196.0,103.38872042588777,8.0
5485,20958.60178915896,4517.288265074407,75.0,115.1589514545455,8.0
5486,44178.16770586102,24347.159112064037,113.0,122.07692993366445,8.0
5487,37141.32195827855,1183.61207701889,200.0,147.6461791161505,8.0
5488,27614.831941015975,1992.0253564221316,102.0,111.29153467301904,8.0
5489,21131.32568996415,4513.103047879778,131.0,104.52562472750311,8.0
5490,35176.941397405244,924.9465592795416,142.0,128.02332190241492,8.0
5491,26039.758303078714,1183.6259762051152,22.0,111.50830298833112,8.0
5492,27370.971992571573,13929.536811004622,78.0,116.5683660726387,8.0
5493,44975.56791375134,3550.9756493523932,149.0,125.91884746580035,8.0
5494,40256.853262491364,23926.799359921577,120.0,121.28935418843231,8.0
5495,24514.752870797307,4124.190113804573,28.0,116.81202094022468,8.0
5496,31951.13672579138,1181.1592598122804,22.0,127.91599437561602,8.0
5497,34261.041495296275,17716.290008897835,24.0,117.36254403426081,8.0
5498,7423.845268188605,2946.4199352956384,0.0,104.56122187830906,8.0
5499,44961.01794251081,11086.450872639636,165.0,114.10067142594158,8.0
5500,35443.74912114104,2208.660262743853,325.0,131.89745735640454,8.0
5501,46247.8141960247,20777.14501700858,201.0,127.56034206429004,8.0
5502,50412.86258162593,740.4858042838283,101.0,130.99924857220802,8.0
5503,14849.153607177075,3797.411428959024,30.0,106.3303779324384,8.0
5504,24693.70747628768,4312.147670673232,83.0,115.06189834391853,8.0
5505,34936.69391264006,33247.461337157845,43.0,118.94755067806202,8.0
5506,62253.20786557775,1180.0378103974251,23.0,120.28683334037572,8.0
5507,24415.32069860302,8099.904759667314,114.0,117.04916771726495,8.0
5508,60373.731404762635,52095.19305022193,153.0,124.21764992997987,8.0
5509,59970.44718096402,1180.1441630733095,133.0,136.41290835616041,8.0
5510,24289.677018737108,924.8122609856622,65.0,120.20604477468729,8.0
5511,44606.9146741416,1181.2307178133108,210.0,133.1767332439761,8.0
5512,62709.11277542393,924.8029291507255,61.0,131.8517313087688,8.0
5513,40877.91552772965,4041.3580754496356,228.0,127.32252173703344,8.0
5514,34608.28187284799,8453.198609634968,28.0,111.36097742177392,8.0
5515,59532.18821448912,50515.114684242006,-167.0,125.53067373181977,8.0
5516,53508.73317733502,7119.5559499969995,95.0,121.9244832428185,8.0
5517,54372.54329785241,36250.64142578777,132.0,114.2911498456809,8.0
5518,47787.9280951127,10353.171966243379,74.0,120.65957461049348,8.0
5519,5124.970289277924,924.8781133361543,6.0,95.73794221261633,8.0
5520,37353.67940673867,2870.0733363244653,122.0,126.26732784256306,8.0
5521,22239.756442725437,5915.291434763761,175.0,122.1276945445232,8.0
5522,24324.64091863882,13290.294688806054,-23.0,105.0098685163147,8.0
5523,58437.08487863519,5777.93643011395,138.0,129.506037145477,8.0
5524,50825.66038485894,8716.54581992945,453.0,120.24331096793705,8.0
5525,50347.221914882786,1180.2448866464863,56.0,111.96440272107439,8.0
5526,12237.938251021314,1182.5027406449951,79.0,114.83860911234353,8.0
5527,53720.88381028249,8631.15021641743,28.0,129.3933105493735,8.0
5528,18512.908206708165,924.8649862387589,43.0,113.52688511215499,8.0
5529,47437.18240905154,1179.9175932065757,165.0,154.5470214356574,8.0
5530,31296.88194460186,11097.885663778885,72.0,112.21915134230167,8.0
5531,37755.94688849502,8158.015625003778,129.0,105.56563996884354,8.0
5532,42570.692721293955,40586.5776686367,-3.0,109.73176860393345,8.0
5533,34545.32114792641,2361.309224022466,23.0,120.67041465665552,8.0
5534,24946.433764723795,1183.1768210886232,93.0,120.89112648063234,8.0
5535,33322.53281203141,1180.7599171587087,80.0,137.72309852326242,8.0
5536,15672.956127246794,3983.1500674060103,148.0,116.55982901603372,8.0
5537,29273.52588250362,6640.856431145514,45.0,112.471057865918,8.0
5538,34297.26917250913,737.8854051810757,35.0,121.65056290780493,8.0
5539,41582.86673284674,2876.0210839421857,44.0,120.5434090879256,8.0
5540,48328.776482215064,36638.749885840516,183.0,113.11691023310854,8.0
5541,38853.01584114806,2774.6484051383445,112.0,123.93614568294294,8.0
5542,28837.810228018025,1181.2105160373578,10.0,118.39845531148677,8.0
5543,10200.667711076185,9278.43248846105,8.0,101.04586607499999,8.0
5544,16648.54094965174,15723.64863853311,-43.0,104.59912263764858,8.0
5545,37053.791466016344,3089.920216179363,460.0,133.73746576815358,8.0
5546,21410.270504695945,2365.4870180381417,79.0,115.75470386249724,8.0
5547,51080.36944059713,1183.9539969818288,95.0,130.97815635082802,8.0
5548,32135.86396675045,4682.535529251376,282.0,130.96359261217367,8.0
5549,51455.836357088636,924.7196825079745,32.0,132.19793605840613,8.0
5550,8753.153632165298,1182.455381459982,63.0,105.6582107426262,8.0
5551,18278.243958103765,1740.4405455483247,119.0,109.17002720539683,8.0
5552,42663.738667557875,1735.4853825242128,51.0,118.82682164614464,8.0
5553,52091.8618770147,10464.346399042055,36.0,120.98328414672098,8.0
5554,35217.43869815488,9278.747021407838,-18.0,118.78101212054938,8.0
5555,32581.639770193604,1849.7330919131277,38.0,114.50134058144216,8.0
5556,48096.170360590964,925.0407233529265,4.0,123.19055555923707,8.0
5557,41021.68863928026,925.0610068756074,22.0,121.32076744403668,8.0
5558,26258.288962077113,7723.956266624522,149.0,114.39131120405654,8.0
5559,21742.264173678424,17729.04248759445,16.0,107.43410515509963,8.0
5560,38929.10199839787,10457.46818766714,22.0,117.19656630728215,8.0
5561,37098.36096452397,25484.348095950227,39.0,113.17391520782961,8.0
5562,16545.8544615293,924.9849753845269,148.0,123.3643326203411,8.0
5563,46456.49400764475,27903.661187589816,345.0,111.5402883502811,8.0
5564,31443.49910367706,10426.209099381174,52.0,118.06477306825322,8.0
5565,48919.78373557891,2361.4714596766844,221.0,141.83711779547593,8.0
5566,58308.71857572794,1184.8418903212207,79.0,131.9711846480346,8.0
5567,32250.601549550614,1470.6211320581585,60.0,109.16749551541945,8.0
5568,61470.59338650176,39140.51042164055,394.0,128.74722286698213,8.0
5569,39783.032394552916,25029.734597002276,84.0,114.07373502657292,8.0
5570,47276.74296362413,28493.35405841047,187.0,116.7869650776189,8.0
5571,27765.684104092674,5471.687039659181,119.0,118.59835007004429,8.0
5572,51058.89193307208,3980.192118860177,107.0,119.677245501667,8.0
5573,19548.7249566067,2774.889336541093,82.0,114.86184491240994,8.0
5574,57987.29532387062,44981.0954472333,99.0,119.65570059676111,8.0
5575,35718.921360093234,3473.0342046535043,29.0,119.04488188780314,8.0
5576,44447.89614565475,2391.999542356089,174.0,127.7932457525616,8.0
5577,39721.4361032253,1181.273274860516,143.0,117.06902841973579,8.0
5578,47807.12574795758,1180.6174260274888,35.0,124.85071975471503,8.0
5579,39791.592270465866,4038.5876652419097,170.0,139.94420138940538,8.0
5580,34254.96259246949,1849.9972585454234,98.0,122.02889790507146,8.0
5581,62212.67426607492,5208.260583313321,55.0,124.48924884270491,8.0
5582,37713.51361698464,13397.742060826491,201.0,127.40054801292672,8.0
5583,50275.4349235431,30032.26077803406,73.0,123.17536458251318,8.0
5584,55683.74351457615,28652.946801176142,194.0,130.18148768417785,8.0
5585,26536.037599561358,9577.281265000334,32.0,118.903722268996,8.0
5586,55113.648166563515,3551.7550136739947,81.0,123.54350649820088,8.0
5587,8612.476600353115,7722.2193174469985,-5.0,99.24932773583284,8.0
5588,28438.50986163744,734.6120736815204,0.0,110.04138578772732,8.0
5589,32769.65512680888,13069.26867179274,73.0,108.66258412087504,8.0
5590,30572.597324827744,16148.583469380927,-44.0,111.1574939567883,8.0
5591,66015.19541679474,2369.3676781098056,241.0,134.175641501531,8.0
5592,18474.529457156474,1183.010446089212,15.0,106.69631775537471,8.0
5593,48786.250624334716,22828.46583658252,88.0,120.23814967711954,8.0
5594,25159.079531370673,736.928050776323,19.0,123.79994115662592,8.0
5595,62658.03742121621,925.2145432519577,12.0,128.95318868132992,8.0
5596,20390.44021410105,3544.5054653289612,81.0,119.7314448903081,8.0
5597,58058.52494207169,924.9798032046004,228.0,136.69044829573943,8.0
5598,30844.99506995282,11308.763460180515,77.0,119.04481606545966,8.0
5599,35027.823017723524,8258.638733708429,293.0,124.92855714897621,8.0
5600,48804.58743119204,48173.65384466839,-228.0,110.70654597802239,8.0
5601,44497.8990657674,11131.036962293989,162.0,118.8570131643903,8.0
5602,54072.40224570192,732.1988710368712,22.0,119.98550208904227,8.0
5603,46079.1390058382,37803.045068084066,-12.0,115.4968142391621,8.0
5604,59521.4380904498,2873.165891285925,88.0,124.15414628603106,8.0
5605,43511.15804356279,22861.878674275664,113.0,113.57951795073672,8.0
5606,43529.06535657564,7436.099607701919,410.0,130.66667099990835,8.0
5607,46962.9590658037,1990.2334951266014,30.0,117.02433571533342,8.0
5608,54450.53719458651,5921.832099549924,215.0,111.57012705223636,8.0
5609,45624.468262734445,43259.87062075121,-58.0,117.26510792124417,8.0
5610,36890.16941319598,738.6282338379073,42.0,125.76072438502499,8.0
5611,28051.11385325901,9249.663228328795,53.0,112.96273275022986,8.0
5612,47230.37589456116,4855.730778083108,65.0,122.45111558392986,8.0
5613,54684.95980275659,4040.35868078356,91.0,122.91537550448697,8.0
5614,9932.90964928055,8275.069808593365,66.0,108.6845567472659,8.0
5615,43625.21854192957,23683.757109414684,133.0,121.97009821250411,8.0
5616,35045.77755655856,26791.842258129822,153.0,106.966767546446,8.0
5617,50518.42386878082,10180.643630465016,433.0,132.29038388268216,8.0
5618,55632.24002915153,16584.009800523574,31.0,118.14794752519032,8.0
5619,9620.984992265756,8888.286222655124,-55.0,94.75360754925427,8.0
5620,23117.109100861828,9796.516822318883,-42.0,116.83592884593023,8.0
5621,57898.61117762047,5777.952041628284,304.0,131.57483141455907,8.0
5622,43930.33331935057,5966.55715341844,47.0,116.2668851055796,8.0
5623,21279.893321303283,6519.518319069534,176.0,100.63379559648341,8.0
5624,48621.79150647154,9302.641684125709,439.0,129.39793309258866,8.0
5625,8560.849503417749,6879.720999692018,71.0,108.42529114578674,8.0
5626,34515.001063209544,14279.511112483937,71.0,109.49333436533135,8.0
5627,53845.077087418504,733.9949748730887,27.0,120.8327021906391,8.0
5628,26662.873803264498,3550.5894819563414,315.0,127.52418355788055,8.0
5629,33329.20696071148,8356.664444186054,332.0,112.63905311936637,8.0
5630,38801.59669291226,26504.233735198348,64.0,116.78434911542722,8.0
5631,67013.81023172558,9034.173363886224,35.0,123.51663720720163,8.0
5632,40317.910299917414,20676.798475248896,-85.0,122.24518026003028,8.0
5633,44481.09483900557,3791.078364155202,131.0,124.61916631376286,8.0
5634,42002.62629765637,20703.191903702616,219.0,126.14716920449307,8.0
5635,38831.601849594605,23915.82347855805,90.0,114.33130145716726,8.0
5636,45415.74521391094,26862.188019156347,331.0,112.08874775533052,8.0
5637,22817.22642906104,2366.987111244413,133.0,123.4037263069483,8.0
5638,55065.73928998031,35524.07048180444,358.0,113.70668430453784,8.0
5639,32229.358894294637,23957.398831825987,153.0,106.84793207818221,8.0
5640,48549.930432021574,4682.537043020737,110.0,122.42377817740902,8.0
5641,22581.681412739003,1737.742678230893,1.0,110.88755198966716,8.0
5642,36434.83248305967,24137.045681337713,64.0,116.13551577785447,8.0
5643,51434.73175368582,39347.10444746165,183.0,120.01553780984707,8.0
5644,9030.45323354269,3087.7126747530724,-2.0,101.88037048000433,8.0
5645,12665.08399900261,1740.5556367932843,70.0,111.46866112418823,8.0
5646,47252.061553515625,9443.215267278261,137.0,131.8210944464371,8.0
5647,34987.44270138667,20906.080512057004,163.0,114.2550926777541,8.0
5648,45458.70919019787,4855.875255528248,27.0,122.54143404464685,8.0
5649,38268.868032950864,4053.2352954552116,302.0,129.39442109655033,8.0
5650,51403.793585433305,32674.531451093815,156.0,117.65025867475373,8.0
5651,23999.417154426817,2207.244642224344,104.0,119.17350898646647,8.0
5652,53659.357232492875,2368.4914386813157,9.0,127.74591201476326,8.0
5653,54613.027330490266,924.9241924604362,22.0,123.37935315944588,8.0
5654,27460.75743312081,1990.5239018852187,258.0,125.25161225252248,8.0
5655,65226.259174146006,3538.37308216054,453.0,137.79147507844192,8.0
5656,7187.953995865733,737.460699541613,46.0,106.40400265324755,8.0
5657,21341.233476996837,4310.853401358681,432.0,127.70775550225869,8.0
5658,46358.47493573314,43994.533769298374,-134.0,115.42812024866784,8.0
5659,42541.03485906418,25544.468952051087,475.0,127.10645272254695,8.0
5660,38314.01294632893,739.213160553072,77.0,126.55676638029666,8.0
5661,54364.61601825724,924.9097439113957,71.0,137.75581449600864,8.0
5662,5741.247205451871,924.893426176025,4.0,99.50890818598398,8.0
5663,46619.47317578564,3772.7309589893866,38.0,129.81394713911644,8.0
5664,41642.547671480286,1989.8987025151682,36.0,125.98394221499146,8.0
5665,41901.85919031507,3088.854625316654,41.0,117.66102574372204,8.0
5666,28161.902424129574,3143.5376033573125,78.0,116.68495438531123,8.0
5667,45950.40445036508,738.6416316080744,20.0,121.66641035857303,8.0
5668,61608.10829601589,5203.857238623705,441.0,135.60518564410592,8.0
5669,42433.108477420996,1471.054451648751,193.0,132.93122163056188,8.0
5670,46970.32011561551,737.871211808082,64.0,144.07356504097925,8.0
5671,60745.76161146253,14456.532085140901,20.0,123.60310551770158,8.0
5672,39237.170112844295,18052.414822395738,67.0,117.83979254028867,8.0
5673,27823.06186684143,11209.694950391762,121.0,116.67784540236678,8.0
5674,58397.03300476507,924.8197407459116,58.0,125.63612471250272,8.0
5675,52444.05577771517,1179.7946583461696,105.0,144.9990034959686,8.0
5676,55363.69989177381,24259.898564079595,73.0,114.18163867397878,8.0
5677,45908.579593823226,2360.7473980523505,29.0,120.12237198793022,8.0
5678,48454.37697654586,738.7800762681429,82.0,129.50846189900523,8.0
5679,44093.15142431765,924.8684547196832,39.0,130.36779809475993,8.0
5680,54912.501791528564,6845.0169394281775,65.0,117.67627560405228,8.0
5681,24789.125389784545,2362.6290229052743,318.0,137.12326095204236,8.0
5682,29013.05996083974,7845.848826828302,72.0,108.26470519552464,8.0
5683,18556.916505805773,17635.115116057263,-357.0,98.17973441971397,8.0
5684,9955.500046211982,924.8971311976628,9.0,101.37740119560065,8.0
5685,50763.85675335221,1992.2151060607885,26.0,129.9584204779981,8.0
5686,19030.27167995368,4607.978579646255,89.0,104.69317682619592,8.0
5687,39315.60053336788,739.030521918057,81.0,139.7279494990949,8.0
5688,45599.2908114701,32907.3453048453,32.0,123.14197605955482,8.0
5689,51514.54226818064,8454.784526870855,67.0,123.0299340988936,8.0
5690,28989.957865002307,1742.6035559831514,47.0,126.31064831347145,8.0
5691,33254.95270639974,1183.3882143940139,66.0,124.09502807756552,8.0
5692,14185.108693837159,1182.1330727737038,34.0,113.1572518234698,8.0
5693,50076.1577479379,2871.8854026051463,26.0,120.9633880895112,8.0
5694,38836.79029284562,1184.7970800039518,28.0,115.97161723845903,8.0
5695,47770.8770326921,1181.0797199953674,177.0,125.85613189397246,8.0
5696,38428.9745669994,7599.0714056697325,334.0,115.0512866218866,8.0
5697,23302.21425570772,22580.849075332993,-66.0,105.31699293785387,8.0
5698,50496.97466267705,7607.742587536676,224.0,127.94611469958973,8.0
5699,46300.23792929115,6474.797328675009,244.0,127.38233898084016,8.0
5700,21886.244797429626,1736.9082425093432,107.0,105.77811778199286,8.0
5701,35087.970234991444,10594.114201191967,105.0,111.24775020336803,8.0
5702,52019.73784644646,3551.1658986813395,323.0,127.16183997904437,8.0
5703,22231.62805547965,4118.676070186423,241.0,115.56543417093206,8.0
5704,42853.00983673903,3803.016300263662,41.0,118.25201542875035,8.0
5705,38143.31559981445,1182.0204318603085,15.0,115.69133383758474,8.0
5706,59188.78865299318,50910.24857498991,153.0,124.05893895464747,8.0
5707,30530.996721615455,2774.684045095746,37.0,114.16446057705735,8.0
5708,48101.74188944173,12571.33688558466,23.0,118.80961734843112,8.0
5709,35362.455072073666,13720.299701562577,355.0,111.05458646711266,8.0
5710,45593.220977127574,5471.576751159062,160.0,124.15185206075287,8.0
5711,27074.629906850394,7435.834066730069,256.0,123.61113929015292,8.0
5712,39629.107379013185,1183.4764250623086,91.0,129.53920031069683,8.0
5713,47532.980919607035,13987.203243698723,-16.0,117.91654649547627,8.0
5714,28050.036462271288,12555.449440456934,181.0,106.37627726607748,8.0
5715,37920.98708190269,2774.6424961971397,47.0,113.05570532718828,8.0
5716,32194.611637086837,4724.627636919554,24.0,116.70827986432084,8.0
5717,49041.886889678855,2774.618001277273,28.0,116.84660515567494,8.0
5718,38970.36023123723,10822.898607577725,376.0,123.86130468176536,8.0
5719,48371.702645950834,5598.176074494115,279.0,129.36388737837558,8.0
5720,53371.53042228187,2360.3271859309493,153.0,132.267159785579,8.0
5721,45030.75652516973,738.7923918287257,44.0,128.40151469411626,8.0
5722,46713.79555880783,4041.265814424048,11.0,121.48379929113999,8.0
5723,18042.35069680201,3983.0502384883366,34.0,107.24769120407014,8.0
5724,59596.8551531173,38836.0824601147,111.0,116.70636797881194,8.0
5725,20401.22043863135,1849.711320999003,276.0,126.50843189848487,8.0
5726,31500.362714597664,737.172665756828,111.0,122.13029192656658,8.0
5727,41117.33606630298,1180.556763283648,20.0,122.19165210509054,8.0
5728,19640.256884895498,13298.852285613044,-25.0,105.44226532259533,8.0
5729,19645.76714979222,18731.90510288869,-336.0,99.04628504138662,8.0
5730,15025.536171595322,2365.610758566595,9.0,103.72577292947084,8.0
5731,18227.452331782788,3482.081919732984,165.0,105.91854697489514,8.0
5732,55252.65708523015,925.0023316642355,15.0,116.86582824227948,8.0
5733,39185.03737917657,1472.3844404112233,41.0,117.53119049966665,8.0
5734,41062.62597332218,29500.659198767156,120.0,112.56387555032533,8.0
5735,43058.81831968451,9365.394439558122,62.0,119.79110098957818,8.0
5736,16713.65812007057,15792.44369379829,-139.0,106.0569448439071,8.0
5737,44353.5346487736,924.7392769699273,83.0,128.41029518659397,8.0
5738,49237.11642685316,1745.5048951900997,12.0,113.21773667920458,8.0
5739,64190.68624300192,924.6604839526343,36.0,138.28011344080403,8.0
5740,34142.920569377304,16757.30046227538,-12.0,118.10615217264717,8.0
5741,47817.45192878465,18214.109732628673,296.0,120.48396576346654,8.0
5742,22708.65829318752,1735.7824148465309,6.0,111.4396260079578,8.0
5743,29067.470525741828,8875.901470040184,91.0,118.8128331678248,8.0
5744,41584.39321180423,24730.83646741951,71.0,115.98439475582038,8.0
5745,33696.160557655225,1180.6287665401144,46.0,122.06658575302417,8.0
5746,57130.70997804607,11935.931990809033,249.0,138.5675893037289,8.0
5747,49061.79379903789,5227.218546994534,250.0,129.12864203751687,8.0
5748,48143.24751907277,1184.9358507882164,39.0,119.83652753603911,8.0
5749,56334.99256919365,44102.4665435141,120.0,117.07599059394799,8.0
5750,4309.667711711725,2364.7249641779417,-3.0,90.64041065209742,8.0
5751,21476.52529902287,5598.397709869355,169.0,118.98785479226517,8.0
5752,20560.78094152393,4683.181523065607,176.0,107.18966331083476,8.0
5753,23719.86062047611,6340.767561926973,112.0,116.63104620443134,8.0
5754,39140.198145296315,3470.196317247163,28.0,116.40972823557395,8.0
5755,23056.438874478423,3481.626600058448,-23.0,106.51749362199449,8.0
5756,13730.260065337463,1991.4610860415519,29.0,107.09842059808273,8.0
5757,13279.70205388741,12379.606327388743,-87.0,101.72758644474071,8.0
5758,14761.897853979635,6629.428259345973,12.0,105.32318344724949,8.0
5759,44669.72162249491,925.0416699000563,14.0,125.51515065097706,8.0
5760,43626.52521974145,25070.14220746655,295.0,126.45527839887592,8.0
5761,47554.758276121094,8615.454111426594,39.0,113.62852032984497,8.0
5762,10354.39766032281,2209.7860043344244,7.0,106.12983730935335,8.0
5763,31340.358684546412,5905.40283335311,283.0,126.03792106362161,8.0
5764,17692.328654585024,12570.063563810007,65.0,103.53308676489348,8.0
5765,40936.19605070434,1849.71935455363,19.0,117.5472555399737,8.0
5766,42144.381311412784,7543.511902275976,3.0,119.33946214311207,8.0
5767,55790.46428354577,13404.641574454818,65.0,123.0428492371564,8.0
5768,61394.80730508104,4717.4108792697125,224.0,146.1204177842701,8.0
5769,50204.40427553261,4054.47626809359,94.0,124.6380334895141,8.0
5770,14102.58375044444,13451.64719567855,-91.0,100.35415059612414,8.0
5771,48039.426190135164,3485.9662899815785,69.0,127.17813791676375,8.0
5772,17818.701263167328,1849.8280626755293,73.0,115.67612786637774,8.0
5773,49773.18598242531,924.8524076829424,9.0,121.04451978575892,8.0
5774,52218.103092310594,22392.597264758544,22.0,122.44782367902764,8.0
5775,55552.71906650254,2367.954596405337,118.0,140.22109500768997,8.0
5776,34855.69903444995,6638.812163906333,303.0,130.15406434684138,8.0
5777,44680.20681075626,3984.7781164018256,90.0,120.71525838549249,8.0
5778,48528.67980556541,31515.531072805974,183.0,122.87460352504344,8.0
5779,19920.37659345847,10411.76646929628,264.0,123.0784841502547,8.0
5780,23894.693476953362,6842.0241495022665,360.0,126.18150292763934,8.0
5781,61521.441366950785,18486.607066987184,1.0,117.2534868298174,8.0
5782,55163.05706755741,38837.665549650534,339.0,114.098815242318,8.0
5783,42140.20497438052,4735.766325025912,183.0,125.65239755910866,8.0
5784,27631.559042645666,9510.39704836666,144.0,106.82956797616556,8.0
5785,38298.47440444133,2945.557800606688,159.0,119.33215657701959,8.0
5786,34686.24459784188,2884.0996628245503,168.0,118.01014819333784,8.0
5787,54775.56525106192,36819.78588807555,315.0,111.30007031120336,8.0
5788,40738.04054358116,15247.096817813986,317.0,127.07670431509175,8.0
5789,38321.57178529483,2208.389998894429,232.0,133.951274248931,8.0
5790,50097.484469447816,32141.655526070448,305.0,112.33856554118364,8.0
5791,7577.024327166655,5221.89965711029,-17.0,94.6774543029599,8.0
5792,28731.43796771305,7863.629243045713,24.0,117.2633294301368,8.0
5793,39836.151695410954,924.8702560985216,25.0,117.81611329257265,8.0
5794,52496.849828945196,6939.0346052885725,67.0,129.596608695585,8.0
5795,47899.041400682174,30238.932034078476,-6.0,114.55992307553944,8.0
5796,51379.13811054164,39278.8141175827,183.0,120.00366611108626,8.0
5797,33695.0467501106,12806.550340802598,44.0,115.46994450371876,8.0
5798,45128.21005131578,4738.063405128251,15.0,119.52954820953579,8.0
5799,38571.41746363088,4600.581819546353,273.0,139.20149937662256,8.0
5800,49589.12240463214,4619.296517284885,232.0,129.36009801484352,8.0
5801,42648.09287590662,6516.308498475968,126.0,118.91933587343364,8.0
5802,46718.89682295317,1849.6107070852058,47.0,124.1712514118498,8.0
5803,20093.729715168283,1990.1453275027677,57.0,116.60454982553904,8.0
5804,35904.29792992592,12643.088922047102,16.0,109.65515216332146,8.0
5805,40398.24961466163,30620.390560972126,37.0,115.05107413060897,8.0
5806,16332.310492471266,7721.696430374736,15.0,103.88209125000418,8.0
5807,42733.682631269076,736.3079364296227,61.0,119.03445150747818,8.0
5808,42071.91801776741,12227.731701370383,124.0,135.86066801654724,8.0
5809,64574.726895008054,924.9378699342549,225.0,138.10487053954455,8.0
5810,40911.511360133256,1181.4007307220406,162.0,125.45107039486302,8.0
5811,39905.704970600666,23049.456638464504,71.0,119.82650419906584,8.0
5812,45658.57520471719,28813.640578023085,71.0,116.56501843294686,8.0
5813,33571.86846271255,2206.4616911846406,22.0,123.65769189760796,8.0
5814,37523.50100058534,19208.384486152274,50.0,116.72824343681906,8.0
5815,28097.505389222475,10280.3408981539,111.0,117.09571887199178,8.0
5816,9365.805921546429,6516.285260107819,9.0,99.18855677029987,8.0
5817,48988.78958835122,40711.201703326,153.0,111.27085782650221,8.0
5818,50439.16866754664,4624.304505236131,33.0,123.4134238681169,8.0
5819,57500.517721362434,11643.735896183638,33.0,123.50089411760439,8.0
5820,29744.31782270808,924.9429123228265,39.0,116.34940867867871,8.0
5821,60667.933710023746,11743.312370770558,105.0,119.67229115151555,8.0
5822,36252.86296244339,34057.39023024207,-190.0,109.18516515554438,8.0
5823,29497.976171881874,12364.361547500475,157.0,109.82279487874872,8.0
5824,40317.84280936546,8162.551118884528,45.0,123.8910778438092,8.0
5825,54370.40410405627,30507.227883772448,132.0,125.68508711671048,8.0
5826,30095.15061096025,736.2799398910691,34.0,117.61007155880324,8.0
5827,48928.92092744563,924.8524076829424,9.0,130.13059391475528,8.0
5828,29466.024949138744,1738.654089498114,5.0,117.63304591662339,8.0
5829,33935.72710468745,13291.404544488858,186.0,107.93352380896476,8.0
5830,44392.47779578399,1735.2455414428787,74.0,119.24930892596052,8.0
5831,23101.57943963115,9786.522494671486,182.0,120.80552627096752,8.0
5832,51938.31907227721,10602.49312634322,95.0,124.73433935129559,8.0
5833,46155.598702239535,1181.8109237466717,5.0,115.82562222374942,8.0
5834,36906.57183119724,925.0299108414386,26.0,116.62059208821158,8.0
5835,21285.702312518024,3699.5636315514876,7.0,109.25655731488673,8.0
5836,60696.796804780955,31100.129196270085,332.0,126.44339483322679,8.0
5837,67706.94523231342,59432.34422904292,116.0,113.12058473773071,8.0
5838,53258.69069110083,924.7383317216598,14.0,122.81130986344859,8.0
5839,60129.782075064264,9093.086178537194,304.0,124.06692933776228,8.0
5840,41521.14031784064,1180.7797821963607,17.0,126.08784976133109,8.0
5841,40873.97406949015,733.9550069686163,97.0,134.31479256590984,8.0
5842,46822.072329948736,35302.79293821192,81.0,119.73313793594019,8.0
5843,49041.05767707794,2887.0999806147843,96.0,120.66576859858823,8.0
5844,50237.90586147564,740.0039451717068,35.0,121.51132813747245,8.0
5845,36999.09131551808,24312.075658074573,32.0,119.99201609126347,8.0
5846,59993.990106829995,3145.1863835347062,152.0,134.293602686461,8.0
5847,43754.36884729547,2362.5727552351395,44.0,120.96491212855291,8.0
5848,46904.87845381003,739.0366998288747,35.0,135.79325713262534,8.0
5849,5973.107188601136,3141.4227533024286,10.0,97.81816679133871,8.0
5850,43431.450976724154,1471.1495978382668,97.0,137.28838074584075,8.0
5851,37068.165828866215,11697.281278778944,50.0,112.44796746990039,8.0
5852,23691.603399614134,14183.718027635525,233.0,123.97868928759824,8.0
5853,36043.682655994475,24674.903838117967,-8.0,113.03528056729478,8.0
5854,19624.659757613175,15021.533002401264,60.0,103.69727606262472,8.0
5855,32986.46090153674,733.8097181351022,6.0,115.50830099527133,8.0
5856,49374.415340469015,924.9474518544681,22.0,117.63424127406053,8.0
5857,8356.826346627955,1849.7991562937077,11.0,106.80281446090537,8.0
5858,20641.828253071068,3795.3781225794164,130.0,106.46994170382271,8.0
5859,44450.20839386889,924.9356136437608,22.0,122.52504552206182,8.0
5860,46232.08563242087,925.0617058223324,83.0,126.7884102646311,8.0
5861,19856.020251092337,1741.0267219646457,90.0,116.87610055553436,8.0
5862,33298.229735889625,1849.8691541022652,132.0,124.20844838788592,8.0
5863,59915.50784650914,51637.14139705087,153.0,111.76150881801789,8.0
5864,36080.10237851718,3083.943248004295,368.0,118.2115117446659,8.0
5865,55650.010274506974,2368.391532271708,43.0,124.04045520574269,8.0
5866,20677.894833450697,925.0147949824316,86.0,120.57090891636268,8.0
5867,58903.14129288345,40127.36702315899,187.0,116.97584214036806,8.0
5868,36286.19516182225,2210.3880186074516,248.0,120.55437498959208,8.0
5869,50062.491854191605,6329.739459013987,72.0,113.92923880560079,8.0
5870,54120.1100610764,9795.470562947454,392.0,132.24147776633106,8.0
5871,29860.889744732543,12570.107324338573,145.0,116.99647147628433,8.0
5872,53282.42705682932,925.0142984234509,139.0,131.53270738625042,8.0
5873,18519.585298727787,12131.137746550348,24.0,108.40509269404357,8.0
5874,34257.15797236856,1180.3271217101812,73.0,136.6271752059003,8.0
5875,45090.15130398701,26021.80599239835,109.0,122.25031139508769,8.0
5876,37907.01534303194,25111.355042850137,87.0,115.15237183808304,8.0
5877,44631.723840354534,24380.209095633043,73.0,122.16358958712472,8.0
5878,68669.53572736305,29621.37774786554,31.0,119.87183036775806,8.0
5879,36420.77551672165,11951.032342212231,190.0,119.85530596056249,8.0
5880,14183.147995662172,13279.866380392223,-129.0,101.7410002056116,8.0
5881,23600.524821231887,2362.6784436791904,440.0,130.79971135194276,8.0
5882,23633.52845989505,734.8139287179798,133.0,140.1464113477574,8.0
5883,38822.86146403612,7720.55863028427,154.0,112.82493424942662,8.0
5884,60765.90691811648,1992.2674562908642,151.0,130.87918140603458,8.0
5885,42749.809152419155,2391.7771515992426,90.0,118.10541932913735,8.0
5886,43239.42070331213,733.9550069686163,97.0,138.22340158629078,8.0
5887,31800.560925598154,13759.19037964573,141.0,108.75861976046637,8.0
5888,30555.572129994183,3482.558782625834,22.0,118.96572671865238,8.0
5889,34202.5906510254,7109.070343316548,159.0,106.28975003133176,8.0
5890,50033.828663001215,924.9461020435133,17.0,129.5283682827038,8.0
5891,29605.860912658864,11098.601304517937,295.0,114.45022620634253,8.0
5892,52670.99770435706,1180.503866498665,92.0,129.66881043225445,8.0
5893,12923.476736319242,11753.285311523885,-94.0,114.3582244636971,8.0
5894,37923.14598064687,6474.785414234679,22.0,116.24345387811428,8.0
5895,38321.459876967194,735.2647361294917,3.0,119.82637753392964,8.0
5896,44033.20567539532,740.0498754568637,36.0,120.93909238593719,8.0
5897,57377.78658536247,16227.174431879908,44.0,121.85664778192242,8.0
5898,41269.169838515605,3792.7010709820834,179.0,121.34742643199577,8.0
5899,61549.556938129375,5491.982337132477,100.0,131.29895667267644,8.0
5900,39065.67646547132,1992.3478270799162,70.0,111.83488514616941,8.0
5901,44694.26061109964,924.9242788792141,35.0,124.71564364738684,8.0
5902,46475.003689822435,2390.644428407824,141.0,119.2027527593857,8.0
5903,41279.33714508613,20515.767545575138,322.0,124.86328081261628,8.0
5904,50967.972319391985,26027.264704161877,148.0,129.07289802209036,8.0
5905,44069.35305601186,28356.92640503862,176.0,114.03306908712088,8.0
5906,24940.784143804616,5225.735028798013,38.0,116.15920164169681,8.0
5907,49568.38368275068,3771.5992242695347,76.0,125.68051581890157,8.0
5908,43913.274184064845,34497.83705258633,139.0,127.74947987693827,8.0
5909,42509.071528784836,2393.120218310958,159.0,126.64587424973756,8.0
5910,46137.32692887542,12580.375488155887,80.0,119.90685525237771,8.0
5911,31150.357270377393,5224.9960966248445,139.0,120.06108684754928,8.0
5912,31792.647408361692,924.7676830461464,49.0,127.60611964686483,8.0
5913,40415.637083640846,21967.080926182407,163.0,121.32266915411984,8.0
5914,27758.101932602356,1849.8482530847568,84.0,119.17168267353998,8.0
5915,43913.097404166445,9276.846656975356,160.0,119.92082986614331,8.0
5916,17294.748461004812,6341.307265660287,156.0,117.88367411615289,8.0
5917,36134.240752394566,736.8287418586605,165.0,130.59515305042146,8.0
5918,27489.135713552023,8883.791803951493,135.0,120.43098953891486,8.0
5919,36213.999502158615,3144.0059234452815,137.0,129.6687331263428,8.0
5920,23943.067650460453,1182.9073576145347,176.0,122.17024504361008,8.0
5921,42595.0190278592,18422.215531533628,70.0,123.01979174211993,8.0
5922,33844.870953811325,11831.70622055776,449.0,110.5715469137211,8.0
5923,45996.5711993588,1183.8240700007516,55.0,130.18866756050525,8.0
5924,23647.343859048346,6507.350270429056,75.0,105.18001451573109,8.0
5925,39868.87710688894,925.0324299119005,43.0,119.75749819638231,8.0
5926,46809.005817310965,1183.5326399953985,201.0,137.62301450806763,8.0
5927,21324.593882030716,17282.395789526392,29.0,106.64641224492756,8.0
5928,9365.91677969422,4683.092140021383,-6.0,97.4752708286454,8.0
5929,10280.321602437007,3772.4079451744683,39.0,99.02959059398715,8.0
5930,39643.676296581514,4779.890235867367,163.0,124.00486071547152,8.0
5931,41806.53293975457,17478.96491029813,139.0,114.15160960684966,8.0
5932,38170.05718134695,6278.016753559691,141.0,120.1772331770113,8.0
5933,58620.92309419596,1184.9567093973708,142.0,135.5347510848357,8.0
5934,36687.557261029004,1180.5974901024622,46.0,136.90418026234988,8.0
5935,54887.20230188435,1849.592518966471,48.0,118.67970077750509,8.0
5936,20840.700004854927,12567.122596214316,115.0,100.90687225992475,8.0
5937,52585.732539030396,740.1539791868493,14.0,128.87165031013973,8.0
5938,31794.722164152437,25138.155180274127,80.0,109.89605749055148,8.0
5939,43900.14095200659,924.889132986346,29.0,126.76211665241436,8.0
5940,45325.952564831234,1849.7716685097869,40.0,117.7296174701669,8.0
5941,45003.71843159259,2871.4066803249066,24.0,116.59309130464916,8.0
5942,61544.128797275764,1185.4558619888223,53.0,132.053530194918,8.0
5943,45482.13045382615,9006.045295503487,195.0,125.18084484409512,8.0
5944,35391.27063677056,738.4105674371641,95.0,127.24544580584887,8.0
5945,46331.37829294026,22006.8942326888,205.0,128.98124194944148,8.0
5946,49038.21930533454,6362.359318420105,38.0,123.69118336745228,8.0
5947,66178.01824704626,5897.231258766227,420.0,135.33326131489753,8.0
5948,62425.97320895765,924.8007680711697,61.0,137.12282999075498,8.0
5949,20608.968819853348,1472.3250223035927,238.0,126.00477160288652,8.0
5950,30820.234234144616,23641.228084870385,64.0,120.61202265551806,8.0
5951,44892.91924777098,2391.4862137317273,49.0,119.5787916065564,8.0
5952,49944.43894902326,25896.747305249355,245.0,113.13918951192306,8.0
5953,48624.59494849624,2871.403014601653,100.0,124.0279978914311,8.0
5954,53137.070380303325,9366.677531215902,68.0,119.90837939872844,8.0
5955,50511.63385028392,925.0049248465759,9.0,116.04854543105498,8.0
5956,14192.54108600876,4731.589559690055,44.0,106.19709740825316,8.0
5957,17059.8829172076,5123.25698866842,153.0,119.6230627520628,8.0
5958,32053.948696502168,9039.309247430458,45.0,118.98489380185993,8.0
5959,27105.10020075245,25368.724867967623,64.0,116.91376169885314,8.0
5960,18874.291805166333,17145.92070409418,55.0,114.67468265330201,8.0
5961,33588.857999786145,924.9370973686861,34.0,123.75049564760299,8.0
5962,43971.624104337934,16793.638524484166,173.0,118.54835508821542,8.0
5963,38774.18164097071,21641.624219619545,163.0,111.41713399759112,8.0
5964,26492.60877024611,4733.807345828064,82.0,112.07128891022174,8.0
5965,37996.14877085685,29396.006740788558,0.0,119.85663691245469,8.0
5966,50314.51287419548,9712.11137162614,31.0,124.52761337159126,8.0
5967,37596.35078991066,1181.0064250505513,195.0,131.19881595953402,8.0
5968,42291.427400354514,737.8610435296976,47.0,118.2051704511492,8.0
5969,49947.93802453066,8324.903696589856,400.0,131.19157613725824,8.0
5970,29115.322575050515,7719.989964424855,266.0,121.52643432870747,8.0
5971,53646.9200657344,11099.708550651581,207.0,123.45629648368003,8.0
5972,38387.08499903209,20701.084643430568,45.0,117.9076569530576,8.0
5973,63495.23510590245,1180.1441630733095,133.0,131.48076547026682,8.0
5974,52634.46531862539,924.7160652835151,32.0,125.32282973680377,8.0
5975,55980.36729982804,8609.352162767387,216.0,128.46843274638726,8.0
5976,42265.02941922457,7601.209697247855,210.0,124.60313928813778,8.0
5977,52051.439200757944,13951.632156650445,239.0,119.88108957442485,8.0
5978,37581.61517579927,16942.791923290773,186.0,107.37991218752083,8.0
5979,41494.576937121965,9800.773234433023,96.0,112.94586675333701,8.0
5980,35331.3022818786,28939.239082444394,-35.0,112.0387543926632,8.0
5981,43821.47058039085,737.5274803260025,48.0,117.40638760964548,8.0
5982,48901.0446081598,44893.07781800409,-65.0,113.35392915801422,8.0
5983,65428.5867702707,1179.5896923149098,108.0,130.01412145607893,8.0
5984,20007.969076514564,6280.509015279755,236.0,110.6206514018558,8.0
5985,51877.19276352516,42376.954810260904,301.0,129.70866273837237,8.0
5986,32147.67489311479,4725.168895726378,25.0,115.91034442922981,8.0
5987,44704.78074258787,924.7281303745649,45.0,125.76438870295408,8.0
5988,24272.6697501725,12678.336493753352,18.0,110.52164470795041,8.0
5989,56847.9380699549,11000.98145796069,33.0,124.83319511457846,8.0
5990,12815.916118664654,1472.0410260970448,36.0,99.19129730262776,8.0
5991,23222.4643283437,15141.374298000777,61.0,115.61159893131469,8.0
5992,30690.26629397056,11485.515092213265,24.0,115.06237175321533,8.0
5993,20923.265150888834,4518.71487910171,30.0,109.74287242578632,8.0
5994,51880.75665793537,19479.664681258266,295.0,116.75853360396523,8.0
5995,28851.828519502527,1181.5863267468324,138.0,137.85199820857383,8.0
5996,47791.02877961878,1735.2926594044739,294.0,126.25404377689676,8.0
5997,44184.7127333646,738.714247207453,121.0,129.85627127980436,8.0
5998,55274.54078099437,8628.857181098356,137.0,129.87219925098938,8.0
5999,29272.560559695714,19769.872470625505,329.0,126.28144816013895,8.0
6000,37379.099208990396,7196.065430576627,155.0,117.57476557839539,8.0
6001,20885.464500569688,5861.113708533591,80.0,110.66016634006836,8.0
6002,23999.692173123,4791.859781657098,184.0,120.60623460778861,8.0
6003,29513.839790926126,3090.4845357782515,45.0,118.67496470344565,8.0
6004,25573.66901604822,3544.2112805930187,91.0,119.12737381839503,8.0
6005,32573.24392339003,11986.167243635527,82.0,119.5027053256569,8.0
6006,55171.06234086686,5598.511341033061,53.0,113.30630127747446,8.0
6007,45095.79522379734,735.0617703133499,6.0,118.94209028547291,8.0
6008,43830.50681913933,1737.3187345377567,126.0,122.56436376732216,8.0
6009,41683.65663601651,1184.4310545923338,38.0,118.21302026558713,8.0
6010,45674.25084005031,6357.994289634215,152.0,125.3662100472632,8.0
6011,54942.04980317453,7969.215457789201,54.0,125.03067527902635,8.0
6012,29167.60758449959,734.9589987446249,9.0,111.08781285294094,8.0
6013,39292.52579058401,924.993947664369,59.0,127.73977044993414,8.0
6014,13084.313094632113,1182.8266530994492,67.0,112.55583639034478,8.0
6015,38389.47320182712,8260.072288389307,64.0,120.64952194329442,8.0
6016,44498.65998991535,2400.186803471048,282.0,132.1365307398512,8.0
6017,47421.946350041646,1180.8194498046635,26.0,117.67397875856439,8.0
6018,29364.994208918924,924.9746693984683,20.0,116.97725652702138,8.0
6019,55844.58377923932,21971.02570882798,131.0,113.58723952803393,8.0
6020,37399.22711239193,27213.404150347593,116.0,115.00714095591158,8.0
6021,30138.777071325916,1180.6330284037033,180.0,128.1088848571555,8.0
6022,12361.102985760332,10630.446783854148,56.0,110.26866830975835,8.0
6023,47432.09219464247,40771.06527159746,80.0,114.91595647015869,8.0
6024,38760.781293930624,16434.936834328557,434.0,129.92142716800885,8.0
6025,39233.36959855445,1184.4549888012014,72.0,127.88422656727937,8.0
6026,39256.31701556362,24823.425510523124,64.0,114.82072084146684,8.0
6027,36548.34253081489,10596.262016900586,88.0,114.19895094710219,8.0
6028,30217.415886799776,9576.214738021772,186.0,103.84930934778065,8.0
6029,16184.825301036635,4608.465066955804,25.0,108.09365137495499,8.0
6030,7963.840416236003,1990.8102040912481,55.0,107.09712953287877,8.0
6031,57821.59934271158,1184.5947545972708,78.0,133.5078738669369,8.0
6032,45685.922581646475,1744.9685050121707,33.0,124.02139680930496,8.0
6033,49753.48811986579,924.8800821896149,90.0,140.8550365086807,8.0
6034,44410.489229611165,19005.8252048113,-136.0,119.00495642190675,8.0
6035,42127.89152448207,24669.258780786582,109.0,118.19163677148866,8.0
6036,6175.901255751465,4514.555069436382,62.0,104.95658323415816,8.0
6037,57523.35506340391,4717.527083282347,213.0,140.0340458549136,8.0
6038,49411.831064642385,3978.6850883408565,131.0,135.39807482511813,8.0
6039,39694.47981439605,1473.970553287777,126.0,132.86193808310588,8.0
6040,18065.43114258722,736.6712002571171,76.0,113.16907330990469,8.0
6041,39941.29808522217,13951.475327183816,279.0,126.67740604296293,8.0
6042,29680.61424608505,924.9397423029391,24.0,120.51450991028065,8.0
6043,42106.67522848752,1184.922763725781,4.0,118.3694560663601,8.0
6044,21538.032378753895,736.994640246186,30.0,111.20266402368968,8.0
6045,68037.20605945872,5492.141004397046,176.0,135.7954720869188,8.0
6046,26682.214654998952,3792.5366881080413,89.0,111.93568954473044,8.0
6047,32159.694962098423,8895.705938052695,39.0,114.54857846162619,8.0
6048,12564.049757327548,4310.7193261496595,110.0,112.8611798991015,8.0
6049,4047.5211906891404,3547.446356692778,-46.0,86.89324046172693,8.0
6050,24381.103824748458,1182.903649467499,206.0,121.04657070110063,8.0
6051,19604.670557381123,4607.087411260446,210.0,105.58566494276985,8.0
6052,15878.121877664305,7435.88747761034,356.0,122.76981353705779,8.0
6053,26610.620607482913,1181.2179315596386,206.0,127.91017156553707,8.0
6054,50135.41199373724,14880.376525173537,86.0,123.08184091021599,8.0
6055,37078.58749263172,1184.7837671979214,23.0,114.26094030652641,8.0
6056,37182.76693547697,1741.5852525966898,101.0,124.34530417959205,8.0
6057,57536.46751548056,8608.077914510304,135.0,122.78415062340058,8.0
6058,9968.013607200543,1182.144415762039,115.0,128.7863296520277,8.0
6059,35778.3449477647,29129.874839718,80.0,112.82911335408392,8.0
6060,35905.20763024264,4114.470957939427,31.0,118.31313267133291,8.0
6061,10964.820597482178,1990.6249886828352,30.0,110.49435279906872,8.0
6062,32142.33656900248,11921.409033427157,84.0,109.41125316744365,8.0
6063,22266.060861565486,2208.7879363944817,154.0,107.68874758044124,8.0
6064,34428.699248726254,8270.059382372088,46.0,110.87922243024991,8.0
6065,55532.96019820916,19767.630264912656,19.0,118.15039524465163,8.0
6066,55574.07257092858,5977.006793848606,40.0,128.2585856561064,8.0
6067,18618.18960710178,8151.609569967047,182.0,118.09601974699757,8.0
6068,41649.441642551436,3772.9077144909215,52.0,121.54066433695363,8.0
6069,31403.78946584784,18027.234203783806,301.0,109.46913824993497,8.0
6070,42930.65050950636,925.1268572240168,21.0,116.5171088483596,8.0
6071,13292.985376651113,5157.057218641897,72.0,97.93242800653064,8.0
6072,32225.997720986412,29911.685645091613,-39.0,112.93004736954009,8.0
6073,42958.29862686734,31868.301777648143,210.0,124.46161220070695,8.0
6074,54678.84589753957,12665.421634026583,145.0,113.94769785606245,8.0
6075,55251.909313968914,732.1189251685355,32.0,122.59861014527003,8.0
6076,27721.413245877633,737.9232050735648,21.0,113.62371384435403,8.0
6077,33496.92994828791,18467.234499931754,87.0,115.62285619231884,8.0
6078,39934.21680759524,25833.547213192287,-192.0,113.33668157857272,8.0
6079,34492.05469947003,924.9332840561314,8.0,118.09102855117894,8.0
6080,27400.24673545008,10356.86415326683,112.0,107.90097494965988,8.0
6081,8830.431705248146,6841.250449603549,45.0,93.86563105775954,8.0
6082,51790.216896993086,6911.36743589246,72.0,120.21975430041309,8.0
6083,38033.33360002322,1734.863961890142,22.0,121.97791041469742,8.0
6084,29601.68136114546,4852.36100292708,34.0,114.35209987317052,8.0
6085,48266.936916425475,35263.83734024913,318.0,130.4406528659026,8.0
6086,3794.9747701924057,735.7135407143802,0.0,89.95509442534383,8.0
6087,56464.40097664695,43667.39885028436,87.0,119.6224120497877,8.0
6088,49189.56084343306,924.8982300738365,76.0,139.21811949548538,8.0
6089,49511.29124612654,1849.9227272538967,54.0,127.49921409164449,8.0
6090,38619.994749297446,8549.23317842392,16.0,118.27130756897816,8.0
6091,13061.360591300358,4792.9219287234755,101.0,100.63812309968303,8.0
6092,42294.78691962009,24473.339271306002,84.0,111.81602667118408,8.0
6093,46277.444766212815,5776.484615540908,38.0,118.68404587565163,8.0
6094,49372.97682039351,3772.7643835592817,42.0,122.34824070226131,8.0
6095,36103.22519692447,35179.00055717744,-399.0,112.26773067271645,8.0
6096,23057.033644885538,2883.0994911977104,115.0,114.5078434695636,8.0
6097,14900.13430681548,8266.925301185627,46.0,106.10503635328077,8.0
6098,54150.13402893368,9031.879618890676,61.0,120.97873690186155,8.0
6099,56689.35090197233,4037.165872092264,128.0,125.28319661730322,8.0
6100,32222.317809760483,7723.81789441637,101.0,112.14650823142304,8.0
6101,25361.718628806128,2871.27830369516,83.0,115.68316572941822,8.0
6102,21174.144125377417,1181.3674701570533,20.0,106.4582342599975,8.0
6103,40695.61863880511,5549.27406450451,32.0,111.70302347592693,8.0
6104,27644.438610711237,1180.9552448174884,45.0,128.54593620180137,8.0
6105,48202.5755045423,1183.8307198072648,41.0,129.59374432043492,8.0
6106,29793.81942635791,22381.0631404032,90.0,121.81610307321307,8.0
6107,51897.00112026847,12815.966487865473,108.0,127.98081400045834,8.0
6108,58020.487746207626,1180.7510088377537,59.0,133.94586352887086,8.0
6109,17905.151724067848,6400.02145583585,46.0,104.9526410324198,8.0
6110,55993.72324946126,47553.57866944447,350.0,131.25546554734476,8.0
6111,22767.41762395727,1183.7524993869406,94.0,128.0551692963831,8.0
6112,28775.34146806521,8270.059382372088,46.0,110.87446138010709,8.0
6113,32979.032066229054,16131.99335438723,-37.0,113.32587757348742,8.0
6114,38307.50980364954,2945.2298167102217,345.0,131.6250576724965,8.0
6115,59181.823441670414,5232.850461334668,204.0,130.0130360212578,8.0
6116,30497.443753221058,924.963017656886,50.0,118.69555746202731,8.0
6117,62247.8760989313,10181.731933367093,102.0,116.19974852947053,8.0
6118,27700.632113493673,9573.720059792393,188.0,120.94477123140771,8.0
6119,48238.43350638221,9279.098674363033,100.0,129.88625122466377,8.0
6120,40688.95184005459,23635.723752417296,471.0,112.69255766913122,8.0
6121,37113.40560438373,924.8323043211345,51.0,122.15755808012628,8.0
6122,59717.3047411301,2369.1370293971167,46.0,126.12318238739913,8.0
6123,54077.43804666285,1989.1791859715224,62.0,140.51575244288426,8.0
6124,24593.743926595358,8159.191868307572,77.0,115.18364171036968,8.0
6125,30560.210067753655,4517.262635158581,72.0,118.76013295922024,8.0
6126,48355.85084596576,9790.604886320103,79.0,119.40807495356421,8.0
6127,53862.33801689626,2869.9808875887393,73.0,119.2662868377193,8.0
6128,52008.387254945206,1180.1493538961913,47.0,118.50438790732191,8.0
6129,21140.59421912992,6177.583929852022,17.0,110.26009962357922,8.0
6130,38379.46363747727,5153.217901037926,498.0,132.68198156716156,8.0
6131,55992.47844400226,40745.57937152364,370.0,115.9248586372215,8.0
6132,37583.5853449829,9365.00948850002,311.0,128.55598998058193,8.0
6133,59088.15738622107,1179.3296913903012,101.0,126.84955296865388,8.0
6134,50888.90550470379,2360.6554822490098,43.0,129.57884486421867,8.0
6135,50717.1940949493,9801.787669577056,72.0,119.83529170642687,8.0
6136,52130.205312108636,34420.09569081465,324.0,112.07254918242253,8.0
6137,30890.881139786623,5742.403308173374,152.0,117.34689460773947,8.0
6138,50083.872684623326,1180.778157594034,39.0,122.04484906299068,8.0
6139,36079.92255599926,924.9191074716399,170.0,129.88203090135477,8.0
6140,12098.013800285284,10368.090349555525,49.0,109.9754074732146,8.0
6141,13700.39739567284,5480.4709961181015,31.0,107.33864994062075,8.0
6142,44777.488387785896,924.8748518618999,68.0,132.03711827632875,8.0
6143,56588.05511515164,20036.89599605358,55.0,116.50460345999086,8.0
6144,40663.89359191427,1474.4658868335223,27.0,115.50912624100327,8.0
6145,47874.608707847394,2870.0572344773022,70.0,117.26510410997405,8.0
6146,48612.80235985858,3771.4417785417095,78.0,129.29211292211767,8.0
6147,23135.33524797388,5549.722136938302,-3.0,114.14835396689068,8.0
6148,31807.67617881608,3085.3938962512643,66.0,111.3219202946475,8.0
6149,40820.571403223184,23536.491352953813,93.0,118.3217183436813,8.0
6150,28484.20178978666,2871.519275272516,105.0,115.52724167202902,8.0
6151,21049.54585608192,5127.522629355153,52.0,111.642979947511,8.0
6152,13135.756362464586,924.900122599768,46.0,111.16340003611775,8.0
6153,29011.63995298105,9366.078886629553,226.0,122.96855988841963,8.0
6154,30875.12010460217,3798.44570248207,93.0,112.62023014159132,8.0
6155,51137.46358422098,36108.20546673773,87.0,120.24931555403016,8.0
6156,35393.99463542752,737.0782895340893,200.0,132.24105272583145,8.0
6157,51614.74570875174,5778.697213854545,33.0,123.33588556913975,8.0
6158,43159.456398713744,1181.128413986541,154.0,129.97772991693597,8.0
6159,7446.480753611251,6281.471573039379,34.0,110.52203620189789,8.0
6160,45479.550959944216,7850.241317436347,55.0,114.20896526484776,8.0
6161,34210.7019678482,7967.372372927745,75.0,115.39684776424286,8.0
6162,39423.56722803694,737.0561394651384,134.0,129.612086671027,8.0
6163,44508.12932675189,17047.910077271637,246.0,125.73661950881495,8.0
6164,46762.14689236487,12556.10802897312,11.0,114.3713108830599,8.0
6165,41223.19627015331,3473.0503867217417,445.0,133.875916301529,8.0
6166,31895.13063754455,3471.8266590180147,151.0,133.23831563612927,8.0
6167,56498.0327371782,8835.615682926446,81.0,120.29060283222293,8.0
6168,39777.59328319642,14798.109117820657,306.0,126.10185832794781,8.0
6169,40307.94565678789,734.838135226501,215.0,135.01808739564908,8.0
6170,48092.6304134374,3080.17309660543,318.0,132.94166152791104,8.0
6171,15670.138719466315,9954.008351560984,-2.0,109.96019173670825,8.0
6172,28304.949858287546,23730.028985176297,67.0,109.02968766167011,8.0
6173,43523.83032493834,924.8579556024629,66.0,129.3399499324238,8.0
6174,67500.92426751033,11082.332598209108,392.0,136.7999535900388,8.0
6175,21381.05430804962,1182.5901014433782,64.0,116.30678826879117,8.0
6176,54069.72159032402,1179.9652639420115,34.0,131.58955014029686,8.0
6177,7588.9524353002635,1739.2716996809552,12.0,100.03003852421307,8.0
6178,40403.156337964334,735.0889014936131,57.0,123.17818274149998,8.0
6179,46120.05865927465,44140.52098747365,12.0,111.589370591741,8.0
6180,37304.152045223054,15666.823009497746,57.0,111.36008093814175,8.0
6181,59199.412994181126,48238.367837146376,67.0,117.330274983461,8.0
6182,35731.24741794143,9430.576159462735,44.0,115.63087272236668,8.0
6183,13320.390225586605,1182.4911161426983,87.0,105.62453343382477,8.0
6184,26609.957616571333,4615.726146278783,156.0,116.4921509755839,8.0
6185,7840.051187448813,1182.52214112067,49.0,106.39654848289628,8.0
6186,42605.32782120604,6475.0123848946205,306.0,115.3043978042846,8.0
6187,10631.378694585921,7184.315819039236,54.0,109.18489047025813,8.0
6188,40445.05928368934,7424.246945818829,11.0,119.81113857292458,8.0
6189,29975.446160537304,28239.954384978686,53.0,117.69351191557499,8.0
6190,33330.57045276025,924.9289601127236,48.0,121.07850613096625,8.0
6191,55278.36820386172,9364.794793039508,304.0,129.1646201127067,8.0
6192,40521.93020411366,1182.9626664169177,101.0,126.24133156389958,8.0
6193,39117.57374663305,14777.078348364135,139.0,113.953568318753,8.0
6194,53036.00557720951,6331.055652580157,302.0,128.26285121567236,8.0
6195,36641.840021093034,15762.055153693407,51.0,115.3226628235191,8.0
6196,17896.479095361716,3088.3757561244975,24.0,109.1663925929393,8.0
6197,25063.7024746508,4419.868855086796,182.0,121.12396808574991,8.0
6198,26751.159148172836,6843.226485322706,92.0,107.60505466082384,8.0
6199,49222.903979192204,6845.0169394281775,65.0,118.09589197731708,8.0
6200,56968.07250425632,5231.621606063359,222.0,125.9830029875941,8.0
6201,55433.33900889515,9952.734503228085,38.0,124.00719519337348,8.0
6202,43720.370691272874,11830.192465645901,89.0,114.5069004970079,8.0
6203,44768.56948184558,24379.1796981084,71.0,122.1895676461277,8.0
6204,28780.616676621124,7478.684313818366,88.0,122.85797721457067,8.0
6205,22307.82759579789,1849.8235022766437,120.0,120.85534181334629,8.0
6206,38039.51417641401,24565.838679288787,127.0,126.25992664357686,8.0
6207,45915.1869743063,1989.7503459821987,28.0,115.89336619302941,8.0
6208,41933.04698455646,4520.121942252955,30.0,112.89490661958651,8.0
6209,38349.653452429295,7564.590185989339,68.0,116.30690743690955,8.0
6210,14817.331058591737,13893.540815012333,-37.0,106.21556493452366,8.0
6211,48653.813517450486,2869.806176606719,56.0,118.49236889979429,8.0
6212,48441.72866725454,26940.95779657291,139.0,113.8158612698992,8.0
6213,42745.905441610725,734.1058042647774,99.0,128.42047857053825,8.0
6214,45802.531419167,1849.9236178893325,64.0,123.13761508531735,8.0
6215,43974.12216166489,28097.92358463434,111.0,116.3249057743847,8.0
6216,35089.50860465326,16552.424599905848,154.0,113.41956698296333,8.0
6217,28161.890656880885,6842.570447423199,316.0,121.99837886793395,8.0
6218,24223.087847828065,2390.6172775974146,285.0,138.5798350618772,8.0
6219,45322.12214584508,2774.9105798114683,45.0,118.86916203436515,8.0
6220,25145.997940871785,1849.8223147617116,142.0,110.65269716114547,8.0
6221,25888.46093767157,924.9155826205932,50.0,126.69829380469655,8.0
6222,53217.27291696032,44387.78495962258,-36.0,113.12745538953314,8.0
6223,45238.31371358814,2871.776759333943,79.0,123.67700108286954,8.0
6224,45065.54734159065,9255.265446298494,201.0,121.54934869179537,8.0
6225,48633.130063897675,2361.766193597213,69.0,121.84648079337528,8.0
6226,37974.93759112439,8228.264748547974,30.0,115.21916550752807,8.0
6227,61751.301808798584,7590.440130912901,163.0,125.55718567316285,8.0
6228,28757.956257686,5598.113341874015,56.0,117.46628946469805,8.0
6229,39707.02611512275,737.3991563375013,37.0,120.02000479645062,8.0
6230,30664.120144231536,12114.015157807304,361.0,125.71019123553776,8.0
6231,7365.594596214586,2946.0918738260957,7.0,103.9001559047621,8.0
6232,51369.28207940767,2369.428486995537,75.0,129.88902341907465,8.0
6233,33489.80076201363,738.23658001129,18.0,115.9583483376708,8.0
6234,25243.407632706407,7545.258093272043,310.0,124.36122404154526,8.0
6235,32995.12715686411,13769.322576391398,133.0,119.32357293688091,8.0
6236,42838.68754646068,924.7613379756925,12.0,128.53705220007535,8.0
6237,47378.653103494165,2870.3183662351958,5.0,118.14137342769683,8.0
6238,48235.6432702788,4683.120426110148,145.0,127.0435773476941,8.0
6239,63422.83200055759,1989.7041790840883,29.0,119.77328459693143,8.0
6240,45575.7415828136,5753.087373975447,186.0,127.41891200964754,8.0
6241,37266.2695101827,924.8783414802722,70.0,125.27706891112985,8.0
6242,11815.088608922542,8882.032103004005,17.0,105.4606398207844,8.0
6243,23035.367768378528,22329.379227776397,-255.0,101.10467457034498,8.0
6244,44861.584717508784,735.5915458988745,52.0,121.21184234860073,8.0
6245,24227.295790456472,6516.104562661305,97.0,118.79996301855432,8.0
6246,35339.69934037521,17712.259009474295,183.0,114.83473827229724,8.0
6247,37575.78406160329,4419.29479681543,446.0,132.1795230379559,8.0
6248,24718.033855295813,17556.852349040833,-25.0,102.984910918924,8.0
6249,47915.552445379624,1992.0140480621633,24.0,117.19933885754072,8.0
6250,42976.934740423014,23486.5942514965,-104.0,114.03830230868822,8.0
6251,34697.3483164814,16869.621718326984,84.0,114.62905642009278,8.0
6252,47823.4895871634,9251.95851084852,145.0,121.80456110254906,8.0
6253,25858.091451685606,9259.029293157833,164.0,111.55378893348964,8.0
6254,44928.22314771995,4603.4823700314555,219.0,127.26590008280255,8.0
6255,13002.975704392746,2363.4155200333907,4.0,104.35147233181512,8.0
6256,40452.1678725626,4722.237322046876,127.0,130.69318136515398,8.0
6257,44688.794944607136,1992.7359910470177,61.0,123.50181774492648,8.0
6258,48148.70797360506,5549.988548484067,81.0,120.08370770904502,8.0
6259,18468.074604369387,9570.484715277227,314.0,122.60629865997473,8.0
6260,37493.32156346655,737.6566931079367,106.0,127.94693373684265,8.0
6261,43714.86548554016,4517.041871260538,323.0,130.68765171471105,8.0
6262,54539.50264273788,8258.052380966315,115.0,121.39148331756742,8.0
6263,54591.53485897173,10174.7232172548,237.0,129.9385792794153,8.0
6264,20424.52484611108,3799.6474769624497,129.0,117.23522425620087,8.0
6265,46204.45568916113,1184.646420188109,13.0,117.499229703075,8.0
6266,29607.55916288702,924.9334352979502,30.0,119.40896474910924,8.0
6267,45471.73874513733,5900.550922184065,70.0,130.99228731498664,8.0
6268,64937.99410166401,3556.0263937514637,27.0,118.78176878889396,8.0
6269,47776.71397747638,3979.067499424616,178.0,127.57191468366446,8.0
6270,51794.03562570641,7398.851297223282,34.0,117.19417049582842,8.0
6271,38206.89893175838,733.884916758513,115.0,129.41077510756594,8.0
6272,42990.10577917115,14490.734708424849,105.0,109.17590221341797,8.0
6273,45104.442283830605,2390.6247619403957,208.0,118.20365014034128,8.0
6274,29801.892126566407,14903.775305204628,49.0,111.88118325109272,8.0
6275,53230.793562680556,7435.749653611064,220.0,127.31103863210734,8.0
6276,46881.764923055336,7106.367306572991,61.0,115.75619554509385,8.0
6277,37723.83776762533,20679.46157809092,255.0,111.95034537221706,8.0
6278,54734.9396802457,19577.961246058105,79.0,122.92318276029168,8.0
6279,32139.19197400945,924.8242988668464,20.0,115.20796904947943,8.0
6280,44388.485134263196,1992.398576406201,61.0,123.36552517358095,8.0
6281,14751.814807190642,13024.20457051995,77.0,112.86159060407635,8.0
6282,17891.149340561864,2879.43803931325,199.0,104.57047705891233,8.0
6283,33231.4980495597,19784.416900576965,78.0,116.89274941264847,8.0
6284,8887.336629236092,1473.3693238302856,51.0,106.27565364310927,8.0
6285,47022.79701125978,31988.440722341,87.0,119.38437279763016,8.0
6286,38259.64416004272,19207.7569628354,109.0,120.85904414883298,8.0
6287,39322.09445910404,8891.149363283314,335.0,106.4053962493035,8.0
6288,48524.830602653856,40246.275873848026,153.0,122.48731180522802,8.0
6289,39706.583362273195,8741.785372769344,260.0,112.34001425426922,8.0
6290,37231.3247690267,924.8310356806076,137.0,129.21006624665526,8.0
6291,5237.715815717105,3087.607517324056,0.0,92.40814338787735,8.0
6292,20814.059916064874,11205.15224643061,9.0,107.8483707187224,8.0
6293,47962.8716301673,2359.8822628053836,276.0,131.55745932516757,8.0
6294,20298.793521798318,1991.5407263167085,176.0,122.37062275406137,8.0
6295,33126.751697118845,21519.167118349975,285.0,127.35437034312281,8.0
6296,32463.77750210489,1991.9836472822522,86.0,117.4222717011981,8.0
6297,19478.898804834247,924.8562695559829,242.0,127.74863633867116,8.0
6298,38633.53885845712,924.8750345751778,48.0,119.37733679610925,8.0
6299,34050.85125198113,1471.5912258892145,186.0,128.2862854568388,8.0
6300,32436.02352315403,1183.9272029836766,89.0,119.6516491282145,8.0
6301,19478.70116762061,10200.51452639576,118.0,117.60890010295043,8.0
6302,45551.54435834948,734.4234906463076,61.0,132.96327107361907,8.0
6303,38855.1503876772,1849.892265557797,106.0,116.04125266876288,8.0
6304,55683.110100064834,31239.455874536427,187.0,122.11100042946236,8.0
6305,47175.70619799264,24058.428799764326,290.0,116.1359017513262,8.0
6306,39535.40432934986,924.9133304766281,31.0,124.59689394556048,8.0
6307,43733.0356543599,733.3840565713774,122.0,131.50230191539868,8.0
6308,29075.261606019685,10946.115007422384,160.0,120.63214620504976,8.0
6309,42059.13350714618,10466.468376818695,280.0,109.70788079839602,8.0
6310,17040.442875863886,736.134371775116,17.0,109.73775920915568,8.0
6311,44688.32764108151,1184.4528947893996,17.0,115.71430598037887,8.0
6312,49452.25699990221,739.6020500423398,54.0,130.4666061690255,8.0
6313,58000.005827248984,41668.89743804214,183.0,113.86391145584396,8.0
6314,8563.467717093676,6881.160696039114,59.0,107.36376106334252,8.0
6315,46700.64043596756,1733.255026011088,277.0,140.26905834589118,8.0
6316,53189.259067669875,732.9475979966463,61.0,134.44954198823166,8.0
6317,60211.27459304968,4719.779304926633,298.0,133.34069115316808,8.0
6318,48120.62026766254,7399.986796479064,110.0,117.7132155969875,8.0
6319,51132.02605774364,40936.7298967547,183.0,112.70124816033032,8.0
6320,39941.42363178166,5478.180512924023,73.0,115.22996884723659,8.0
6321,51002.94849642932,1992.758906041485,27.0,118.03507536299908,8.0
6322,53401.89028419387,924.8991045657572,26.0,124.41917239294321,8.0
6323,27619.66335193402,2943.631896223438,71.0,116.03226029047084,8.0
6324,27451.707642602825,10448.558985601008,176.0,117.05231646117849,8.0
6325,35259.31891439255,1990.5259259345316,134.0,115.15291018601172,8.0
6326,11614.854621887365,6925.980490976597,15.0,101.58741226002033,8.0
6327,50409.54677208564,1989.4691005008717,34.0,129.21380310980078,8.0
6328,44162.88028600438,737.1359647914039,94.0,127.7158801297908,8.0
6329,42735.09639721686,735.7206606083954,62.0,137.44564576515756,8.0
6330,18033.7368071972,4307.51902613481,269.0,122.91863914372888,8.0
6331,27018.07175089704,1990.13483864517,55.0,117.24072805342765,8.0
6332,49253.757220752035,6357.994289634215,152.0,122.7650561369583,8.0
6333,32671.54936916967,3772.0210929432933,180.0,132.71234619217273,8.0
6334,16794.543325371636,9365.6371671377,53.0,109.97969898925881,8.0
6335,26019.165113957657,1183.5842949020343,32.0,118.55777382510006,8.0
6336,24048.627613928722,924.9240687653528,74.0,124.70349030217919,8.0
6337,32864.54384608406,3089.9722894086444,210.0,118.81470860444901,8.0
6338,28429.45320284481,735.2055236167982,23.0,121.18880220746603,8.0
6339,36705.62643740744,7967.247457553496,221.0,115.72278194448306,8.0
6340,38091.70801735204,2360.909182628052,113.0,130.19801477599142,8.0
6341,49693.22916196161,37604.34594522754,183.0,119.65401021174267,8.0
6342,33580.26598049308,12304.731978572761,78.0,113.387916477535,8.0
6343,51861.75427142083,1989.5696911744333,57.0,123.25840987239192,8.0
6344,34461.13973425482,9009.30001642563,94.0,122.12013296088418,8.0
6345,37615.60966036994,8104.08273129879,155.0,123.38631656621862,8.0
6346,45815.48889431484,4784.236283889814,273.0,121.17303039732299,8.0
6347,46067.194148771974,9205.154602653725,95.0,117.78332444301712,8.0
6348,22570.959606916644,5962.201093776612,139.0,117.54217427537074,8.0
6349,29605.434007883472,1849.6159563980304,57.0,125.69005771965196,8.0
6350,45652.446887647864,3092.0462785986856,263.0,131.0804834574064,8.0
6351,42208.80667313795,735.7473829110218,55.0,122.52213232844137,8.0
6352,38400.70400254433,2869.9802500516635,95.0,127.0794714975495,8.0
6353,68321.09085619362,1989.0750548496505,35.0,134.59055396744603,8.0
6354,33554.0427620556,925.0659315437821,17.0,114.34821005746986,8.0
6355,40180.26232395975,14565.114921256023,106.0,114.00376443979675,8.0
6356,30178.706247964434,9799.144120239856,88.0,111.8999593697011,8.0
6357,39814.017685837614,2362.5624736827153,96.0,122.02070402332012,8.0
6358,46257.23151675661,2368.374183299985,72.0,128.64223086463886,8.0
6359,39720.849454298455,736.3234065179297,38.0,122.89857465625735,8.0
6360,51283.52846251153,732.5300628865263,32.0,129.37581571686292,8.0
6361,54934.39234259206,43415.83539294466,81.0,121.67870122718875,8.0
6362,41578.88769493512,5210.95477853141,153.0,124.97245709407892,8.0
6363,16713.715236673375,1849.8679602311906,62.0,112.62059261808764,8.0
6364,26823.51814769843,7399.720646589233,80.0,111.89014025366842,8.0
6365,52210.62827012085,4850.914367156012,182.0,119.40870344582501,8.0
6366,49682.384238884406,1849.9227272538967,54.0,130.99870235422924,8.0
6367,46757.5666065133,1180.3771658752535,27.0,122.92513095377453,8.0
6368,20882.19790845856,737.048952824862,8.0,112.64987622129249,8.0
6369,13481.63200523591,737.2809996275516,55.0,114.55122771342583,8.0
6370,34717.00209611009,4854.797320970084,72.0,123.06139866231669,8.0
6371,30602.679090130754,1849.8455511180118,29.0,119.20581568169257,8.0
6372,31087.285727673054,13136.580682335489,200.0,122.66782908226378,8.0
6373,32314.18704141798,6402.245983176072,139.0,119.72048212684427,8.0
6374,17777.04935674854,736.5072592479788,103.0,120.3571716082568,8.0
6375,37403.41654360337,2367.0859351897825,112.0,126.50789033671086,8.0
6376,29765.66962826918,11641.015505507596,96.0,120.10118024101241,8.0
6377,25242.183459167845,5597.9749529119445,349.0,110.03294259935872,8.0
6378,30899.900080905496,14277.984215197448,133.0,109.69166771542638,8.0
6379,43695.936924686524,5598.465218301842,76.0,112.40966990241377,8.0
6380,51798.339923335814,924.828297228333,43.0,137.9175339508207,8.0
6381,42693.87718528025,2875.600925925734,316.0,131.11230689053198,8.0
6382,38573.38913596881,2885.998477845582,99.0,122.34563557680906,8.0
6383,35215.7998004257,924.8378456248929,53.0,121.62125643827619,8.0
6384,54543.899746091425,1179.8324937096554,24.0,129.92053218040706,8.0
6385,15824.431735790005,1181.7264110887209,23.0,108.41750886893678,8.0
6386,53393.330982900734,8290.739227623588,61.0,120.5034327770489,8.0
6387,24701.067340911053,5478.59082859128,184.0,120.39734263049371,8.0
6388,48117.1456061308,6474.014986444737,107.0,119.44729516345507,8.0
6389,28991.584092800513,16205.006205926726,87.0,115.18290274847041,8.0
6390,4121.236987482431,3479.098288588365,-19.0,88.01201308070344,8.0
6391,25090.49295798366,4415.053739705278,60.0,110.34821357434801,8.0
6392,59542.38215752561,47937.119348785614,-17.0,130.86050961439287,8.0
6393,14720.501503675207,8832.540116754066,216.0,118.63630411076132,8.0
6394,46519.89333751767,29515.84653741467,467.0,134.27778013797513,8.0
6395,40594.957568741374,18758.653322565708,95.0,118.81746759117844,8.0
6396,40985.96268890424,924.8534277953532,72.0,138.63461226189727,8.0
6397,28642.27472566793,20385.790066510344,150.0,107.01505977719556,8.0
6398,15366.32435619231,1181.5851287636544,45.0,115.72088370249281,8.0
6399,43229.43067895841,737.3406013085985,30.0,125.20131551966315,8.0
6400,42858.49051213127,26984.665898088788,136.0,113.54967890301145,8.0
6401,44121.65976898623,924.8516463763385,142.0,130.75370939634035,8.0
6402,11787.243292753497,3683.694421089523,9.0,103.81863482259816,8.0
6403,49972.44882591394,924.9808307927176,29.0,121.3372186237544,8.0
6404,34320.98398855415,20231.849872119397,163.0,114.0325394250937,8.0
6405,52476.72880208567,2361.184134497897,38.0,122.5301264828068,8.0
6406,66298.90590625843,27250.734051456482,31.0,119.58229771865275,8.0
6407,4730.438140782527,2365.283948708196,-8.0,90.75955327339399,8.0
6408,58020.818593305514,1989.1531340421202,341.0,122.42102072152025,8.0
6409,65992.00760431749,925.0048534139935,6.0,119.71392107182618,8.0
6410,41231.79386506217,2870.0235795423146,40.0,119.2929834155438,8.0
6411,35423.450539202866,25145.734795743665,226.0,108.2774430437453,8.0
6412,36902.85755706993,2361.0330600923794,63.0,129.21290558260773,8.0
6413,28813.870303577776,9314.16070199573,231.0,136.32544882958513,8.0
6414,18437.28919473563,11087.08890846159,0.0,106.00162262363624,8.0
6415,41489.114453003334,3773.015517609265,50.0,112.13248081071004,8.0
6416,27080.568358051405,19000.69856226402,60.0,116.89893366083601,8.0
6417,40949.23791339673,738.8930010287858,147.0,132.38500290935747,8.0
6418,16554.523062357854,3548.266847808778,8.0,106.39749359323837,8.0
6419,31090.61726451974,734.4804971598877,86.0,142.79319844978758,8.0
6420,39063.04967882645,1741.2775564396977,231.0,130.57433856758533,8.0
6421,43835.827644897035,1180.4694496701397,4.0,111.68933296598095,8.0
6422,60261.08730215352,19113.627868871798,44.0,120.21481544971044,8.0
6423,49142.75352445036,734.6552410364767,170.0,136.70257691063495,8.0
6424,57991.92569293822,40972.92081010388,183.0,124.39205614572873,8.0
6425,35049.68164667414,735.7555173546242,114.0,123.202656323192,8.0
6426,13290.27966736378,11087.089116926552,-18.0,106.33863090222931,8.0
6427,50537.16072414908,4603.7611146590625,227.0,128.62916226483094,8.0
6428,50045.88732103,2876.3670341815723,119.0,126.94428323953359,8.0
6429,31272.23966281307,736.7310260165132,219.0,132.00426281383412,8.0
6430,36394.00049097454,7107.8014845486805,186.0,137.2090943963973,8.0
6431,44152.213728442934,28910.918854201773,367.0,114.31563609835092,8.0
6432,67521.80346371402,20520.4837145376,-167.0,120.44601264100592,8.0
6433,45807.531854729736,31706.127399160418,163.0,118.5699785586173,8.0
6434,38733.80753606318,17336.43513928789,230.0,108.73199995168153,8.0
6435,44999.23112554435,25964.202178963587,60.0,122.23318040586832,8.0
6436,46620.93928068266,1735.2455414428787,74.0,132.08829282923617,8.0
6437,57395.62700217721,1733.5404711545866,120.0,130.60978457118253,8.0
6438,21642.83595827139,8831.780860187158,107.0,107.3006548700821,8.0
6439,43762.72269862299,4508.869313910393,214.0,127.57289853469692,8.0
6440,41290.851360724075,8567.089895448096,158.0,118.05655852942154,8.0
6441,43044.427621862145,1992.0140480621633,24.0,118.1676741249697,8.0
6442,45453.69467116068,1469.4049852008309,267.0,134.32896728740403,8.0
6443,43179.92628563209,32981.4923307151,116.0,116.77802640264888,8.0
6444,36243.15624523916,19921.019743176483,335.0,113.60796517589624,8.0
6445,22410.671544701792,21684.602299159964,-152.0,101.82124748548036,8.0
6446,44408.85007854972,25380.493738469213,60.0,122.1211136225854,8.0
6447,37434.555707714935,35712.4219031038,-62.0,118.98082212537005,8.0
6448,45539.74748290703,924.7539470715051,12.0,130.65298156334268,8.0
6449,26633.498473882057,7579.708249059601,98.0,117.74337345720257,8.0
6450,7488.218980997429,6924.281371629185,-27.0,96.72624100752083,8.0
6451,33085.48417612148,18900.76002599914,402.0,128.85463568899573,8.0
6452,18494.56887419882,3481.546526091562,53.0,109.21759577067594,8.0
6453,40768.044859755566,29810.55284483575,67.0,114.34474888371035,8.0
6454,36186.33574327189,3138.808189478455,28.0,115.21998687540736,8.0
6455,20631.398361833384,736.6575339464158,10.0,111.3052182345113,8.0
6456,43526.20842769708,9278.300403472133,94.0,118.37749370849696,8.0
6457,54764.219583686354,1745.2640829109948,137.0,129.2328789240197,8.0
6458,19216.073526938628,2393.054784236548,11.0,109.53582832623276,8.0
6459,46390.456873947136,3485.516941247991,93.0,123.12406803989347,8.0
6460,39208.84872486219,24372.458853832806,198.0,109.97914524337313,8.0
6461,21324.381826799185,3699.760518022605,176.0,111.10429867830416,8.0
6462,9974.404771470436,4119.814887020225,8.0,99.2690251471602,8.0
6463,48120.296609737685,13893.997355003192,271.0,126.06662924923687,8.0
6464,41097.19178665635,8249.352731760919,257.0,123.19863225586992,8.0
6465,27729.938464032024,737.172665756828,111.0,122.23672579030676,8.0
6466,32588.43342997083,737.4891138254239,53.0,126.65550726987567,8.0
6467,64059.95194060994,14898.386498300844,3.0,118.21117770895255,8.0
6468,19655.944243605154,6662.894965072713,409.0,125.79170864463083,8.0
6469,63515.729258307125,16519.29780827994,40.0,125.52975959036414,8.0
6470,39047.36928792151,31870.65011044684,-104.0,121.20379842195482,8.0
6471,51007.772251024966,2876.245376475208,149.0,132.88340553046868,8.0
6472,13136.139972030533,1849.81088046789,184.0,121.24530376735432,8.0
6473,29071.681652608888,11698.02520287693,111.0,117.45896666520306,8.0
6474,43905.246279458006,924.7546953118145,79.0,125.72165669308527,8.0
6475,16914.066362418347,4787.066129474183,65.0,109.09223671509447,8.0
6476,36966.75736545128,1849.8881909098113,57.0,127.13385677045108,8.0
6477,56815.0799639427,4735.540331053198,126.0,125.45969626084027,8.0
6478,39976.23280020253,27195.429716150393,87.0,116.65789165407492,8.0
6479,36685.13027473471,2211.8419298843355,36.0,115.20325545308319,8.0
6480,28210.69903205451,737.4200598117138,130.0,126.92557554703346,8.0
6481,35637.949221175404,27184.810839865135,356.0,127.7821372595645,8.0
6482,41021.972221819626,3771.9203262129877,69.0,127.38994765805741,8.0
6483,35535.82887962613,18502.927687849617,77.0,116.56720412911042,8.0
6484,56323.28989257234,35334.18706622375,332.0,124.89481464383536,8.0
6485,39777.558883689664,4624.419226172223,37.0,113.05815764221552,8.0
6486,11483.809551243443,10592.624537026244,-74.0,96.71113299744576,8.0
6487,49969.36721749729,2774.960294155637,73.0,125.06382668007095,8.0
6488,31595.37261518925,30875.294559322745,-424.0,105.05547484028082,8.0
6489,40833.996458443355,19332.533565319798,139.0,111.79138496865674,8.0
6490,45657.387529431355,924.8916039896828,16.0,119.5650151738297,8.0
6491,42466.87506993991,9417.514381183415,96.0,118.62052571657249,8.0
6492,28311.76754567199,1735.9384112904763,248.0,128.6128494168743,8.0
6493,49606.255101690454,1733.1736971696148,261.0,133.81354499853845,8.0
6494,22967.309260873142,6640.128939966028,330.0,116.44291368458893,8.0
6495,36334.70339324485,738.3096322637568,39.0,121.35314120599045,8.0
6496,54623.880738391745,925.1185816172875,75.0,126.63218144428346,8.0
6497,48299.734132419326,1850.0590256508856,24.0,129.03496080479894,8.0
6498,53152.63391828271,38967.945732803586,201.0,131.45076663977423,8.0
6499,54062.05607664785,31734.580065580383,514.0,130.79788383312504,8.0
6500,32522.71838877435,736.0075931976584,202.0,131.4594313192656,8.0
6501,36996.1444628639,1849.7998736813363,40.0,113.69748359511804,8.0
6502,51293.9500516733,14478.62594349781,148.0,125.82856097712806,8.0
6503,50601.40357421584,7545.943276950749,68.0,128.03900514609577,8.0
6504,33698.902804593345,13331.608477589298,202.0,121.69558563185213,8.0
6505,30615.696449672596,1742.1592607009698,23.0,113.84329376093919,8.0
6506,31699.393934693046,1471.9321635177005,16.0,110.03044437425073,8.0
6507,43949.17123262322,1849.916896450485,63.0,125.25756275309999,8.0
6508,17359.5562362449,736.8103681621882,43.0,114.46032925537662,8.0
6509,9102.009075409129,1991.0038289097877,5.0,102.49733205632707,8.0
6510,52223.19174728992,34273.99439797075,312.0,108.86093057889173,8.0
6511,33494.363677578614,21404.930655782242,183.0,115.52544620560315,8.0
6512,21343.679249866476,924.9408259799876,135.0,123.93530448307044,8.0
6513,37019.45427375041,3139.434185378173,153.0,109.65958160954821,8.0
6514,31083.89209247752,2870.1575086959538,284.0,128.5540682383354,8.0
6515,51907.49654965523,34860.06738206252,263.0,115.30193509645348,8.0
6516,45421.759650237465,738.9965929500888,12.0,122.29696129317986,8.0
6517,23059.690825230784,4049.7436062376178,48.0,116.5264400417172,8.0
6518,42072.66475597269,35904.682388458314,-60.0,115.1677351642923,8.0
6519,49024.983767111284,3553.318937803244,76.0,120.66075907607362,8.0
6520,38958.277995656164,1849.8206493246967,65.0,108.81975722087084,8.0
6521,16664.830743583407,924.893382306021,26.0,109.56217964322433,8.0
6522,24179.580917853033,11949.287935089522,175.0,105.6238633029357,8.0
6523,39151.46409294211,1736.4015943939105,119.0,124.79488316468458,8.0
6524,18516.0072618037,1182.787551411066,121.0,117.34138728240767,8.0
6525,50777.77309866479,1744.778083249552,67.0,124.76186181885888,8.0
6526,43941.25325511271,1475.1394870278982,114.0,126.81625930780473,8.0
6527,22229.855197213456,9574.93202791047,3.0,106.5520876454857,8.0
6528,61625.37781365893,10618.833585793838,209.0,133.64007401598946,8.0
6529,42707.53540175739,3542.0566967843715,32.0,121.35542329208188,8.0
6530,52619.12446516072,7119.52905846298,76.0,117.1599461889837,8.0
6531,49072.215813081886,1850.003139749718,49.0,123.91714358934505,8.0
6532,41054.95950515025,30236.241106459864,91.0,110.67615620877491,8.0
6533,45816.112411327194,3540.6950985553326,56.0,113.79294231354356,8.0
6534,38696.70400293981,734.8502866973703,49.0,121.14486526551397,8.0
6535,44791.378640457006,734.7601578684339,18.0,120.47618085254231,8.0
6536,39191.03380018821,3552.762028532321,39.0,116.13429122296279,8.0
6537,50578.090374000676,5491.631653693913,28.0,120.5472567847772,8.0
6538,59274.90726946476,16089.597985111328,65.0,119.29965036432054,8.0
6539,52082.50133738727,15449.477101474227,46.0,118.9026458326743,8.0
6540,33519.78177734107,4786.1507431753835,46.0,114.2741128908292,8.0
6541,47706.68343482514,1733.6569063310453,30.0,121.52532395686531,8.0
6542,45383.32301064683,31283.645862362682,163.0,118.51590595014711,8.0
6543,13474.2389798898,11820.927981013174,70.0,111.18542300108373,8.0
6544,49481.921140677645,6290.235708595555,65.0,124.36670625030875,8.0
6545,54490.62902371226,925.1153366266203,1.0,115.2497612047214,8.0
6546,21166.649883203845,14505.485750448162,76.0,108.050920454655,8.0
6547,51661.56220090376,1180.2450733865028,80.0,125.77688608771294,8.0
6548,37062.51141708078,9278.363764156677,90.0,115.74111706979606,8.0
6549,26407.401103480457,9510.654122133834,120.0,109.28641971861107,8.0
6550,49072.20873950092,15741.714230804937,344.0,128.18238053305043,8.0
6551,42470.735776135276,6867.838802489023,412.0,131.55949724141288,8.0
6552,11196.60264783979,2774.767297527391,41.0,96.47212651312351,8.0
6553,60376.86285634926,30772.785242543025,337.0,118.75467056213103,8.0
6554,47367.45200247956,925.0416699000563,14.0,119.13002594667135,8.0
6555,61528.86568227632,12762.59956699905,129.0,127.29688796729737,8.0
6556,23070.827968434805,1183.5842949020343,32.0,112.17156767103265,8.0
6557,61932.6436244473,924.6932053881569,91.0,130.02796319833067,8.0
6558,56706.37932859204,5739.456391729006,109.0,130.55496714885692,8.0
6559,54254.85898141854,924.713264471337,22.0,132.50672293756622,8.0
6560,27394.91100535264,7875.842124005231,71.0,118.01307381931002,8.0
6561,15436.713329958748,7591.341214376034,72.0,99.6167794031561,8.0
6562,56002.987181711156,8107.953585440166,407.0,118.77095308568414,8.0
6563,36308.286055235665,1472.2259234065507,242.0,131.01434827973878,8.0
6564,49900.18803713088,925.0523589470356,38.0,120.95107826283159,8.0
6565,64031.135997391706,6669.898279269131,121.0,124.05164007016089,8.0
6566,44640.613158976776,6384.490727783934,184.0,131.33871493549137,8.0
6567,53869.462686527266,1992.5326353469143,30.0,123.00455789547587,8.0
6568,19943.485511707782,1738.5616193042117,35.0,114.35643466137952,8.0
6569,25445.620068292377,736.3452003710355,41.0,116.2087260775429,8.0
6570,36080.7446667886,21286.794863223447,-60.0,115.8598006668269,8.0
6571,31227.3108954206,11626.597759700056,234.0,124.95033466668718,8.0
6572,48063.540145682695,4776.970270243809,372.0,132.79699742688072,8.0
6573,3088.1789144751638,2395.7597365297383,0.0,86.82983787821286,8.0
6574,53648.969393856714,924.8251917072325,16.0,118.97284714356145,8.0
6575,32524.277272677347,1180.8489060683717,37.0,131.9907599925424,8.0
6576,17742.339371934446,9463.760101628815,150.0,115.55917599673901,8.0
6577,57653.7471034367,46699.525356258855,67.0,117.11516903367115,8.0
6578,61155.074090948525,59178.663827591125,-417.0,123.97678916295841,8.0
6579,16719.11659865136,4614.764031808666,145.0,116.63384862463485,8.0
6580,42775.39794751309,4682.539655218139,91.0,121.36534317992329,8.0
6581,47316.11327697781,4682.690633030328,68.0,131.05908364328286,8.0
6582,56320.12637803466,43528.30392234065,87.0,120.19341070652816,8.0
6583,56432.07934530904,924.7139042585884,31.0,129.02922107511438,8.0
6584,37780.03755443877,737.1539151855867,56.0,118.97892866672805,8.0
6585,36182.040373203316,9416.059047892317,145.0,124.00209447412658,8.0
6586,45849.88511163638,1183.8576099671077,94.0,130.178072149005,8.0
6587,42741.7768405696,18051.120291187297,161.0,128.01363489357612,8.0
6588,52424.11634963984,15877.942326320057,57.0,118.59165468967363,8.0
6589,31576.08052348377,924.987354571584,73.0,139.33282354265492,8.0
6590,38427.927576905,17829.172908823854,82.0,120.89613394868886,8.0
6591,24451.55081056885,1991.7672322657452,86.0,121.37226849253315,8.0
6592,37064.37873596369,924.9891847983899,70.0,122.67343642428258,8.0
6593,54252.78609701102,740.1479663276442,54.0,130.6085162844467,8.0
6594,58088.37285733944,15392.854593657636,72.0,125.59511537923585,8.0
6595,54042.0823463996,1989.2000372947593,210.0,140.00331676903173,8.0
6596,59905.30639870544,57935.86693832795,-348.0,123.99879525660745,8.0
6597,41960.78600497898,8834.619690543866,26.0,117.06683709898397,8.0
6598,38113.67994966465,1736.0881670862782,425.0,130.88032341321434,8.0
6599,64783.94269842769,924.9094350474412,50.0,135.69884977337244,8.0
6600,59119.3380938668,13924.962623859203,263.0,139.8617044172276,8.0
6601,42124.616945597496,27065.103889294132,60.0,115.18726167898595,8.0
6602,20678.399153795992,3772.080469764862,129.0,106.51632491781119,8.0
6603,49040.2178052874,36245.65350047662,87.0,119.87879765149057,8.0
6604,40016.877149345244,3771.8567797644073,93.0,125.98672881624017,8.0
6605,38646.79211885816,734.082505743828,23.0,119.8482743693256,8.0
6606,30954.4751982766,11196.444301639274,29.0,110.92527287041288,8.0
6607,50890.50171697364,6473.982427735093,80.0,118.57361230238004,8.0
6608,44994.690001610485,5976.29747577699,72.0,123.02823106379778,8.0
6609,43184.09947707317,3471.135882569088,118.0,114.63550613556487,8.0
6610,48542.216050727926,18317.977624404168,197.0,118.14728800879237,8.0
6611,52883.72850186836,33833.90710181883,81.0,120.14266953461706,8.0
6612,32997.839105786785,1181.7135015907484,12.0,118.31793882719255,8.0
6613,18437.112262997824,2945.923341258301,178.0,107.65762119212167,8.0
6614,43216.33835679233,29128.46815156668,163.0,118.24254239535898,8.0
6615,14228.763461293702,3142.730333593711,70.0,110.3867004942133,8.0
6616,36691.740018516764,3091.4736479203166,105.0,127.88071703938465,8.0
6617,50088.95245307423,2360.654045738971,319.0,140.18518430381113,8.0
6618,40398.94226524119,1183.8539509465634,8.0,114.27356123532722,8.0
6619,51758.893820064986,924.9031408890205,240.0,135.92644029036538,8.0
6620,37860.11591535106,24850.970692103132,395.0,129.04573206714193,8.0
6621,17042.63028491144,11087.089116926552,-18.0,102.693006740918,8.0
6622,38183.8112604606,736.1497125653339,123.0,128.69196106876225,8.0
6623,66111.23922059695,1178.8785951315356,314.0,139.36159240621288,8.0
6624,49941.27924217668,20027.162647473324,267.0,125.0032769406448,8.0
6625,16965.192254964084,5155.719321026313,63.0,102.963015682851,8.0
6626,4790.599630218554,3087.3560006636003,57.0,102.95905913516259,8.0
6627,41355.30075810104,15995.579310347113,343.0,111.40398622392301,8.0
6628,14182.394451304732,8453.321404869024,-75.0,103.57920564915203,8.0
6629,11980.586438571514,4123.228885189862,49.0,103.57795734488313,8.0
6630,31066.367726530796,737.3874915492962,160.0,129.07930460932553,8.0
6631,29106.852093571917,1181.2718616934312,43.0,115.90957202601064,8.0
6632,50359.398566067335,38125.90476684114,104.0,125.3228704773421,8.0
6633,38957.63724597863,4683.06779575082,81.0,116.34674284433795,8.0
6634,25939.824931176576,924.914856721248,106.0,123.18082879571207,8.0
6635,23104.85029300675,12165.420559195369,23.0,117.47460813790704,8.0
6636,46456.346845591936,1741.9123486757333,58.0,127.60546335081388,8.0
6637,42698.19236585429,12543.492520402857,21.0,113.6511889349927,8.0
6638,42656.43999671153,12803.184521876463,171.0,138.45680346690494,8.0
6639,33319.82722392143,12154.226196302086,75.0,114.7953837906577,8.0
6640,54190.882027353684,7438.636453417412,403.0,132.7004819129312,8.0
6641,41109.17461435296,4305.512016792339,87.0,119.57764029818595,8.0
6642,17819.253192485372,1991.5638206447875,84.0,112.86980337630902,8.0
6643,49954.18440266938,7120.00565714845,43.0,124.4385256474396,8.0
6644,49159.88158179956,925.0657449118327,52.0,130.64634954301727,8.0
6645,23850.086348843313,19279.835456449848,59.0,105.32564077123985,8.0
6646,42332.57958337867,28231.017361947386,163.0,119.7918635177869,8.0
6647,34138.27177393108,23901.638493654977,204.0,121.6846775725599,8.0
6648,52541.00232372403,6515.9077698234,547.0,135.17502111493351,8.0
6649,14927.281013561898,8280.070084802457,45.0,103.66999213407152,8.0
6650,62432.374789771886,924.6704375737631,39.0,133.60810239213038,8.0
6651,53233.323488897244,2774.49043984954,92.0,122.2396341122012,8.0
6652,61546.27211000188,4738.594599811027,421.0,134.73637558423775,8.0
6653,42218.647236106975,8295.731424613405,145.0,112.84382193434104,8.0
6654,18270.336297927108,12822.043941441818,18.0,101.010291045595,8.0
6655,22280.296897523916,13461.058132150176,84.0,105.99529966043207,8.0
6656,54133.75042284484,1180.0298693132272,40.0,121.02751511961745,8.0
6657,40980.81198313357,924.9814532777084,42.0,136.79666190133696,8.0
6658,48581.89833148839,1179.6786088178762,112.0,142.2177554225947,8.0
6659,58623.86244018143,10827.28137140202,43.0,125.72791012490669,8.0
6660,21927.360080439274,13315.027629440785,15.0,114.19351013278852,8.0
6661,59996.167539443035,2890.0837921669795,120.0,132.377909587496,8.0
6662,61064.515725271776,924.8433209566584,276.0,139.25380454271857,8.0
6663,37576.792410996175,8711.440763744724,129.0,118.79691657254072,8.0
6664,43468.09603777898,4416.413780161925,196.0,126.19250387025846,8.0
6665,11822.61500918303,736.3961801778436,2.0,101.06174323587814,8.0
6666,58040.96957169964,46949.493642978436,167.0,126.49939116255177,8.0
6667,38367.90821021212,1740.5324782199536,75.0,116.5324421844671,8.0
6668,37086.77153223723,2942.89911261791,13.0,122.80850393510192,8.0
6669,36821.134766869705,1181.2109510113442,94.0,125.7264493379505,8.0
6670,47915.29576445139,5920.962566127244,94.0,126.40173421214764,8.0
6671,56151.14580702164,1850.1168824225917,21.0,123.08557682540489,8.0
6672,17566.64886225932,737.6348570933159,54.0,115.10548650513026,8.0
6673,52118.46522140265,7970.4413472976485,28.0,127.39749402780896,8.0
6674,25669.268756141773,16091.95820501429,152.0,119.31960338392562,8.0
6675,22764.858717687956,5974.27852195509,429.0,106.73555218370429,8.0
6676,55505.615146792865,36721.51258357463,187.0,116.0646658932619,8.0
6677,37142.26301744349,19021.258479401637,123.0,107.09523335060828,8.0
6678,18532.656103342244,3772.1531802820946,41.0,108.59366273754107,8.0
6679,54262.639949879755,6911.36743589246,72.0,122.8349050939877,8.0
6680,44625.93723198862,925.1398625189541,32.0,129.18274377056574,8.0
6681,16481.60644641932,9326.334117482156,52.0,101.55224217443771,8.0
6682,60766.586515586896,20790.41581776912,76.0,119.71583130870327,8.0
6683,61022.868176827804,1179.587095174942,95.0,144.48486213370995,8.0
6684,35366.3081847328,13529.31726590472,157.0,109.55280258058974,8.0
6685,34684.63356550374,30114.782140245658,26.0,108.02881920761881,8.0
6686,34270.08156568394,3772.4967481976782,82.0,114.17808218999569,8.0
6687,40562.14755079456,9579.062636279004,95.0,117.32562501590397,8.0
6688,37177.30677113235,35492.9551997017,-1.0,119.2496253755519,8.0
6689,38358.60104139096,2210.8402051534035,29.0,111.50793943432957,8.0
6690,29001.338261465957,18044.43733375051,61.0,116.61641808778838,8.0
6691,28863.114941755204,1473.762551519834,154.0,125.20938569410617,8.0
6692,54937.30528612374,42248.360252700586,32.0,123.54663255190621,8.0
6693,29588.593512827632,1182.8735714836569,44.0,119.3376801615847,8.0
6694,17022.20840567634,737.7815415342195,70.0,118.76326144531832,8.0
6695,11098.856732251315,1849.8342420912209,123.0,114.88110556023942,8.0
6696,40715.106113338086,6278.690496175345,73.0,116.01434735293961,8.0
6697,51312.474674575606,1735.0451616089963,72.0,123.16858705177097,8.0
6698,21922.210738905018,1738.2737835490632,36.0,108.31975916080413,8.0
6699,32357.226618405195,30653.043987235702,-12.0,117.94809256787613,8.0
6700,23507.193845298163,1990.3440062898605,141.0,123.31113380963335,8.0
6701,48661.15256378396,3984.621957302403,68.0,131.40253918647488,8.0
6702,53645.39241300843,2359.8686141967632,188.0,137.72729789664214,8.0
6703,54836.63056148632,6937.714705130658,437.0,114.24611340295544,8.0
6704,35170.93153725008,11318.113325883452,132.0,125.3648529609,8.0
6705,41931.14701535305,21527.669258617065,-146.0,115.26348245002612,8.0
6706,42688.263440539624,8300.067997365019,150.0,113.95203783851868,8.0
6707,44150.899873590424,7585.917676331338,189.0,126.7584962845815,8.0
6708,32371.21134031176,15722.99218288429,261.0,109.10514593766794,8.0
6709,41090.55097133085,1992.0140480621633,24.0,127.96491648471533,8.0
6710,40539.338886189194,38871.840233767376,-204.0,109.3051074168096,8.0
6711,51923.25163231117,2888.703304975822,73.0,123.44707519214424,8.0
6712,19645.49157120088,1849.8231777872418,53.0,115.19256979913685,8.0
6713,32592.51607013449,22359.277623782295,204.0,121.37158938001625,8.0
6714,36477.6812431195,3138.8150672377965,5.0,121.00098409478898,8.0
6715,49175.34744581789,3137.0980430090885,153.0,134.81658642124722,8.0
6716,43807.352030246104,737.137918980108,26.0,126.95406520320812,8.0
6717,52973.448297917465,18630.13065696201,67.0,118.40971696918896,8.0
6718,53078.31357741946,10392.621558241888,392.0,126.18045101300598,8.0
6719,3982.055115575878,1991.0007380214597,-26.0,88.19048760984377,8.0
6720,38614.67907662208,13464.602302307068,217.0,115.44380137152118,8.0
6721,23324.770207440833,4306.959606921576,112.0,113.33303526230247,8.0
6722,41825.665614140424,925.0197533336417,24.0,116.58578922726007,8.0
6723,23384.69804115976,21397.404290725106,21.0,104.24571210311755,8.0
6724,43806.081045290404,42080.831418783084,-215.0,110.01731955588714,8.0
6725,19213.60867449923,735.2337908340859,16.0,107.55279431223497,8.0
6726,5218.094452540581,4610.531186990684,-15.0,91.32361047009447,8.0
6727,34454.78513600857,8611.063324774555,66.0,113.1788827011986,8.0
6728,34588.58400344049,15582.484332107178,84.0,120.00792803595397,8.0
6729,11093.776657499662,924.9920303238416,99.0,116.06024800854192,8.0
6730,42334.562470401346,18815.96271434003,300.0,114.05576724327018,8.0
6731,42621.44294014666,2875.953135193288,91.0,124.1816019289139,8.0
6732,41626.438885190735,6474.014986444737,107.0,119.43019527080702,8.0
6733,44734.98765687618,13949.647611797185,51.0,113.41127717346711,8.0
6734,22623.724547525002,738.1702957264811,67.0,119.79778201697414,8.0
6735,31585.67131593755,925.0573442463595,24.0,121.74120813353083,8.0
6736,54611.07413441789,2889.039206888123,190.0,125.37817620740798,8.0
6737,56229.53499509609,4314.555607126795,70.0,127.86543016095266,8.0
6738,66579.67954336217,2358.164104962219,195.0,148.8642087373342,8.0
6739,26300.81920151966,20834.689011734,17.0,110.01981156095363,8.0
6740,18861.376817178538,1849.7084771742652,160.0,121.52304346055237,8.0
6741,40862.15833563294,17634.5743305038,235.0,124.47656284536129,8.0
6742,31066.198405359817,4305.685387762294,234.0,125.36123209445392,8.0
6743,36997.899674108696,3482.3264321500765,210.0,126.52895872510042,8.0
6744,42800.32764200355,739.2569943368752,141.0,136.04694937547546,8.0
6745,39427.02258089796,22803.274457655567,133.0,114.90379396120315,8.0
6746,17282.480332373823,10637.352602537156,81.0,105.1429536762681,8.0
6747,21945.82288583706,7193.379038698976,126.0,116.80710101166855,8.0
6748,48976.86235641279,1180.810402729465,112.0,129.0043921344211,8.0
6749,43522.843725416256,1179.762195569276,54.0,113.91673872009116,8.0
6750,61632.29076974808,925.1858922391891,16.0,125.39452918063364,8.0
6751,34952.110373347015,737.5514540070363,24.0,121.74722646569765,8.0
6752,16559.350499798868,3549.2812378751355,71.0,115.17753004075337,8.0
6753,39834.41814121057,30635.586894930144,-190.0,128.98241494762289,8.0
6754,16330.140518991873,14659.643567599804,-44.0,112.2810975024359,8.0
6755,32878.27301801141,21188.56536844422,156.0,108.2581188438158,8.0
6756,48540.47576354987,2389.7084646801695,47.0,123.24133575835677,8.0
6757,24093.005023240643,23169.92040034075,-376.0,101.27728531715151,8.0
6758,43779.66895760929,30770.533427259597,326.0,129.71056192925795,8.0
6759,52514.65041931619,738.932962079144,46.0,127.50726705545252,8.0
6760,48777.2010868355,30046.552641309645,170.0,117.6497144162042,8.0
6761,38304.47345648716,16799.76580058848,139.0,112.63487964281462,8.0
6762,31660.920136907804,20550.47095418987,-262.0,109.93436138634958,8.0
6763,36835.908800103294,8610.512293068505,303.0,112.14551935110933,8.0
6764,19699.19196776358,13542.576936967824,-57.0,103.77417632156518,8.0
6765,25862.159820519624,8311.913040232177,181.0,123.28794622794356,8.0
6766,34745.364801089076,738.3997001237741,138.0,130.18266003614372,8.0
6767,33670.262963526635,2362.1624874742038,86.0,119.76052594834462,8.0
6768,53137.57938695621,2871.8645805868655,17.0,119.4207847135339,8.0
6769,45032.36004472437,9702.985886063,185.0,128.53052492928504,8.0
6770,23414.950371630028,924.8608469056237,56.0,117.01721590704305,8.0
6771,37618.510781643134,14108.386339792698,259.0,125.52081450036441,8.0
6772,47174.80148235181,12023.15495421632,153.0,120.56728679548846,8.0
6773,58737.969365273755,56767.711831722154,-142.0,111.87580945981081,8.0
6774,50184.20576237518,739.0124024932459,29.0,124.70682078996047,8.0
6775,36838.3619593458,5154.926031290496,159.0,116.58479134127944,8.0
6776,22920.307573757967,13347.64486370132,186.0,105.93764328782737,8.0
6777,40015.90738751636,3541.766348410776,176.0,131.52310621125304,8.0
6778,56311.917002887596,6942.913827866841,128.0,131.78901455796412,8.0
6779,46304.29802637393,2368.6367524603156,157.0,129.88935668584952,8.0
6780,17588.810760265234,16664.778161624003,4.0,105.698264888198,8.0
6781,60668.32206726134,925.0914764362724,23.0,122.56658051662801,8.0
6782,42235.3762732491,22998.305229259888,181.0,108.68421940654684,8.0
6783,20411.44103042388,2209.667572723096,133.0,114.24952465667835,8.0
6784,28243.24750249979,10593.273471357612,293.0,110.42541061493702,8.0
6785,47860.247769651294,6409.887162808775,58.0,117.15616826375387,8.0
6786,41670.63535720646,11412.144466750931,214.0,115.7342831579078,8.0
6787,39757.82666447297,3680.5242327148712,305.0,138.2683658790508,8.0
6788,17678.571678199674,736.3432656080823,127.0,122.21899759638023,8.0
6789,26157.476050869867,8452.949917260634,4.0,115.96027333173942,8.0
6790,54886.248963284546,1185.1975122127528,48.0,130.41676849967416,8.0
6791,51401.0678700116,9365.450309221047,15.0,118.9562171697052,8.0
6792,36837.777603748254,924.9858719896939,34.0,118.24364508358576,8.0
6793,43057.52168057239,2774.8709864866714,465.0,135.58460006607308,8.0
6794,46983.49530658827,21352.22399885388,95.0,117.39175191205072,8.0
6795,44801.39405585035,3082.9399513699195,174.0,126.84587846730135,8.0
6796,56351.037707785115,5490.391424818514,241.0,129.5121912631775,8.0
6797,62718.11802123557,5901.745165275907,75.0,124.98103387169911,8.0
6798,31825.563592325063,30127.329383697765,-2.0,117.86288590233373,8.0
6799,24992.30389446721,4615.090966374143,196.0,110.69559506838445,8.0
6800,66986.43918303447,9477.729152666047,185.0,121.16534276341801,8.0
6801,46253.755512368894,3699.900423311937,186.0,115.74847388944525,8.0
6802,15723.55837827544,14798.666067085964,10.0,104.80688672674353,8.0
6803,43519.61609509747,33324.02312834203,116.0,116.82050036144341,8.0
6804,21538.14656886301,13470.802315770523,62.0,114.98910779412422,8.0
6805,25909.07610958426,10174.602658120006,-10.0,112.85986731064959,8.0
6806,61556.842597395145,20413.63115411844,44.0,123.09349622371833,8.0
6807,38663.8504495677,735.3471473585478,104.0,127.37913521582271,8.0
6808,25458.458236808467,5234.986588636798,146.0,115.13555371517509,8.0
6809,34460.89893052773,3139.7362489014754,86.0,114.86548933944715,8.0
6810,31094.098615840056,29366.71584715959,48.0,117.97512750339445,8.0
6811,68180.04578573612,1185.0911702647945,48.0,124.71298270790392,8.0
6812,27463.728019595113,9510.428711822455,278.0,123.72510287019846,8.0
6813,12179.45061542811,2882.8440470534783,75.0,110.58510445536324,8.0
6814,49897.30367957654,31783.753362051222,165.0,113.68690514629503,8.0
6815,51927.45589739595,8357.031219165854,162.0,124.56697281678257,8.0
6816,53311.07480794811,32546.673593661533,111.0,116.10328783050525,8.0
6817,18121.33716406677,8613.196687914586,285.0,122.20101632377774,8.0
6818,16615.706100567222,14470.784642639119,-187.0,100.22383206811264,8.0
6819,47541.81477949879,23857.013959984153,19.0,114.43753144539146,8.0
6820,56971.28348431097,7825.791045809208,220.0,135.2438673630291,8.0
6821,21290.98490613528,3549.539571616967,177.0,114.39488042127395,8.0
6822,33444.64815853245,1181.7139542857456,15.0,112.11552309267962,8.0
6823,57053.12120336257,1184.4592300357176,18.0,128.0214888355739,8.0
6824,47622.15818869937,924.7513049433613,34.0,131.2286916507166,8.0
6825,13392.450284463199,3142.6757060794453,181.0,117.56412798892889,8.0
6826,8154.66271398614,737.0575777867173,6.0,98.91854209126686,8.0
6827,57136.433017911004,1179.144929345737,186.0,133.12906069109312,8.0
6828,48535.948030490166,9472.11796563677,213.0,128.0762781415402,8.0
6829,53544.08302054184,1181.357382603149,61.0,123.8650691528391,8.0
6830,49044.82290407466,1850.0093042554258,63.0,126.29742095249941,8.0
6831,58317.082648618176,10575.137860796023,284.0,128.84696401102957,8.0
6832,59652.72181797652,51394.41744265331,153.0,112.0095207218184,8.0
6833,29548.699105877367,1736.461529740947,122.0,122.7195325443414,8.0
6834,40582.241664283254,8150.839075559573,494.0,131.56382716434493,8.0
6835,42360.47282302648,1989.7224025122525,59.0,129.8064342253303,8.0
6836,47222.38976692718,2869.842029680645,50.0,122.34735151843034,8.0
6837,28530.331846513433,9027.442578479946,172.0,103.62047525017165,8.0
6838,65316.540414029616,48293.70041821285,183.0,125.40803312137938,8.0
6839,47838.333062328085,7457.407719680009,15.0,120.2140077817149,8.0
6840,25311.11946289603,10473.724260928151,194.0,110.0953768677717,8.0
6841,28280.007675685058,2366.562136429436,75.0,110.22454789801652,8.0
6842,28869.41141185509,14770.024007595088,163.0,115.28934443700041,8.0
6843,41486.98615003266,4854.998593289203,28.0,117.76696246231104,8.0
6844,54028.27988722683,40748.275056231985,153.0,123.2896912357404,8.0
6845,13728.47072234337,5124.558951530714,18.0,109.1199282817706,8.0
6846,13732.82797889813,8621.174418085942,61.0,101.78254129975298,8.0
6847,31765.021607458646,1471.7678839310327,10.0,118.43612000331053,8.0
6848,22330.795870857797,735.5168796751938,33.0,113.75995274659986,8.0
6849,61968.10488638027,13710.83172338681,523.0,133.79427392710753,8.0
6850,60889.97656686861,34943.11402832723,88.0,120.39240301439318,8.0
6851,42244.61274537348,1735.0910608811432,135.0,133.33466707583005,8.0
6852,25132.58990833169,18479.175589025977,75.0,107.86702610607699,8.0
6853,40382.837154449364,1736.358887485969,93.0,124.02250781326174,8.0
6854,4119.084770258471,1181.8081569032986,5.0,93.37652918626344,8.0
6855,47378.027509493084,3771.9218428600516,59.0,122.95358002255513,8.0
6856,27470.83574320637,6286.826301412497,56.0,111.90554794301067,8.0
6857,40601.488917315844,2878.3326501989823,116.0,111.00577403496344,8.0
6858,55967.28206701406,10574.154579410622,450.0,137.8443437480103,8.0
6859,23542.221098008584,1991.5638206447875,84.0,117.35671383801883,8.0
6860,28956.497120165295,4124.871816799889,45.0,118.47867830991007,8.0
6861,38117.490905294595,734.2946450348265,64.0,124.04509994518916,8.0
6862,60006.01996261182,1179.2849120024143,39.0,142.56265151576946,8.0
6863,17630.77431318436,924.8168847204172,70.0,122.02930286840953,8.0
6864,52247.40374458161,2368.7068683251323,13.0,123.48596165040325,8.0
6865,35850.18376245243,15936.123855807336,92.0,109.1570791883074,8.0
6866,30690.489694122043,12578.549788423865,132.0,108.79313334925186,8.0
6867,8619.78893734631,7840.39210150724,-321.0,91.15771585979746,8.0
6868,48227.12281967356,4314.205148505372,147.0,129.35352921242384,8.0
6869,26343.203289169156,5230.980785632682,77.0,112.65712113774083,8.0
6870,54359.00812279326,10418.1091034814,355.0,131.27252249840777,8.0
6871,38042.24425140865,924.8651795724447,3.0,116.43388335684195,8.0
6872,55363.242665002996,1179.4552478290452,184.0,122.67963557541763,8.0
6873,42266.51949979384,1849.9564519428084,91.0,123.10048505080351,8.0
6874,15816.080749699002,6950.9800947743715,331.0,117.09686151621091,8.0
6875,52129.84326763995,10279.955015122017,137.0,122.58920853241273,8.0
6876,19548.576743549707,2774.6903767543477,49.0,108.49862698413457,8.0
6877,34869.68633550318,4722.7700494756355,93.0,118.11155364497151,8.0
6878,30153.94089926886,7579.636814591811,188.0,111.4723394460475,8.0
6879,41433.501421733396,2398.839518093447,47.0,119.49981835622742,8.0
6880,46723.943543766836,738.8575025873822,159.0,133.57388120275203,8.0
6881,51482.27795610381,1989.434800991571,45.0,129.70176038626067,8.0
6882,46571.14955188071,1180.2413721791054,242.0,134.2230822784316,8.0
6883,25836.238972770145,7721.058397890752,39.0,111.47735306288293,8.0
6884,50193.83762670072,7508.706887486448,30.0,122.84437286118309,8.0
6885,40654.24684499264,20894.094158992855,61.0,121.37249403286486,8.0
6886,44093.793136111904,6641.24216752943,77.0,117.57887969868969,8.0
6887,51602.90083555727,31351.815343596834,73.0,123.39717073016904,8.0
6888,63521.01563381449,3144.893529063715,391.0,131.12270852577555,8.0
6889,23169.660706279898,22246.72724341383,-184.0,106.31473868375816,8.0
6890,27830.506558001216,1991.5736253439857,212.0,126.94280061222294,8.0
6891,43868.654795694536,10280.080987952786,83.0,124.21010572294135,8.0
6892,21733.621017766876,4724.622699902248,562.0,128.6291219859391,8.0
6893,36225.20238373214,1183.8539509465634,8.0,108.03080403346164,8.0
6894,56826.641690338605,48562.011046045576,153.0,112.17457805874875,8.0
6895,36438.69833019896,1183.6988860412887,65.0,121.74120978234394,8.0
6896,45819.88483080422,40344.26735864522,-122.0,111.60535322507985,8.0
6897,47232.200085713266,9511.971856676142,35.0,109.42991196673408,8.0
6898,57187.094541304934,9110.501217176581,65.0,118.48417802333371,8.0
6899,19132.026912263576,5219.430678933475,19.0,115.81145750060358,8.0
6900,39402.72855785217,6179.373817995128,95.0,112.60554700738561,8.0
6901,45281.64733817776,19658.34718236842,26.0,115.99455226648402,8.0
6902,49353.28078305264,31403.13916698227,313.0,111.96113805491589,8.0
6903,58317.90153498031,1179.7175689535281,60.0,125.9936957644894,8.0
6904,49793.03033383929,1992.627160456057,42.0,123.64881530498934,8.0
6905,49314.043785642316,924.8273384591746,33.0,127.78668281188298,8.0
6906,51156.18626676988,35913.09079645259,361.0,113.10050686651303,8.0
6907,56207.23817714544,733.2621898582298,24.0,130.53057871832715,8.0
6908,45130.77050824733,36677.445594699384,370.0,129.63940495052367,8.0
6909,51742.741141381535,4850.602395269988,237.0,132.2775388675867,8.0
6910,21118.691963645237,4510.507723719668,27.0,110.19235495995098,8.0
6911,66419.6088884073,1180.1441630733095,133.0,131.85513260906544,8.0
6912,55605.22859971284,5474.666504560321,420.0,134.19577491160905,8.0
6913,42934.18033778854,5205.706269385035,107.0,128.33018484805302,8.0
6914,28738.954640548942,11949.002760946194,200.0,124.10095329632163,8.0
6915,18785.335212909133,3797.781518603347,36.0,109.48169832628813,8.0
6916,41074.73031353003,19679.396270916386,110.0,123.81071724299554,8.0
6917,39261.22024169381,1182.672733730895,171.0,129.95189210922467,8.0
6918,27973.159206659435,2208.5280847627632,10.0,114.46111437070422,8.0
6919,42665.770277089956,4304.847963334874,21.0,120.62937504604436,8.0
6920,53646.40841091583,1990.2334951266014,30.0,126.91395006162486,8.0
6921,34992.461363518945,19063.167701705876,108.0,117.77203132585956,8.0
6922,9971.319273862713,1474.020617906557,14.0,99.47791587581818,8.0
6923,36859.590911985884,30198.67760885201,80.0,110.95892762264411,8.0
6924,37418.67013111308,7477.836681967379,165.0,130.17916177883313,8.0
6925,25909.74618579848,4041.991218591224,208.0,129.1291552858389,8.0
6926,45525.68989577615,2368.851453749877,58.0,116.61544761283739,8.0
6927,9932.92667161219,9457.785233827744,-137.0,97.14015645953684,8.0
6928,53639.39396185405,2359.8562482011166,76.0,132.16633376501352,8.0
6929,38365.766110627126,2361.8515282821636,29.0,117.7921825297709,8.0
6930,34973.18726677501,21526.7405220153,78.0,117.22216431209806,8.0
6931,30173.62855861214,737.4000030104626,20.0,113.19358608879794,8.0
6932,62419.886272674565,2358.829999101735,95.0,124.16049531910473,8.0
6933,57895.04962959222,16549.040631809155,95.0,125.56925704086734,8.0
6934,62411.92754656703,5492.353248974494,106.0,131.50721316922346,8.0
6935,29926.745209713834,3983.3550807216825,81.0,116.63666560338716,8.0
6936,59035.95107759893,2358.5401446514147,218.0,142.28750842597157,8.0
6937,46291.45767899699,5211.478045126401,31.0,119.12148043497919,8.0
6938,53653.11095827662,12025.007248376345,301.0,116.30301759353297,8.0
6939,44717.21782399739,3093.9970179237826,244.0,130.00328151156378,8.0
6940,52756.85515511718,10601.00571868383,55.0,115.44151457973621,8.0
6941,7836.413575276337,924.9933653257078,79.0,111.62058113086447,8.0
6942,53296.990069418665,35176.02126812695,132.0,114.18545174245268,8.0
6943,42602.09881961244,34323.537221656276,140.0,121.34708655103657,8.0
6944,47224.63141842638,4624.913404892718,113.0,122.45757375928042,8.0
6945,34877.58623456127,14112.909578381772,111.0,108.69669477771609,8.0
6946,54334.75753431075,5119.710180948693,60.0,125.44750023752798,8.0
6947,51850.381380667895,2876.3670341815723,119.0,127.88474769364691,8.0
6948,51882.84809687078,5744.049639064319,48.0,127.23040199185864,8.0
6949,8909.787450600628,1182.421964170917,16.0,101.70083817511104,8.0
6950,55691.51507682978,10603.173673811454,28.0,125.18514374666505,8.0
6951,29925.043381567168,1849.9332745907564,108.0,124.66788887626967,8.0
6952,34254.695193312524,925.0423547243324,73.0,123.03602766364386,8.0
6953,33867.58201312903,735.5994785957791,114.0,127.2783993115163,8.0
6954,64939.41932984318,56663.45156451511,153.0,112.56729399999386,8.0
6955,11694.327686924373,925.0056916807507,35.0,108.12124335325694,8.0
6956,42246.67296177562,736.220006526427,156.0,138.10622308308535,8.0
6957,58581.668082805816,49756.413448392304,-10.0,114.16544602514725,8.0
6958,35581.24100954656,9959.592130683372,101.0,111.4855121965242,8.0
6959,8829.899676059038,3140.798380653174,13.0,102.88358796379964,8.0
6960,19652.427217690816,1183.7863841222875,96.0,125.02676037587815,8.0
6961,60703.2726267914,56696.40127051058,-84.0,115.9984593902798,8.0
6962,36254.33383522077,3085.1853793886803,70.0,114.44337740077404,8.0
6963,53888.207835199704,1180.107357576907,28.0,120.93235859534289,8.0
6964,58009.30488888824,6907.198218861302,321.0,131.9954006673275,8.0
6965,49812.95234999946,1184.4913314980076,55.0,126.6106317791476,8.0
6966,51003.63015589622,924.8417352611553,31.0,118.82273748443225,8.0
6967,28096.279649057295,924.8929459959743,57.0,119.70756806481322,8.0
6968,54052.757283909385,43775.18880984808,270.0,117.24991168867813,8.0
6969,14462.849745761005,6875.685132299517,201.0,103.31712752051655,8.0
6970,59239.657158437745,16549.970012945178,72.0,125.74760070394315,8.0
6971,22392.909195564927,8453.343073687993,19.0,121.83849796457523,8.0
6972,35752.13168833278,738.2280721071578,27.0,126.95896272417306,8.0
6973,37079.54124849276,5902.338990720584,199.0,135.03435254605924,8.0
6974,55170.115870883485,36641.08787203845,161.0,115.00091691134891,8.0
6975,55588.31686941043,53600.60153950586,-146.0,111.51856247788079,8.0
6976,50580.079270431735,1179.6126324494812,18.0,116.4471951698118,8.0
6977,34610.93344268653,22519.46753044526,183.0,108.49577734348982,8.0
6978,55194.38864185382,44956.039589941014,339.0,132.42728384221647,8.0
6979,43559.21834692026,12773.131818175692,78.0,116.33448820772715,8.0
6980,34073.57986889072,33341.91185893262,-556.0,104.30005714254838,8.0
6981,35354.33024896467,735.2751716766072,98.0,126.36472796422905,8.0
6982,43491.844935155685,924.8578612946598,163.0,131.997608896297,8.0
6983,41937.13339834685,924.849712479476,44.0,130.84531958930785,8.0
6984,30974.68222830144,3551.1558111213185,122.0,125.96571251250859,8.0
6985,52992.28021984942,36204.2084639366,397.0,109.66014745261015,8.0
6986,20644.432659635226,13290.294743830897,-11.0,106.42097628404112,8.0
6987,41020.32097411093,1183.1092268974542,6.0,116.60210486160241,8.0
6988,24764.809786917755,4605.574592816815,118.0,112.02496399221091,8.0
6989,40222.327481057575,27216.094230152943,99.0,116.75764336152619,8.0
6990,23733.607905256256,1736.5411431645541,10.0,115.37099609411163,8.0
6991,37272.25302247673,7862.486219760225,46.0,119.52653457100459,8.0
6992,22246.601098615807,3699.5287566087877,283.0,124.97905835072129,8.0
6993,51874.794117375306,35090.62054433187,445.0,113.87570864355769,8.0
6994,38848.13400945871,6474.801794253372,88.0,120.14186755423515,8.0
6995,32248.53035633306,1737.0092403217757,27.0,113.27330848238539,8.0
6996,38034.505614164205,18501.25097535445,77.0,120.80917495871051,8.0
6997,46516.11273408111,4055.947043736921,59.0,117.05284069080267,8.0
6998,15666.443040433976,2884.034923329654,80.0,109.89312696000422,8.0
6999,63915.950848696484,2890.857216906192,41.0,129.77040765223205,8.0
7000,53322.97660329545,924.7022596624605,114.0,130.58122379027424,8.0
7001,34507.209940021894,924.8667613612315,24.0,116.82798356761727,8.0
7002,39090.71509130113,8105.871945926486,95.0,116.8989091089142,8.0
7003,32409.564584663578,2945.9100672248783,469.0,132.89982231094805,8.0
7004,60013.90859391205,1989.6423218403884,14.0,116.64192450765827,8.0
7005,36456.162302887446,25481.967794619748,78.0,114.10878033991798,8.0
7006,60656.07112419939,1989.934002906294,59.0,123.7270415123346,8.0
7007,53717.85072530106,40409.39801210862,-241.0,111.3753519023445,8.0
7008,46672.42269075132,3092.931552625387,27.0,121.15776398253767,8.0
7009,39937.1276558647,4128.291209943784,254.0,117.63547780500508,8.0
7010,30663.909370995356,3699.714205873558,261.0,127.11919780547294,8.0
7011,28716.86402009242,1472.1258909969906,60.0,123.98069239931445,8.0
7012,53538.01182587545,13764.760340393346,61.0,116.1763814038932,8.0
7013,48116.58996990338,11485.930870016291,47.0,121.73731350926111,8.0
7014,43867.959897259585,1849.9579267759873,26.0,123.8862512409118,8.0
7015,35428.83771446754,15049.172958283405,71.0,120.21020869510126,8.0
7016,26752.810116926794,22713.372419183666,-3.0,108.97624139896435,8.0
7017,44539.5040041258,1183.9586784119642,312.0,144.71515536116618,8.0
7018,33881.937199428176,33050.77334919857,-184.0,107.09262774523206,8.0
7019,23434.036324766155,737.3374091098813,14.0,119.02821963991913,8.0
7020,51291.18530453956,37822.02921366664,71.0,128.6584776345488,8.0
7021,63898.2063287944,4315.692919005609,80.0,131.4060754090152,8.0
7022,36238.73790460372,924.9760031543243,21.0,119.18402546584326,8.0
7023,44694.56809412544,924.7449299768891,98.0,127.91889643504294,8.0
7024,28274.6893118364,737.9210072824033,12.0,110.7943401226066,8.0
7025,46886.4514975092,4800.622289893253,170.0,126.41196833891318,8.0
7026,38202.54463327651,27952.166501194686,196.0,122.37981115864963,8.0
7027,54723.62283723253,46446.70569703852,153.0,110.84186465558534,8.0
7028,42716.200099383255,6944.282777637535,191.0,107.82139925416011,8.0
7029,30049.866691504238,1736.3229966910299,141.0,126.5146280626431,8.0
7030,25923.59351918623,736.8384635445789,14.0,114.18651088251632,8.0
7031,28762.797191369224,13708.018199229567,-122.0,106.73206628652763,8.0
7032,28747.624612969557,8104.384727079785,113.0,105.6305021833029,8.0
7033,17657.23962527888,5740.712884948563,91.0,117.34397781653703,8.0
7034,42551.31115386531,924.9127669140413,44.0,123.76100858010345,8.0
7035,55957.09111279719,13504.54975523348,63.0,119.28107755196153,8.0
7036,57187.686953978955,3541.109799280068,70.0,123.2608209933125,8.0
7037,43128.46124495701,735.2323867301891,48.0,115.1030637945074,8.0
7038,42377.049940778656,19220.555428433297,256.0,127.84503705219967,8.0
7039,51752.32471732467,21033.837304030592,100.0,119.49370548344879,8.0
7040,44180.49510527389,7859.200349152515,282.0,119.40276300955897,8.0
7041,16325.043253790362,4727.4574954878535,20.0,106.62936652921566,8.0
7042,26749.012000135244,11605.07613390495,84.0,120.72139663424565,8.0
7043,45249.215661409886,36973.414062888885,153.0,109.6093948426526,8.0
7044,42553.66271857437,4683.329833812511,55.0,120.41588205413453,8.0
7045,35143.82251223714,30549.170335957046,8.0,109.85081719432323,8.0
7046,47418.96275470561,5968.561460171649,223.0,127.97945638987812,8.0
7047,63536.855215787255,2369.3806853889637,103.0,130.27271066278033,8.0
7048,14188.25683725105,11824.435128760935,-24.0,101.41352987084038,8.0
7049,34116.44943146823,10975.321158216422,334.0,126.59989014610915,8.0
7050,29117.09991544504,924.8911872626372,256.0,131.79918053673993,8.0
7051,39572.53164777562,15284.07673348992,176.0,110.54994604701027,8.0
7052,28098.07906503604,6516.2288597182405,111.0,117.84888029224601,8.0
7053,55453.89832367401,2369.425695818996,140.0,128.30766555764504,8.0
7054,45909.471065426435,1184.272402923474,12.0,116.88360617795541,8.0
7055,38643.368045209056,734.844282009485,27.0,118.33523875778774,8.0
7056,41169.35562446901,17675.342393379964,245.0,123.9617307235498,8.0
7057,35110.50740835207,14467.380812603682,45.0,114.41477711330552,8.0
7058,56704.11555952192,1179.3882907855043,27.0,128.3524852000495,8.0
7059,20503.622249841792,8266.925301185627,46.0,103.99885679586357,8.0
7060,30092.868395512418,11966.509094077439,96.0,120.20190777686122,8.0
7061,26772.60000252071,10447.987844207086,112.0,117.80711672806946,8.0
7062,21341.722530671253,1182.903649467499,206.0,127.90654532937268,8.0
7063,49435.171927169504,13763.654456708286,36.0,114.85527563583302,8.0
7064,67880.499677203,5472.734197409118,224.0,133.81500670326238,8.0
7065,10959.049135497056,3480.203811661877,76.0,100.63103493236562,8.0
7066,38703.19880137533,18790.485501923074,77.0,112.78814053408135,8.0
7067,31992.37030360329,12224.194020959045,301.0,115.66671440078368,8.0
7068,19945.29054312618,3089.525427146353,28.0,108.7491953738612,8.0
7069,54013.717132946455,924.8969923673083,86.0,129.94109424252989,8.0
7070,32506.209943354115,22308.08912351925,183.0,107.30317745237821,8.0
7071,47871.24682012636,1179.9807771398791,160.0,130.98726925628708,8.0
7072,13728.480965661996,8263.621475888804,25.0,100.80187585789925,8.0
7073,18624.270180381933,3797.411428959024,30.0,108.79963837946303,8.0
7074,63161.43813011659,61235.682413712115,-105.0,114.96113588195001,8.0
7075,36064.16206346234,15087.039247726452,321.0,126.486647266072,8.0
7076,43110.804332365464,8223.989853079225,216.0,124.8233680725169,8.0
7077,53703.28720531536,739.3580754299551,18.0,122.9894228107347,8.0
7078,44176.25825416303,738.4339236368128,116.0,129.57728366548906,8.0
7079,26645.00591360917,1990.2471159264685,233.0,131.6262551187609,8.0
7080,42559.708202777096,4039.8704323239817,26.0,120.67782028370225,8.0
7081,43226.898619993364,11534.363687316409,96.0,116.87722729997118,8.0
7082,39033.71820405245,17748.86650230974,84.0,110.96474659857509,8.0
7083,46403.70716923304,3470.2461761820805,250.0,138.58218160849012,8.0
7084,49814.6082669467,6641.24216752943,77.0,116.62871315615011,8.0
7085,50951.642891694304,4719.982217063538,179.0,138.70030194550446,8.0
7086,48223.795745360054,37266.684424624764,67.0,115.67527164824202,8.0
7087,30459.034465064455,12341.466444802709,100.0,120.35900877264844,8.0
7088,41168.10912171465,924.951929354594,2.0,114.42744383281513,8.0
7089,69682.44478525112,5899.30630855155,112.0,124.80997306063452,8.0
7090,54268.88520917813,41473.16655037034,87.0,120.01362938886967,8.0
7091,29823.799552024397,21565.35139961402,153.0,107.03580814011244,8.0
7092,51210.00448428486,3144.7868830747793,62.0,115.13345161988173,8.0
7093,32301.418660774536,1849.7330919131277,38.0,114.89679345573973,8.0
7094,24208.92925273506,9966.294333970432,137.0,105.76119858624418,8.0
7095,35524.16439781993,17820.01490541611,291.0,108.0796771796317,8.0
7096,41521.137149361595,8259.63340768915,122.0,113.19572216568099,8.0
7097,49686.77695613905,41233.79970599442,371.0,130.38923500909536,8.0
7098,22352.76072089531,1991.6974591486703,63.0,108.86142717980023,8.0
7099,36103.90918203284,924.8796735002219,53.0,136.9228282392333,8.0
7100,29492.915356976187,7178.795233776305,154.0,119.9023473886367,8.0
7101,25011.12067253322,1182.7033901700752,11.0,110.48625781032273,8.0
7102,52407.524685366356,10347.194465289755,289.0,129.10406365753965,8.0
7103,39754.31140784904,8248.607874546502,240.0,126.66886714480299,8.0
7104,9706.82398803874,1181.7987577285637,58.0,109.11991826338847,8.0
7105,50340.21587289078,924.8093462698315,55.0,134.67027601259684,8.0
7106,54318.226101570464,1179.5011409617919,25.0,134.60016176779467,8.0
7107,47000.090622582095,1989.478507216263,142.0,132.07512505152488,8.0
7108,58018.07032759157,51358.29951704186,80.0,116.30323259686884,8.0
7109,66034.9978421169,5234.914788516273,165.0,125.67405768745881,8.0
7110,51006.33542547505,39447.633012338134,120.0,115.89339816221543,8.0
7111,42075.35586467846,15920.83543197784,53.0,112.06024881409907,8.0
7112,11316.673791157453,1990.7376638464161,49.0,100.41568172659373,8.0
7113,46132.64543648896,1184.262669540371,43.0,121.2552339793948,8.0
7114,17302.66142169017,15568.097590246094,71.0,114.10508907424378,8.0
7115,48353.51534313582,11507.37835075479,197.0,124.20351558438126,8.0
7116,33970.79982585522,2870.5829211407076,91.0,120.0388290051227,8.0
7117,56986.00245207954,732.2164193528422,49.0,125.77249431916778,8.0
7118,35607.51247488457,9341.910312676142,32.0,110.47819541481933,8.0
7119,37733.47079982005,925.0051091263791,18.0,114.2534117586211,8.0
7120,33985.556282798905,737.9672975157283,116.0,136.49255905248987,8.0
7121,30370.640069729,10674.12577956736,73.0,110.49870073384447,8.0
7122,47444.39172711442,924.8956735219978,11.0,129.62196594618445,8.0
7123,55770.2269752591,1184.9580090233599,39.0,132.4826048607972,8.0
7124,35313.16779257184,14556.335504441488,476.0,129.11150228358093,8.0
7125,32565.75061957384,8260.260513627725,300.0,120.00401684079185,8.0
7126,27045.911947322238,20387.84032566831,57.0,110.40784707996453,8.0
7127,44474.826998388395,15197.884231277745,224.0,114.27343566067174,8.0
7128,48094.61970617573,36070.68426894811,131.0,112.58498935897751,8.0
7129,27080.98112600554,6688.6997460106795,256.0,114.42150459515963,8.0
7130,56028.428967417094,1989.7939376468698,143.0,128.87843290667348,8.0
7131,63135.20497361969,56473.90201751822,80.0,116.91941215682938,8.0
7132,44951.1712479639,1179.5826362127232,161.0,139.256298846867,8.0
7133,58064.03511168669,925.0517080393846,52.0,124.48485608846484,8.0
7134,61357.79060822909,4314.154069545055,240.0,132.55223752721903,8.0
7135,41465.483228679375,25026.80983487344,73.0,114.22886574241798,8.0
7136,43673.33117427453,1742.7100698563584,139.0,125.12202626412223,8.0
7137,61331.66855021306,4736.724051338771,127.0,122.4775533054651,8.0
7138,37078.47520965799,16552.831293388976,52.0,117.04875466823182,8.0
7139,45770.78525387314,2886.3949616541645,153.0,126.88188300870142,8.0
7140,37627.46402923571,3083.69492674528,60.0,115.55358410401574,8.0
7141,20401.88075080693,15792.732065630547,-111.0,106.19979853552616,8.0
7142,40988.183527769936,29431.230299156512,-36.0,113.24319509378694,8.0
7143,21272.99157390235,4624.4506285681655,10.0,107.07520407627005,8.0
7144,40935.63432379852,924.8201187602057,62.0,122.95518702294001,8.0
7145,42106.493034307976,5772.951345064839,180.0,129.23173342465788,8.0
7146,42886.53537990558,9621.956274252014,139.0,123.51450786228754,8.0
7147,41577.65956410803,3541.865160882113,193.0,128.57437348604284,8.0
7148,7871.247963650339,737.0126700950294,38.0,105.93816382226734,8.0
7149,45517.750017593695,2877.1088078820226,51.0,121.3116815705527,8.0
7150,41293.434068757255,736.3387612248566,53.0,122.0619545463426,8.0
7151,35734.021313256,14350.52835461208,216.0,124.17598326343455,8.0
7152,21315.289937655725,16718.156479154906,32.0,102.64525490182113,8.0
7153,37219.07058064298,12935.162716880952,176.0,113.52760345055111,8.0
7154,17225.688625501312,15250.571541799749,47.0,104.87560762690545,8.0
7155,20251.922040894377,736.7146866112016,6.0,112.1473354531556,8.0
7156,60683.07148177665,19235.04917896348,61.0,118.81208072675403,8.0
7157,46243.18248489472,3138.814470657543,6.0,116.98062791404782,8.0
7158,29440.959538541592,735.6939409571156,21.0,118.66401334524531,8.0
7159,35605.111252879076,4784.918262060294,45.0,119.13840419731966,8.0
7160,22616.388724945733,1740.8879418708743,25.0,112.9965709447081,8.0
7161,43508.13480020708,1471.4029827647112,122.0,126.65171817457917,8.0
7162,56629.5437940078,6290.248015671562,83.0,123.28009606727117,8.0
7163,54694.057369977476,4624.307570749502,52.0,117.56301764793614,8.0
7164,44492.91282748428,1849.7716685097869,40.0,115.30058757661378,8.0
7165,51599.2884281008,9434.386361482932,55.0,117.96578501229946,8.0
7166,52476.590539046105,5901.211109795688,40.0,122.63072652413992,8.0
7167,67609.58711844112,1185.3370740852176,37.0,121.65372867117955,8.0
7168,21594.31893793658,14026.208607353881,195.0,106.23625615174224,8.0
7169,30682.75028779208,1180.3249838275924,59.0,112.59169890728155,8.0
7170,54887.95196714312,3137.71884016434,-4.0,116.30358919283898,8.0
7171,8753.595509445031,735.7956458578299,20.0,103.515630708568,8.0
7172,36670.803103253806,23664.56484471619,99.0,116.19439794478218,8.0
7173,37877.10837604013,22792.294320249424,14.0,114.82719347461138,8.0
7174,54793.57263380568,5899.937273483875,318.0,120.75186708148534,8.0
7175,50792.16814605979,2360.72888625213,11.0,123.5260062061412,8.0
7176,52963.854356269636,3979.067499424616,178.0,135.554356467837,8.0
7177,36678.02088677787,19771.07998366097,38.0,113.56512624396889,8.0
7178,31662.34027507089,12113.933001180461,315.0,106.03919690392176,8.0
7179,46420.73784964627,1992.2192452671661,40.0,120.69787021408155,8.0
7180,12575.713746868692,924.8444639228439,161.0,121.00499049945095,8.0
7181,42871.68467932784,11815.917755702825,-15.0,118.0664171509802,8.0
7182,38139.938454939744,15811.903395080519,105.0,119.46574370648548,8.0
7183,12166.09236206631,1737.1707754088864,302.0,131.22871734610138,8.0
7184,37992.33375462445,4114.736158492843,140.0,123.79423997547227,8.0
7185,42974.57909697286,8766.211419024574,200.0,129.45659178129569,8.0
7186,40512.73031961213,28909.30898310052,39.0,114.39579122027847,8.0
7187,42147.15963305154,22502.54336970502,134.0,123.35062697427912,8.0
7188,19479.26591483887,1849.8223147617116,142.0,107.83143821544058,8.0
7189,27786.74310500274,924.9050279016897,202.0,122.86826715656767,8.0
7190,65750.1088010125,1988.9250812642113,284.0,136.37563360657956,8.0
7191,30531.68375183665,924.9178882586278,70.0,121.31945542443842,8.0
7192,26023.454505036018,13014.293967835189,248.0,125.1080342686318,8.0
7193,43648.81025293449,29550.360752481956,163.0,118.29588257333111,8.0
7194,49625.60154163413,1989.5360179380248,303.0,134.29024807186372,8.0
7195,21542.980207126846,6694.705078167542,20.0,109.47044660928636,8.0
7196,54573.706155416454,1849.6491717571876,20.0,115.05654422136485,8.0
7197,39165.229705937585,9007.430839860443,76.0,117.26539911539399,8.0
7198,37779.143849171705,6521.602598049306,111.0,120.66597568090728,8.0
7199,47264.658037594134,6516.235660728896,102.0,126.56283001608956,8.0
7200,51507.61883050873,4856.290441371119,48.0,124.67092414499788,8.0
7201,45013.08068510986,2401.800677137844,338.0,134.29891905953076,8.0
7202,50053.42503212136,733.8294211227877,172.0,134.78966731000654,8.0
7203,29324.015320663148,5224.070047924275,206.0,113.85014576624,8.0
7204,34692.90042331941,2211.3893369944417,57.0,114.47715730682144,8.0
7205,63534.175240576056,4739.729581901421,141.0,132.82871386672042,8.0
7206,39291.56953943516,24545.046437478864,183.0,110.40517454378814,8.0
7207,24228.131363974302,5598.351591794771,151.0,108.24032573042786,8.0
7208,8908.65552052356,736.653626338878,61.0,110.75013222362944,8.0
7209,17241.9543296003,3142.5245080841164,49.0,109.39317700413578,8.0
7210,34114.70097517418,1180.7488022360521,80.0,138.72950513690165,8.0
7211,37815.706969230916,27379.759874025094,-257.0,111.6161908275132,8.0
7212,21888.312744032766,3083.2796434186725,121.0,120.63925014026466,8.0
7213,41648.83475002518,924.939971244905,74.0,124.10772126075277,8.0
7214,53893.258049043856,924.9671096530209,55.0,122.73428089084611,8.0
7215,39592.70292562737,924.7680163750239,26.0,121.23867540184597,8.0
7216,52650.65380840644,11955.549122036127,95.0,116.901517306995,8.0
7217,52769.1853271743,16666.010205002756,351.0,128.8162251439303,8.0
7218,17154.91541547813,2397.569244387174,99.0,116.02529637099074,8.0
7219,23728.341415248557,3681.5966363654316,136.0,119.19732999031815,8.0
7220,43306.91353127051,2869.8069474011936,373.0,133.66894130692953,8.0
7221,13761.658946435553,2394.5999526743703,46.0,103.03099716598707,8.0
7222,12093.595739425711,7485.209559661018,57.0,98.55487662806655,8.0
7223,31584.635804719597,1180.3415855806725,16.0,114.74520693663284,8.0
7224,42369.942716030055,16881.264458766025,172.0,115.59598711380248,8.0
7225,36071.300629450685,924.956036953295,17.0,113.33884901678914,8.0
7226,54912.06977190868,43822.20231756774,146.0,125.89097432982923,8.0
7227,55672.310874002025,3540.625018743573,56.0,119.27151428541013,8.0
7228,20872.51787256104,736.3653818366527,5.0,110.5335350339915,8.0
7229,47537.885107951566,2774.530827748042,53.0,115.79405816802188,8.0
7230,51401.19216415403,925.1715871184638,49.0,130.1214402319627,8.0
7231,30808.607727881208,13432.163246117761,93.0,117.83863120229313,8.0
7232,17297.117807448943,5767.13649667229,91.0,105.92891525062763,8.0
7233,51612.81688670692,38826.355399092434,87.0,119.31743665138737,8.0
7234,34997.000250808014,7087.690988671248,30.0,111.44316435653215,8.0
7235,11093.6807572592,5974.095626808627,-12.0,103.42972339234682,8.0
7236,44235.94726413715,2210.0707812632304,371.0,134.696615407615,8.0
7237,52782.96858165091,30772.288974637664,376.0,114.33591743744537,8.0
7238,48407.78507534064,1742.0624911741904,111.0,126.58388893102466,8.0
7239,41647.758512910485,924.8964584470771,27.0,128.82516687194706,8.0
7240,57810.00237626566,1184.127547473889,138.0,131.15540765969823,8.0
7241,31280.743848730068,1181.3454343649657,13.0,118.73561430739821,8.0
7242,8900.914330365202,7180.813835627751,7.0,99.16256395418431,8.0
7243,37497.74660381015,1735.2253985117331,45.0,115.40266233103154,8.0
7244,33045.729076367876,6640.667555682352,90.0,123.94430943602157,8.0
7245,38456.590881833006,25011.271261219517,78.0,117.86992379969439,8.0
7246,23603.64871979283,5474.069836347266,209.0,121.57662625685106,8.0
7247,18513.00710413719,17588.88769858397,-5.0,106.03738646220772,8.0
7248,43787.93775624194,3471.9183016689153,228.0,128.46142384895157,8.0
7249,42694.630544450214,22195.283270636075,365.0,118.20907713872916,8.0
7250,33195.29503657237,3473.5302885645306,24.0,114.44585559274695,8.0
7251,44994.527995260454,1180.618567624101,155.0,130.59290182232888,8.0
7252,25135.311761480556,8621.785253630911,136.0,120.30664887314451,8.0
7253,18524.85787268242,5216.779056127323,302.0,103.9735233563278,8.0
7254,35213.99995057668,22521.119047581702,32.0,119.61267966888896,8.0
7255,33814.88686888128,17819.10515286313,211.0,110.69701348578306,8.0
7256,28212.879477827522,1738.0202376064397,10.0,113.39224904617107,8.0
7257,32627.92722429208,4723.3744387287215,74.0,115.59551837151261,8.0
7258,51508.35149907272,2869.7444726793237,154.0,119.54489720612378,8.0
7259,39728.110600891756,8256.050809848726,38.0,118.01938099725768,8.0
7260,39800.161620364255,1849.9848206613433,70.0,116.97634383532514,8.0
7261,29448.04615790961,8553.146028403384,2.0,117.13960013705868,8.0
7262,27651.90455665493,11208.464107638347,72.0,115.66862472170875,8.0
7263,33859.301720159754,21565.166619206786,223.0,125.26809559536198,8.0
7264,52296.851539559524,1745.4013766876965,142.0,129.24531523417488,8.0
7265,38588.236624340534,1992.0589172325965,38.0,113.97080658096357,8.0
7266,39752.097247845646,6625.924466713042,26.0,116.20455986473988,8.0
7267,36998.247953870996,1849.9921638182302,59.0,125.34828973691381,8.0
7268,58791.6889922311,41167.329436666994,64.0,117.27396892128176,8.0
7269,24760.616889052162,924.8873518094916,42.0,115.7378509395186,8.0
7270,25840.498797601584,7723.97649554668,104.0,108.50447897637213,8.0
7271,43338.48644162014,12647.622652022059,148.0,107.00033524157513,8.0
7272,35832.669292444836,736.7309782175747,49.0,128.64669147629363,8.0
7273,38193.03292569153,17667.61419235341,35.0,116.05691237413477,8.0
7274,13309.345655117868,735.5007651911168,19.0,107.29883132183063,8.0
7275,54231.0411015169,6358.622868396441,431.0,114.96940468689297,8.0
7276,43523.44287223045,7959.372739189665,262.0,135.27310199554447,8.0
7277,41386.29750600855,2212.588361381734,27.0,111.23213783436788,8.0
7278,56440.23594872142,38818.56240271496,64.0,116.94240736225552,8.0
7279,13450.88083758081,5220.723339612978,-30.0,102.49804160160252,8.0
7280,39728.83423595719,22577.78540812603,176.0,110.88747159955055,8.0
7281,55305.90581929219,924.7219343728686,110.0,130.29279115391085,8.0
7282,40320.87179156173,2871.651611714263,49.0,128.7944822062344,8.0
7283,26734.385817166487,2871.23328853311,109.0,116.6492922012436,8.0
7284,41281.74461691667,6626.664719802265,343.0,109.8444189576547,8.0
7285,56565.9745028961,44968.777254380395,24.0,130.60092213693957,8.0
7286,46248.00561812575,4624.971267892666,337.0,131.3908921239128,8.0
7287,44111.87173701939,3084.0828501270435,267.0,122.27130444029959,8.0
7288,51293.43344697267,8605.553222348935,527.0,131.27937172974413,8.0
7289,54932.72528686072,47389.863527033645,153.0,111.59690144405693,8.0
7290,48079.33285079224,924.7429989951553,27.0,131.340737714123,8.0
7291,36073.15361780558,4624.79304481543,80.0,118.72048972451667,8.0
7292,41943.334963093854,924.7429861560835,122.0,129.03829286293566,8.0
7293,43185.143680385285,1184.0408592855047,156.0,129.64246329893646,8.0
7294,45202.33709975362,3979.57453772479,184.0,130.9009663439982,8.0
7295,48859.54895351631,34101.271380530496,183.0,110.06322780054703,8.0
7296,37548.56194639568,6877.128009264622,387.0,110.28675777938963,8.0
7297,31720.728365828636,2208.9497046691376,21.0,119.38369080542422,8.0
7298,11557.273975321767,10954.611609635202,-78.0,96.24302844760182,8.0
7299,26064.68963759169,5597.989917322516,113.0,119.28700773728129,8.0
7300,29633.709866331254,7435.904888390906,91.0,110.67535069238876,8.0
7301,58840.387677870254,5899.976339542784,80.0,123.44822954179936,8.0
7302,42665.74982152618,1989.9445665135456,12.0,133.3458002583602,8.0
7303,16453.81678299869,3142.6122215687806,345.0,112.11542451206535,8.0
7304,44136.33698120303,4053.3876096065974,147.0,124.69467389714143,8.0
7305,56315.345477986346,2873.165891285925,88.0,123.614575427858,8.0
7306,38031.5270663663,1989.8927859056555,70.0,127.6900028116965,8.0
7307,40082.79532693132,10242.036678254157,193.0,137.59981631048532,8.0
7308,62357.75593159909,13503.218049184692,318.0,132.651466589991,8.0
7309,54257.20832711605,35525.98713394677,179.0,118.32168330229062,8.0
7310,54747.89022027673,36191.01727639745,333.0,113.90820060842061,8.0
7311,39575.14751662804,738.23658001129,18.0,116.88025299898455,8.0
7312,38786.22082513432,1183.316134572449,42.0,121.20750499245861,8.0
7313,24061.053384567273,1738.2578382141626,152.0,122.84444564647983,8.0
7314,49929.12297033779,32901.60824157023,126.0,113.4028310102142,8.0
7315,57190.66014495644,4850.882057566448,220.0,129.3352872017464,8.0
7316,52964.43563435376,50975.024838923135,-86.0,113.29795368188509,8.0
7317,33571.04707106408,738.2496408086515,28.0,128.3216513336045,8.0
7318,39378.77007985197,1734.7525566952877,128.0,125.65311197030937,8.0
7319,45703.47450094458,27991.914428717933,278.0,110.22387740994878,8.0
7320,34906.8047369689,736.9862834084274,138.0,128.73909337970477,8.0
7321,23291.90689217085,6690.177862514486,136.0,117.38963178535771,8.0
7322,15555.783408312021,10947.043479454991,57.0,101.32007712977871,8.0
7323,26287.16078478341,5479.172660009776,207.0,123.3003222349486,8.0
7324,24592.881448362892,5740.866145735352,92.0,119.82586655542764,8.0
7325,37478.99738922344,2361.6172620052644,65.0,119.45820104450252,8.0
7326,43920.701034093625,9750.63938967825,211.0,125.3743064409643,8.0
7327,54617.1205537431,21287.19894774404,277.0,127.36315204335104,8.0
7328,37845.41285871494,11084.99935614025,190.0,124.53266529314996,8.0
7329,36969.23800627983,4052.24516019031,197.0,122.25713117225874,8.0
7330,47201.73245921343,10353.37603765089,213.0,120.78778720673748,8.0
7331,40446.528866179244,733.707797726778,211.0,134.68407868124916,8.0
7332,44139.37624227437,9703.264573726135,215.0,132.09239209022618,8.0
7333,36078.268726030234,924.8312247573087,35.0,120.33051626494127,8.0
7334,25945.43952942549,7110.219810578559,80.0,107.59493504431117,8.0
7335,55731.75053660309,22752.760687921713,68.0,116.23027299737166,8.0
7336,42135.40533685862,4795.504262854546,42.0,121.67555600377958,8.0
7337,40937.05599767459,738.3997001237741,138.0,131.89868247012018,8.0
7338,34702.89910189712,3139.434185378173,153.0,113.7895440960529,8.0
7339,53770.438228977124,35215.11005226392,317.0,115.16380966903775,8.0
7340,35431.964878015504,29566.666742898506,-170.0,108.19696702374632,8.0
7341,55014.8526795252,8739.493634071223,65.0,122.89295847268751,8.0
7342,63516.3129137717,5920.82982385865,276.0,118.61395863039547,8.0
7343,34342.29364090333,4517.262635158581,72.0,119.46129651989581,8.0
7344,39107.07862081656,12377.063718893207,315.0,127.04385821410324,8.0
7345,51999.501337864225,3540.045472805433,165.0,141.20220326152113,8.0
7346,44993.23464657547,2871.690303365433,51.0,119.65928987476826,8.0
7347,61520.861691520106,2367.9166803992102,55.0,129.8812998002843,8.0
7348,22500.64678489109,4682.636108739119,82.0,117.3806978962503,8.0
7349,64316.12879845176,1185.2836076574456,27.0,123.89177444609454,8.0
7350,44680.34120906347,25897.659392540012,183.0,116.89163651219435,8.0
7351,53688.87847293131,35176.12462898058,290.0,119.99136001870846,8.0
7352,46887.1482137572,3800.959034668801,63.0,124.98623969088979,8.0
7353,45418.483278065716,2774.9982567803454,64.0,132.28538088985715,8.0
7354,14424.071195991659,10432.007406638033,-94.0,100.5748095841,8.0
7355,27098.86988591154,12704.460987191062,26.0,116.33484388220347,8.0
7356,47995.34327052849,23544.444750336253,187.0,116.19810953861776,8.0
7357,31759.159907759495,1182.8735714836569,44.0,120.2512794606926,8.0
7358,21127.020936888173,2394.9210241469036,40.0,113.70958981679735,8.0
7359,46412.12398106016,11535.519940436943,177.0,114.81650280977756,8.0
7360,46863.31817525623,2389.9515780507795,190.0,124.82489136893358,8.0
7361,30135.699737130755,924.8809157986447,17.0,122.20808492804531,8.0
7362,7872.088840084095,3088.6828867117338,10.0,101.97350272875698,8.0
7363,39021.155533733785,924.927064857055,41.0,119.81149942795182,8.0
7364,41356.51684858415,33080.416527194546,-12.0,114.22629940981874,8.0
7365,31008.48845601547,15079.797141087553,108.0,117.25691850983203,8.0
7366,5893.540747165539,5156.304409414941,-21.0,91.23952543131021,8.0
7367,14919.955525869618,12557.251145621269,17.0,107.30085766957754,8.0
7368,35883.65669496667,735.3327304208088,84.0,125.56416296179415,8.0
7369,54446.98767439981,15398.750768291666,31.0,117.97330276676672,8.0
7370,54749.31838205738,924.872883670123,6.0,116.04508728226334,8.0
7371,46298.22922029762,1181.6236442794689,21.0,120.64313156712723,8.0
7372,22450.204384780827,1181.597073380314,291.0,139.57798133997417,8.0
7373,47676.009384251236,1180.82852714522,66.0,130.53535607850478,8.0
7374,46998.37211879126,5207.913507815572,13.0,117.53869913079293,8.0
7375,52964.10467128998,7958.069162537477,126.0,129.48251033196547,8.0
7376,36380.71615126172,734.6222075258056,25.0,129.2217450047319,8.0
7377,29566.50990693785,22153.022421062364,197.0,113.85741465467092,8.0
7378,36245.73158394914,2871.530245538455,46.0,117.99071696604861,8.0
7379,42589.943326912064,29583.713356766606,99.0,117.1292293712042,8.0
7380,34727.062610734894,10280.83321794965,187.0,119.05333135390904,8.0
7381,18415.517353487,4311.495456457872,36.0,109.94006909061959,8.0
7382,41021.61547892683,4682.924965467587,77.0,122.55282815833831,8.0
7383,33320.992522852655,12573.63255843902,111.0,108.06708342253677,8.0
7384,11123.556958626135,4624.618046908371,21.0,109.08881309230149,8.0
7385,47800.84481338923,36713.583530799035,189.0,125.10164717329522,8.0
7386,20761.99317397591,16175.166545123979,45.0,104.1946392869772,8.0
7387,38389.45456777027,5122.264957194777,80.0,118.64940370865358,8.0
7388,52892.8789305476,925.1786164469162,58.0,124.93776675023558,8.0
7389,28677.881677088244,7844.462465601056,154.0,121.75257180579655,8.0
7390,33475.666417409426,10380.846579882575,-67.0,110.13340255999313,8.0
7391,51015.369344726336,6335.297882041044,111.0,128.65594396482533,8.0
7392,28631.388229164004,2366.8340493240644,131.0,119.20646471258101,8.0
7393,52301.76649276816,924.9852682862821,152.0,132.47753739599653,8.0
7394,13321.32958445711,3142.1408788512836,89.0,101.10288662908015,8.0
7395,26458.54254271142,5213.449421829093,31.0,116.79945982888158,8.0
7396,20495.667212804812,7110.514286471665,73.0,105.82840167910102,8.0
7397,56356.57397974006,54405.71418997998,-180.0,110.73581198163242,8.0
7398,8265.732271979683,3982.3429520198624,-80.0,97.71086588174596,8.0
7399,13317.830546981164,924.8750896071442,61.0,116.0459435008377,8.0
7400,51880.75840892056,18321.554499473394,81.0,119.97472390361803,8.0
7401,47556.70080155562,34769.382492948855,87.0,118.48515773667884,8.0
7402,22726.632531907006,2366.562136429436,75.0,107.83481748424293,8.0
7403,49184.58908377445,12376.977045899077,15.0,118.53683924557487,8.0
7404,18423.129081811512,12546.404294048745,202.0,119.94972107836813,8.0
7405,32950.12912666471,11766.464713015057,75.0,114.79758732708635,8.0
7406,59411.881031400524,925.0692887193455,87.0,128.9173778611856,8.0
7407,6640.086628805127,5741.967817760679,-22.0,93.61129376359021,8.0
7408,51199.55470745806,10596.724103558847,31.0,123.07142700916879,8.0
7409,51520.59889788967,32736.308389820013,187.0,115.22534484218161,8.0
7410,19229.615377199807,13761.147990810501,29.0,101.1426279388168,8.0
7411,36071.94757104512,737.822124851331,84.0,125.39417164454008,8.0
7412,42952.746961582125,925.0837504672372,13.0,114.55633654526689,8.0
7413,36996.18455237815,12948.492856795894,338.0,111.3178659636485,8.0
7414,52480.991420180195,33470.69282346102,84.0,123.54084179382262,8.0
7415,35864.588590781175,3980.178699099741,128.0,122.20943202573804,8.0
7416,26186.537893666988,10473.502563674663,176.0,106.85135042944509,8.0
7417,46681.181965070704,21191.99305413637,64.0,117.28738057218656,8.0
7418,18197.813481823618,16547.881435421692,66.0,113.59535763698287,8.0
7419,37031.50422141524,735.1889502475307,140.0,129.71122819511783,8.0
7420,44780.75603551234,1989.8986237035663,43.0,124.33989753619025,8.0
7421,14026.424166380526,9620.71223317858,-4.0,110.79576705773965,8.0
7422,30000.637534977614,21181.502611621352,18.0,105.39746563722589,8.0
7423,28507.3195625235,27803.601311626484,-507.0,102.51668280920909,8.0
7424,39834.350545341105,3700.031457808232,297.0,129.80578424259866,8.0
7425,15024.826929353623,1182.7601858415874,36.0,117.62295398323883,8.0
7426,58402.39429806833,19370.242264155957,43.0,121.2128864864501,8.0
7427,40468.18324711957,734.2783674396566,132.0,126.23868288800648,8.0
7428,42367.25936753284,9097.577158737184,121.0,112.47421918494202,8.0
7429,61249.72642739917,924.6742024105974,64.0,141.62339120822162,8.0
7430,47426.3921510469,924.7365249676234,101.0,128.52329280613822,8.0
7431,36184.20129876235,18501.83606500667,45.0,117.27142512020882,8.0
7432,41580.82907915928,734.1911139667208,25.0,117.53469959508544,8.0
7433,22627.127315134712,7599.830076670047,77.0,110.4658040847449,8.0
7434,15089.670700727242,7544.919182436739,92.0,113.24653290051663,8.0
7435,55429.43103846684,1989.2067370252787,82.0,130.7620626641763,8.0
7436,58573.56177869898,51921.69400807348,80.0,117.06645083416332,8.0
7437,35585.156861582276,1181.3618462347094,29.0,114.9370395450841,8.0
7438,49017.60454484482,1743.968140253822,44.0,121.00610741563446,8.0
7439,43651.65525842945,38185.75176138493,21.0,111.17242482217162,8.0
7440,37111.49185306374,22265.113669635186,198.0,109.31729732868556,8.0
7441,20641.775470919198,1472.6892729625438,184.0,123.89116277216611,8.0
7442,36259.57866195445,1849.8455511180118,29.0,126.26090968418819,8.0
7443,61967.41298551291,59989.28193212769,-550.0,123.66481965044554,8.0
7444,31176.224801823828,735.5226464298842,57.0,122.77405935861782,8.0
7445,50639.58306374949,1180.276950002771,32.0,119.11243223169573,8.0
7446,39044.4074232176,38380.348185312476,-674.0,107.8966176338653,8.0
7447,27692.00532339949,1180.9231785558823,143.0,136.29240769355104,8.0
7448,17920.89897765375,1182.8633981968385,54.0,113.62524851523854,8.0
7449,46538.3158617945,924.8773293283363,112.0,137.01274918633436,8.0
7450,55956.307602923654,7505.24038932046,348.0,131.5884302629858,8.0
7451,9265.004730413948,5218.738868572695,28.0,98.99752212381983,8.0
7452,31428.223759103887,10256.60713323598,43.0,109.57651376959556,8.0
7453,39354.822005299124,13397.894633440354,88.0,109.7278055893409,8.0
7454,57340.92866530841,9701.319859628145,248.0,128.4398344837859,8.0
7455,29586.3050567223,4417.464500906173,32.0,117.99344559046544,8.0
7456,50755.743103973546,733.1244228324197,88.0,131.98578442462355,8.0
7457,30183.196007663304,924.9026655962258,45.0,116.15555602385268,8.0
7458,49892.19687744987,33793.54387151695,406.0,131.87404807672428,8.0
7459,35746.2281249609,13464.5471256822,165.0,113.82702611219257,8.0
7460,37754.89805742771,20372.513844135803,111.0,119.68883426230578,8.0
7461,37561.706846003275,734.6093120678909,238.0,136.0380854821196,8.0
7462,54193.32220146281,36073.788328481656,155.0,112.25558655984642,8.0
7463,34607.46242720649,8452.855645950396,18.0,112.30240024292732,8.0
7464,55165.23459614967,1184.3288677209587,214.0,112.3820881909918,8.0
7465,32780.48658072373,24328.536986497944,355.0,127.16114948318352,8.0
7466,50772.51315509333,1184.4804869708014,45.0,129.80843243853022,8.0
7467,54742.789722333764,12579.391565506352,55.0,115.46143248486118,8.0
7468,42760.901518673665,27268.124941770046,181.0,111.55358100868528,8.0
7469,9278.706663973653,925.0186352981078,10.0,102.50189792647319,8.0
7470,37996.68710911341,3542.6932625072277,74.0,116.64813000815244,8.0
7471,48372.132291105554,2361.314625128513,336.0,132.70449326434166,8.0
7472,39300.14206339422,736.3387612248566,53.0,121.65889303254096,8.0
7473,14737.846547209057,9262.135177578331,64.0,99.86660830735734,8.0
7474,44316.292689326445,2888.739823209398,29.0,118.3664370180005,8.0
7475,33694.97799861504,16074.863302109068,64.0,116.24883566588824,8.0
7476,6342.909937315959,1738.4434016100386,54.0,103.9302746542522,8.0
7477,49762.22474991706,19044.044078558847,113.0,120.90720991784326,8.0
7478,57535.06214432624,6648.4322486392575,150.0,131.8415435555949,8.0
7479,54750.295494440936,13404.315365560227,95.0,125.13797519664945,8.0
7480,50038.14118677762,1179.908220506499,38.0,120.94226159249735,8.0
7481,56501.146437571086,13710.567473708898,317.0,134.5660074285783,8.0
7482,20468.036293988604,13032.489842093652,28.0,109.99987126084662,8.0
7483,61945.03784387215,3144.876094170514,153.0,131.03570876381676,8.0
7484,52295.25776913381,39297.03872649846,149.0,130.2467336660878,8.0
7485,23588.944423081473,12555.937962790282,27.0,106.50829665816347,8.0
7486,19913.441734311888,9957.556577046684,342.0,124.63214198694105,8.0
7487,55029.822865691945,7557.914098715361,75.0,129.80872628601583,8.0
7488,57387.576848499,733.2504117964081,62.0,128.3134409012242,8.0
7489,40453.518071337494,4602.828499307715,53.0,113.30376128249736,8.0
7490,34159.71178640759,2393.422983677751,255.0,119.33442605920627,8.0
7491,46989.37044495771,3471.051907346353,480.0,135.7517145831607,8.0
7492,24123.41781930309,737.8686976261886,70.0,126.12629540380028,8.0
7493,54093.93258716728,5749.6133367722305,421.0,134.24458062451112,8.0
7494,21336.365669650153,13749.723106054902,185.0,103.74941352055369,8.0
7495,47241.00837088986,5205.706269385035,107.0,127.00916403079367,8.0
7496,51192.98697237345,1184.4138507477949,33.0,120.99601818846376,8.0
7497,41629.48383255105,7399.741561634821,212.0,125.1685739794303,8.0
7498,26908.154526307524,6689.431180032789,120.0,112.55296171922099,8.0
7499,33197.10645759014,1990.286258404755,16.0,113.82056994478489,8.0
7500,55969.10146314842,6943.034588224634,73.0,113.11508778120405,8.0
7501,28799.464153456684,735.5226464298842,57.0,128.9354219896442,8.0
7502,40989.23839904714,19659.711326227683,15.0,120.2990361101945,8.0
7503,44693.88213813535,3771.540630195867,144.0,131.49046343650647,8.0
7504,35774.79029283834,924.7680163750239,26.0,118.36469034463323,8.0
7505,11973.099001115654,737.0433144864767,59.0,105.96161846545945,8.0
7506,39698.520940570284,1184.8225584086829,9.0,122.5720066773923,8.0
7507,18861.319305582943,13136.068561544527,-40.0,109.7568991851036,8.0
7508,22145.158875836743,1183.2907139655183,141.0,123.55118013043341,8.0
7509,20520.24886574734,924.9464197161985,50.0,115.11599979975722,8.0
7510,55773.02816218883,12581.447371504788,65.0,125.28048486208421,8.0
7511,38411.757805987014,14357.298887419041,56.0,117.84157724134775,8.0
7512,36640.75409166024,6500.879094552208,54.0,115.29970595173388,8.0
7513,29379.51290138485,1737.0003305826892,85.0,124.75577273757806,8.0
7514,24059.00802919584,12046.370366899577,147.0,106.56483299499877,8.0
7515,40510.4660490203,29536.15895702402,30.0,113.54765106768942,8.0
7516,46223.74490415765,1181.4228538634632,51.0,121.52293545300196,8.0
7517,48753.88589940978,39925.68950454923,-14.0,110.63021004806794,8.0
7518,30515.49221890354,1742.9108226812755,144.0,127.91809812806403,8.0
7519,47599.490102932155,1180.6208141999618,56.0,124.54150382710401,8.0
7520,18059.333699621908,17338.554394102808,-151.0,99.40570116235217,8.0
7521,31576.88018932363,1990.2015991714736,38.0,117.8654441083886,8.0
7522,23170.484267121603,925.04007679108,40.0,116.83770936306422,8.0
7523,63771.01096590993,732.1514597636503,110.0,133.67752903224914,8.0
7524,36139.658184038264,924.9130297237002,97.0,125.29611571575968,8.0
7525,43962.16966098036,1181.1024768466211,25.0,120.22832424899418,8.0
7526,34877.86472349664,924.9996850010319,65.0,122.17176867389767,8.0
7527,3476.6778852237903,2393.7439156951223,91.0,105.49055578694646,8.0
7528,29401.110468695828,1181.6155569319153,59.0,123.23654029759044,8.0
7529,28972.064891723337,13931.796685880538,87.0,113.39191316216358,8.0
7530,43781.802134554586,4855.020938439238,101.0,128.51531357261663,8.0
7531,46618.36848189179,2869.8595676545533,38.0,123.62553199680255,8.0
7532,48174.844923922785,1183.938473954344,195.0,130.7632252899669,8.0
7533,45815.407837635816,1181.1354762489568,181.0,131.0223722259278,8.0
7534,39962.30433579096,20901.13330653055,109.0,121.2272140910201,8.0
7535,30913.221903231246,11776.58971772992,199.0,117.14750610478973,8.0
7536,14182.977048087205,6639.670811950061,106.0,98.66648112045306,8.0
7537,54617.66744571308,18514.454813946617,388.0,119.96466398524076,8.0
7538,46569.40696216491,2875.7345197281334,371.0,139.7672979544688,8.0
7539,37816.21057685913,7959.372739189665,262.0,126.66551567993525,8.0
7540,11531.07582703224,4048.8669774964546,-8.0,104.0870196313027,8.0
7541,38173.0007196672,17921.057518671096,73.0,120.83988604845237,8.0
7542,22210.89421321724,1849.8482530847568,84.0,117.34383781520908,8.0
7543,34980.88475398602,2360.874588318019,125.0,139.74933086791793,8.0
7544,34881.50908752416,2395.7442687762214,305.0,131.10386680843237,8.0
7545,54956.60594184502,43270.05246759764,183.0,112.77099130691008,8.0
7546,38034.9857239873,14351.736899329815,124.0,119.44668374262822,8.0
7547,54782.80817273906,4037.8802365203246,32.0,118.80033459391908,8.0
7548,16062.830582048324,2363.01421101914,310.0,124.75745833642478,8.0
7549,60746.55884213643,1992.0251583044121,70.0,132.54305850027035,8.0
7550,52131.822482868214,3552.642762381013,132.0,127.91876354113373,8.0
7551,28366.85738510185,11317.259102159636,221.0,110.46808924462383,8.0
7552,21048.428338164074,924.816651932368,61.0,124.10880393270668,8.0
7553,54504.904165963206,36850.81745785376,361.0,114.20832557158452,8.0
7554,52652.8386668562,8075.002182408063,8.0,114.76893404086502,8.0
7555,44649.386220904344,16783.66431181801,62.0,115.1951794874453,8.0
7556,55128.765306505884,33382.881866988544,-72.0,116.46068283292647,8.0
7557,44551.893969711375,2869.9678582940955,110.0,125.92873762742254,8.0
7558,37733.653882190236,20702.41395257614,77.0,116.56024417203183,8.0
7559,17224.544765655406,924.9322645770505,11.0,109.95235064335631,8.0
7560,38974.400631865625,27884.316600273007,216.0,123.79823578723928,8.0
7561,55196.813828651495,5119.821140512712,411.0,137.80904301466492,8.0
7562,36634.28974092352,7415.161956395201,51.0,116.90679090565966,8.0
7563,14503.021781811854,5485.25554365239,57.0,104.09119888212219,8.0
7564,20403.762684128258,7842.694195382573,400.0,125.47950369088848,8.0
7565,26575.23150834088,6879.500511497125,69.0,108.51002145833073,8.0
7566,57041.356206151424,13031.38011281423,33.0,126.84602002680549,8.0
7567,12109.43447449319,5966.0574160386805,18.0,113.86320460972568,8.0
7568,42685.72976208131,6355.206957893998,205.0,125.67122099305055,8.0
7569,28706.55200349685,924.9424457776076,46.0,117.33583827028252,8.0
7570,63715.48963381645,2890.6638446150378,98.0,130.11691512964342,8.0
7571,30585.0447961468,4305.033298756481,149.0,123.01619042260332,8.0
7572,50115.29999174047,19156.092561747868,-17.0,113.55884371490917,8.0
7573,46628.60074124751,1179.565105333603,165.0,141.48373053118146,8.0
7574,42875.76943241276,1989.88434927082,73.0,119.3062558842823,8.0
7575,36553.61942782685,31432.240820353098,8.0,107.6199782476581,8.0
7576,48906.212138313436,5203.635458903261,57.0,115.23133241726758,8.0
7577,30955.12377383593,22501.900450033896,362.0,126.79172886406403,8.0
7578,48102.56791972417,1849.8688795985133,121.0,129.7003958877014,8.0
7579,59624.66962652238,4737.542428694999,187.0,120.14424042190306,8.0
7580,27396.791666668825,26664.279414658875,-223.0,104.0253537472332,8.0
7581,46063.10407641833,32615.395751160024,78.0,119.19068410381492,8.0
7582,38270.572116029995,1849.6449038992341,33.0,121.32757388063446,8.0
7583,55067.13970572694,39189.17231359027,175.0,117.18832068550088,8.0
7584,43066.23392814974,27819.457347060852,345.0,114.02672693646942,8.0
7585,49882.42547711814,1181.3719008987396,78.0,125.19697034150252,8.0
7586,53047.47251503302,6515.886876982299,513.0,134.69758783303973,8.0
7587,54344.46618958621,1180.8602598422483,100.0,127.56543503238859,8.0
7588,34397.24507366893,32732.13592376122,18.0,118.6700942773588,8.0
7589,17309.582645102593,5222.569860566996,176.0,113.73171267770512,8.0
7590,53766.74829305717,41076.6944664697,32.0,123.40453026377774,8.0
7591,15574.920451071343,737.2148773546488,-1.0,105.73621507402089,8.0
7592,45805.61980321105,8454.784526870855,67.0,117.67472259662868,8.0
7593,47955.54295165499,1180.0849314486165,56.0,129.1596913638799,8.0
7594,40822.12744491778,30009.93855790037,26.0,105.61618128760787,8.0
7595,22386.471296911852,735.5333195118758,20.0,110.794476280192,8.0
7596,58485.897570677815,31384.126989923687,-88.0,111.24586946984746,8.0
7597,55012.48099413179,3978.6850883408565,131.0,122.69380329214758,8.0
7598,37511.905613346695,1181.5613901576996,160.0,129.30506408872404,8.0
7599,52547.82987873397,7458.185843846599,28.0,128.96598877450933,8.0
7600,34735.34002105739,7967.506999875242,43.0,111.74016141602715,8.0
7601,46676.44896990228,26280.55230301508,54.0,122.47945206740074,8.0
7602,61194.46445888697,1179.7555465723406,41.0,131.56677541451586,8.0
7603,51695.50004490792,11358.535473773718,485.0,132.54179854805838,8.0
7604,34639.79354145782,14555.688481083538,253.0,126.58428675120862,8.0
7605,44540.48895513317,8066.453374279568,129.0,121.17097477874913,8.0
7606,55624.28353347024,4737.8845235093395,246.0,130.08134834383833,8.0
7607,40879.8322218152,3472.677890061908,102.0,121.43523044072438,8.0
7608,17886.145522029496,736.0916935796365,85.0,119.11198999039364,8.0
7609,41023.21436534899,4799.746278887828,275.0,128.68032125338848,8.0
7610,44615.47149727072,26065.0160975671,321.0,126.8670771150289,8.0
7611,60446.54180369772,9439.388574899536,201.0,133.45682838635452,8.0
7612,38766.891188716945,1990.2304813275973,94.0,122.30364385578136,8.0
7613,25112.396136142594,18459.39116041607,55.0,107.11174651230503,8.0
7614,45852.22492020369,1184.7118062219733,49.0,122.98056233430981,8.0
7615,50774.989755141665,925.1072660127725,24.0,118.28819387560893,8.0
7616,53647.16492460288,53156.88748329668,-825.0,111.32474289489733,8.0
7617,43765.812238374514,1736.8567186998926,167.0,128.68641688660117,8.0
7618,5852.031384688685,4118.69718558698,1.0,94.19594774506163,8.0
7619,42150.82525336256,40161.55148289644,-73.0,109.80138611766766,8.0
7620,39583.70929905526,737.6212382649121,54.0,122.855043117651,8.0
7621,24051.916369189,8611.27593535271,203.0,123.12787917462121,8.0
7622,51685.46685460719,14358.956808985566,70.0,121.69220745073106,8.0
7623,63792.80247581172,925.2327572879938,15.0,118.80628582275463,8.0
7624,21926.16953552392,924.8670421963692,62.0,118.26797258319408,8.0
7625,37143.33595514194,22971.089619609742,-5.0,114.68384618185911,8.0
7626,53712.996999674186,29819.83487555913,317.0,129.98149384116317,8.0
7627,19227.857020680996,17557.58458824989,-110.0,113.15193346013537,8.0
7628,14543.238691335735,1181.2220676120228,41.0,109.68023709642986,8.0
7629,53452.20883065472,924.9085088196167,42.0,130.37223459238882,8.0
7630,36918.117855811215,19234.370874088745,45.0,117.49010447565497,8.0
7631,22735.745451081337,738.6612314915393,174.0,128.72619743298833,8.0
7632,53664.339219014786,924.8284039276554,14.0,116.89336701482236,8.0
7633,36550.35554537981,28097.69689776899,347.0,127.92166381936275,8.0
7634,33426.021535799555,22462.11220956737,245.0,120.08282993033455,8.0
7635,62328.54858217098,55694.40175234471,-68.0,115.60638107062178,8.0
7636,36725.89817703271,11097.59414514907,214.0,115.36622778941414,8.0
7637,16545.567790750956,924.9351430080477,11.0,104.98780844387488,8.0
7638,29957.134489252323,4042.213191786436,134.0,119.90486420974437,8.0
7639,14816.963350043632,7399.315197025503,-18.0,101.79587868122944,8.0
7640,18437.81198379059,16705.27253642589,61.0,113.65092657799414,8.0
7641,38604.52029843545,3979.76118103038,30.0,113.52634395686088,8.0
7642,40380.136656847375,9209.14765415436,51.0,120.28330326638778,8.0
7643,9457.829135180169,7092.936196395708,21.0,101.8208707150225,8.0
7644,24809.97351254946,734.7450313517534,38.0,115.60142735542834,8.0
7645,43932.84431362581,4130.826470046903,212.0,126.49701401862582,8.0
7646,43377.02681428709,1736.8567186998926,167.0,128.73610936490468,8.0
7647,39755.39441838836,4052.9872745934003,28.0,112.05237361486438,8.0
7648,27039.763699222913,6287.11811835159,102.0,107.49174496143654,8.0
7649,54972.79580218247,39098.290062930406,167.0,118.49767367658109,8.0
7650,32380.195104809634,924.8540371660742,65.0,120.69786079544787,8.0
7651,25858.332882839542,1739.5516150681954,81.0,118.53556681100184,8.0
7652,39093.157640925034,18502.279586011588,82.0,121.04122310001031,8.0
7653,46532.44401386343,8263.059969451673,183.0,131.63664275788122,8.0
7654,21351.687166901156,4512.598599993006,146.0,105.52712492139183,8.0
7655,15836.58645353125,7571.591625488256,19.0,107.18159540673119,8.0
7656,49472.786315117875,1180.0462066077314,36.0,131.45478872264573,8.0
7657,43590.96081997868,10348.313761264431,256.0,125.2079135626441,8.0
7658,47840.57747230459,924.818379061978,31.0,125.31682404811343,8.0
7659,40181.10639812904,2211.8419298843355,36.0,116.92783129017074,8.0
7660,31965.709046934833,4042.0296911355986,45.0,115.48829725861,8.0
7661,30969.086390864126,1183.7659058228126,109.0,129.86174474494584,8.0
7662,37877.11641930535,16223.08431829665,368.0,129.95209298649033,8.0
7663,37853.21686210339,3980.60297372715,115.0,121.48577424607313,8.0
7664,49356.64655146858,1742.3380687978763,109.0,129.3084886997141,8.0
7665,37725.690308859725,20825.28619965186,45.0,111.53126684715353,8.0
7666,59999.03387541806,4315.53351324693,118.0,131.24411783963467,8.0
7667,28618.69083134634,4306.607883113205,23.0,116.34585230963874,8.0
7668,30234.668783142235,9709.750086271124,75.0,116.49897917388722,8.0
7669,51803.543141964474,3984.7808207373655,51.0,124.79953786577458,8.0
7670,38952.82325308213,2390.281575364509,445.0,134.24488896554342,8.0
7671,33841.90405508678,3139.508200586036,102.0,115.3939475746636,8.0
7672,16665.12906041679,8324.479792481578,52.0,107.3619989816513,8.0
7673,42886.97308781592,1181.609241003296,30.0,117.53805142695568,8.0
7674,21425.295270822495,3680.2132456957706,47.0,110.35350406968658,8.0
7675,42393.680949493086,30158.545541146475,195.0,111.19145439547769,8.0
7676,14398.380254135787,3475.083780216979,463.0,126.33026586032571,8.0
7677,50859.55017741787,1180.6208141999618,56.0,120.94007277286573,8.0
7678,59194.468706182044,2360.909709933759,78.0,127.12576074282832,8.0
7679,42271.20777187512,23544.444750336253,187.0,117.44312064090893,8.0
7680,60379.17605155071,19233.19906660568,44.0,122.99882765343017,8.0
7681,26711.388158248614,10274.04079419716,73.0,110.76713205325363,8.0
7682,57817.123521307665,8825.55535183695,61.0,119.56284017795777,8.0
7683,29443.719913332538,27705.66412200611,61.0,117.59365205971247,8.0
7684,40021.04009610001,5904.7438106421405,59.0,119.16523696496229,8.0
7685,26557.085367959404,6638.867814012125,289.0,120.2349589743764,8.0
7686,35155.83364581928,3699.8417202666387,59.0,118.46549443866097,8.0
7687,10442.801095021368,4730.667730505979,-8.0,102.02709863490878,8.0
7688,50418.959842190816,6410.627810319845,33.0,122.30995983821236,8.0
7689,51322.063118692524,12381.93402832525,103.0,129.7548915130378,8.0
7690,53163.97706261638,732.8697606537631,6.0,122.51367983875276,8.0
7691,9977.594770159436,736.6631420038676,49.0,110.3874132276619,8.0
7692,24449.908963882463,1849.9185724514198,-16.0,108.48488177054162,8.0
7693,32932.52456265366,2390.9607520205873,62.0,117.21137385347286,8.0
7694,44988.94022980456,2367.610667426303,290.0,132.73381081519688,8.0
7695,51300.96339114665,733.1003770575699,29.0,121.28647337825424,8.0
7696,23652.102336620665,4614.215238891,45.0,116.71640783136644,8.0
7697,52754.34662583252,925.0147350130686,24.0,120.29416234865303,8.0
7698,36621.64147112133,735.9913104730375,93.0,126.52077065179407,8.0
7699,52739.868792513,16664.24258195126,91.0,115.95249082371248,8.0
7700,50138.33578896633,2874.7701295972065,65.0,117.89925035333933,8.0
7701,40279.56096122021,3471.632105422322,193.0,140.57847059949705,8.0
7702,47437.36136139126,1989.3220051142011,158.0,139.68806425134716,8.0
7703,33088.62337233109,1180.99645449714,7.0,117.30062292711446,8.0
7704,39188.34185398859,23310.825205318455,158.0,114.58995537844324,8.0
7705,42404.2613450618,33952.445769771126,362.0,129.12498413156146,8.0
7706,51680.63437655462,36433.687783067544,350.0,114.9287729033293,8.0
7707,58451.232835722854,1179.5020491087298,35.0,134.18057154619677,8.0
7708,55170.368957582614,11487.854205585365,30.0,128.17420527798922,8.0
7709,30778.74302456863,8743.867219164831,21.0,117.6708170817378,8.0
7710,32636.109022368248,925.1254441334377,8.0,120.00358054949628,8.0
7711,35769.75175544331,25575.882402352814,116.0,114.72653487725454,8.0
7712,22307.71245220427,21387.588800048277,-123.0,106.51709055811756,8.0
7713,36932.42203386528,733.9778407268003,45.0,122.44936858652439,8.0
7714,34622.29445821166,17680.08444191564,186.0,109.0651310124767,8.0
7715,24470.34149639659,7426.105888703314,113.0,106.51918086808155,8.0
7716,40841.03229522536,737.7954840910141,36.0,129.44699685100449,8.0
7717,47920.51948607769,4304.451701356537,28.0,118.30325074269314,8.0
7718,50902.1364134812,2368.7213719209626,182.0,119.78625251817941,8.0
7719,42128.471171360376,5771.142361197765,233.0,122.14970122258694,8.0
7720,51819.13091319488,38815.256586788346,257.0,130.71537144020942,8.0
7721,51815.05071813576,11507.37835075479,197.0,124.65871990230394,8.0
7722,19051.55848445831,3140.370499495023,231.0,124.18277468630482,8.0
7723,19182.93611297901,8088.987994874101,126.0,107.45541816508637,8.0
7724,31340.782646657226,4051.9675223414374,140.0,123.49877473342201,8.0
7725,27333.501258520424,6949.89210978043,116.0,108.46706478397185,8.0
7726,61711.23643809292,2873.483104215483,131.0,120.16343099869604,8.0
7727,50452.584756116026,732.9653296538054,255.0,138.78789837209268,8.0
7728,62478.85069085428,740.4019982457896,49.0,132.74285229446986,8.0
7729,50077.010731691684,1989.4005720120738,35.0,130.49707352743565,8.0
7730,52605.5333148018,925.1612092692915,16.0,124.94812786188537,8.0
7731,34314.77533230545,1180.7586657042682,96.0,120.7015251521916,8.0
7732,41569.28647772728,3143.1552738292407,109.0,121.08074828888861,8.0
7733,24323.77599988577,9427.908669537623,47.0,110.34928837784418,8.0
7734,27905.245443763968,12993.54429616721,34.0,110.41899578370602,8.0
7735,42138.625310489675,739.2295812320274,13.0,114.48970820660628,8.0
7736,37113.78509866797,1849.821250159347,55.0,125.92400729717653,8.0
7737,48775.33374871968,924.9016726890354,40.0,128.6936376795316,8.0
7738,54778.641158912964,1183.4864025223947,84.0,136.6085897182146,8.0
7739,53529.902042503316,4302.880416370482,412.0,134.6333474863663,8.0
7740,24789.00758816351,924.8749092155115,107.0,123.31027521881691,8.0
7741,55124.21324965921,1184.2616667548266,9.0,123.95952164586674,8.0
7742,39685.51965829405,13281.88340778691,68.0,121.6653743368313,8.0
7743,21994.00060792044,925.0240413482303,11.0,116.27480390828016,8.0
7744,39147.87348441378,925.0275090257805,17.0,124.13307166122294,8.0
7745,52226.06719127149,34108.6177916364,132.0,114.08040993067785,8.0
7746,46393.20049262625,1850.0119296534976,207.0,119.01156856424753,8.0
7747,32726.680439197735,22260.207492548274,74.0,107.99278460223103,8.0
7748,38451.772047802595,20413.15549542169,87.0,116.07990162335837,8.0
7749,24461.82760390014,2945.9021112573846,20.0,110.7953329994165,8.0
7750,20560.264354952058,1849.826269766005,37.0,110.56616027978251,8.0
7751,39796.89668147079,27695.5436509014,183.0,110.05426936502074,8.0
7752,32834.259373944646,5212.049787369487,74.0,116.13270707729902,8.0
7753,49157.98583270302,2875.5806675936683,71.0,121.94664982459427,8.0
7754,52643.84434344219,6381.206024316854,178.0,137.0813514779617,8.0
7755,39074.97917272645,3681.784901982734,338.0,116.61130632478793,8.0
7756,54107.94342091557,15085.575147975153,43.0,124.98963125392078,8.0
7757,8886.878897744426,4515.122608941668,11.0,108.01059467228595,8.0
7758,15009.556009786456,10433.26199469228,53.0,103.19040572885014,8.0
7759,63110.30192849139,1992.5787231723352,30.0,127.45515579627704,8.0
7760,36093.98834214785,17302.329170623576,140.0,125.49897141105241,8.0
7761,23865.850894618157,7427.754952140522,77.0,115.09084761081176,8.0
7762,36912.96581355095,2367.6464199353422,35.0,126.14051658314244,8.0
7763,49510.35315112437,1992.3871953141809,23.0,122.46061564298859,8.0
7764,21726.268628398324,1990.7016098064757,91.0,118.99346955122137,8.0
7765,15043.0217629861,8899.477125058558,19.0,105.49188737872872,8.0
7766,44300.88104804162,27971.849762882597,120.0,122.10046173712793,8.0
7767,49405.014564743964,1179.5933409979505,20.0,129.595138339431,8.0
7768,35339.93272746651,19548.816748243542,29.0,114.69307496934749,8.0
7769,9264.718805574892,1181.9698241213432,61.0,108.87137212475547,8.0
7770,40729.394277815416,7877.736420945068,261.0,121.79963817294598,8.0
7771,33558.38987948008,3799.234165881133,100.0,121.11084708227337,8.0
7772,47800.40798033231,21912.897745531325,19.0,120.68467748976627,8.0
7773,18906.18603684837,1181.1144770916487,228.0,126.37862839617827,8.0
7774,42797.792239652226,9958.784311490332,33.0,116.49433945986799,8.0
7775,40701.61169503739,3699.5048771651154,138.0,125.68192497393552,8.0
7776,55196.99326368926,7958.200151628488,22.0,123.55740812893771,8.0
7777,32539.165193558074,12562.451461894561,50.0,112.14974970290932,8.0
7778,33366.24200514035,5478.180512924023,73.0,115.25761977967133,8.0
7779,63809.52400227677,23471.39786821053,105.0,139.99128371973939,8.0
7780,41058.878438212734,8077.623971782763,108.0,130.3613342464708,8.0
7781,26927.210811567467,924.8273405131189,17.0,117.79679440930433,8.0
7782,44236.29982867628,21911.271476541693,323.0,127.22896740152089,8.0
7783,30138.10139596299,8301.537015413895,167.0,112.19882593187012,8.0
7784,43843.516499527075,18214.599221409855,216.0,121.79644812547346,8.0
7785,48930.339400519064,20780.283163542495,354.0,119.7196395616486,8.0
7786,42140.42358773128,20747.5424710616,-361.0,111.94666271703622,8.0
7787,59412.37438182326,51138.76110447608,153.0,112.2956781104056,8.0
7788,14414.076708175566,738.0203087175357,66.0,116.79549696438644,8.0
7789,53001.423316172055,1180.2140722657718,19.0,123.26669060936698,8.0
7790,59099.55956045599,16420.853090264078,378.0,128.15308737613054,8.0
7791,47269.45572222142,30478.564549421557,446.0,114.30147542221273,8.0
7792,52747.306913414934,7718.3952534665295,213.0,138.80563682029333,8.0
7793,52027.80035752723,32976.06725347594,88.0,120.23515834079105,8.0
7794,22098.30536374315,1473.4518560835797,11.0,107.99446224172436,8.0
7795,35227.27751360631,13833.571922886807,267.0,105.66077584093972,8.0
7796,13920.086645813126,2397.300162117123,32.0,101.82681291074873,8.0
7797,22837.003450892233,4416.571113102152,256.0,123.29275320847255,8.0
7798,53320.489195976465,9831.60304342597,36.0,121.55801758221865,8.0
7799,56274.12995234159,12581.822256327225,30.0,130.857492869232,8.0
7800,33760.622480458784,737.1414354722255,215.0,127.03243928564096,8.0
7801,55623.624542474994,37086.428969398316,161.0,115.04386371242809,8.0
7802,21727.53675283896,4682.936479477224,245.0,122.56626419569514,8.0
7803,21897.38893167848,925.0650946817949,20.0,116.4364216680392,8.0
7804,34631.02956500199,737.1414354722255,215.0,116.83165861241056,8.0
7805,49772.805224101896,2877.3200705605263,35.0,115.60185621674822,8.0
7806,30311.39265443926,13981.97273356029,120.0,118.89843804492331,8.0
7807,35087.738693940264,11697.19917075395,213.0,127.47297764863164,8.0
7808,25110.27987750278,2362.729565307552,401.0,130.3697586793716,8.0
7809,9266.600957404138,736.62599180527,24.0,104.67782296308334,8.0
7810,39846.48648360479,1183.7918710106555,62.0,123.57745339543635,8.0
7811,39115.67534026749,20994.17630017802,107.0,106.90819535135721,8.0
7812,4308.813735647086,3546.591041725782,5.0,93.50908462412787,8.0
7813,41146.75667175757,6937.470536872078,171.0,128.93203176772525,8.0
7814,32966.232244206476,2366.3431453448497,159.0,121.89869867639683,8.0
7815,26251.613162990416,17426.36979358791,37.0,104.47049549135515,8.0
7816,56716.41623989601,2888.948790774062,67.0,124.2023242645009,8.0
7817,36658.19144092774,735.7383760328968,74.0,124.49778945514275,8.0
7818,48309.09978441911,1990.1021382216068,34.0,117.10482342731223,8.0
7819,36961.551570378746,30313.49116501424,80.0,112.93754262731417,8.0
7820,39926.20784339423,924.966622296282,251.0,134.79695027135799,8.0
7821,64508.81614652514,57869.04833324627,-62.0,117.21957741791185,8.0
7822,21905.26902111993,10822.193217072281,141.0,118.6389700920845,8.0
7823,47921.94457683414,6670.146601311235,76.0,108.12073908813922,8.0
7824,34365.88620716291,21568.953060027907,87.0,114.51530816815776,8.0
7825,57454.42433611269,35821.95534491771,9.0,114.76780542989067,8.0
7826,49264.68233839465,5976.856303509314,48.0,116.76507119668764,8.0
7827,63665.25958162055,2891.2051523360983,168.0,125.32978484492189,8.0
7828,45887.405130829575,924.888722517267,55.0,133.21776707364654,8.0
7829,45416.965028935025,2774.8741969175367,36.0,115.05415539830568,8.0
7830,32897.520051901076,28850.4194515261,23.0,110.0770958898861,8.0
7831,10197.751682452586,3546.1995579507948,81.0,97.60154303552136,8.0
7832,35978.072894761695,5844.973376565353,48.0,114.93937840362018,8.0
7833,9612.59675603444,2207.9062768684876,179.0,106.22659940874092,8.0
7834,9972.312598513457,1182.5965457606678,9.0,101.86403388268329,8.0
7835,44098.86141098759,28171.412103842038,68.0,118.49211299594027,8.0
7836,43261.609220986466,26928.708205243973,351.0,112.91525732161264,8.0
7837,9328.38601691488,3477.879590621439,16.0,98.94856795029031,8.0
7838,52749.13566505152,18115.22006490394,224.0,130.17665312081115,8.0
7839,41265.037486207446,1183.8520501470473,139.0,130.38879406215693,8.0
7840,14048.813842750971,7544.764564309194,12.0,100.3261184664889,8.0
7841,21273.748084001738,1849.9505748011616,133.0,109.56374843099655,8.0
7842,17359.208500848574,3981.208966695143,59.0,101.68948125440262,8.0
7843,43571.80785681342,19479.647741008732,-36.0,116.27406019309228,8.0
7844,23331.881606022795,11094.976356719055,72.0,108.31891089117842,8.0
7845,21186.529105753645,1183.8338315443482,19.0,114.87941602704336,8.0
7846,43371.900358561594,1473.6195004669667,97.0,125.21338130169102,8.0
7847,15671.260920981447,1182.6161689055912,6.0,106.03725094923756,8.0
7848,24190.568463477717,2879.282729303288,10.0,115.9468761267625,8.0
7849,45216.22352549945,1740.6787362777961,66.0,122.66469176628503,8.0
7850,47505.98753028002,12804.88845161514,52.0,116.67084266784384,8.0
7851,27655.28419476367,7429.395458002817,65.0,106.80197846218923,8.0
7852,47332.15830329969,2368.0414214583056,192.0,130.84898152349882,8.0
7853,36819.327490289565,2362.0530546351565,52.0,116.54940179274217,8.0
7854,47182.418497513005,4599.133555850157,82.0,127.26234641310766,8.0
7855,66280.42145702863,4719.58735364307,119.0,126.23795003614345,8.0
7856,10411.584021846276,8612.949182271954,-48.0,98.0363038181527,8.0
7857,32670.030552257285,1183.448037773775,33.0,119.60118839592869,8.0
7858,42856.90087072371,2368.362923108131,38.0,116.67501941381977,8.0
7859,30217.387656412167,1182.989511041538,90.0,130.63907170978942,8.0
7860,32309.601509054803,734.7331831216734,16.0,118.21298058579586,8.0
7861,39720.60131125458,1472.420250787911,183.0,129.33486637119572,8.0
7862,38838.30052082693,20222.50682218394,198.0,111.78248194988738,8.0
7863,45034.425011558174,19420.787620780684,71.0,115.81292258671165,8.0
7864,12354.432226200175,10624.62018884653,12.0,102.06793369164794,8.0
7865,53730.122538902404,8260.732931232373,122.0,117.39885094824896,8.0
7866,59201.431577677744,924.705410641398,12.0,130.79764905610847,8.0
7867,11930.841559599388,7424.815387671881,16.0,109.55540419462459,8.0
7868,50859.52113788755,26409.826827729736,186.0,115.25568628351344,8.0
7869,16792.353685995593,14801.700952426669,-22.0,104.55522283523295,8.0
7870,6882.238852844596,6176.2356504581785,-67.0,93.24370068847311,8.0
7871,62744.52454978295,23461.871880541858,44.0,121.93680911232879,8.0
7872,30742.816330205373,924.8578868286179,80.0,132.63062529043853,8.0
7873,16139.325021144796,1738.830057077564,25.0,113.10898933929369,8.0
7874,61548.7623522023,1992.334549465519,127.0,131.28896243056795,8.0
7875,46770.860951730116,6938.5024680952365,572.0,133.18758575573426,8.0
7876,44954.268580327975,2872.03094757485,43.0,114.1070327566392,8.0
7877,34613.17854653525,16934.169101051088,45.0,113.84524347893023,8.0
7878,20511.945342516643,735.1935129024564,3.0,110.86079689139926,8.0
7879,40413.19349623429,8827.185586097616,123.0,114.81181874339754,8.0
7880,39048.29207828994,29587.357811850994,12.0,114.70423436502624,8.0
7881,30009.63826947392,1736.5411431645541,10.0,115.54649578782478,8.0
7882,16664.59534835896,9278.361249822143,-69.0,107.13012622032933,8.0
7883,24059.915647952144,3699.812388984016,101.0,116.24506980157892,8.0
7884,40232.283930681086,1183.994567517145,7.0,115.33464214599992,8.0
7885,47646.35215081296,925.1268572240168,21.0,122.22084962593397,8.0
7886,50289.31216396212,24340.114266146717,88.0,119.79025817282722,8.0
7887,46998.3120193086,10184.36026442104,178.0,133.90498946508114,8.0
7888,39775.1026247862,3471.728389037689,235.0,128.84395953810886,8.0
7889,38036.53866637406,4682.781212175044,71.0,123.7981494005988,8.0
7890,46641.446622811294,27598.954718949593,112.0,119.89028154234329,8.0
7891,42997.17408733245,41353.40579963164,34.0,120.6977107856245,8.0
7892,18537.217254376355,6842.382116523845,12.0,110.9277867197396,8.0
7893,59191.29032264658,26626.85740054645,23.0,118.65358758893993,8.0
7894,4047.40789240344,736.5363697248685,-1.0,91.0794481762128,8.0
7895,27783.695113633283,7584.625117228404,92.0,112.3785288988812,8.0
7896,52724.29533967038,924.9382908829962,20.0,120.44663645623137,8.0
7897,40785.143645404445,735.7264775729607,92.0,119.11289794752776,8.0
7898,34463.36932798375,13432.163246117761,93.0,108.11346157422737,8.0
7899,22984.572107586842,2207.729582120576,49.0,110.38678932758296,8.0
7900,32845.31917965589,25671.612815350152,-87.0,109.39448898880762,8.0
7901,3478.8556044812362,2881.933132591589,-12.0,87.65927262733116,8.0
7902,45937.58222482384,30690.73147353404,298.0,113.92773141082066,8.0
7903,37224.609641529685,2360.8378247331475,70.0,114.48749180739998,8.0
7904,38492.215386278374,21638.547916083127,71.0,115.55858876428218,8.0
7905,51062.729117805844,925.0522813982383,49.0,132.2110986804895,8.0
7906,33948.13350223162,5740.478408122396,303.0,127.35816353708164,8.0
7907,43687.6204702768,12095.584538883428,217.0,125.60164634089946,8.0
7908,51008.26475482957,8630.565504342221,33.0,123.82133426453889,8.0
7909,18506.861501518197,1182.2369726676568,45.0,114.68143176384115,8.0
7910,55683.42031730694,3144.9199711431547,166.0,128.09817463592336,8.0
7911,25369.705175194624,4051.208432554492,37.0,115.76172777778676,8.0
7912,37011.46277352596,924.8711364431521,57.0,138.49553972002613,8.0
7913,37629.699464870864,16874.277392196054,44.0,113.59198691423879,8.0
7914,43453.34976901987,925.0242058306668,35.0,129.2346353338733,8.0
7915,13461.979535635,3772.2105889167974,63.0,101.26612892841226,8.0
7916,15844.93193456725,2883.9651429934916,457.0,127.18919836813036,8.0
7917,40510.46632318013,10595.960334270154,374.0,124.49543122781661,8.0
7918,25010.017224037856,8571.789230725575,68.0,111.71144451376034,8.0
7919,53378.34991650211,22275.314607816617,94.0,114.76244928467294,8.0
7920,35905.04833355434,737.9144707134732,40.0,120.52779826219016,8.0
7921,54418.25611308886,12248.693800897172,55.0,118.79721039127183,8.0
7922,32546.011144692646,1737.1681528719682,57.0,118.43869565227533,8.0
7923,27758.237834741503,924.9320696999825,78.0,121.07490692711264,8.0
7924,42618.931925627185,25613.621588137532,183.0,121.77224853377407,8.0
7925,33426.978922780996,7435.848311331705,184.0,124.41604058096216,8.0
7926,36368.12892663203,1183.1525185720286,62.0,118.58235423968043,8.0
7927,32115.903380209464,1990.40925344335,33.0,113.05066818426585,8.0
7928,51892.30946792402,20206.50380247814,96.0,117.60107541706913,8.0
7929,31997.38517002244,11922.723090604348,113.0,111.54565907945064,8.0
7930,33199.573864240134,12556.063201647548,186.0,108.60481145269377,8.0
7931,33527.65402809915,21925.26527567003,18.0,115.31137244096551,8.0
7932,35329.074900551044,2207.9217128041105,258.0,129.85961619881473,8.0
7933,38891.02698309859,30622.085899332164,153.0,107.31444158032707,8.0
7934,37187.713240372024,924.8377223751986,95.0,125.97074661483865,8.0
7935,17912.714211473074,2884.034923329654,80.0,110.52999597521048,8.0
7936,47208.44667264521,1179.9917068393813,158.0,146.3482357574242,8.0
7937,50800.15023403015,6969.360896996036,95.0,122.93845279850449,8.0
7938,23587.76253131361,4784.165717384648,67.0,110.26706775348725,8.0
7939,30545.886125807574,15710.807138927843,198.0,110.25481909313505,8.0
7940,40813.31792119941,20416.953890546672,71.0,121.40555238594239,8.0
7941,49127.904504725164,25971.04209487213,315.0,131.6772263811567,8.0
7942,30367.152867593024,14467.979441406744,77.0,110.90068518325651,8.0
7943,63923.85990505429,20796.68647554124,15.0,119.69104930054107,8.0
7944,43789.19547490423,2361.7719426962876,45.0,121.85826983465185,8.0
7945,40806.00119100083,1179.8461195378775,10.0,113.08190654702983,8.0
7946,15740.604545005925,6474.321356212881,133.0,116.56744966794868,8.0
7947,29826.111309512038,924.9460984377431,82.0,121.96635787641934,8.0
7948,45081.86538962192,34123.5772149646,67.0,115.13849673768269,8.0
7949,24625.370641407335,3793.305679782198,43.0,116.08901448397856,8.0
7950,42421.86121345457,16798.646936574594,107.0,118.13549054766841,8.0
7951,36077.12790729295,14565.752369534644,139.0,110.18703372751092,8.0
7952,24191.750143385812,9214.841472547045,22.0,112.16076819188139,8.0
7953,44572.56696957297,2360.743229873143,148.0,139.31233094748242,8.0
7954,29635.00753784493,924.9365845507053,22.0,119.64246980993656,8.0
7955,26687.34548421866,734.4804971598877,86.0,144.7489683030247,8.0
7956,37629.72578837252,8555.254371251449,19.0,119.60347427671482,8.0
7957,46003.83391717483,3552.9658162481633,58.0,115.67668142052484,8.0
7958,41516.10197910554,1180.5407689382503,154.0,129.27338485798995,8.0
7959,37134.93743774191,10409.670059305727,327.0,127.2223448185426,8.0
7960,41180.94532702817,2391.4862137317273,49.0,129.37468586099968,8.0
7961,36412.31307408115,10958.285565103039,9.0,122.65319524885614,8.0
7962,27134.641114114984,738.2256220236942,99.0,124.33045658714627,8.0
7963,30181.70962000725,22820.2163339735,68.0,112.35192739110963,8.0
7964,25788.402528545972,4052.0922275838698,84.0,112.76788628094282,8.0
7965,58408.880826138884,1184.7571396664302,96.0,131.28586512489056,8.0
7966,61958.72338926777,1178.7783064576697,102.0,132.16074422477874,8.0
7967,23872.728101842604,2396.7319347034763,39.0,111.90857710202206,8.0
7968,24764.250847549865,15557.614019085939,90.0,119.38385995383344,8.0
7969,28908.542427990305,2774.7294958065854,92.0,120.67096893173397,8.0
7970,9457.67387699118,4729.2068575966405,14.0,99.06823148293778,8.0
7971,51814.94558878405,10173.40950208547,141.0,117.1845287319821,8.0
7972,55832.70952688433,47386.724424146356,357.0,131.25714134327657,8.0
7973,38095.70570382705,13728.698422958143,10.0,119.18701002174151,8.0
7974,64245.06166062095,731.9444160004747,191.0,138.7107034883061,8.0
7975,37014.577437379085,1180.7163599468856,20.0,122.79682024281432,8.0
7976,32423.556011466335,12232.84340029411,7.0,107.85763842472296,8.0
7977,37720.38588177393,12224.194020959045,301.0,114.41739111286186,8.0
7978,30941.398799752424,10313.7428582884,32.0,118.49989334913396,8.0
7979,47003.422603008534,15665.336045964332,53.0,122.24783855423863,8.0
7980,60733.659529522345,733.2446536911408,142.0,140.1092745431579,8.0
7981,53794.07115616173,33295.67887252328,364.0,117.32932396879937,8.0
7982,38475.05616803975,23637.587917276902,198.0,109.75052849871042,8.0
7983,27675.9526902571,5754.1158923996245,160.0,126.96279230746265,8.0
7984,43526.88469575224,7399.015459405709,123.0,118.29792614533096,8.0
7985,21366.50138433178,1472.4345420542538,22.0,107.68676253696245,8.0
7986,49495.66247076083,14794.127675405884,48.0,116.79937167961464,8.0
7987,29104.516113841546,10595.956323419137,132.0,120.63451135810394,8.0
7988,43559.66231976044,1990.5674617239706,34.0,118.38166326552081,8.0
7989,30001.005561372065,21397.602700892305,-18.0,110.70503838140668,8.0
7990,53832.979505899006,5748.11552082865,143.0,122.60279739204076,8.0
7991,21622.88782718106,1473.5818148477595,71.0,116.52580670194638,8.0
7992,55680.26008921141,38632.76940938811,263.0,115.24743758218187,8.0
7993,38700.132297756805,1183.07115250675,81.0,131.61132926120385,8.0
7994,33885.00310703458,16942.791923290773,186.0,109.01773519569387,8.0
7995,15825.548822139723,1181.8449624487341,11.0,107.05377986028095,8.0
7996,42173.70174962762,3145.0038758428245,37.0,116.3813606245671,8.0
7997,57707.77286579402,3137.706090783243,140.0,132.88563510541005,8.0
7998,25865.89116522178,5487.291688948451,85.0,109.98318077418033,8.0
7999,27045.423560722014,24686.085463218624,11.0,112.81342490558406,8.0
8000,47537.33909461742,3772.7013301943025,20.0,119.81533101148644,8.0
8001,12098.712281964757,736.4607178008771,26.0,106.95855569728052,8.0
8002,55474.098743516595,2367.9166803992102,55.0,123.70600253729826,8.0
8003,53133.77573848019,1849.9443116851044,95.0,131.31374914788768,8.0
8004,30734.93320904657,10824.118477780457,111.0,109.55280284599435,8.0
8005,28360.2304714879,8306.745584588814,132.0,113.18930996408511,8.0
8006,58003.813399301216,49725.27166966061,153.0,123.8973397042821,8.0
8007,26379.430030552732,736.7635831493213,28.0,109.81815381012827,8.0
8008,18208.69248452042,7966.458048560884,181.0,117.72205019532453,8.0
8009,61374.75452836882,1179.7839574726318,104.0,128.23023586450924,8.0
8010,56091.79495285415,1184.8075308266798,186.0,133.4443844103086,8.0
8011,53452.099627267504,20182.337904715954,123.0,115.33233496605695,8.0
8012,12294.916690211505,11822.833852583055,-46.0,101.05273790426355,8.0
8013,37463.18736784677,1734.2120865371162,387.0,132.71624866046594,8.0
8014,45045.179420610664,737.9647422007791,146.0,132.25651858248665,8.0
8015,54012.1008168732,2869.6383284837298,206.0,130.528266830757,8.0
8016,18032.858441970333,15673.701430316813,11.0,108.67316718721789,8.0
8017,37379.3320515275,735.6675313481089,86.0,135.6850465556033,8.0
8018,44413.85953918763,1184.404623084355,22.0,116.03523393092587,8.0
8019,47804.78779495863,7119.5559499969995,95.0,120.1642267338093,8.0
8020,52055.71837957051,11838.634592580396,132.0,114.1228053359464,8.0
8021,61072.84048995465,4737.941230278762,166.0,120.76896840881535,8.0
8022,24277.393035539266,1181.1144770916487,228.0,128.5415405732238,8.0
8023,49192.18569313814,1989.406431532817,190.0,130.64815069892,8.0
8024,60712.039069153965,21679.44343394729,43.0,116.15075341927788,8.0
8025,24829.237869771503,1736.6742244710754,144.0,135.44657084824368,8.0
8026,56000.997961625384,4303.086934261886,204.0,129.25095013969488,8.0
8027,44423.039416037354,1743.526462805962,309.0,136.22676692420106,8.0
8028,41399.283316919034,735.0048042464847,168.0,132.16915554823652,8.0
8029,39993.86534535758,7172.9932379390775,73.0,117.45913316127158,8.0
8030,51983.95278015833,924.8437831467741,31.0,118.92644806732363,8.0
8031,37743.535044792436,2207.9106799302067,37.0,118.08973600000695,8.0
8032,42569.17701485912,25439.859868039173,163.0,112.51626045298966,8.0
8033,55139.79741808443,1989.2189400305049,211.0,142.77740538293736,8.0
8034,52788.833842661275,40000.74293863194,87.0,119.54354654242132,8.0
8035,44683.60077329601,32445.62363716008,27.0,112.99996246632739,8.0
8036,9933.729731097987,736.4620811405176,42.0,109.96325280738438,8.0
8037,46893.11301176511,1181.9765545041164,116.0,128.2100459545535,8.0
8038,11317.07803551299,924.8703645059132,38.0,107.99591294165778,8.0
8039,36992.21225836814,738.404017775897,11.0,124.42036573168714,8.0
8040,43056.58910338375,41080.69020822078,6.0,111.08262806629212,8.0
8041,41525.36255391142,4721.980511600224,201.0,124.29972667263542,8.0
8042,51798.92514712692,43540.83757138034,153.0,111.51435192280694,8.0
8043,64747.29497730816,5900.98770374721,103.0,123.65806511850973,8.0
8044,22790.651185323208,4683.178431473863,127.0,118.37051074236578,8.0
8045,32253.829477208317,17843.00573126611,24.0,112.14528234527187,8.0
8046,52558.281770716145,7542.996079257901,179.0,128.29517923274074,8.0
8047,37322.03418193849,3092.1452602036416,95.0,117.3380852726977,8.0
8048,17892.304181647516,736.9337607638157,37.0,113.65442223082314,8.0
8049,38673.87511490245,37958.85053143193,-257.0,108.20086172400246,8.0
8050,35270.63689036978,2774.9072056841997,45.0,114.86034941148729,8.0
8051,18773.15631060065,13539.765217594237,73.0,104.35907077715534,8.0
8052,56304.74699157984,1179.4926070714941,98.0,141.45011280260167,8.0
8053,55539.430861567824,10412.995899990827,125.0,116.84870793962715,8.0
8054,55076.95159159899,32260.47814321691,317.0,132.58246847834903,8.0
8055,54571.977744663534,12024.766236166372,218.0,123.39269613121732,8.0
8056,28245.07963703571,3772.3890636488973,81.0,110.13144566340254,8.0
8057,31277.37766043209,4852.448340684501,116.0,108.95462422999056,8.0
8058,39221.645550301735,27117.007482626523,183.0,117.0798021998221,8.0
8059,36250.35906078611,25833.547213192287,-192.0,107.49117192375763,8.0
8060,35395.39035799815,22604.72941290963,87.0,116.00239268718255,8.0
8061,63034.63722995694,5923.183526635177,108.0,131.57081454047554,8.0
8062,29791.589864906597,10271.928475761764,77.0,118.75344184263156,8.0
8063,20890.07856054252,3091.074268126671,70.0,114.94410149865723,8.0
8064,58981.40872074209,24774.864112119027,-16.0,124.08437670110928,8.0
8065,45333.588338172434,1736.7208886583724,21.0,117.73753732155681,8.0
8066,31088.807357164846,12574.318116501894,132.0,121.05891943342218,8.0
8067,64042.51853491325,1179.4381210032202,52.0,127.32818805792674,8.0
8068,46870.28909762187,1184.3448082150396,14.0,113.89606903351876,8.0
8069,58997.168662291944,46202.908686381714,87.0,120.38691290439981,8.0
8070,37002.908892556276,1849.6612325266544,84.0,122.28428658188784,8.0
8071,49048.85895394232,1180.2161594028287,178.0,132.8976725011887,8.0
8072,9365.604153513948,6516.219389402248,-53.0,102.8139896384988,8.0
8073,33060.039144132556,3799.614902103866,316.0,129.04278032254933,8.0
8074,21290.43057377145,8281.266190826114,292.0,124.43561736554216,8.0
8075,19347.520580092492,4307.193190581603,70.0,120.26373578126504,8.0
8076,58698.09709402491,5896.594786703092,174.0,134.34000680579373,8.0
8077,36620.62109732869,924.8966145314843,13.0,124.45470285583527,8.0
8078,47858.98929169636,1849.8387636951945,368.0,136.1875933749887,8.0
8079,22790.08603400497,1991.8709171410194,44.0,119.13297477897879,8.0
8080,53453.85352373284,924.9072763540395,30.0,125.07063251353505,8.0
8081,22460.764503156366,1737.6500255628398,32.0,112.89809904612406,8.0
8082,51208.19220523449,7471.774678240424,55.0,118.86644070556606,8.0
8083,32141.162740722615,924.8028922747724,96.0,125.08009179437039,8.0
8084,37218.499376130116,924.8614694703291,132.0,128.83667068255767,8.0
8085,62705.263006743364,10413.271279179506,104.0,120.05646743590667,8.0
8086,24497.469426615953,924.8719670532956,164.0,133.89154845638944,8.0
8087,46341.5135523162,10201.3528157705,245.0,126.30920904456804,8.0
8088,53878.86030517634,924.9304512301644,62.0,131.90674525998514,8.0
8089,46110.78784060445,5121.561399972367,15.0,126.72285484373228,8.0
8090,24412.804982863567,8098.217700139171,15.0,111.19829991381907,8.0
8091,54560.91410157699,5208.585692875685,45.0,118.55174001270457,8.0
8092,27360.333183191313,924.9997199073822,-5.0,111.23324540725112,8.0
8093,21275.487809214614,18910.596616786603,13.0,109.1388413385946,8.0
8094,38315.08092937043,2392.0686067426677,335.0,121.50633068443727,8.0
8095,44785.16135851455,924.9580397467092,104.0,127.43763308414297,8.0
8096,21364.09254684577,736.4252702354053,18.0,109.75638109592643,8.0
8097,54702.968147125204,4036.03672302796,343.0,134.0875102946129,8.0
8098,43462.082377583116,1180.0666265712878,26.0,117.49265444700053,8.0
8099,26565.097172101505,17369.963500931604,249.0,117.51632738582101,8.0
8100,29272.188044284372,12225.5844379811,205.0,106.80707831328962,8.0
8101,46058.64148252881,1180.0142866345495,56.0,121.83273107587435,8.0
8102,21179.828184376554,6284.379724829235,43.0,108.73975962583526,8.0
8103,43680.95292577582,22171.225824504145,139.0,112.58929311334607,8.0
8104,58169.53883427785,7557.139690830972,164.0,130.12964654687386,8.0
8105,54173.7045058479,1180.0462066077314,36.0,121.24821282241186,8.0
8106,43057.988461787885,1989.8912960625012,63.0,124.72258985907914,8.0
8107,42112.48261702198,738.8547105979139,41.0,121.86198129149935,8.0
8108,43975.76237079541,26854.170106262933,163.0,112.88569326013793,8.0
8109,55531.15416136523,9364.734722313144,464.0,133.07855239028777,8.0
8110,51302.71352034298,1179.692311977315,16.0,124.40878300759097,8.0
8111,41346.04995617751,31096.145077081936,99.0,121.91576794861012,8.0
8112,18697.31437208007,1182.9976964433051,17.0,101.38333417786751,8.0
8113,6516.073257911569,5598.088447674386,-36.0,92.56907516640204,8.0
8114,15741.168547026638,14817.23564298505,-159.0,105.13818317264429,8.0
8115,11381.50320214808,1182.6161689055912,6.0,104.35581664742669,8.0
8116,40702.27699199403,15722.945908394937,163.0,123.55577112942584,8.0
8117,23221.600103423538,1181.245650714259,182.0,125.96351165424758,8.0
8118,32506.18224188759,3699.7947814728095,92.0,120.10410041025128,8.0
8119,62007.132850967384,10982.728780317724,219.0,130.15112086892944,8.0
8120,35734.49919590556,22953.581617888543,87.0,114.11847039279013,8.0
8121,9818.881960610182,6344.833787864535,52.0,108.51261620541281,8.0
8122,45614.059258571746,10280.02509797494,42.0,122.00647601683522,8.0
8123,37909.83379256208,2390.0542302367785,103.0,122.16658161515329,8.0
8124,57191.219990697355,925.1618913775421,44.0,119.91466273122847,8.0
8125,45613.22833058936,1849.9688953231168,105.0,125.50684628906056,8.0
8126,45774.57244888888,2869.6993882626116,135.0,142.87491396857604,8.0
8127,57185.66502983284,10952.799482744851,45.0,124.1574637694076,8.0
8128,34116.44333517198,6287.301991799906,162.0,126.85240990209961,8.0
8129,37115.03861489664,2774.96532929628,41.0,124.85715971670889,8.0
8130,27024.596570632824,924.8874479746503,13.0,118.36278753026632,8.0
8131,48547.59531779573,925.0405899722631,44.0,121.98109178505698,8.0
8132,55817.83689433181,2359.7487287555937,225.0,146.563086148153,8.0
8133,49355.17812220626,924.8605572877099,7.0,124.23213115968049,8.0
8134,29605.15518909243,13393.906890421631,-61.0,108.32641674939795,8.0
8135,17281.147805883666,3545.07423508996,130.0,118.92308761673274,8.0
8136,28865.37555260051,4049.913720966593,51.0,118.48894591284709,8.0
8137,58160.53326420244,2359.9717327528333,44.0,123.50492826825871,8.0
8138,9969.532333738445,4514.555069436382,62.0,96.0817800710094,8.0
8139,32750.6086980109,12244.77201629752,46.0,111.67518026705274,8.0
8140,48187.31559095404,8356.936264900101,260.0,118.2586861746609,8.0
8141,20348.324031250428,4624.605487798962,-29.0,104.58144750694231,8.0
8142,39247.720357979335,2400.7050179328735,112.0,119.87100798077677,8.0
8143,8306.800847405922,6173.386315231519,8.0,97.90583654306616,8.0
8144,7447.752075722898,6659.5653114253755,11.0,98.43348121100297,8.0
8145,39798.03340138834,14816.507223921282,192.0,124.02662973244458,8.0
8146,30241.710686566144,12551.321613141046,45.0,113.08525820570641,8.0
8147,43780.83212666174,7103.949016285448,165.0,130.44145990083382,8.0
8148,11316.957076519291,9365.864155333618,52.0,97.96113047537176,8.0
8149,30654.571217530305,734.3952465734169,46.0,119.16687207338316,8.0
8150,27786.615175149105,26863.072949926387,-105.0,108.81984755954802,8.0
8151,17544.32408192607,9958.811963027612,196.0,103.15511037140965,8.0
8152,49886.56043241759,34847.96673582722,87.0,119.99388294646755,8.0
8153,17131.83677342892,15405.44006751267,13.0,104.83289520875397,8.0
8154,40351.810835750024,738.2823505222125,126.0,132.33637963639302,8.0
8155,19632.66466044528,5213.98768761304,84.0,113.44250352437996,8.0
8156,38790.901578489014,1736.2344204042724,301.0,132.8230264056998,8.0
8157,42720.70347433172,21955.991142089377,111.0,113.3976332407527,8.0
8158,44785.45180004101,924.9212186231476,7.0,120.1127163518174,8.0
8159,51802.79618316164,1992.4582479035266,28.0,118.77068001439442,8.0
8160,48440.67034468015,34344.8700944732,163.0,118.89772432828866,8.0
8161,19018.26384222316,1849.9449275270192,11.0,104.43513239020238,8.0
8162,43407.19154713622,733.1772934038263,6.0,113.38616806884585,8.0
8163,34874.00807659851,1183.962386734556,140.0,127.70661924918653,8.0
8164,15469.032786949596,4419.618829931609,17.0,105.5380375940677,8.0
8165,31162.703161622052,10277.211642844008,51.0,112.75931561723235,8.0
8166,33593.931690501144,23119.12948730475,25.0,104.87526000769003,8.0
8167,27673.660040253395,3550.2236896390523,141.0,116.67028521880118,8.0
8168,54333.252219577,2873.3528981249174,217.0,143.76234961258675,8.0
8169,33330.79604027552,11123.930869039395,71.0,111.1492806888266,8.0
8170,15177.833890634713,1738.5403944248733,30.0,107.29755988435616,8.0
8171,41091.214116668234,1992.4511479186622,50.0,113.71704177679011,8.0
8172,23043.7983581887,8638.562450617108,87.0,110.1962527561808,8.0
8173,42880.86575220842,23641.171289391932,181.0,108.87015205578352,8.0
8174,33976.80422208173,3090.8568313310643,176.0,117.94788294662952,8.0
8175,57869.0517663652,2360.269716023076,528.0,127.55037357101764,8.0
8176,44202.811040021,1471.2926551694827,57.0,120.72436510633528,8.0
8177,37519.59019752056,2871.2126166481435,57.0,115.85174670542497,8.0
8178,45321.026119191265,29004.90187212586,120.0,122.2936613327615,8.0
8179,10950.451539601061,1472.1621909651553,130.0,116.38291501980356,8.0
8180,16314.43521558006,8157.829414012201,78.0,100.15261973598594,8.0
8181,41525.152924573325,4304.753003442375,125.0,131.133832601071,8.0
8182,34606.80437389799,2208.174037193757,51.0,118.36799110576192,8.0
8183,51147.89183765039,49184.1074951812,-103.0,110.59627048547432,8.0
8184,36958.45256660907,7107.796257284449,260.0,139.80005784490555,8.0
8185,7865.960144021221,1738.5409955464766,20.0,98.24606647886627,8.0
8186,56124.54158632922,2369.020485156839,216.0,131.83082381783873,8.0
8187,55841.19365336068,1992.4949306925,21.0,123.40068309385315,8.0
8188,46087.33183200205,5902.748724057495,88.0,128.81980581439697,8.0
8189,47964.52168379758,1734.705408889681,5.0,121.70297383247802,8.0
8190,45810.54866614688,8070.654747136753,13.0,114.378798266647,8.0
8191,52208.90056879973,925.0227860255906,32.0,131.87866400912267,8.0
8192,16203.79035511854,5155.425992356843,36.0,101.52170999624067,8.0
8193,43571.17130874416,925.0308333074131,36.0,119.50023121177453,8.0
8194,54464.22154154967,2367.3565687492037,189.0,130.58600728777554,8.0
8195,15707.84479681894,13539.589967114338,-130.0,100.72163253165536,8.0
8196,43527.88030329762,925.0338468821476,15.0,114.87937805115074,8.0
8197,60356.05335021716,925.0760184574686,7.0,119.60807031522855,8.0
8198,35383.55719757627,14978.63320308527,31.0,113.61784173698997,8.0
8199,58491.30570745482,740.0693412098501,140.0,134.97866023164406,8.0
8200,54928.92034526684,2869.8447169434858,156.0,131.46067981697112,8.0
8201,50994.95561916758,49036.07367339971,-16.0,112.9419702597862,8.0
8202,9968.250778234255,1739.37078705543,30.0,105.13152568211116,8.0
8203,34099.64673834494,10410.14568105885,8.0,109.88786797055184,8.0
8204,36974.20742020638,1849.8384598218745,22.0,118.0024903078025,8.0
8205,45257.060841304505,3137.7870117526118,84.0,121.7334829628943,8.0
8206,13850.63888599229,6397.045208961373,-8.0,102.47858275374602,8.0
8207,52542.324662353654,15995.834783855535,64.0,118.81491133328898,8.0
8208,30565.27365435388,10483.71412188493,133.0,106.2046723644496,8.0
8209,33433.891823530816,1741.6128160196577,142.0,116.43464193134648,8.0
8210,63742.95021732114,1184.7407109937603,134.0,131.78769345186427,8.0
8211,24317.859428712913,2393.569382836396,21.0,109.34699473987274,8.0
8212,27870.872940014724,8828.614594200042,112.0,112.19141715803393,8.0
8213,56048.33169171216,924.8329509230184,61.0,132.41330221166845,8.0
8214,20189.03052927366,8260.951475842136,101.0,117.95933496956096,8.0
8215,34027.639943394526,1181.6357747007962,16.0,110.45336536857351,8.0
8216,45785.1906068589,9308.017582768416,129.0,110.56117810439306,8.0
8217,47066.39789819469,6668.589742122095,136.0,127.81323827504727,8.0
8218,62011.37416082445,1184.5883598130943,90.0,132.77388626014786,8.0
8219,51384.97762567493,1990.0812355647956,46.0,123.30238516391552,8.0
8220,27364.3441305703,25644.14701646612,1.0,108.9107663274369,8.0
8221,21476.112687383044,1849.7073069628038,49.0,112.79091362236032,8.0
8222,48356.92026474151,740.2415408870845,77.0,129.9415559571244,8.0
8223,26579.941842507473,11086.584906207872,181.0,105.58886566661243,8.0
8224,44786.52628350316,27075.432712311063,292.0,111.36767091763126,8.0
8225,28008.407396890805,7366.20903293241,181.0,120.38160343267091,8.0
8226,40366.01738679763,6653.047302315524,49.0,125.4152673707463,8.0
8227,67567.44590534498,3136.1680430488523,56.0,138.86373329466446,8.0
8228,49540.5697393909,3553.892968409624,12.0,127.75343522447456,8.0
8229,40577.137851429354,736.5709991936561,126.0,129.28460309780368,8.0
8230,32470.299271774114,3771.691511084647,225.0,126.16568520244644,8.0
8231,40302.22139700569,1736.3744766241473,57.0,115.61685583125434,8.0
8232,13243.824416118086,8638.934504097771,54.0,99.54980870058274,8.0
8233,37062.37313699109,8826.5538096639,271.0,125.40856936017573,8.0
8234,48638.71252025034,34538.900619900785,81.0,124.19715155168646,8.0
8235,41979.15002491523,14883.014898435682,166.0,110.47197215391472,8.0
8236,49896.61997700219,733.8528868628218,210.0,148.2976876555214,8.0
8237,44421.3291248246,18513.641519901965,155.0,125.58389505746445,8.0
8238,43952.606024011446,2870.1414258274617,63.0,117.60803940947201,8.0
8239,46794.085970048254,21941.300388896558,51.0,122.56527520249061,8.0
8240,33537.55774374847,737.7215637299371,197.0,131.81441113576906,8.0
8241,15050.020103120716,2394.096157030677,32.0,103.28608735760972,8.0
8242,49070.78815242586,30032.0260168675,60.0,122.96906323563184,8.0
8243,23228.096548866888,2879.4297772254617,136.0,113.23010989340833,8.0
8244,62618.962156130794,4302.032174520442,202.0,129.41318683134344,8.0
8245,46286.919580438465,13718.947321286887,70.0,117.07296322900258,8.0
8246,34516.20253608625,8709.371712502947,47.0,121.30873521352319,8.0
8247,12293.781867917845,10639.233654599499,70.0,110.44895883573298,8.0
8248,41592.274068113475,4053.2352954552116,302.0,130.0432045887719,8.0
8249,15650.096044263626,735.6454384413516,210.0,127.31644600022535,8.0
8250,44392.34404850091,12805.337838716187,142.0,115.90811349972967,8.0
8251,51614.79945277145,1179.45299000525,50.0,133.29061537867372,8.0
8252,43950.422804179245,8610.007806961812,247.0,128.7092165526181,8.0
8253,29094.05518530302,17489.12978144043,435.0,128.20582269136764,8.0
8254,56239.567224397244,6649.373778392312,203.0,134.96011413929628,8.0
8255,24297.004446617684,736.5753040137245,14.0,110.40176521806387,8.0
8256,43545.26291375608,18862.273292864884,147.0,128.07868618230444,8.0
8257,24204.268100988258,1740.0873108125404,77.0,114.15562980149045,8.0
8258,10443.895513070707,1740.9335772958627,-2.0,98.78575873014712,8.0
8259,37326.71322834476,19208.077217635546,126.0,110.26055765582724,8.0
8260,29926.68431449584,21631.98659511689,116.0,108.50961551894092,8.0
8261,50993.91208613429,1849.8283854189078,159.0,129.5958273190856,8.0
8262,40724.76945395812,4624.971267892666,337.0,130.3646872239754,8.0
8263,55092.647809879956,46654.554238543096,355.0,131.14373230382662,8.0
8264,24268.771723523132,5742.196239544415,202.0,121.86352902150094,8.0
8265,13024.777216977798,5854.170748461535,55.0,102.63803816940502,8.0
8266,11695.015403726027,10821.268863639247,-194.0,94.62149647768445,8.0
8267,58358.097753783055,11955.549122036127,95.0,120.53420603924033,8.0
8268,46238.733264917544,2368.2244377601164,27.0,118.16231494025217,8.0
8269,39383.60030408199,13363.64915475636,33.0,119.90514176887115,8.0
8270,38860.66786419715,733.8025128051482,117.0,129.7815006220916,8.0
8271,53829.10019338916,2775.0502415607057,18.0,125.48136013290333,8.0
8272,26984.44503394855,3771.9732556845615,-6.0,111.1807571895303,8.0
8273,22315.22382229998,2391.5260274492534,310.0,127.15770348336387,8.0
8274,23198.58417341176,1182.770572838031,116.0,123.05124027419653,8.0
8275,16844.57473519281,11647.486134885547,124.0,106.4381756186959,8.0
8276,32640.324422212652,4725.18631377402,43.0,110.28484709675999,8.0
8277,52361.6706421757,8625.044985663633,46.0,116.75073590416368,8.0
8278,14228.876407705118,3983.1546133571774,181.0,117.3689532092061,8.0
8279,15565.592228095044,11522.999822644251,28.0,104.29377564180102,8.0
8280,34231.26932526085,1849.9910310805624,28.0,124.3564234448049,8.0
8281,54026.80085065236,36073.70674155753,305.0,109.78262065738868,8.0
8282,58406.88010130775,732.8815679248924,30.0,122.17522362070471,8.0
8283,67446.73516810873,1179.0422541444925,65.0,137.5692665094354,8.0
8284,3797.693281611208,3087.9180310254146,-6.0,87.85012812241038,8.0
8285,19197.33966992982,6930.942381226355,120.0,119.27790001289858,8.0
8286,23929.87042046129,1181.0740643321762,249.0,128.85442106781264,8.0
8287,54357.36665424629,28277.09023393426,-79.0,119.3988599258923,8.0
8288,38036.51665884274,924.930145289419,25.0,121.17984057220019,8.0
8289,43554.87705205227,4520.6169761684805,18.0,114.08318504980446,8.0
8290,43469.77570242277,1472.6139828057678,60.0,113.60492832837903,8.0
8291,46810.55106505228,733.2995212351258,131.0,132.3253282853132,8.0
8292,5218.906534232182,4611.856716977524,-29.0,90.58314869845587,8.0
8293,46764.36308559746,3979.600962988947,118.0,109.08304505182598,8.0
8294,61366.46909244527,1185.509635775593,134.0,131.31892749300744,8.0
8295,58209.20866467258,3467.3789869639536,154.0,124.05335469376287,8.0
8296,47520.581718163536,734.5917156050949,98.0,129.02237856172064,8.0
8297,36817.22529783114,19770.153975418536,250.0,112.04412709827588,8.0
8298,61180.299220090295,21206.48343407594,43.0,128.13479430047812,8.0
8299,39193.45834972396,3471.2326351387237,352.0,124.79789879880755,8.0
8300,36049.96086584623,17248.769940614464,159.0,119.21497790364896,8.0
8301,38501.05142478908,15366.458051349868,151.0,119.74871435541766,8.0
8302,43887.19519947344,2941.218760139992,150.0,139.7509647678944,8.0
8303,20576.694858581966,12303.818075559508,148.0,102.2385331969047,8.0
8304,56773.678289531046,1180.059652820886,58.0,134.07775032952338,8.0
8305,44421.65235135971,3699.8609822705757,244.0,129.0370779573525,8.0
8306,54337.85420062641,8733.77762724321,53.0,130.90089901899168,8.0
8307,27545.260058932035,9272.085029705642,55.0,108.18680840890157,8.0
8308,56899.14916229861,2871.3908812099103,60.0,116.95725421935845,8.0
8309,44672.67217877388,924.9942108646245,15.0,115.4364196026858,8.0
8310,50108.277397517355,1179.757942884508,100.0,127.32348067202012,8.0
8311,59175.23352396887,42155.797147351586,183.0,124.56444550844276,8.0
8312,48302.71328628536,4600.69374681399,423.0,127.9630585090826,8.0
8313,52984.06052496844,9806.190622928165,65.0,117.5566756108103,8.0
8314,24926.019321166772,10675.15490208726,121.0,116.25944774699134,8.0
8315,58225.78871925756,18953.108516905842,44.0,123.9974714875484,8.0
8316,45119.829261211285,1179.9644866677716,60.0,127.54553375850017,8.0
8317,48995.74026381261,9032.806938172303,43.0,118.90493249271496,8.0
8318,37409.52925969433,29152.329289288755,153.0,107.13411636045403,8.0
8319,14115.712977789366,6692.617191829426,30.0,100.88426008045086,8.0
8320,24761.540270437807,6640.80383890444,110.0,112.65499259233584,8.0
8321,39448.55936343555,26659.180966567033,87.0,116.63696910642656,8.0
8322,6624.609613863938,736.6468870457904,189.0,117.56571298398792,8.0
8323,40956.64328728929,19927.485283757058,117.0,112.53322530654596,8.0
8324,16531.695811298297,4310.425267084431,38.0,101.04414512462317,8.0
8325,36003.173928830714,735.018166294325,11.0,113.15079227132709,8.0
8326,57417.16597722304,924.872330745983,61.0,139.03209278743807,8.0
8327,51157.08817514514,12226.04803862669,104.0,130.52498816005377,8.0
8328,50174.7179752159,5752.110865965352,431.0,118.66880903799489,8.0
8329,32712.64577283332,11088.086006225614,71.0,113.19258443928197,8.0
8330,22116.420495361577,737.08473278576,83.0,120.44352340649337,8.0
8331,45731.8526206566,9281.03311951661,206.0,133.56332160810325,8.0
8332,57173.24491384973,1179.5109886665139,303.0,137.77011641794303,8.0
8333,52136.282491325066,1744.828241137873,93.0,131.08718924250897,8.0
8334,55249.47840936381,10949.20154937922,117.0,120.01809862332158,8.0
8335,32728.501724998947,11398.930408148517,541.0,128.60822676104837,8.0
8336,19142.542649682666,1741.1772086761057,196.0,114.47543520334945,8.0
8337,31863.05334163448,5975.526910423132,63.0,113.01055549584574,8.0
8338,6516.200426380134,4682.921394686541,-47.0,92.90124194845063,8.0
8339,40382.34987385462,28827.294559043596,-44.0,111.08633792988688,8.0
8340,19183.412957149292,11109.961560537718,62.0,114.02298550897248,8.0
8341,41981.02886954338,6628.12286214532,143.0,116.51174452502525,8.0
8342,10252.003342852126,9426.157377473857,-215.0,92.66395800432024,8.0
8343,51372.24229826197,2875.673791648082,74.0,121.53920940567319,8.0
8344,25657.54775872616,24938.961877536527,-75.0,106.02837532345258,8.0
8345,53048.97250950283,10279.944705821328,303.0,117.25445744607406,8.0
8346,55827.22289065049,2360.9577218694862,32.0,116.81093125822139,8.0
8347,44646.50288333227,5904.256214060594,14.0,121.01990674343854,8.0
8348,32221.662989956876,5975.568252973448,59.0,114.26841568699703,8.0
8349,40872.06915027984,6183.0031077726435,235.0,116.2185050485231,8.0
8350,58198.850647380365,7468.935752185111,31.0,117.53745844789682,8.0
8351,59654.70416313269,54191.571329623934,-33.0,114.57491692996676,8.0
8352,23034.404190118184,1181.2718616934312,43.0,113.96416213101557,8.0
8353,7183.267612343148,1739.1923447888219,67.0,107.19602662023289,8.0
8354,10625.08803522752,1738.1415457337312,107.0,115.75890194241319,8.0
8355,15075.549492557082,4854.360066923468,125.0,115.40717826950319,8.0
8356,46737.57833288616,924.9687833110781,12.0,118.14123216238488,8.0
8357,54301.33175856957,1180.1492040921084,14.0,124.37305413259932,8.0
8358,41568.336170839386,733.6233432373798,155.0,150.11174903931715,8.0
8359,28110.633913620735,9615.032471468412,132.0,119.61774007013216,8.0
8360,23657.058260643546,14096.892861183585,147.0,118.66203395976964,8.0
8361,44791.638646427156,1469.3424107536061,156.0,137.00927249067968,8.0
8362,45918.65211227471,8454.65906272943,75.0,117.6847382172619,8.0
8363,33241.08508905528,13705.872984261428,77.0,119.67339306495602,8.0
8364,48440.61861275777,20985.99154008521,156.0,128.62911053828563,8.0
8365,27941.757828557224,1991.6974591486703,63.0,105.7476046838458,8.0
8366,40880.49755450705,2362.603613623958,65.0,115.57382505908376,8.0
8367,23635.085831704844,924.8766336674661,52.0,117.35262463766136,8.0
8368,9454.550085437006,8272.625068886315,-230.0,109.25352103730442,8.0
8369,43545.557392768314,3090.183732187017,388.0,133.65589880188472,8.0
8370,62065.57414393668,51830.09266522275,204.0,126.11134681052684,8.0
8371,30192.448666730477,23531.692246526953,80.0,109.43323208493598,8.0
8372,34461.11638719636,12132.523916340693,514.0,130.02115953484298,8.0
8373,28052.638682363307,7423.6644771272995,186.0,103.54847357289825,8.0
8374,23423.60800055196,1741.7102522551004,82.0,118.42423834894672,8.0
8375,32748.47651205381,7116.44947978176,192.0,113.85710824440795,8.0
8376,61557.87397715538,21578.369884496904,76.0,119.81116828263228,8.0
8377,46514.48864619199,33718.43152749202,87.0,118.7815073016477,8.0
8378,20560.312125535667,12113.72510457898,321.0,123.7117203536684,8.0
8379,19533.97126604217,735.6730987293305,4.0,105.61550556642537,8.0
8380,41674.831809004805,30113.28150151282,120.0,112.63908845314617,8.0
8381,45733.78923559971,1184.2718252940954,46.0,129.76053380745083,8.0
8382,37755.26273264438,4517.179806791788,95.0,119.55826257433417,8.0
8383,44702.92195614561,4735.108284595376,273.0,125.16466899382284,8.0
8384,42280.31051208732,1990.0736836970993,74.0,121.5357182093764,8.0
8385,47757.62223716409,26218.68126919914,-3.0,116.9355475372506,8.0
8386,56970.474743014616,2359.8232689932793,192.0,132.99156440690751,8.0
8387,52056.500969259025,1179.7607955752735,73.0,127.1355979008754,8.0
8388,20299.22269531673,6640.453661019106,7.0,108.01463410953967,8.0
8389,12663.583352990816,1474.3344410451355,17.0,104.4991392664099,8.0
8390,42157.03529723812,737.439740633092,116.0,126.2119254370987,8.0
8391,42681.971372628956,733.707797726778,211.0,135.62195878766948,8.0
8392,18980.217590948403,7590.545954434893,50.0,104.21165169517614,8.0
8393,52650.528594210475,738.8575025873822,159.0,134.8482996339723,8.0
8394,46105.82126470888,5752.640572707612,66.0,122.54964587273713,8.0
8395,46262.59306390981,29129.480944994953,68.0,119.32234655034684,8.0
8396,47781.02954754472,21325.123670566925,121.0,111.26412115319846,8.0
8397,57818.831729788224,1179.2175815275602,111.0,129.7006458360692,8.0
8398,55827.64326019355,1180.2140722657718,19.0,123.01245349419875,8.0
8399,64714.78962857353,5924.595662536394,113.0,132.87008416727465,8.0
8400,36235.26402641773,16297.233432593339,133.0,120.4000238571692,8.0
8401,47633.81113271699,3771.736615403666,115.0,123.30215949987556,8.0
8402,30558.625869349977,1849.8493601861596,108.0,124.15454859050116,8.0
8403,59175.736790585506,1184.468646927691,19.0,122.93292156284424,8.0
8404,35774.114849474056,735.6815453376814,221.0,133.11303849881898,8.0
8405,33329.25274132588,11123.26839410464,86.0,109.7142597450126,8.0
8406,47549.199646304296,27311.305093419436,219.0,125.13505269474773,8.0
8407,63949.26933180139,924.7928860045257,13.0,132.72395668549137,8.0
8408,39734.29006575278,2362.289294077597,78.0,120.61031290119334,8.0
8409,35775.07772832648,4312.556910412623,55.0,115.97486217859564,8.0
8410,34191.85201964447,1742.1592607009698,23.0,115.41965256879102,8.0
8411,26161.099507456376,5971.628161129204,74.0,108.02136987572838,8.0
8412,13481.090511703822,4049.9485410169264,114.0,104.11734715960452,8.0
8413,26558.832225803926,6687.196684390229,139.0,109.9243280913668,8.0
8414,15414.379441267149,735.6626454087453,27.0,109.655715645685,8.0
8415,13279.398919410602,2870.7268566054668,33.0,100.31871609171026,8.0
8416,68655.82358666092,1184.8369635317727,132.0,133.59005961928892,8.0
8417,46642.624957750464,1850.1095975637777,27.0,116.83096939978842,8.0
8418,56098.036963790895,924.8029291507255,61.0,132.4495889384247,8.0
8419,38577.27097570069,2876.1488915071436,26.0,117.16962350879425,8.0
8420,20603.690983696346,9330.05735917064,60.0,115.62113333271432,8.0
8421,35663.81883097208,1474.0526445930798,407.0,135.41747728775232,8.0
8422,62573.83757106524,5896.449905546985,49.0,134.8652847575172,8.0
8423,18042.1565340929,5485.871879599554,411.0,125.47688583055293,8.0
8424,56065.630736131425,34429.94384726035,324.0,140.29060342284632,8.0
8425,28616.45270121414,924.851335355378,79.0,129.71668551115548,8.0
8426,47172.959135575715,5549.924790633263,343.0,131.02676538354484,8.0
8427,39374.1227591929,1182.516240951985,126.0,140.32700769397582,8.0
8428,27808.55874697485,8308.394037759732,172.0,119.59685527391652,8.0
8429,43920.13004170794,1184.4121509817755,15.0,114.512514211387,8.0
8430,48267.18144295442,3540.597728609681,52.0,121.23044994788069,8.0
8431,31290.8073049404,14855.729381844343,31.0,115.98751945614785,8.0
8432,16276.761956069751,735.4984422872595,23.0,114.63751475583109,8.0
8433,30225.361030340588,21397.404290725106,21.0,106.80940989543535,8.0
8434,45701.287089343714,5597.842731837653,280.0,131.18533949555305,8.0
8435,55683.93113079148,11770.657517984617,53.0,130.1176047494746,8.0
8436,42294.403087924526,18999.981353795185,23.0,121.89867061436708,8.0
8437,10953.583144066186,735.9908840964905,39.0,115.98423807186948,8.0
8438,23907.4464040513,2883.873404919987,33.0,112.73246936970521,8.0
8439,55801.83600463606,13344.449232299972,63.0,120.06729841362025,8.0
8440,46223.20387203829,26278.351814330486,86.0,122.28013016816267,8.0
8441,29432.00830848375,8285.239677337724,72.0,109.27401893220387,8.0
8442,11483.687074331827,1991.3148571474962,199.0,119.66733511031961,8.0
8443,42742.428831105266,35388.4609138957,68.0,115.49053471399174,8.0
8444,19537.733313878092,17812.91958367312,-1.0,114.43470264950003,8.0
8445,55234.8512934199,2871.39981074146,60.0,119.66339710922628,8.0
8446,3772.335709889811,2870.9671341514304,-13.0,87.6486222725563,8.0
8447,12655.130993035324,3087.1506887196883,210.0,101.20838706604634,8.0
8448,50757.970153338734,4599.423344875992,425.0,131.9118890000724,8.0
8449,30977.177347636018,1181.8782333495217,2.0,108.96137158227381,8.0
8450,32147.03957333543,16434.137348783206,140.0,118.94031932728385,8.0
8451,13893.382825425138,924.8958707033689,67.0,117.02025057614678,8.0
8452,37341.130729120894,10244.053208215268,158.0,111.53507553774872,8.0
8453,57661.38085163101,15686.393803732355,279.0,128.4003991835006,8.0
8454,15425.366496017277,736.8806890828397,15.0,107.40865684268813,8.0
8455,22317.2532461563,20585.455801712065,13.0,107.07465260426568,8.0
8456,39717.91555486202,5206.3721662719345,62.0,114.70659261599218,8.0
8457,46656.41929329699,1180.5298576511434,134.0,128.98503619064115,8.0
8458,35909.609475560916,6685.280971066393,56.0,117.20997589862928,8.0
8459,55267.83266321459,31405.410571168097,132.0,125.75493215908001,8.0
8460,36072.50015860765,924.9221629047925,46.0,118.91649734380916,8.0
8461,48781.267779741574,1992.179750319568,99.0,135.50281866942532,8.0
8462,36952.077240433435,2392.537183568718,68.0,118.74395646202431,8.0
8463,5973.535568398532,3982.4813236481177,-57.0,91.07550485712899,8.0
8464,17060.39948069788,3139.798199239691,18.0,104.52262390554849,8.0
8465,50747.68901300474,1183.402397103176,94.0,124.13096851518694,8.0
8466,37462.311622310626,924.9482784476522,92.0,124.93484363246941,8.0
8467,50613.97906593954,924.8813237367415,70.0,138.482600870576,8.0
8468,30610.481033382574,4734.08529520872,339.0,128.141659948159,8.0
8469,47994.41904214433,2871.5633105156567,90.0,120.5772507247709,8.0
8470,36614.968878809144,1740.656125538397,121.0,126.62380172720123,8.0
8471,23504.326280969744,8613.47558056877,85.0,112.1733270215896,8.0
8472,43541.63495676779,1184.398564558701,31.0,117.62637304435066,8.0
8473,50535.946216932054,32000.616060643504,161.0,114.57089298232951,8.0
8474,31335.83745353362,924.9760031543243,21.0,113.47183269202424,8.0
8475,44079.7822650204,734.6721587303944,87.0,136.86472690084776,8.0
8476,12697.118618701106,1182.7215386503879,17.0,108.90673465551865,8.0
8477,54435.42491012224,52464.985669447415,35.0,113.27835528951023,8.0
8478,47559.10906526684,1744.9685050121707,33.0,117.50787267760478,8.0
8479,24352.59867241367,2882.8150434026898,37.0,113.23249357898777,8.0
8480,47028.62730434798,28915.25147317408,132.0,114.87481574071379,8.0
8481,15075.568689545908,3142.8039878140503,72.0,111.01711144584195,8.0
8482,7589.589536915869,1472.1689166928293,25.0,97.84533789890543,8.0
8483,15642.308832657238,11056.490983862279,62.0,101.13472737332624,8.0
8484,56984.14295054473,13218.453578908044,55.0,120.36115609935865,8.0
8485,43479.373731481595,1850.0155006241075,105.0,128.43917814989885,8.0
8486,22023.43908522163,1183.2020138185555,16.0,102.10434171371749,8.0
8487,11759.436531410514,924.904754845183,17.0,109.79118122845783,8.0
8488,53528.9942747837,15536.530748177238,198.0,115.73247255790184,8.0
8489,56925.6554061632,1184.519563594748,32.0,124.15354566238793,8.0
8490,13290.9299094872,2209.854553501504,8.0,101.05159095438026,8.0
8491,42341.78817313317,25319.086513902967,183.0,121.71695863633136,8.0
8492,44695.02656340283,26984.39342054709,315.0,112.2537223679011,8.0
8493,38109.30932171645,9235.92206446447,137.0,116.98662317793094,8.0
8494,46047.396586732735,1180.598330586489,64.0,122.82904191083045,8.0
8495,48212.53095174595,2368.9535360867635,33.0,117.70849871123472,8.0
8496,11402.951788282755,10248.243996150013,-84.0,113.1940818108352,8.0
8497,34312.142217394045,24851.20327769992,53.0,114.34007331836632,8.0
8498,25495.26372730672,5127.9240998170735,83.0,108.99067578833335,8.0
8499,64406.73242216835,7108.020801552425,202.0,127.26168604264814,8.0
8500,19436.935829919224,924.8531486629587,148.0,123.70199676576003,8.0
8501,37263.74972333264,17179.604970026016,116.0,108.98148340734393,8.0
8502,22514.65549652233,924.9281538626126,42.0,125.23262022570557,8.0
8503,43176.21086573775,733.6047268663415,10.0,115.85827043816776,8.0
8504,20823.175654486255,11317.188147690467,264.0,123.37119990773031,8.0
8505,21212.206951604476,1472.2701798569535,10.0,114.7042300400066,8.0
8506,40824.733983494996,925.0676911287984,15.0,117.70846964969701,8.0
8507,55427.794942807894,10408.502322280177,215.0,127.13280654606831,8.0
8508,10947.51614262669,4787.071813167842,25.0,101.04775250731274,8.0
8509,21131.435514703615,6880.190253072321,135.0,104.85717499477335,8.0
8510,42364.065956294646,2211.047862725977,91.0,113.00975636668741,8.0
8511,37046.47709504699,924.903277281418,7.0,122.22822812602128,8.0
8512,40767.81395312848,1743.8168193277447,252.0,131.8467334645808,8.0
8513,20709.934540493672,3683.4479933814946,110.0,104.26012752771018,8.0
8514,54987.784240271234,3145.5485295836847,48.0,126.15032693031415,8.0
8515,41710.375155303955,1736.7208886583724,21.0,120.34922390410927,8.0
8516,10373.753603571988,736.8992687375406,-8.0,101.33452279927442,8.0
8517,43420.11057094836,28377.039624564113,87.0,117.06232467510117,8.0
8518,49892.80244085407,924.8119000971117,19.0,127.49997514147796,8.0
8519,34539.08257351305,734.6093120678909,238.0,134.61214408764104,8.0
8520,39207.255168228025,22197.13694555546,489.0,134.68852203690918,8.0
8521,47221.13961633983,3771.4454237863647,227.0,128.97987999113454,8.0
8522,47455.41658593842,3541.574541436209,416.0,134.66572377487051,8.0
8523,34156.15961911806,8285.229798750808,332.0,128.00952624481056,8.0
8524,43687.538799291884,9614.32250369324,377.0,109.72006701456661,8.0
8525,41673.92376689501,5864.387497201212,249.0,118.37353827987712,8.0
8526,58395.76439163503,3984.9488804341304,212.0,133.31753576659383,8.0
8527,48770.9361426025,1849.9522199146563,208.0,144.01695381508847,8.0
8528,36635.02307451889,18319.188451099024,41.0,116.35369983080093,8.0
8529,31486.813984037904,3143.354709168317,75.0,114.48908318209286,8.0
8530,51210.40683073505,7435.991804473229,304.0,120.80331606005917,8.0
8531,33287.48192828914,17143.95230298961,61.0,113.97750798047527,8.0
8532,36070.642021037806,1849.7684020761126,64.0,111.38646506634875,8.0
8533,47139.46381276805,16883.330818408456,120.0,118.22902221115875,8.0
8534,55569.775135416334,7825.239595081666,441.0,124.79241698488772,8.0
8535,48897.82421406572,925.0292499714358,201.0,142.47881662872618,8.0
8536,20821.833829356474,925.0104958905708,74.0,118.5927918423897,8.0
8537,58860.448540558435,54826.154982143205,-117.0,115.76568834553878,8.0
8538,54926.5153527176,13456.29324290014,402.0,130.65322968799455,8.0
8539,54893.98525048328,1179.6126324494812,18.0,117.10509965673984,8.0
8540,53658.63764960258,1184.566983666476,29.0,120.18612342863817,8.0
8541,35342.438066789975,17222.902382775355,44.0,114.74334356291942,8.0
8542,26054.24045263749,5968.515388940919,130.0,104.10969216753168,8.0
8543,15051.709005929171,13345.92621250341,68.0,112.91810296490739,8.0
8544,51808.7095099285,10261.164952468029,33.0,125.66779400135965,8.0
8545,47263.872338484674,3699.900423311937,186.0,118.19805315271319,8.0
8546,35153.05262468131,2362.313392062862,113.0,110.3657711871202,8.0
8547,56588.695696280665,732.774820399858,31.0,128.15314946688875,8.0
8548,28650.618495116243,5906.101452804169,363.0,128.82135250130452,8.0
8549,41173.114565567535,9417.943145862037,29.0,119.14181910033098,8.0
8550,12046.396515368711,924.8872634329485,18.0,104.544799440041,8.0
8551,42089.87110204293,23081.815710805917,84.0,121.66639475182313,8.0
8552,48599.77424038692,1182.8875016957995,181.0,132.38137827806682,8.0
8553,45417.79708117029,5549.843360580142,144.0,127.36376408118277,8.0
8554,53160.71343436321,5902.290112741214,64.0,123.43735006251794,8.0
8555,34319.96615164921,23845.786907495334,-5.0,105.52561644370527,8.0
8556,49437.11277357862,9948.359357283221,207.0,119.62284032577088,8.0
8557,31866.52267252912,3772.0738913112964,95.0,116.40895340816832,8.0
8558,37464.51746352413,1849.7056431509395,65.0,119.77577423827833,8.0
8559,53968.93428631723,11197.042426000082,68.0,123.48711011801537,8.0
8560,44076.14510688256,733.596033198061,11.0,120.89940727102619,8.0
8561,41864.63908183747,2367.4247198315466,238.0,122.53597493928046,8.0
8562,49895.29339384993,924.8443206472671,207.0,144.4756600329912,8.0
8563,62729.40432994262,1179.4239484259576,36.0,125.21035727594204,8.0
8564,29425.80125372671,8452.897797620994,328.0,115.93686872036491,8.0
8565,34197.08753258448,4785.808206655692,47.0,118.79172694507844,8.0
8566,37677.48032986009,2361.3007736857085,45.0,117.56313597521027,8.0
8567,58300.483547521464,10948.603890953713,76.0,123.4627986256744,8.0
8568,54824.42952398918,1179.9319709602053,318.0,138.02935015876534,8.0
8569,43980.06084923764,8227.202670162775,268.0,128.43099610698698,8.0
8570,38920.04071405174,21364.603842511944,81.0,120.54050077074385,8.0
8571,41215.08326009639,13294.515752331692,-9.0,115.49326482172408,8.0
8572,32345.757324360082,5970.640300016591,45.0,111.59319817411088,8.0
8573,45101.61907023564,4054.7307086469486,54.0,116.0192824946614,8.0
8574,56200.28563077784,15694.492442260605,38.0,122.36376289073665,8.0
8575,18787.042086723457,7596.759038088047,-4.0,106.32611451499493,8.0
8576,33371.007241404244,924.9258665187198,85.0,123.40153011137781,8.0
8577,55829.18080532489,925.042443248639,28.0,119.96032938104989,8.0
8578,46533.27063510591,2774.679747654347,62.0,120.6338975405285,8.0
8579,17140.04388821438,9576.050389084014,-23.0,108.097541405172,8.0
8580,29000.980132899425,1180.4926224141154,35.0,114.42770486272306,8.0
8581,17589.296752470887,16665.144745414338,-209.0,105.73793287103209,8.0
8582,36517.79240859357,734.1396182823197,16.0,114.60703976352013,8.0
8583,53842.442526114784,7561.593089815146,74.0,122.73965446687366,8.0
8584,42043.75974912015,21012.595262717878,87.0,112.36457582857668,8.0
8585,54142.80880453474,732.7037159840515,225.0,138.54318896853886,8.0
8586,27951.586481437833,11624.599002743025,110.0,118.15653054305675,8.0
8587,34454.35809807536,4854.518763874495,116.0,113.01864475660213,8.0
8588,36001.36849155807,3543.5813765172766,50.0,119.35761888726053,8.0
8589,30283.230531430032,22215.492231538366,60.0,117.84511504985335,8.0
8590,58724.56803364515,17381.25891062108,95.0,125.67969479695665,8.0
8591,36077.77402588618,1473.164300998879,252.0,131.42028545235382,8.0
8592,59871.124599159804,1989.255546350002,119.0,134.60520538947884,8.0
8593,11123.44669841563,10200.770944779146,3.0,101.69211560647467,8.0
8594,42480.60934058592,37689.19731720031,34.0,111.99306565737703,8.0
8595,42035.94637728996,10352.428619346712,96.0,108.74667528060907,8.0
8596,44220.87734451227,28223.674864064833,175.0,110.91482919749753,8.0
8597,21387.995791467467,7436.102907384992,-12.0,117.4959630445993,8.0
8598,37278.0530816873,12836.940505085024,237.0,114.98496083412573,8.0
8599,68961.76809853666,1179.567456105858,43.0,125.25871299093592,8.0
8600,64766.53495459198,924.8145300849275,64.0,144.59007896156356,8.0
8601,51924.33329633219,2774.49043984954,92.0,126.70724950204499,8.0
8602,26922.870613617466,1180.919272599299,23.0,116.44088329037939,8.0
8603,31773.92972769487,1183.902656101222,73.0,122.33875482011777,8.0
8604,32554.249834021713,11390.77851500508,72.0,108.99777942570923,8.0
8605,32590.21667534034,9430.146434604623,342.0,128.6993100321931,8.0
8606,42807.10637182931,3139.0271962643537,29.0,112.59181545359495,8.0
8607,48370.375394112016,4682.980807102946,112.0,124.81511152905118,8.0
8608,45034.97587789713,3980.057130828157,63.0,128.5225631468539,8.0
8609,45837.41506642706,24302.757661772077,98.0,117.60785369324859,8.0
8610,60646.90324068186,924.8395049224403,24.0,128.53745185420098,8.0
8611,30651.537448170162,4604.009719930442,243.0,126.35758615969382,8.0
8612,13905.29838525104,9320.8290225114,62.0,100.25855341440983,8.0
8613,54887.93232267418,12113.954742751752,258.0,127.38608348174506,8.0
8614,35154.05660419267,10173.684941717534,297.0,109.90042045198842,8.0
8615,37016.36678612349,17677.02410541432,412.0,123.2345729331602,8.0
8616,47474.73396296483,9444.023359927956,182.0,131.7174605495087,8.0
8617,18842.426581862233,5479.784895771151,56.0,118.0857343882719,8.0
8618,41471.02814970482,21177.677866905542,-147.0,124.65533450517766,8.0
8619,26524.378950891816,5225.715696542721,37.0,115.71247681769796,8.0
8620,34724.43353926642,2944.9018096928844,327.0,117.74507362276957,8.0
8621,34198.292709165224,1180.190495151815,13.0,112.13568556666867,8.0
8622,22776.030987890732,2883.018662620502,129.0,116.05584818848965,8.0
8623,35342.75349376453,27076.361336228987,153.0,106.98034550783966,8.0
8624,53098.94765254983,16547.148560740232,55.0,115.24118986267686,8.0
8625,28428.16718528106,6388.74173282768,21.0,117.32577811166516,8.0
8626,30816.121931065838,14386.750872936253,73.0,110.89773526545612,8.0
8627,65554.28222633422,1185.4494234620659,77.0,130.95057881200916,8.0
8628,50816.69929777534,38123.86657167432,32.0,122.52962731355852,8.0
8629,32902.13754900649,4682.51522650258,297.0,127.6235555778091,8.0
8630,32671.703877485495,13032.243287502486,263.0,110.63028253765725,8.0
8631,26666.35509469654,7858.90165171512,62.0,109.08511430204844,8.0
8632,7091.633948313733,5909.155229683284,-38.0,93.12693926702633,8.0
8633,31824.560809960363,15200.575464987762,133.0,109.42570573983525,8.0
8634,25139.01040864466,924.9251803073778,47.0,122.8749201501341,8.0
8635,34731.711815747454,1183.0164841926655,46.0,118.8619011068765,8.0
8636,26783.426459562816,10253.37153211548,3.0,116.88358417902091,8.0
8637,35373.53070109872,1471.9117003837378,88.0,122.18081956245071,8.0
8638,41120.335235057704,1850.0160953852035,38.0,123.63633470291327,8.0
8639,47553.52089257128,8890.191161043891,189.0,127.2644549757589,8.0
8640,23389.166967536155,5742.161293090171,346.0,125.5996181133814,8.0
8641,37951.75718415489,11123.976659593754,41.0,113.04543745958246,8.0
8642,40936.30915494978,3771.736615403666,115.0,122.0561434192297,8.0
8643,31757.36337952008,13032.870857067675,145.0,109.65855907110975,8.0
8644,59809.204773854035,25606.971706720735,-52.0,118.6875625692122,8.0
8645,57635.99470784588,740.7931791696552,86.0,131.91613650442014,8.0
8646,37004.656589390324,1849.8394409405917,93.0,126.89010803541004,8.0
8647,31799.720979310187,26574.582867004672,-173.0,116.61969187805761,8.0
8648,48116.25681751616,38619.20619482682,348.0,129.33877387118923,8.0
8649,41482.3060277697,14106.624730882406,313.0,120.8367246207059,8.0
8650,43246.25447204016,18906.552016220157,139.0,113.79235910310533,8.0
8651,34716.67975276475,12814.37154559741,245.0,129.09169141810656,8.0
8652,57775.41391108199,2871.4607188822656,91.0,123.8705263437207,8.0
8653,41856.14916088693,3772.894438759778,73.0,114.19900177757114,8.0
8654,61864.01102162082,924.9555593558318,156.0,147.42121662849726,8.0
8655,31400.389703238565,21890.833434554006,339.0,126.14934055904249,8.0
8656,26734.464951639984,5482.977846513242,111.0,118.14804327362789,8.0
8657,25147.699108731977,1180.8569057099755,45.0,116.42637336701463,8.0
8658,10248.786752933673,8263.0242349774,57.0,96.80386133755748,8.0
8659,42658.514968975665,5243.808743951222,30.0,113.26738355926786,8.0
8660,31341.996038666828,15675.771660473973,284.0,126.55942619054872,8.0
8661,38212.65937570065,4682.869519429151,29.0,119.79023758353154,8.0
8662,24580.29516454501,4513.103047879778,131.0,115.3626166303447,8.0
8663,41979.06023042685,6639.169851999047,21.0,121.92220747030889,8.0
8664,37076.258473386944,10824.102159071137,75.0,114.68327733272952,8.0
8665,14897.18334877644,14100.914083070302,-188.0,101.39525197712749,8.0
8666,48594.95013363344,924.849712479476,44.0,135.13174655955018,8.0
8667,42174.46874276854,924.8876051077855,42.0,128.25800820143394,8.0
8668,59916.14672553306,10577.007544401846,29.0,120.05263419794174,8.0
8669,51010.077551226765,35968.79428418652,87.0,118.73710821966165,8.0
8670,40406.865992689294,38715.918229086215,59.0,120.27935640777434,8.0
8671,46674.839580116844,924.7426645188071,24.0,117.90571849882122,8.0
8672,14096.132829805105,925.0509261787647,12.0,104.2877852177454,8.0
8673,55280.60285069634,925.0014997323724,24.0,137.66175842233028,8.0
8674,44036.110596231985,28994.19577456321,87.0,117.21192067528979,8.0
8675,39822.914651691324,737.2815422070552,259.0,135.28638509151295,8.0
8676,19022.052272346315,14414.572594729778,59.0,103.2837988293014,8.0
8677,3798.0907109504155,3088.2306085794858,-7.0,88.47081349980971,8.0
8678,8264.698519894384,1182.33008885808,11.0,98.25089758131593,8.0
8679,50142.20316171003,924.9770643395027,86.0,126.78720028868817,8.0
8680,22451.561213473953,1181.6478053025037,17.0,109.12924023403367,8.0
8681,55429.54315854323,8077.574800785327,72.0,123.01704720474623,8.0
8682,37346.46778779388,4305.567648181798,107.0,107.6483880172632,8.0
8683,50868.903919694276,13335.249256085395,166.0,128.76146774362078,8.0
8684,29429.225922076985,3550.684319768947,125.0,126.67554575604312,8.0
8685,12827.516900522662,10680.455512354221,-19.0,99.56615503365812,8.0
8686,44628.17375057706,27618.18531598914,422.0,133.68012952407776,8.0
8687,42883.576471271466,1992.1729142288802,46.0,128.4329264110237,8.0
8688,66587.776993982,5204.131182661138,193.0,134.32250517142268,8.0
8689,11079.53290594639,8148.765377017579,15.0,102.99383411262087,8.0
8690,31487.974158540586,9989.336491564613,139.0,108.24320651643578,8.0
8691,36357.87424797397,1740.778849393739,205.0,128.90161770398552,8.0
8692,17401.01674967158,3481.69203094359,53.0,111.22307184147574,8.0
8693,54911.98765533474,1184.8216626782855,29.0,132.33249112100276,8.0
8694,50211.14212054605,2774.914421903804,161.0,131.27229800311693,8.0
8695,46157.084044635296,27704.962426434213,19.0,112.57984927301281,8.0
8696,40756.81287815995,14817.453696305649,162.0,124.33536309271616,8.0
8697,26738.21194269784,5122.082523446241,302.0,131.74109172747373,8.0
8698,27758.195918342793,924.9309943403762,75.0,120.69807736753455,8.0
8699,53604.14734828836,924.9520683743355,50.0,139.35309351180527,8.0
8700,57381.43865838786,3554.036727269473,316.0,122.66559953802073,8.0
8701,22818.41725307009,4312.024278753812,76.0,118.12526212651343,8.0
8702,47902.07762789271,2869.778329328416,77.0,129.49949932321496,8.0
8703,28638.74991947682,738.9882054267163,44.0,124.78396032316164,8.0
8704,18441.759425136057,8841.316771065474,6.0,111.72409271280812,8.0
8705,37160.246942161175,4038.6458983775674,177.0,134.9262216523156,8.0
8706,52130.98752222385,1849.7018842588877,16.0,113.96152810442345,8.0
8707,69648.15616588574,1178.7181609749166,85.0,146.13999423066653,8.0
8708,33269.79013035887,3139.593518558686,39.0,120.52794935490832,8.0
8709,44011.94509752351,740.0910873864768,76.0,128.03077799921252,8.0
8710,25751.899824653883,8743.277118280177,558.0,129.2386684069582,8.0
8711,41726.26870184314,1849.8688795985133,121.0,132.39121614120063,8.0
8712,62111.78603323319,6381.640027201684,45.0,123.7189739047202,8.0
8713,43902.9582960593,1180.0142866345495,56.0,121.52323100081006,8.0
8714,49953.568578195656,13402.826133790937,55.0,115.16234571221473,8.0
8715,63910.642814139544,57249.68326694858,80.0,117.00969966587785,8.0
8716,38658.84773148192,26570.875058820315,183.0,109.7391847036153,8.0
8717,40695.61040482914,20782.669006768247,6.0,110.30461485588195,8.0
8718,39153.57498614494,33684.841385826396,44.0,110.77674125119022,8.0
8719,33593.28940471209,21301.600385688325,64.0,115.27948888494643,8.0
8720,51358.23930987993,43080.58734811171,153.0,111.4949763584763,8.0
8721,52771.89113164568,15451.086069676528,77.0,122.14896714553218,8.0
8722,25445.408216669144,1181.2571123900218,51.0,116.1248093241875,8.0
8723,30762.23421935308,24607.015858107952,-26.0,113.06443685609669,8.0
8724,50141.49546587265,925.1540012149095,21.0,121.33932202833903,8.0
8725,33286.87091259564,7832.455651526254,21.0,122.31379678680696,8.0
8726,4853.606484404566,1182.4927566930708,31.0,100.32906692739252,8.0
8727,26030.675996775346,7420.518271713435,123.0,120.10986891618367,8.0
8728,42283.379940149534,9835.865438773373,-1.0,118.93362220722463,8.0
8729,36176.84866883726,735.2171348118384,73.0,124.1378104382399,8.0
8730,51353.11998842401,30017.756545638695,18.0,124.24243027514223,8.0
8731,50993.070936116725,924.8990190965648,200.0,146.37028991630763,8.0
8732,40057.961789292334,3685.938321723752,90.0,120.04288390409313,8.0
8733,47542.915729906774,1989.7503459821987,28.0,122.89575500519301,8.0
8734,50617.49165589705,17351.53831218862,130.0,114.61535824354408,8.0
8735,42875.46131447823,5488.613637367073,199.0,123.57061905524351,8.0
8736,15042.18591978872,737.9466103436034,50.0,113.80961115634129,8.0
8737,43915.63432246232,4108.871419807741,440.0,134.11888835040725,8.0
8738,24820.56957336236,16544.453212462566,13.0,109.55449805692032,8.0
8739,14970.879395043381,10363.281606378048,56.0,101.33644258411312,8.0
8740,36961.83512013014,2869.9882649518245,94.0,130.36756396113614,8.0
8741,40966.27013257077,29876.232976204832,227.0,124.26786356832133,8.0
8742,30154.802494351108,10256.458303097439,111.0,109.86333283844375,8.0
8743,52448.0824221738,3138.7165336591243,77.0,122.89443963872188,8.0
8744,43830.28839084924,7430.188279546519,90.0,117.20187233158984,8.0
8745,24830.649598632426,6400.458586750798,91.0,116.70804519749964,8.0
8746,63446.085915702664,740.7470542797372,27.0,122.19557867723165,8.0
8747,33698.73769270244,20903.57134408061,87.0,113.8084078361284,8.0
8748,44094.503337308844,18215.277723537063,64.0,119.3610581646138,8.0
8749,43454.22855667396,732.9179625672967,50.0,123.89211286417019,8.0
8750,33012.98809648942,27059.901215939448,-272.0,108.67440413989812,8.0
8751,21381.18521568569,11087.123368539364,18.0,108.00543993088928,8.0
8752,53533.07574175022,733.3487955958531,49.0,124.04112711784703,8.0
8753,41339.24096644714,23614.19943968003,399.0,127.01314725504244,8.0
8754,32632.85269052156,11828.374316512354,75.0,111.21969258042114,8.0
8755,5762.99390749841,2364.725214702207,55.0,104.56265598301465,8.0
8756,52905.94335414031,12970.267719527987,108.0,122.80827075982951,8.0
8757,45715.70943795324,10453.359638577325,103.0,121.76505129050982,8.0
8758,18822.201106249006,17125.578583246308,43.0,114.53472625133779,8.0
8759,38832.37924549761,737.2356746046318,198.0,133.19611572204153,8.0
8760,56945.54582565885,925.1580824152654,67.0,126.13258129687492,8.0
8761,40973.5446446247,19584.089482865173,-106.0,119.25642538292051,8.0
8762,35735.58502255575,1180.3200917729419,48.0,127.39850206750384,8.0
8763,42289.87881202004,2361.0330600923794,63.0,130.09000671259076,8.0
8764,21685.937778740124,1740.4405455483247,119.0,120.73823640486141,8.0
8765,65101.720994352436,7108.3194935716865,155.0,124.54162859552835,8.0
8766,21557.257523669177,1739.4805684715318,107.0,118.90322479862559,8.0
8767,34492.512808944826,13740.254003928892,111.0,111.0384793784567,8.0
8768,38358.60954868314,3079.9745174411255,320.0,131.43789448549092,8.0
8769,11931.309074030594,736.4781261084884,12.0,103.46475288695086,8.0
8770,60485.993009993945,2888.727473715918,278.0,133.82123826445675,8.0
8771,23863.977867894606,4683.017333148213,50.0,110.98694281142787,8.0
8772,43696.377184634606,4682.706476739372,53.0,114.40839484870983,8.0
8773,48288.9816271193,30334.401432848623,296.0,111.00584085439678,8.0
8774,37007.28910133445,12679.829903656988,139.0,112.4687010424932,8.0
8775,50444.22409437337,3984.5496496254646,81.0,132.17461550929016,8.0
8776,40427.46048505674,11696.932225225084,240.0,114.72792703476307,8.0
8777,31751.860694939634,13312.546802069302,174.0,110.9888383287038,8.0
8778,59390.76414535451,49145.804000471166,204.0,125.76742551133296,8.0
8779,42103.77546121141,1181.0947992761446,55.0,132.61761828742138,8.0
8780,49291.79702297867,6516.4329749505605,69.0,121.99390521427271,8.0
8781,36433.462213407736,18318.872794371473,127.0,109.8406727359364,8.0
8782,10174.143538484637,3699.7662116622673,-2.0,99.75228692192316,8.0
8783,47452.60568094118,10279.894578309366,51.0,122.19971141731494,8.0
8784,37874.876686305804,22634.674024298227,358.0,110.55666710625239,8.0
8785,52972.506419640704,11196.99611625952,91.0,122.8512335259539,8.0
8786,14919.582921817351,1182.0828107589944,130.0,119.11562635380245,8.0
8787,27470.535565961953,6286.792547685852,43.0,108.11600905442563,8.0
8788,55382.43220386145,47106.55600375422,153.0,111.88687559947479,8.0
8789,30865.454354896305,13753.368121249125,139.0,110.67570158970739,8.0
8790,34203.1547411416,33473.5801050751,-545.0,104.39420699400225,8.0
8791,50790.30385172639,26932.33923230968,132.0,120.51503556035149,8.0
8792,47840.05107170635,11362.795599095078,198.0,118.54022875805751,8.0
8793,26110.21451791813,11079.824251036063,77.0,111.11726113883878,8.0
8794,63896.52990785279,46276.55390708145,64.0,117.95355044888852,8.0
8795,57156.33665612143,38625.36539324791,161.0,115.18859098446755,8.0
8796,36247.95322258114,3083.4394789879047,231.0,126.22752690942858,8.0
8797,41936.36412697401,16464.592283185244,308.0,127.56138153706006,8.0
8798,19348.964274460257,4514.365219751113,182.0,119.26334115407238,8.0
8799,39262.216348423455,23166.378743092544,418.0,123.56680494861715,8.0
8800,55681.55153897147,44724.66034630899,67.0,116.83278971169602,8.0
8801,13838.353963192698,3481.69203094359,53.0,110.50892324713222,8.0
8802,54696.759246934074,32449.33445654449,96.0,123.73868997533864,8.0
8803,25759.981365188625,11106.170548401074,280.0,124.965440967527,8.0
8804,42595.81123819284,29586.67371890668,361.0,129.70155526205798,8.0
8805,61697.45394444691,1179.6237587940498,107.0,138.62493945146068,8.0
8806,52141.73858346038,2874.0974080374904,210.0,131.20039111620682,8.0
8807,45243.511450457314,733.3056731910872,102.0,144.73925937564877,8.0
8808,47586.9556101621,925.1540012149095,21.0,117.30384348985606,8.0
8809,39773.18987108012,925.0558653535054,80.0,124.206580651091,8.0
8810,23859.101576366407,735.1493837386647,25.0,121.16786579862628,8.0
8811,33304.76602474306,11098.670509261503,66.0,108.57269989606523,8.0
8812,62713.6768237485,7589.793028900715,271.0,130.41521659100658,8.0
8813,42617.87520465678,26904.855851411812,173.0,114.25448658452639,8.0
8814,38566.05581166156,735.7555173546242,114.0,124.92252366173366,8.0
8815,23909.827533001662,7579.8148862282005,114.0,116.87452882245995,8.0
8816,37628.53793522543,26655.415649529506,78.0,114.29128457271473,8.0
8817,51414.520625030586,3772.9847008769625,68.0,116.79199981577966,8.0
8818,27184.886243237852,7545.069504998721,262.0,123.74073232189943,8.0
8819,22721.290285140658,7841.8337526893665,-58.0,105.30071335078227,8.0
8820,27747.31850470251,4624.514053469937,95.0,113.86746690153365,8.0
8821,50425.69326380877,32305.09786439621,132.0,113.90425111455922,8.0
8822,48796.81157961377,2869.9808875887393,73.0,113.39442890031319,8.0
8823,62409.25176848039,1179.5396654274625,45.0,139.8593705486883,8.0
8824,51508.18813070463,4623.631496074194,8.0,121.74981699957685,8.0
8825,18512.764433603035,12563.358115744408,-30.0,103.50822797284805,8.0
8826,24987.768059463862,5474.602265386857,21.0,116.25895813330379,8.0
8827,60932.66288715392,7108.491938000591,320.0,131.82201637497437,8.0
8828,29798.312034497114,3772.597488975977,31.0,117.115131407598,8.0
8829,40958.60192981892,19044.953026736515,38.0,120.50875871811894,8.0
8830,25948.306494223816,5224.335405145596,231.0,120.25625552658904,8.0
8831,25386.373593930337,4613.777788832192,158.0,120.34038479530065,8.0
8832,48171.20785515424,2877.4836947254917,235.0,134.63136545415674,8.0
8833,50056.59320376512,6329.31235542886,50.0,116.9858399527358,8.0
8834,5124.567257605113,3981.734632348109,75.0,108.02946742239426,8.0
8835,36078.90877867066,24058.74071938747,52.0,118.94806020853319,8.0
8836,46171.3431448299,20819.305801469993,-61.0,122.18510032241016,8.0
8837,65091.29494375736,924.802123049901,55.0,136.44490485561153,8.0
8838,44518.69901682178,36975.97142971352,153.0,111.4367774253252,8.0
8839,35909.94704690703,16851.06048557246,109.0,120.32394862199092,8.0
8840,37589.07107997654,3139.6506771863965,74.0,117.31960313348449,8.0
8841,50290.68593312191,3771.5031731116655,394.0,134.28202722410765,8.0
8842,40917.631488035855,734.3327014660852,99.0,128.17750542557144,8.0
8843,34587.7008515376,738.1310450497123,121.0,127.30833964928685,8.0
8844,33856.552762856074,7102.767918731854,22.0,113.15032563057281,8.0
8845,54887.388192760445,924.9388251881744,61.0,141.69990677840522,8.0
8846,51665.34839626156,16326.999762487314,264.0,130.03571832309223,8.0
8847,39557.951263049705,1183.1158236501583,181.0,130.77606702086342,8.0
8848,56462.6431446621,35704.91032305755,111.0,116.53197128117039,8.0
8849,50893.162164843954,1180.6810042123034,43.0,119.65041010291438,8.0
8850,33338.89038905549,14564.803656383741,172.0,115.79906488222144,8.0
8851,26913.289264906885,8356.692743600483,302.0,124.58948684721688,8.0
8852,31235.707295959815,13281.077849399027,263.0,123.81914545537396,8.0
8853,25339.10885312994,4043.7189008706837,11.0,116.34546186329752,8.0
8854,55194.72263619412,7119.662963808966,65.0,117.72018331395812,8.0
8855,63799.34272670224,925.2072644754535,93.0,130.31862099882989,8.0
8856,46833.002824441144,15716.01321466035,104.0,125.05188667514392,8.0
8857,37022.27991087651,736.5691044890232,89.0,125.59585360643652,8.0
8858,44452.40867672881,11123.87225688731,370.0,118.04423172762564,8.0
8859,33975.98072481117,735.9276322240588,123.0,127.95413221265056,8.0
8860,14962.585658714315,925.0135627242266,4.0,114.4950615588761,8.0
8861,49182.768015920214,1989.406431532817,190.0,130.67396245199183,8.0
8862,24201.01408133897,1737.4266736391098,101.0,115.44719608914438,8.0
8863,19212.09568375296,16852.23339052969,11.0,109.2078546879884,8.0
8864,8640.209479364352,1182.1056325046989,-40.0,104.6374152419899,8.0
8865,53553.96397769246,1733.972738008322,34.0,123.41933633382479,8.0
8866,55300.67519897666,8071.199830176727,213.0,132.44601627387397,8.0
8867,53773.92383578138,31526.558557076125,104.0,123.9418024280775,8.0
8868,44419.59377645189,2774.601007227593,100.0,116.42679421391321,8.0
8869,4729.051714778038,2364.1585707237073,12.0,94.12351574540594,8.0
8870,10313.581248127366,2210.0320737369,4.0,102.31081464266586,8.0
8871,44409.63695610926,12117.080028019227,-48.0,117.94106833371846,8.0
8872,45550.18283690175,3552.642762381013,132.0,124.73981876570411,8.0
8873,25008.525854863215,9271.270655227105,-1.0,112.78938432358461,8.0
8874,25972.302922424224,24234.68259835051,61.0,116.53101800984723,8.0
8875,20751.76771613181,4307.18016649644,179.0,122.96699955140853,8.0
8876,54638.10494240216,4855.935504587731,28.0,123.23949702630397,8.0
8877,37187.24829710856,15662.446197609037,458.0,121.37069159055771,8.0
8878,45520.211596166846,5208.121603591881,210.0,126.6127077242908,8.0
8879,47432.632192193145,28364.22025285418,109.0,122.68043001498856,8.0
8880,54888.339110432615,12114.388690782274,68.0,122.30099549140297,8.0
8881,40939.206630748246,21937.535386869826,84.0,121.43162599747414,8.0
8882,42390.60059666795,734.622013889907,37.0,120.99827295671827,8.0
8883,20509.324757453756,1470.1366360055886,171.0,123.49977650366168,8.0
8884,26600.297908304612,1740.4081007522502,34.0,117.69269368194824,8.0
8885,43310.85413489342,5773.696414449735,243.0,128.31626913783361,8.0
8886,52128.83645639385,924.9365211807499,12.0,129.50908760648457,8.0
8887,47172.10565284143,924.9368733920238,64.0,130.76628464140816,8.0
8888,19066.73413734194,18532.954696496032,-108.0,104.51189682651541,8.0
8889,17288.931014553185,12680.76724391113,58.0,102.3551946991788,8.0
8890,23626.04705695201,5888.197614256826,66.0,110.9780522058227,8.0
8891,35232.54747312673,4518.125490078651,263.0,123.71855584549098,8.0
8892,49192.85151955386,924.7858835428433,14.0,113.97263085038685,8.0
8893,43610.51752330553,28123.77594014051,181.0,111.7774296774558,8.0
8894,27633.483017286497,7418.890283318451,117.0,112.0133700505935,8.0
8895,23164.9512226975,14352.9931216589,84.0,106.00955542000874,8.0
8896,49132.875183916374,3540.376391262971,246.0,143.4228503543768,8.0
8897,56273.63072677715,37740.160089574674,161.0,115.10517283104973,8.0
8898,65764.44863294283,2358.7952002622224,222.0,133.5829504444726,8.0
8899,12141.406652016469,3545.821374973445,17.0,106.62073547568683,8.0
8900,67000.35442306324,4060.6586071662,27.0,114.6642998639502,8.0
8901,46831.15986833374,3772.9752244908886,30.0,122.09174895423001,8.0
8902,9509.383765984221,1849.8979335153456,3.0,104.50535995144041,8.0
8903,53046.599767114174,4041.0718850466683,276.0,131.15803272458817,8.0
8904,39030.456883544764,13398.231949984747,130.0,125.05359716536046,8.0
8905,29996.200699882636,9760.402094069996,71.0,108.6827711106979,8.0
8906,24149.037172660323,924.8524758912085,165.0,126.35335262045004,8.0
8907,34276.90668854547,1181.1868189481295,78.0,122.2237490907833,8.0
8908,41302.57396495926,2942.5563873932974,291.0,130.8327971107808,8.0
8909,47325.08395762233,34634.37058383369,32.0,123.52524112589765,8.0
8910,19184.086299819017,7570.92557153834,20.0,105.6390798902656,8.0
8911,30640.80406454056,19040.717603320754,386.0,119.53182835154556,8.0
8912,31035.094212109383,16938.258396221496,163.0,116.19639022076362,8.0
8913,19201.8966044838,1181.460526908206,7.0,105.46189088058456,8.0
8914,20191.211304139335,5123.57710390606,42.0,120.13878229018938,8.0
8915,31709.78975133769,924.8578868286179,80.0,124.33940305270342,8.0
8916,43255.828808373415,1183.55188120516,278.0,134.5899992935987,8.0
8917,49513.45996808589,1849.9758404502368,26.0,118.68217488039059,8.0
8918,46184.39046592205,12666.010363335005,95.0,121.4737396761001,8.0
8919,27929.43395254768,924.9792157803315,24.0,113.14750856616573,8.0
8920,14962.717095995185,6516.142315532516,352.0,122.5013104553374,8.0
8921,27184.986759272288,2871.2207070989016,81.0,124.74154332217029,8.0
8922,56863.17294606722,37813.4941280916,-48.0,117.85578212976696,8.0
8923,41206.65739266896,6334.250121420319,214.0,125.26824325577064,8.0
8924,40697.62378931986,737.7123657637578,81.0,125.39053622155166,8.0
8925,27403.64846424165,7427.754952140522,77.0,115.54329225328185,8.0
8926,34025.28122749618,11698.10316417597,152.0,121.30431843650311,8.0
8927,55235.803337178266,1733.9939649024598,33.0,119.91659385541448,8.0
8928,35366.44585970244,3682.605034870064,142.0,117.91643808306985,8.0
8929,17064.85222685725,1182.7265473225846,15.0,107.86533438995303,8.0
8930,52125.45814159308,5743.589260027548,76.0,118.82399437740764,8.0
8931,22788.127132593232,924.9256098255647,22.0,110.05046225629059,8.0
8932,28710.616702327243,924.8085908648579,36.0,125.30800385796226,8.0
8933,43127.65690326298,4054.19956131776,176.0,126.82573613006437,8.0
8934,38055.784334119766,23306.347096281395,84.0,113.82997038592065,8.0
8935,32544.048057934557,1181.3340250360457,69.0,121.35079088847459,8.0
8936,63030.54218685646,924.843264426522,104.0,149.30276697622236,8.0
8937,26769.46572423176,11926.541856617432,198.0,105.18451058899157,8.0
8938,42853.57063559295,28106.006755223774,67.0,114.14990102091225,8.0
8939,51634.02749724652,1992.61905620737,45.0,123.10104802969306,8.0
8940,54445.126953638246,1180.3647580015195,14.0,122.52297299842135,8.0
8941,15435.587157085385,13761.0508721714,52.0,112.9376042324365,8.0
8942,41868.49607534744,3541.9596188821292,9.0,114.71095218375667,8.0
8943,32337.288217088448,3089.4163139671955,287.0,128.88097071319345,8.0
8944,35178.17093855631,9278.601081682851,208.0,125.13712863696571,8.0
8945,42257.67905339664,17544.59320897444,52.0,116.2863346856775,8.0
8946,36443.58091532922,2885.405506747004,228.0,127.33563414912291,8.0
8947,48426.57824106048,2360.6827730740815,28.0,119.42425487512321,8.0
8948,8612.937991433724,5742.09675610758,-20.0,96.86168059884574,8.0
8949,32141.499951354363,11390.737167893063,111.0,107.57381686458004,8.0
8950,44587.71975895102,5750.962761735914,189.0,127.09970967917974,8.0
8951,17999.643331868647,734.5941706577869,264.0,130.34753234055535,8.0
8952,13759.532407514083,12103.0494792943,70.0,112.20497247878016,8.0
8953,25156.526050542157,14547.399965567913,32.0,114.39844887795297,8.0
8954,16069.415015094532,924.8240157161023,87.0,121.42875642315627,8.0
8955,39859.08733104668,8683.318515927624,54.0,120.18695386799172,8.0
8956,11407.138242119549,924.857293433165,130.0,119.25804194980617,8.0
8957,27881.78561173155,7967.7204993776095,111.0,111.93575591693502,8.0
8958,16333.741972480831,6842.091270508133,316.0,122.22752549043199,8.0
8959,28832.304130575903,1183.0164841926655,46.0,117.50717426646099,8.0
8960,21182.8718155798,3981.252877435302,41.0,105.79155208163255,8.0
8961,35569.47551576215,13748.191840849397,163.0,113.12112556227802,8.0
8962,51811.975830721974,1989.866731286827,134.0,137.93327746122213,8.0
8963,32820.979954637325,31103.75121756947,-124.0,107.83301595182273,8.0
8964,41202.98922983705,924.8765241005669,15.0,118.56993171082296,8.0
8965,27230.70379855153,12190.226143400934,87.0,113.6857967852793,8.0
8966,30298.90964806122,22886.063377409806,114.0,122.19954227005286,8.0
8967,19201.0008890655,5480.535127642715,305.0,123.55789886093376,8.0
8968,33406.0591401998,13457.131289800598,133.0,119.71504714432075,8.0
8969,21997.248171187235,925.0234481232116,38.0,113.90217285939417,8.0
8970,45679.498411036904,5229.824313030415,207.0,128.08679732632817,8.0
8971,53459.713380434354,17820.663127695978,110.0,122.74364539263296,8.0
8972,10369.089385958041,736.5646941304653,101.0,117.18196667330218,8.0
8973,15711.381800544035,5486.14810462876,171.0,117.04867705919656,8.0
8974,52972.62062148045,10201.3528157705,245.0,127.25940698762248,8.0
8975,55419.23921341088,732.7863132921501,201.0,137.50264492555635,8.0
8976,17922.53878213837,5974.747558965415,63.0,109.35624344268676,8.0
8977,34409.769694640774,1989.987931142519,121.0,124.27817215048981,8.0
8978,51985.65578792855,4722.619446509034,64.0,122.44580552858959,8.0
8979,45463.83429363803,1184.7696462230322,128.0,128.84669724126974,8.0
8980,12378.836767799252,2870.4508298422606,42.0,113.90281240291367,8.0
8981,39200.430652062416,3472.282687538563,87.0,119.70719539874665,8.0
8982,41120.92105856277,17819.2456472867,132.0,117.26983283561331,8.0
8983,58456.51673809054,13340.190314728301,61.0,121.67076306850888,8.0
8984,36673.29713725772,16905.72602427646,286.0,126.12635540604079,8.0
8985,45692.23088065916,8288.238652187189,147.0,121.63689079271526,8.0
8986,54797.88317797273,9412.058868885655,420.0,135.59027912787852,8.0
8987,56995.205875921914,733.7409766582791,40.0,134.11677091750673,8.0
8988,48326.430052595286,1992.5828987034447,20.0,124.97406386833529,8.0
8989,42504.335651847185,16465.97476927421,102.0,112.88460618059175,8.0
8990,38105.585040763974,3797.1368425145943,159.0,126.79561513114186,8.0
8991,25174.190274039276,17757.293269274025,197.0,114.87930283041678,8.0
8992,37999.083869617876,3475.017423529443,68.0,116.2121204287962,8.0
8993,57257.71998001342,41162.04204830709,120.0,130.73839281724466,8.0
8994,14048.501915418912,11196.299225651668,5.0,105.18114892834697,8.0
8995,23660.17659163283,3089.465272711263,78.0,116.80195791326992,8.0
8996,44278.06616686277,738.270327509243,109.0,129.45346498921526,8.0
8997,65881.82379510599,5490.977927060706,422.0,135.46680648932565,8.0
8998,45844.85058942723,1181.5600729411951,45.0,121.05717930140817,8.0
8999,51799.45052983604,27756.31348981902,309.0,117.88292466768966,8.0
9000,62421.00015255782,19233.97756622547,65.0,119.98867602656566,8.0
9001,40388.8413965219,1991.639979374707,80.0,121.33546504524267,8.0
9002,50792.49181552355,36607.79854486366,417.0,132.0818078597311,8.0
9003,11694.900011569416,924.9732252814371,94.0,115.8273984399228,8.0
9004,23861.371750124512,2879.8669318302213,61.0,123.2481747221827,8.0
9005,52069.55925328493,45409.54394373885,-144.0,113.12240225380168,8.0
9006,47609.67070700439,924.7281303745649,45.0,119.36518230419598,8.0
9007,30365.73158946827,13756.241737276587,-51.0,111.47542008078906,8.0
9008,59881.292638869236,740.2317043078618,55.0,129.4296538002756,8.0
9009,39772.781483606224,2368.02396670456,183.0,127.59665231468207,8.0
9010,31917.59598953655,20378.469867443087,60.0,111.86497994248374,8.0
9011,41276.37070644998,1989.478507216263,142.0,137.66998819155197,8.0
9012,46515.4421524408,4783.369649882279,193.0,120.73846106315919,8.0
9013,18481.841097468503,8905.943394088858,192.0,101.8876081386208,8.0
9014,23292.241185786683,7591.748288715123,173.0,105.74839640120582,8.0
9015,36221.55146846694,18483.907306719822,143.0,114.67914361619123,8.0
9016,42128.569239518205,1183.5990080174756,97.0,126.16573662167008,8.0
9017,43396.09858781469,1737.7890472100842,288.0,133.54718087806327,8.0
9018,59823.273749066044,1744.8142381583236,61.0,135.75745563184017,8.0
9019,29973.96320222859,12825.163139574332,176.0,107.17308503284302,8.0
9020,47552.30585900629,29432.540370073602,166.0,113.00051953554933,8.0
9021,45710.73974856126,734.3431013041051,205.0,135.06050594815025,8.0
9022,63753.36117263523,46028.38085070536,-138.0,135.98332409397585,8.0
9023,19202.120833433186,924.8939992111308,16.0,119.0887400198238,8.0
9024,37549.609278037606,2361.387470620169,125.0,129.87386186885442,8.0
9025,49036.89152044006,1849.9564519428084,91.0,124.3794807661512,8.0
9026,31481.90940134464,1849.8186378109385,102.0,114.27070076682554,8.0
9027,41366.62452654424,1469.5419633330762,194.0,130.71904321983314,8.0
9028,14226.376536585802,3141.70247913157,42.0,104.18665665437801,8.0
9029,28823.562163706516,1849.8482530847568,84.0,119.45948470921738,8.0
9030,55529.77166483901,924.9225347379648,33.0,129.42462779506113,8.0
9031,50173.765892221956,41896.14558864674,153.0,111.38201835319991,8.0
9032,44642.05357658443,4114.186423867515,17.0,119.2269807782354,8.0
9033,35121.81617822149,737.6124598734556,24.0,119.80514043099005,8.0
9034,47804.34653138821,39526.79619837888,153.0,111.32982765384449,8.0
9035,52722.99053265554,1849.9228066486419,16.0,126.63347733962232,8.0
9036,52068.03946545307,21639.004326134534,20.0,129.00975641338405,8.0
9037,33287.99933238068,13089.154169173775,72.0,113.27737296405287,8.0
9038,50529.59861292114,20302.365347796695,215.0,119.49122702371484,8.0
9039,25488.834066200827,10448.115441715818,77.0,110.59724193230475,8.0
9040,16109.33316614587,1182.901846377624,12.0,106.9428741740666,8.0
9041,60846.42157663741,1179.326087890309,16.0,131.36476708868602,8.0
9042,59646.80123116151,2358.598535814307,195.0,146.8599464096464,8.0
9043,34118.3632029901,924.8478336200045,70.0,129.93818591294445,8.0
9044,25957.17108067492,734.4025503179118,75.0,132.72328365796398,8.0
9045,49909.91161921998,37119.45789183981,87.0,119.36887127743918,8.0
9046,19479.384904166327,924.9106251865397,16.0,111.01894607024664,8.0
9047,35297.655031183094,924.9572685184887,75.0,131.53574936598005,8.0
9048,26751.281026901284,18677.314332381196,68.0,116.8536024567552,8.0
9049,30684.191682592682,11624.773496007303,109.0,119.0009626676592,8.0
9050,30602.987034320715,4624.808693543574,42.0,120.27664919829036,8.0
9051,44649.696144621805,9095.52999071199,258.0,132.1692694549755,8.0
9052,33815.960458916925,9366.495637636468,187.0,115.20114046316839,8.0
9053,43514.73393030855,924.8598729315023,41.0,123.35236970680599,8.0
9054,23004.9075193267,735.2867228942014,9.0,112.79276546879953,8.0
9055,49482.27592696417,5750.7478944733,73.0,113.09594013183928,8.0
9056,7490.133492057703,3477.843725959354,18.0,96.89608455232752,8.0
9057,52531.8995349712,1184.7118062219733,49.0,121.36452705451077,8.0
9058,59980.38633831106,39215.393213985284,111.0,115.60179363553908,8.0
9059,50641.22868403762,6910.858038466069,43.0,115.11990486643059,8.0
9060,14549.221139989279,1182.8163101963444,196.0,126.83393683773348,8.0
9061,31451.692619976086,11601.076481310241,19.0,118.66670286897413,8.0
9062,47243.72847257996,737.2936464361842,54.0,124.36854706334445,8.0
9063,53455.43961292085,18115.286219704023,212.0,130.0482731045251,8.0
9064,15652.570328834114,9820.446382518878,14.0,108.0221147824889,8.0
9065,36793.17420625258,924.9684320838438,192.0,131.85312050605364,8.0
9066,50076.080948254086,925.1579041164376,33.0,120.53739838871977,8.0
9067,41517.756931920754,736.6393023890757,35.0,114.93547054357242,8.0
9068,65390.64443339909,731.1255953370105,221.0,140.2486074413714,8.0
9069,19222.760775885814,924.8257568003422,59.0,125.45175324457016,8.0
9070,28947.4219455521,11393.514453170115,181.0,117.44177231341773,8.0
9071,50488.66933007069,31758.46793073582,182.0,118.0261342908648,8.0
9072,48345.16778154841,4038.960623212856,177.0,128.63578655306142,8.0
9073,55256.29955452606,3551.914304945964,68.0,125.26632411831422,8.0
9074,42570.89509299488,4624.385179039875,59.0,122.62063222433004,8.0
9075,23068.189218803647,4615.726146278783,156.0,116.68301340973663,8.0
9076,38964.48707786893,5955.370956573194,361.0,114.89581992655815,8.0
9077,26771.892232995186,8152.873159334531,196.0,105.55336359231889,8.0
9078,49784.02906559223,9805.388466881373,76.0,116.7346028711369,8.0
9079,13744.676922865636,3548.717779630994,78.0,108.7857838150575,8.0
9080,26741.880701166945,5123.230771850896,31.0,110.58345817907198,8.0
9081,14048.578534874569,1849.7991562937077,11.0,106.16901521096925,8.0
9082,40969.20607450058,22197.46875354396,146.0,110.6963480797743,8.0
9083,20891.93191416073,16100.963487417315,20.0,105.83300685461064,8.0
9084,29395.31264861417,23250.818954559105,-28.0,111.0448406259192,8.0
9085,43328.75753743126,924.9698997671896,15.0,118.92737059056402,8.0
9086,17711.718537737877,924.9069607689288,24.0,109.16135988009236,8.0
9087,19354.627996483974,5974.485816826075,216.0,120.446638611612,8.0
9088,21490.49425617679,1181.535946504781,47.0,114.90143077093886,8.0
9089,49826.80529799807,7082.048028058891,30.0,121.72854464651442,8.0
9090,41996.87294027793,2943.9693000202383,194.0,127.39047431967478,8.0
9091,18512.707353267244,16213.29404941281,-13.0,107.28365101677801,8.0
9092,48795.34295580342,1181.2259715326645,202.0,138.38512520104064,8.0
9093,25762.761074194106,21739.03734829394,20.0,108.92080446507987,8.0
9094,48102.74052706755,8324.759328770446,372.0,113.68010276486908,8.0
9095,45692.450290037115,1181.522756057579,22.0,119.751661757486,8.0
9096,50630.16593880639,6911.3116758412925,81.0,117.69630569937999,8.0
9097,50210.30520262503,1849.9487367758493,291.0,141.26812084498764,8.0
9098,18119.090288421507,16147.93420703766,-344.0,103.82363002201619,8.0
9099,47766.4619243137,4038.825201522704,56.0,113.91838191687378,8.0
9100,14101.595801954956,8911.766139212707,-57.0,107.17328421971077,8.0
9101,58325.77814208209,9415.149339065283,129.0,121.71557931645465,8.0
9102,56346.46331343132,1179.4001794414937,38.0,131.31056061563262,8.0
9103,40519.532895857315,3984.486951064421,49.0,111.6409257295996,8.0
9104,64471.91233547048,5206.5479853460965,43.0,118.69716374143067,8.0
9105,46652.76591072017,7724.5954003869465,90.0,128.9484558672994,8.0
9106,24812.07924367325,12132.950850122736,50.0,116.22321152732417,8.0
9107,39252.18251677869,3541.673376568563,358.0,131.77912318606636,8.0
9108,42152.99185569226,12366.512460800841,132.0,109.83645319218917,8.0
9109,17917.396815290493,1990.8230799660967,185.0,123.33421116437353,8.0
9110,5741.971961253248,2871.13073186759,-3.0,91.93654018673874,8.0
9111,49769.146246376135,17348.789694568637,3.0,118.49982835457608,8.0
9112,22482.207568896465,9099.38569510741,61.0,108.45552364088361,8.0
9113,44783.859687485325,1849.9280336634934,33.0,124.89610031533263,8.0
9114,29084.782343846833,7443.696683364718,321.0,126.25382010251244,8.0
9115,32399.07872529516,12154.501945150427,137.0,122.58927363242205,8.0
9116,43459.35963153478,5743.573249016004,50.0,109.56711312695465,8.0
9117,56711.00392528871,6910.983998428993,21.0,120.62218421366269,8.0
9118,27902.554640217804,10188.424909642707,409.0,126.78561394464398,8.0
9119,56284.445446495585,54293.7677948227,-263.0,109.51666152188949,8.0
9120,31067.866404888897,2947.427643699882,26.0,114.3888696046125,8.0
9121,46620.23131231295,924.80661554837,22.0,115.61714436003226,8.0
9122,17446.947661219216,11973.87334811143,54.0,103.83656625928091,8.0
9123,61933.59016650669,2370.2626016551344,118.0,131.30297415097118,8.0
9124,20094.59968664067,4852.447627116018,38.0,110.51106548723594,8.0
9125,47025.4351652095,12162.50392055231,132.0,123.5323442917264,8.0
9126,49617.84393036582,739.2042423360699,42.0,125.63075628172322,8.0
9127,30275.163119185403,1990.8230113664104,13.0,116.63687121533513,8.0
9128,42272.3156748477,9034.927777117107,95.0,116.90331292299082,8.0
9129,60921.8264388838,9910.813239792744,159.0,133.36149536513415,8.0
9130,53314.196008351624,732.7941684853818,157.0,135.0561561659677,8.0
9131,40147.551086539745,9614.32250369324,377.0,108.09665224334113,8.0
9132,56192.03668406828,2889.162576816067,158.0,131.7484088204381,8.0
9133,15878.113015232459,924.9224541842462,14.0,111.53880505786188,8.0
9134,40286.06124108614,4779.909112496456,75.0,116.0418487528178,8.0
9135,56044.95330251604,54069.954171939695,-123.0,112.39376824004962,8.0
9136,19503.80739825778,18780.640505599844,-186.0,99.79400745172623,8.0
9137,17164.545248376322,736.0523785555544,15.0,107.52307468078482,8.0
9138,54592.537305019476,13874.783112412524,96.0,122.48363351889361,8.0
9139,34732.35960651047,2362.4168166749905,45.0,119.05383335966843,8.0
9140,55450.324261457434,31587.922258360766,132.0,125.76880348973116,8.0
9141,51361.51379815878,11527.367600037149,494.0,143.34243457696948,8.0
9142,11381.734240503829,1183.1986177343183,84.0,114.99776505723823,8.0
9143,24593.26216936443,924.9460984377431,82.0,120.36487716698238,8.0
9144,60721.488982031995,7081.808165453363,60.0,123.74415300013328,8.0
9145,17917.98770712964,16789.994555533653,-21.0,107.64851549989498,8.0
9146,24359.643615111792,4415.960592564922,32.0,115.65184343912668,8.0
9147,38692.5776405481,23851.20591200381,198.0,109.8216062882502,8.0
9148,32995.09955127648,4854.251663743271,247.0,124.27969517626504,8.0
9149,53727.645853988615,5549.950191777977,102.0,124.92006624558803,8.0
9150,11822.820169963788,3683.28426824462,7.0,105.89672806111895,8.0
9151,40430.61141594654,30478.564549421557,446.0,130.1402898221606,8.0
9152,43868.656256777766,1990.1115177297152,14.0,117.0882863709414,8.0
9153,33911.77256575986,14382.732061871366,77.0,119.84150665611494,8.0
9154,38001.37123730949,734.2061447108168,-8.0,109.26402515430017,8.0
9155,43264.110389012145,1180.5201402865616,10.0,113.69381279173784,8.0
9156,57752.266707177776,49476.2112808749,153.0,112.12023566455407,8.0
9157,23901.163782009666,3550.4338861728265,84.0,115.44783055071886,8.0
9158,40481.371128700484,1989.707229436779,60.0,121.66478734261445,8.0
9159,42402.14260891353,734.8482333914126,143.0,131.09073708268983,8.0
9160,57693.28565613325,41597.2240394896,103.0,130.7152197888568,8.0
9161,35962.1282000912,14204.67035550747,88.0,110.45261354834068,8.0
9162,15564.093492864107,1181.705566320946,21.0,113.85589403676656,8.0
9163,15729.06471596797,9573.294687037624,19.0,105.98136075673591,8.0
9164,43627.58046071125,925.0584069689156,146.0,130.38444412815295,8.0
9165,61170.89995727258,924.8112314143328,28.0,131.2798633586925,8.0
9166,45518.14544703085,40045.61932112418,-15.0,114.34542716006001,8.0
9167,25598.398519029906,4607.805472528687,65.0,116.40081215842754,8.0
9168,35912.834546095124,9510.988087208476,85.0,122.79038686142073,8.0
9169,30708.763377381816,12820.133848910371,26.0,116.69177524865226,8.0
9170,16481.288501671712,5218.2195408931,38.0,112.67716710577314,8.0
9171,22904.680240584312,2945.079765550897,28.0,112.44150397155742,8.0
9172,41069.88573716255,4602.846635877402,131.0,122.36991715116783,8.0
9173,33543.5548545648,31848.68045810515,50.0,118.63765140838585,8.0
9174,31671.77746039743,29941.5040837083,18.0,117.94611044498302,8.0
9175,18120.835847618968,1849.815770823196,84.0,113.18367676570124,8.0
9176,46462.62106599131,32361.121875036977,163.0,118.65204554529382,8.0
9177,29826.387120190477,11196.86089583568,155.0,108.52015561410533,8.0
9178,54128.56267845896,3470.722141275934,91.0,122.8439237722651,8.0
9179,33374.79573302585,15252.8919454953,129.0,112.57459214962208,8.0
9180,64930.93018656039,732.4463141512196,46.0,126.544506405086,8.0
9181,47634.65974519519,2774.525209348335,47.0,128.3921632883185,8.0
9182,38083.27996124004,13371.201159059456,72.0,119.07829213226952,8.0
9183,36813.5992798398,924.9082333685428,35.0,118.74033866175509,8.0
9184,13392.039851782552,924.8517807066852,34.0,111.765366725333,8.0
9185,56818.42612184015,48539.8824160155,153.0,123.73269582594855,8.0
9186,15723.71854724326,14798.842878041512,-119.0,99.0599656583649,8.0
9187,38210.46743291365,2869.9892559892764,243.0,128.8329477312739,8.0
9188,21169.16662487136,20004.17686616621,-185.0,118.67457752890576,8.0
9189,30744.224023205894,14872.149126332677,198.0,111.82818426326381,8.0
9190,42993.01389136129,4038.5876652419097,170.0,124.58049128232273,8.0
9191,25629.664209136346,12187.557802258765,67.0,115.19992758552415,8.0
9192,54625.14715462434,1850.123438283716,48.0,122.23654385223263,8.0
9193,22707.054264159196,5213.831875245545,353.0,132.55359493656664,8.0
9194,37027.24700123665,3699.954778064273,276.0,114.9522038110499,8.0
9195,28740.63771102069,3143.437444756901,105.0,110.86136514846396,8.0
9196,54694.82702366845,8356.794236313624,193.0,123.65510484321405,8.0
9197,7544.494144666099,5598.154307037566,80.0,95.77989887877513,8.0
9198,18030.41158071925,738.0065219268145,62.0,117.60935936936013,8.0
9199,47081.41021565385,27312.157990920114,44.0,117.072348989056,8.0
9200,44401.617266093,1183.6719336582746,131.0,128.4671212544923,8.0
9201,51500.89979590202,33378.98598174695,132.0,114.00888631698525,8.0
9202,54295.6946288504,6836.925894715369,387.0,132.83304148709277,8.0
9203,48614.02160827625,739.113959681721,55.0,137.0084248807926,8.0
9204,41931.28501553777,1184.2296201853326,92.0,112.67214085579087,8.0
9205,23627.022588375137,5971.3698163170075,110.0,119.20618244197809,8.0
9206,47226.404776626965,36986.95295179825,410.0,109.1529730031571,8.0
9207,37623.58975784859,735.0246238118239,175.0,129.54527240194727,8.0
9208,35315.33632951875,4852.468010015907,48.0,115.48159256811167,8.0
9209,19548.54391530441,9278.517371982001,-63.0,104.02163050184846,8.0
9210,19437.725352273636,14817.355087708413,9.0,104.4330819180462,8.0
9211,45247.04105265969,3483.5619200744936,156.0,126.27210916557007,8.0
9212,34090.60795972406,1180.8020330310849,12.0,116.5425875194781,8.0
9213,54986.717362252086,924.8441094501084,90.0,132.38115243813994,8.0
9214,52924.39755607324,4597.751928357915,162.0,126.95058120230668,8.0
9215,28600.389916484015,18416.74550307789,116.0,112.79384540373547,8.0
9216,58030.98524396518,1992.011071664306,86.0,128.87458469070557,8.0
9217,13474.642442557039,5217.727158682265,17.0,104.98465461143617,8.0
9218,30934.31164133003,5479.815340152368,21.0,121.94453522528626,8.0
9219,14225.28826219788,1181.6441535008578,5.0,105.51496004271321,8.0
9220,30115.69319423042,733.8259742107267,35.0,129.57314773817967,8.0
9221,41559.20509393526,925.0184921154491,80.0,124.83434693621977,8.0
9222,33404.4605080873,7453.1776379505345,88.0,113.30040500189695,8.0
9223,45125.811698410536,3082.903935322904,122.0,133.6254786200234,8.0
9224,13301.892540102663,1182.6099574087789,56.0,108.70584737277679,8.0
9225,47173.338269405074,1184.917391180831,12.0,125.12525683504848,8.0
9226,53702.39541359226,5231.160701317944,43.0,121.24384428520678,8.0
9227,46352.51947966926,30253.53635718488,473.0,131.63744644198107,8.0
9228,20401.53163836096,2774.733666721862,131.0,118.75054872811467,8.0
9229,53160.10289290213,925.0085593784399,35.0,120.79180576462998,8.0
9230,47598.04866137102,1184.3019569605863,113.0,129.326092427914,8.0
9231,33585.53934448993,14071.712981858842,125.0,133.0083263899771,8.0
9232,22326.639699847055,924.971347614724,14.0,108.94901484926338,8.0
9233,25912.09941022756,4042.0296911355986,45.0,112.83466492212463,8.0
9234,37592.69037290799,28902.62643908549,65.0,122.70391433831446,8.0
9235,34918.168799658335,13901.165429015302,66.0,108.27503014604322,8.0
9236,50260.87424203975,8665.828590230512,9.0,127.05617815361565,8.0
9237,46135.557013048136,925.0014984316299,7.0,115.12964292462071,8.0
9238,5857.013318725527,1182.906582271452,2.0,94.26984395654848,8.0
9239,18014.570755843964,1181.705566320946,21.0,108.55767567030372,8.0
9240,35413.66905397864,737.7153440502371,41.0,117.48928068551156,8.0
9241,19962.208974622474,5222.569860566996,176.0,108.44428008629299,8.0
9242,46575.38999899806,3541.409342376821,129.0,115.88818444844398,8.0
9243,49169.20220417859,1181.3723390131436,221.0,134.24222694112248,8.0
9244,59192.483364052234,12768.405751973874,66.0,123.58945891675941,8.0
9245,46122.319906009456,15247.834748416206,65.0,117.00649942312198,8.0
9246,33757.78644587544,12574.559219725581,43.0,109.96994144078472,8.0
9247,44314.76461955059,31518.506755038645,87.0,118.7504954550808,8.0
9248,34818.731010740084,13315.30486353944,139.0,111.3149035506489,8.0
9249,42590.59395391051,8065.084141831893,42.0,113.8675379583386,8.0
9250,51483.05029714518,924.9060387597962,63.0,133.793911886573,8.0
9251,39552.4139654025,9958.950282313908,354.0,124.97356223862884,8.0
9252,18480.810073387423,736.5670834193722,39.0,113.44523590473182,8.0
9253,61899.84889565708,60232.71927200295,-53.0,123.58289924054215,8.0
9254,41669.93506848696,1742.170635519739,272.0,123.78502400766281,8.0
9255,19912.57429051039,3142.730333593711,70.0,112.96821718335842,8.0
9256,30348.67941392168,13749.24786605029,47.0,106.5744677258728,8.0
9257,50618.8876669377,924.829631819486,44.0,137.85708007248945,8.0
9258,61071.95681300546,9004.09609930916,104.0,116.80162576801635,8.0
9259,43247.994885007254,1734.5495865088014,50.0,118.75574804141986,8.0
9260,27683.30350283412,8091.581289448333,307.0,110.87685597743007,8.0
9261,50971.41640955344,1180.2728190363835,33.0,119.48727335749416,8.0
9262,14354.65921682735,4853.911106917104,336.0,122.29027750642037,8.0
9263,56223.76393099096,924.8193296184496,45.0,139.7458689129148,8.0
9264,42038.32242469084,924.9746095757346,18.0,117.18291831285626,8.0
9265,39705.17204206837,8611.170541439074,159.0,112.9262928881771,8.0
9266,49900.11339428397,925.062823192816,63.0,125.17001202948967,8.0
9267,34723.62467141537,6515.901522418585,295.0,126.96565195283713,8.0
9268,19838.4569284723,18128.668218128438,28.0,113.93260398877915,8.0
9269,61870.477387516556,732.7593504557832,177.0,137.7812625701122,8.0
9270,30786.257975254597,8744.78230025105,12.0,106.79506760804964,8.0
9271,47271.87096213966,45602.33832219726,-13.0,121.32403808374934,8.0
9272,12659.31301229803,1472.953948018123,16.0,102.72830352809147,8.0
9273,22936.816477898232,6518.528084659367,66.0,109.00111188571121,8.0
9274,43494.802692716636,924.9356136437608,22.0,123.21105909104851,8.0
9275,57489.24224715277,8113.101417728831,117.0,131.8919327846759,8.0
9276,50539.82464584709,36359.2613444943,347.0,131.7183916466183,8.0
9277,48771.84454993888,924.7691168227227,29.0,120.14853567108187,8.0
9278,20884.23554680621,1741.093190354852,50.0,115.59509584985592,8.0
9279,20174.580225088535,1740.0737698618364,97.0,122.41868700643882,8.0
9280,27472.108934016353,3139.892442960273,17.0,116.93770855100249,8.0
9281,29992.656544699676,736.8802586633153,12.0,121.65136683445908,8.0
9282,19020.70713121545,8686.44456500944,428.0,117.36945284110878,8.0
9283,23310.398188690946,1849.8618660146574,66.0,113.14016954119103,8.0
9284,9955.887396053075,9103.213598795519,-486.0,92.40938274126265,8.0
9285,52767.71581608606,26863.880422892158,381.0,129.55245722908003,8.0
9286,22934.546955263235,4124.205366101899,168.0,107.68480598717038,8.0
9287,22554.30899987208,2392.866368429621,136.0,118.82397562360684,8.0
9288,49380.72175414771,14510.845533101483,56.0,118.92750105222885,8.0
9289,30956.94228354933,10314.891183499145,113.0,106.81019749254506,8.0
9290,43543.72626126763,1179.8535104242012,47.0,134.45060701445766,8.0
9291,28363.99747160535,3544.0523140064142,50.0,109.89559156231287,8.0
9292,32726.833155498203,12815.297361522058,111.0,110.2096983947183,8.0
9293,27429.310220910593,6665.958947139445,107.0,106.63429394930331,8.0
9294,8695.67142659999,1182.0288256046683,35.0,105.07756184262465,8.0
9295,60294.944586164704,34844.35752981854,-210.0,124.6775989619598,8.0
9296,40111.40016293533,29875.75327379014,470.0,109.30323792110669,8.0
9297,30263.21291349312,924.7992070691063,31.0,125.67339776176445,8.0
9298,41091.47759587146,17228.79419562009,131.0,124.98014264964996,8.0
9299,53828.91325286176,2775.053185735557,62.0,129.17158976243843,8.0
9300,44450.658320298135,12634.896764733316,11.0,121.62327174712826,8.0
9301,36770.03578989639,2392.9927577225776,112.0,123.80269287725625,8.0
9302,13022.224641671992,3478.201556214676,205.0,98.44480527558177,8.0
9303,15071.971395190172,12236.667073033039,4.0,109.40254015567463,8.0
9304,52424.941801604,13135.452437007789,7.0,119.10721129809254,8.0
9305,69115.31609925952,52097.93971293682,183.0,125.89161569942682,8.0
9306,46711.222707168105,20772.608271080942,139.0,122.55021933087075,8.0
9307,48237.6198622389,9278.817239793292,326.0,118.16028665003275,8.0
9308,50422.50944995138,1184.1722746630508,33.0,124.15767137813359,8.0
9309,53424.83120487637,36587.78432767332,82.0,123.63639913419341,8.0
9310,6660.09857772594,5911.468117698758,-97.0,91.05219470767167,8.0
9311,16161.20314456367,4608.444155587353,8.0,105.31559768104604,8.0
9312,30328.25417078367,2870.3911611260673,273.0,128.0280612579448,8.0
9313,22612.051074670715,1182.3947685795017,43.0,119.89269755746366,8.0
9314,36519.108897646554,9417.292335183161,149.0,108.04240488647328,8.0
9315,21912.030388636696,20187.69689719171,4.0,107.26335895546103,8.0
9316,43444.82259246126,925.1540012149095,21.0,116.97341446980136,8.0
9317,52545.44003142156,2871.7562950930997,45.0,117.03597994681407,8.0
9318,53660.5971184073,924.8612244584618,29.0,130.10472175679507,8.0
9319,15682.517817339105,2365.8860715474148,41.0,105.51459830331842,8.0
9320,26289.066494775685,1990.3653420248622,19.0,110.99302304139206,8.0
9321,49052.548080327804,34627.57135664163,39.0,115.51265652201221,8.0
9322,49617.85432550828,2368.7068683251323,13.0,122.85503815273368,8.0
9323,25366.025072220866,6352.2668677042275,470.0,128.51623335871946,8.0
9324,17112.240617300366,8555.106736391792,191.0,106.78670444426838,8.0
9325,43929.833828295006,25307.487513119737,198.0,109.31348770599496,8.0
9326,32848.568529604505,21304.93856116367,61.0,113.92288484903081,8.0
9327,29597.84877413492,2774.848084335581,98.0,120.4901902823504,8.0
9328,59174.88195474169,25300.834834331912,7.0,118.13206436222454,8.0
9329,25370.697949195663,2870.1575086959538,284.0,126.94757313654068,8.0
9330,45030.77842648561,24046.54926727663,141.0,125.87947645538156,8.0
9331,48989.65342196041,925.0121947343272,25.0,118.5364746650813,8.0
9332,62744.42047241887,54465.885979160776,153.0,124.52691053939611,8.0
9333,53824.626871121116,1180.599377481554,67.0,124.56562540584939,8.0
9334,43501.6974160725,4420.124329340273,284.0,124.57460746892,8.0
9335,14039.903258107368,6880.527919568788,54.0,102.91352597765304,8.0
9336,48526.27260763596,6649.455083603614,469.0,129.10760388500145,8.0
9337,43070.436808802246,28224.441692619876,198.0,111.08144445135736,8.0
9338,62319.4980783561,11391.79395971383,447.0,129.61999535131196,8.0
9339,24813.804161843902,20767.15568126255,23.0,107.67933323287842,8.0
9340,34293.236501637104,24092.933356649726,114.0,120.75814537446189,8.0
9341,42218.4102308248,8884.26762697198,109.0,122.44412134783116,8.0
9342,5125.608426568759,4309.696796870715,-17.0,90.47968536375117,8.0
9343,47828.43211462246,37634.1922270299,88.0,116.8473046640752,8.0
9344,15018.585018589372,1182.8863032815507,8.0,108.49558883465699,8.0
9345,47717.3857875597,1850.118584408945,16.0,115.42808458444681,8.0
9346,36376.86380669226,19348.36392142432,77.0,116.68666905475206,8.0
9347,19238.928346045028,2396.7319347034763,39.0,110.1320770842898,8.0
9348,56846.082772594214,52802.984116659965,-62.0,115.48525307867806,8.0
9349,34046.83631390862,22491.19213973194,49.0,111.07508651650345,8.0
9350,21925.792200495696,16478.247357983535,21.0,104.8388023601345,8.0
9351,36983.563020801455,17463.729986187984,77.0,120.57253038614684,8.0
9352,35542.97299669757,2367.4247198315466,238.0,135.1724460562125,8.0
9353,52972.45635159918,9031.59894867715,193.0,131.12765993612663,8.0
9354,54648.976355575964,4624.291324830396,46.0,116.79479468916145,8.0
9355,28032.89673091895,9613.960042760655,229.0,118.13586287859201,8.0
9356,55356.65019511594,1179.7961724655877,9.0,116.06832495408939,8.0
9357,56448.96664937099,1733.690775158005,44.0,123.18246266530656,8.0
9358,42601.51330502164,5754.373066298846,208.0,125.67968393028423,8.0
9359,17711.686724052885,7435.773840275545,228.0,119.89483332533894,8.0
9360,33255.26697437319,737.7215637299371,197.0,131.51260462667656,8.0
9361,51374.08114306917,41591.656290792984,38.0,118.33256762854843,8.0
9362,36972.644462360346,1849.7013699774682,65.0,128.088526657757,8.0
9363,33214.06023551523,16785.416753547637,73.0,111.78083680040952,8.0
9364,36968.29866276628,924.9565965401434,35.0,126.52111078803358,8.0
9365,23478.015836589257,2393.1082543879443,61.0,108.33785395574822,8.0
9366,31189.66208704819,6389.4626393249,29.0,118.01400547330894,8.0
9367,63017.76602275921,60663.97887059844,-160.0,119.04239539809133,8.0
9368,38820.37662422691,2869.962341505953,135.0,132.13249758343667,8.0
9369,21416.268820410765,1182.8705853787526,105.0,122.39533278822958,8.0
9370,15378.886929636696,5126.884399502269,143.0,116.10342729234785,8.0
9371,40471.97002386911,6336.578449519936,119.0,123.81939384394352,8.0
9372,43531.782616688644,2368.210469777035,55.0,129.90038722464374,8.0
9373,18533.669919700074,1181.3062239367646,13.0,105.60725129354536,8.0
9374,32543.329524011024,1991.377484726856,152.0,123.1860269784198,8.0
9375,59208.68469447142,925.095132192761,9.0,121.77710958902904,8.0
9376,25764.634017139197,18403.137857615417,48.0,110.298486599049,8.0
9377,4853.041831762683,3772.0860262323863,-31.0,105.06183823989758,8.0
9378,47778.49925465872,33679.90070704406,163.0,118.81585548377932,8.0
9379,43880.479223734066,21552.932014013157,485.0,130.875747257808,8.0
9380,66278.13862633888,49256.89532607087,183.0,125.53301079850003,8.0
9381,27954.458506194125,2390.5744599578247,258.0,134.14074032062751,8.0
9382,50291.70818783277,2871.5300710785214,117.0,125.06758104808812,8.0
9383,52804.24823682178,19479.67790822147,360.0,119.27777987288573,8.0
9384,12811.581719289912,1182.8521122316401,114.0,100.04278273832195,8.0
9385,24950.929811667895,1736.061329947465,133.0,134.41631773171994,8.0
9386,63730.72781422079,55473.33243870118,153.0,114.58463355217708,8.0
9387,37990.212426316655,37321.81612728237,-470.0,107.65927226587348,8.0
9388,21638.168827265465,12808.346458871993,-8.0,102.2207162663616,8.0
9389,24973.053115551687,4116.171873031141,2.0,112.0953089448812,8.0
9390,47060.909498699984,1992.4582479035266,28.0,124.65406820921996,8.0
9391,34853.70057336803,1469.072757719515,139.0,126.46467512744026,8.0
9392,14899.865501103937,5485.2070920052165,197.0,119.87613010620458,8.0
9393,15669.571737980372,3981.417845983129,-129.0,105.09819685958708,8.0
9394,40986.26311884127,8095.955696569336,157.0,113.75165425765518,8.0
9395,37992.4193636283,924.9582090773551,40.0,129.48092948207926,8.0
9396,38360.17286107662,17473.20290889986,51.0,115.3124577223468,8.0
9397,22722.981049177335,5126.964220279015,39.0,111.36655859035457,8.0
9398,48660.99449478329,924.9131815196505,25.0,119.8178429493536,8.0
9399,43306.99555485259,26290.118787899322,183.0,121.90801634634937,8.0
9400,54350.40996799219,9506.34554340175,114.0,124.89247518290227,8.0
9401,45387.49586603954,37094.67565286444,116.0,112.19988854436983,8.0
9402,28907.300224886265,2870.2204199393955,54.0,118.75726248307845,8.0
9403,33229.35003456227,11727.250344272115,139.0,109.04545201071586,8.0
9404,60374.29447612742,53713.91729197417,80.0,116.59138263010101,8.0
9405,33928.56617588445,4126.539210828511,121.0,111.820671794366,8.0
9406,56339.453570568,5967.802316519987,363.0,132.89906027534167,8.0
9407,23170.521686984906,925.0390437719808,22.0,112.12209667021676,8.0
9408,42150.93771421152,924.9976532713806,42.0,135.6895242318833,8.0
9409,26653.820776722354,5918.03917296089,100.0,116.13639129857602,8.0
9410,53022.49533118913,21330.285808261386,96.0,117.86529149875147,8.0
9411,23689.633936198497,19918.453914538964,-312.0,105.75159615778799,8.0
9412,29591.14151631994,3139.4117056140763,129.0,110.01198044789454,8.0
9413,37854.37731330763,24848.14050428513,99.0,116.3820738292123,8.0
9414,41856.89577550369,735.0048042464847,168.0,132.07978285641488,8.0
9415,54317.11747037717,6379.891422149876,199.0,139.0073752191801,8.0
9416,44474.99056021014,733.5408974396851,228.0,136.6441997178953,8.0
9417,47213.20013430893,924.991407908978,10.0,115.89903520335912,8.0
9418,45687.27266921353,37422.74770586768,128.0,110.30344528718553,8.0
9419,51215.18431738233,9110.827825697428,43.0,116.43030385637533,8.0
9420,24291.15876753237,6663.289396032881,58.0,110.74426021795145,8.0
9421,46206.65304878795,3139.0152999290804,98.0,121.6139626613548,8.0
9422,37317.856103218975,27370.563972165302,436.0,129.50686651095336,8.0
9423,44135.81821622583,1179.5537953257692,53.0,137.75248031450928,8.0
9424,46727.908105358234,9252.151177724953,87.0,115.58390896807963,8.0
9425,44250.981483760115,739.4739405362766,7.0,113.10218145009688,8.0
9426,34851.2042299242,924.9808564625553,7.0,113.9329798714129,8.0
9427,17774.788813544055,11820.970174849132,-36.0,102.42880560841982,8.0
9428,22567.490511817967,9258.73894259557,321.0,123.70087326389472,8.0
9429,10635.647309567355,736.660749022051,39.0,108.67574435085545,8.0
9430,63041.20953269041,12907.154335448007,440.0,126.08733225417164,8.0
9431,43909.72607861776,32953.54961560451,67.0,114.92970306252718,8.0
9432,42687.047076297735,738.537664421418,-1.0,115.54575915180178,8.0
9433,6840.909887546766,5973.090158818397,10.0,97.68039030278037,8.0
9434,46221.22757236125,16443.88880747248,-37.0,118.46060476357566,8.0
9435,44464.361854179566,1734.593194089709,62.0,114.0156614919854,8.0
9436,17588.871041831488,1849.7879886118956,38.0,102.36264073166157,8.0
9437,44307.3497114566,2360.564293689251,16.0,124.17055975300921,8.0
9438,36555.28257185908,1183.1129177855287,110.0,125.42096055530308,8.0
9439,42374.24249157144,1184.404623084355,22.0,128.18341508595876,8.0
9440,43936.58891481025,5902.964330421188,174.0,131.1041389713874,8.0
9441,57525.08329623571,1179.3962126752879,21.0,119.02192132409718,8.0
9442,48117.373289770454,27866.083352130005,73.0,122.80224455724395,8.0
9443,33588.374293317436,924.9179399266967,65.0,123.90648930471836,8.0
9444,20823.872822517522,1849.8820584225273,24.0,106.84448855390815,8.0
9445,52752.68222483712,43055.94761363897,-36.0,113.76068199511425,8.0
9446,47966.46466549868,924.8284768346779,22.0,132.37238376485305,8.0
9447,44882.82764474636,1180.588895162433,70.0,123.29615389823724,8.0
9448,3088.7509748891953,2395.573281308766,-8.0,86.33042489567703,8.0
9449,20225.354974168662,3796.1734611705065,34.0,111.69433184976965,8.0
9450,45329.07727813459,3700.031457808232,297.0,130.87460788054835,8.0
9451,31265.1778032369,7601.451380637036,85.0,109.50487389645019,8.0
9452,31901.081055786635,11829.210873640299,126.0,111.68826938973802,8.0
9453,45916.33285395645,1992.1342996721382,42.0,121.35398501608961,8.0
9454,20787.338628110727,737.4601797208493,114.0,125.14826315746839,8.0
9455,53592.9807687494,9436.256880046445,28.0,121.11997617591595,8.0
9456,35731.99403113423,2361.189783480307,57.0,122.20058526097327,8.0
9457,47013.330030898825,38401.2736725041,-105.0,116.90782732288804,8.0
9458,37246.11109520787,17551.635733287618,-7.0,110.83139765428525,8.0
9459,39697.80739050154,3144.2730355808158,41.0,116.11572256075311,8.0
9460,63077.64672139923,61411.04534905491,-72.0,123.69163317391654,8.0
9461,39659.77261285087,3472.8681496760214,482.0,108.30236788589043,8.0
9462,55824.199473650806,924.8717919067882,295.0,138.5915029546571,8.0
9463,31502.93371925944,5483.322699545515,224.0,109.05416751635032,8.0
9464,13388.934825099486,11091.46908291039,7.0,105.37390043604373,8.0
9465,25372.256154964103,9704.988849987212,368.0,113.56707617828785,8.0
9466,54372.57006707495,44418.44393522124,396.0,132.21235716649818,8.0
9467,52668.97057695673,6638.077048060554,537.0,134.9829258921365,8.0
9468,25243.81169421739,6516.526552500391,182.0,114.2364427080661,8.0
9469,56527.08536163283,49868.753970137484,80.0,116.31782139884288,8.0
9470,49425.122646331816,1990.2900976672217,121.0,128.13470883200006,8.0
9471,24058.60127264437,1849.7938857928887,47.0,122.19167555329219,8.0
9472,21612.50797925955,2395.803147904463,181.0,122.09654973061205,8.0
9473,36163.13912150241,733.4823482095823,7.0,112.02552802256999,8.0
9474,54425.1157724809,15391.58441304809,43.0,120.93369935060883,8.0
9475,35767.32066621728,2885.998477845582,99.0,127.55085241684878,8.0
9476,30599.605843445926,737.4243602045598,76.0,123.23477533405595,8.0
9477,48079.37837678334,35853.201379245416,225.0,113.02829077352168,8.0
9478,41104.50452697321,924.9584167669902,63.0,124.44263466745451,8.0
9479,56364.833217588144,1990.096389580428,59.0,126.62441664545821,8.0
9480,33451.62012512291,21355.868763911825,183.0,108.59749275090802,8.0
9481,10200.88840994936,925.0181713018293,12.0,103.60508819292518,8.0
9482,37716.61762711561,1184.1359599706109,54.0,119.75848829399516,8.0
9483,22231.971935869366,1471.2282217472532,48.0,115.27204433114679,8.0
9484,64618.19819516173,4059.2955617253065,105.0,120.41856032544335,8.0
9485,25880.76739213577,1740.8879418708743,25.0,111.54327021732263,8.0
9486,17901.507980113056,736.6396471431609,29.0,111.38817533099467,8.0
9487,43246.45541426828,734.1911139667208,25.0,120.75691726103751,8.0
9488,43125.4820743865,734.2783674396566,132.0,127.81705877619038,8.0
9489,26337.393878015402,7179.938954830613,138.0,120.66491635464496,8.0
9490,43807.6005705422,4735.36718052326,193.0,127.08506378527375,8.0
9491,27237.275822592146,1472.6436852057643,7.0,112.46908559493498,8.0
9492,53771.3640186901,3699.4706715767056,50.0,117.98206664890473,8.0
9493,47266.60146061971,733.1304248503975,127.0,132.42183980058456,8.0
9494,39259.76408851466,17926.543622018948,374.0,118.7179952586369,8.0
9495,36674.40298574374,2870.111471888034,57.0,119.03530180397712,8.0
9496,54146.27344547448,10600.933243203759,129.0,130.2537851230055,8.0
9497,61013.83228080371,44698.4044655214,120.0,124.8256966050087,8.0
9498,48272.371455252716,31432.095433339473,479.0,131.91240070517688,8.0
9499,56665.885206891326,1179.3967261267212,122.0,137.3452717302931,8.0
9500,29833.019072893876,5479.706216944142,25.0,117.58604114436729,8.0
9501,12690.6948445796,6958.205532813873,49.0,111.60185186654488,8.0
9502,31959.2993204511,4127.6909318607695,120.0,119.75330081090313,8.0
9503,23976.967504148084,13394.470977707098,183.0,122.72296782433469,8.0
9504,37949.8643577357,10200.513553015015,121.0,117.48680023191353,8.0
9505,6512.529970542881,5854.938578619272,-44.0,91.61291676566206,8.0
9506,21537.04583664551,14113.724487765794,-10.0,103.62480650234723,8.0
9507,44693.869592149575,1849.703396207913,46.0,117.49990212060709,8.0
9508,43964.347758606964,6641.24216752943,77.0,120.11140622225099,8.0
9509,27104.2748504933,1181.378477622359,45.0,120.0429350850986,8.0
9510,25362.971848416557,17278.45188187804,61.0,116.35339326245246,8.0
9511,55972.205532727676,2872.7962152997816,225.0,132.91734229628457,8.0
9512,43832.57111678795,4797.9279235217155,103.0,121.08053375871988,8.0
9513,59481.36471127128,2358.9957379423918,254.0,133.77447273900094,8.0
9514,66268.58638731563,4301.925950002399,130.0,134.6839866625602,8.0
9515,49035.37527390983,2869.8069474011936,373.0,134.68912265343545,8.0
9516,56940.87754808886,45252.66118884813,183.0,112.81530819893041,8.0
9517,17658.00874323583,2870.470273800648,81.0,112.71791123889798,8.0
9518,42384.429763484375,734.4473220200651,51.0,122.48842706316351,8.0
9519,53711.00143305835,5119.31702013901,182.0,137.25229541153388,8.0
9520,46053.54632222416,4041.539791025522,145.0,124.51018963483043,8.0
9521,54383.363220163046,2888.727473715918,278.0,132.92000404203372,8.0
9522,24602.996348718116,2885.126866260667,106.0,122.33674912543117,8.0
9523,44780.580782716424,1990.112017144684,38.0,114.89051903621971,8.0
9524,64417.448318545146,51629.14362296377,41.0,120.69980900236676,8.0
9525,52168.948757584294,6670.146601311235,76.0,116.95460474571877,8.0
9526,39800.283845764556,3484.009908692032,240.0,128.32499531478152,8.0
9527,25644.19059849704,11387.462071233813,139.0,110.61958056168362,8.0
9528,43061.36307460296,7435.921410674161,114.0,115.65276744669418,8.0
9529,47387.56356886208,9511.989216142832,33.0,117.50309797054267,8.0
9530,28823.75851519684,11196.694992818884,167.0,112.76236941713196,8.0
9531,14920.17951366908,8273.607303166147,81.0,103.92292935723587,8.0
9532,20097.006253674757,925.0011768849733,18.0,110.4790108940129,8.0
9533,49363.80108774821,1183.5714741296026,149.0,130.52642411488466,8.0
9534,49447.08235090824,5901.207179005983,73.0,120.88151487807332,8.0
9535,41020.62676678081,14961.88329178071,237.0,125.10567035988078,8.0
9536,41471.415121800695,4603.374727122391,40.0,115.42491756920236,8.0
9537,35146.88203374887,26842.8543082666,116.0,109.00863684838217,8.0
9538,24792.592895083482,9231.111554657786,310.0,123.88611459273093,8.0
9539,39072.891626812896,21937.254170684704,163.0,111.51186519949026,8.0
9540,33397.18295288184,735.1930727229368,152.0,130.3686808328241,8.0
9541,59744.61352987601,15806.899540973665,-82.0,124.3804088732202,8.0
9542,33245.74782993884,10944.133951340009,3.0,110.20180310653835,8.0
9543,44095.38291439368,924.7691168227227,29.0,121.17396937821876,8.0
9544,6396.143006121057,736.8112062807943,41.0,106.10442537484371,8.0
9545,35007.750349608075,17052.519980370053,305.0,106.79897899411739,8.0
9546,38995.72780450079,924.8707945532938,93.0,143.54684521317049,8.0
9547,23671.86305943978,737.1856107066332,14.0,113.50076653632506,8.0
9548,49779.11713777961,17220.35289500124,33.0,116.81315920183026,8.0
9549,48397.33055792023,5129.786503135338,60.0,117.96824849791638,8.0
9550,4045.8951382705036,2364.1038221970607,3.0,91.21840361952749,8.0
9551,21354.535389901026,1739.188749262092,42.0,104.95055570827972,8.0
9552,16794.906464694468,924.9911101265087,19.0,108.43753511917214,8.0
9553,27296.99940722991,9613.659435377034,27.0,115.95243216248755,8.0
9554,60753.81455773809,3144.7734795916585,155.0,117.30691869000123,8.0
9555,29405.730063438234,8650.242565782235,100.0,107.67108884952731,8.0
9556,57348.70260713387,7719.536218482059,24.0,112.8333804626869,8.0
9557,25660.001720638706,924.9971305634098,59.0,120.31484013907213,8.0
9558,20497.458210426154,1181.8176573582437,162.0,124.54442114698526,8.0
9559,55402.390103222,2869.925338344646,25.0,122.32495862882266,8.0
9560,47925.58851491952,36397.447491468294,67.0,121.73531481247215,8.0
9561,59323.20935085021,18068.53668868606,76.0,112.26597865279395,8.0
9562,57815.0013882198,45020.35800437543,87.0,120.28514682905393,8.0
9563,46248.54713772191,1184.153492966514,67.0,135.66380887509504,8.0
9564,21417.15144750048,5768.78680735721,442.0,127.19178494504516,8.0
9565,22758.17998895623,924.886982340309,200.0,127.77721666168648,8.0
9566,46197.01341256961,8661.101459412841,225.0,128.57271100577015,8.0
9567,38588.651615934934,1183.7118370559672,158.0,128.84875558502065,8.0
9568,44139.065522357916,1989.6471857008812,94.0,123.58384326960962,8.0
9569,12046.720632497878,3699.8305894034656,71.0,109.99395960399669,8.0
9570,40950.581754937346,7102.751301823533,182.0,118.57808590268394,8.0
9571,40985.68086727464,29457.142562954195,81.0,118.13986536682907,8.0
9572,65369.925415031474,20868.664953814023,44.0,124.93981468385195,8.0
9573,51779.79129912379,3467.2594720058887,187.0,139.82358688831636,8.0
9574,55983.57335453633,3771.976890866376,127.0,125.53136429634796,8.0
9575,20017.2706274763,10592.679698535212,36.0,119.13844227614146,8.0
9576,47554.0298807413,30531.208991269952,183.0,122.70215131202394,8.0
9577,17163.83235892343,6691.160815184404,196.0,118.18666909415654,8.0
9578,40074.890115129805,738.3521334034139,83.0,126.125204926881,8.0
9579,26064.86041272335,6516.137729832464,327.0,125.46914414916708,8.0
9580,42693.47088930067,1180.4066755884867,142.0,142.68206754392338,8.0
9581,37125.3454834915,2391.1919919954157,52.0,119.61810692999242,8.0
9582,47920.72947325826,29804.0350492132,132.0,114.80469495911416,8.0
9583,13460.977450747872,924.8939992111308,16.0,115.97581177999902,8.0
9584,25500.67071119351,12226.075027084997,120.0,117.65569502274526,8.0
9585,49290.87436377896,924.9358208455076,58.0,132.0511686482011,8.0
9586,35339.55145951476,2774.916560422148,123.0,122.68729096692205,8.0
9587,42554.40047346996,925.0564561739862,48.0,126.85848048931393,8.0
9588,46774.02723935146,12336.526197076542,-12.0,116.83285757921237,8.0
9589,10262.916635852594,3086.6082317224455,31.0,97.94125772362405,8.0
9590,63136.08561066022,42378.55546012323,68.0,115.78066163872697,8.0
9591,22773.950909812982,7593.706595472886,29.0,120.01209448967239,8.0
9592,25182.51218915966,6690.177849109527,115.0,119.33932028144014,8.0
9593,24698.331243055858,1472.4345420542538,22.0,114.44329530522297,8.0
9594,15407.593193312674,13684.405171938368,13.0,103.93953694866694,8.0
9595,20756.437880243466,16149.662067236528,57.0,103.92267038673464,8.0
9596,10592.835079055087,4854.117908869153,-3.0,103.55935333797177,8.0
9597,38586.57842263919,5753.570051907142,235.0,122.38006114468548,8.0
9598,31146.30976120751,8099.4087542635625,11.0,116.052281862053,8.0
9599,51741.82988352022,40780.086360254965,67.0,116.24014005605918,8.0
9600,22484.612945459754,9800.28858118162,50.0,115.40107065499066,8.0
9601,50889.5535897121,924.8024026824669,57.0,123.6252996369792,8.0
9602,34213.08258344674,13686.909126810175,68.0,116.75962963213664,8.0
9603,32120.968467643663,924.9996850010319,65.0,121.28643194483803,8.0
9604,47729.22919964328,1992.2997495771447,30.0,129.3153663690136,8.0
9605,42380.72732386694,1184.266802247172,5.0,118.37222293263143,8.0
9606,40987.7999980255,4510.038043290724,158.0,123.87459135228895,8.0
9607,41945.62077923324,5476.8527758911505,187.0,131.1856895710402,8.0
9608,39004.56635916357,4112.690176504233,211.0,126.25230005590453,8.0
9609,63538.63400967143,6411.85772202,95.0,132.70387888191334,8.0
9610,19158.99571439643,13691.335788284445,63.0,104.68247162394668,8.0
9611,39431.28822886402,31118.981555254595,116.0,111.10430789739368,8.0
9612,20525.184333301426,10954.348017487298,192.0,103.64334153362917,8.0
9613,56836.77828729328,3552.9039232807722,170.0,131.89270240003174,8.0
9614,31345.71350390074,23043.310774022906,116.0,108.61231398335937,8.0
9615,48029.73275321949,1742.3380687978763,109.0,126.04972007490721,8.0
9616,47101.44774684427,925.0452696256131,38.0,120.85529225296276,8.0
9617,57671.34286358784,7080.270607631242,301.0,131.05876251354658,8.0
9618,12810.368404583805,11946.62531800826,-52.0,101.9679468036894,8.0
9619,36818.65437880432,10412.763073598358,72.0,121.97195179722003,8.0
9620,53719.712462216965,3137.7390492115933,315.0,134.52746766017694,8.0
9621,25835.181822909264,924.8803240907916,25.0,121.67994355903456,8.0
9622,43538.630949919076,1744.9137946646215,9.0,112.64423068954751,8.0
9623,22408.602660083245,9032.606310468564,7.0,108.56764658569926,8.0
9624,51356.7734781165,32320.402744050643,60.0,123.35647031906834,8.0
9625,46648.21584479969,2388.41931864812,234.0,134.25673511982305,8.0
9626,28648.163243962492,1182.8062267109815,156.0,126.4878720414917,8.0
9627,50773.24708352048,4851.227378552981,44.0,117.55724928273763,8.0
9628,28243.809737827632,10205.021870920898,87.0,114.03447520355797,8.0
9629,50701.79513609776,13227.740001357288,10.0,116.41852303276151,8.0
9630,49019.447759785086,924.8280594842917,37.0,120.4232673216312,8.0
9631,38406.63885719226,31746.488928830237,80.0,113.65548024830494,8.0
9632,31482.622166082383,2774.8868700476824,77.0,115.40431439310977,8.0
9633,42226.36051613128,8298.44151956822,62.0,112.28668797540297,8.0
9634,20077.88701238891,12655.651348226711,18.0,107.60925650742055,8.0
9635,42083.65702871872,35443.30707679219,28.0,111.28166587339389,8.0
9636,26729.42649043497,2362.6784436791904,440.0,112.54289607481928,8.0
9637,41083.06679381508,1850.0870527989898,15.0,121.4299348423008,8.0
9638,46596.313466940584,734.17848898376,142.0,138.03283495831292,8.0
9639,53712.25534412381,36694.65750080659,183.0,123.73838189364217,8.0
9640,25015.834695914436,6474.190282358555,344.0,125.48463970545153,8.0
9641,47194.80222344745,924.930791308741,118.0,142.14573727203418,8.0
9642,20077.85995860636,5237.066333577821,191.0,119.42051815003143,8.0
9643,44229.45487640354,3541.673376568563,358.0,132.71054991543778,8.0
9644,57941.91511051828,3538.9138597904785,90.0,129.5824979692823,8.0
9645,52051.7178614303,7435.93121300426,167.0,132.72180896030326,8.0
9646,54086.857673032566,37765.767726566,120.0,123.79760217823616,8.0
9647,29137.430974434952,2885.641490149422,101.0,125.15738138953569,8.0
9648,41662.450938827555,6403.5501595720525,242.0,122.49858844515691,8.0
9649,30722.177313467713,3980.5173634588664,34.0,113.3757990357648,8.0
9650,43695.67807974727,924.8554368637082,40.0,125.2268042506724,8.0
9651,38700.67581283982,924.8979085053751,12.0,123.79740461186107,8.0
9652,4853.720743376258,3772.4188271088037,-15.0,90.54983544104182,8.0
9653,21760.01599229997,13486.40279501403,55.0,114.55789551732377,8.0
9654,52428.88834569133,33696.93591821717,178.0,118.13471406183358,8.0
9655,18651.21788903149,735.5168796751938,33.0,113.79948235806907,8.0
9656,59639.93352038585,1179.818517655443,33.0,120.4656866280255,8.0
9657,40924.825199519066,5206.969766427798,234.0,128.26072486839217,8.0
9658,40207.61058233257,2774.712727328743,65.0,117.59990607793077,8.0
9659,49913.395773095275,739.0366998288747,35.0,134.744998269386,8.0
9660,36126.86163472062,10256.495325945221,72.0,109.92410176180768,8.0
9661,50586.394305136506,23855.87326974869,222.0,120.95135924987515,8.0
9662,36079.46427739722,22640.31605840893,78.0,117.42965724310113,8.0
9663,55182.44067481189,925.0843131027528,17.0,118.46529021341661,8.0
9664,22573.219428111686,3086.9738469097524,167.0,120.86252386045962,8.0
9665,53748.99540302971,20486.25727262866,148.0,115.72436591646881,8.0
9666,12172.733939761556,4119.286079581804,8.0,106.87104137866028,8.0
9667,39685.1018286772,21729.23961204286,245.0,124.80756828367711,8.0
9668,44814.444988054434,14555.70662829917,155.0,118.16570055414586,8.0
9669,32447.59663315007,925.0191143677197,87.0,121.33812973214943,8.0
9670,44655.03212841611,17354.824861718153,12.0,112.98176120735076,8.0
9671,53217.255304769955,21630.9840819951,78.0,119.70077902677518,8.0
9672,62657.01573557993,1179.5894462984227,66.0,125.82032046582985,8.0
9673,26555.161181713967,10382.298901067305,260.0,113.78809980477513,8.0
9674,60366.61596813826,13943.999949315315,60.0,123.73844892084412,8.0
9675,26581.696306649334,15024.540057697157,56.0,110.56783064069067,8.0
9676,38954.579104595854,8827.709381922827,59.0,121.41680520870071,8.0
9677,54259.56885972174,740.5671907517745,131.0,133.72614585260823,8.0
9678,12809.937444514817,736.8926770281304,74.0,115.48114123497098,8.0
9679,39934.9712571676,736.9724012475627,61.0,122.02370895665597,8.0
9680,17741.447930384336,9463.614567812336,-147.0,106.80899343946842,8.0
9681,26183.502708045988,9029.347449445706,176.0,106.36079665994465,8.0
9682,37952.12436691723,7723.71800318707,196.0,119.31737506277456,8.0
9683,30077.403261870306,1182.7033901700752,11.0,116.75142652316177,8.0
9684,36677.79230345698,12226.506910016218,181.0,110.26985278105049,8.0
9685,7572.087956331855,736.1906069139719,16.0,101.23632868427617,8.0
9686,24798.239316221163,8267.501772987709,201.0,121.84739164312542,8.0
9687,21887.6757378557,924.9424457776076,46.0,115.13938232525292,8.0
9688,48409.18178659323,732.7941684853818,157.0,154.72672614652086,8.0
9689,32465.907834539674,736.4173475448295,151.0,125.21059372109954,8.0
9690,44400.60166298565,9248.590443240984,152.0,118.55485116835025,8.0
9691,36939.69891340166,7863.254734887334,20.0,119.44942719146187,8.0
9692,61531.12524750659,924.6957959364939,59.0,137.92702309689346,8.0
9693,39632.132364722085,737.7123657637578,81.0,125.28870293233112,8.0
9694,43412.232847714244,1183.3925251356277,103.0,123.14694670946164,8.0
9695,31662.955327447224,6389.486359321318,15.0,118.11831124307398,8.0
9696,25379.297505802995,924.8267452512896,31.0,113.47101976711878,8.0
9697,41473.23742004894,14350.52835461208,216.0,124.63593091586282,8.0
9698,61048.54096130772,20722.916766927323,339.0,133.60020625289417,8.0
9699,50617.010831827385,737.9469993321524,22.0,123.6237573632342,8.0
9700,20696.935096983136,3681.842519650833,73.0,108.12401694191082,8.0
9701,14542.798095337394,1181.703251491347,115.0,127.33050310024964,8.0
9702,32405.95083148598,6474.685339338388,313.0,112.057940614955,8.0
9703,37463.09752678151,1181.4104772651633,275.0,148.97405806240835,8.0
9704,55597.13630322538,9005.010775848286,-11.0,124.20860549318431,8.0
9705,15564.208721683752,2880.1150350216303,41.0,112.25492797277569,8.0
9706,58326.961755508884,924.7140029564762,45.0,123.72468437898826,8.0
9707,35532.773574387014,25834.728531855202,-7.0,110.97735182822287,8.0
9708,50653.47657367767,39569.20017199219,187.0,125.54408251329423,8.0
9709,43227.94448410072,10351.20553981651,134.0,120.04888369607878,8.0
9710,40148.12925879025,13378.894591465325,203.0,125.09747543544879,8.0
9711,61510.552263473226,59536.81050390188,-368.0,111.15110775123166,8.0
9712,44420.545143574716,25968.412068232567,27.0,113.48507295567026,8.0
9713,47447.36345950358,3472.94742294211,325.0,120.05111797907784,8.0
9714,23119.986011308083,4513.561913770768,128.0,117.93324388098665,8.0
9715,22253.655656567204,4125.224119589809,93.0,115.17458625532834,8.0
9716,39190.29920803492,6387.502846358471,104.0,121.4906955274014,8.0
9717,47864.71237951513,12226.903406986348,112.0,120.59367401399518,8.0
9718,50874.6595425281,14797.961672448868,96.0,113.14478108708596,8.0
9719,35547.189389194755,16307.924030598746,181.0,106.55734598030529,8.0
9720,40766.97603184776,4304.779963984019,157.0,130.88125202334507,8.0
9721,62646.879283652685,40316.84037944147,161.0,125.9762446718914,8.0
9722,65116.84521550078,4738.594599811027,421.0,133.78669950224702,8.0
9723,42009.09730176625,733.2995212351258,131.0,143.25969238440803,8.0
9724,27011.986517142293,4852.145356215816,439.0,125.5241672682333,8.0
9725,45166.19243146418,22006.20455067709,260.0,130.78056242785308,8.0
9726,50705.08123801965,924.7211872218153,75.0,128.75021941315956,8.0
9727,30233.322239319295,5742.36845653152,82.0,108.77332950439371,8.0
9728,52095.39653854093,9412.584653074975,538.0,133.81633976640876,8.0
9729,60017.65234578601,7080.236002666864,58.0,125.26853906911056,8.0
9730,35072.50173590662,4517.644879932457,168.0,121.90948832397106,8.0
9731,47318.348448756056,1181.522756057579,22.0,121.62731831454838,8.0
9732,33060.87127905652,12817.258620659377,73.0,119.6276622972134,8.0
9733,36622.58665257751,1989.905277036797,46.0,117.09566501516588,8.0
9734,38756.640906386274,8610.48583070567,96.0,108.97220197313837,8.0
9735,48670.12051751223,1992.5326353469143,30.0,124.08689324483005,8.0
9736,23974.778573408395,2366.049648501055,15.0,110.245900394673,8.0
9737,39451.82893307357,733.5614726756286,144.0,132.28106630637865,8.0
9738,65076.84967346808,54887.069966035866,116.0,119.38339551018464,8.0
9739,43743.92073143706,1180.5519986010672,207.0,132.92579668349572,8.0
9740,19914.069053417945,14803.551697882654,-48.0,103.50044277077347,8.0
9741,45376.34845725171,12047.067980983582,370.0,116.60683560385381,8.0
9742,41334.28948818712,735.4213181529519,141.0,130.53624200333934,8.0
9743,52379.90060405415,40899.75021751034,126.0,128.99471832660242,8.0
9744,23220.729997133196,8086.477903525059,349.0,124.81841975192609,8.0
9745,22791.545444336083,22077.84289435124,-185.0,101.64091955887308,8.0
9746,37482.75809572613,2362.603613623958,65.0,119.62696638699053,8.0
9747,27431.06043257674,23399.272258477547,-6.0,109.10427806908932,8.0
9748,43897.18352007669,1179.5574390975805,39.0,136.36593506066853,8.0
9749,54181.94174698074,1850.0298079125084,186.0,131.23304478221428,8.0
9750,52237.89668227634,1183.6614152217269,68.0,124.87599240016922,8.0
9751,18436.558705916344,1182.0716126487998,63.0,122.3518028461569,8.0
9752,51478.63929296449,3551.175590648571,274.0,131.82813250461783,8.0
9753,11099.032652267522,4624.65532567254,-19.0,98.5088304398962,8.0
9754,56266.04494677667,924.7535150001612,30.0,123.81902511347536,8.0
9755,26265.602710603613,15844.160122910524,-45.0,107.16183631166548,8.0
9756,40820.83098151845,2392.464195399522,363.0,133.44979926476606,8.0
9757,44290.02777515928,34098.599173598726,116.0,116.91726151210241,8.0
9758,18044.59227117883,10466.14235127876,209.0,111.33577164875973,8.0
9759,21728.118101572243,3772.396925694232,197.0,122.13842770224701,8.0
9760,68502.85334397819,4719.702531282806,133.0,126.6042833246571,8.0
9761,39728.148928721326,22269.49818485875,109.0,117.77370059620088,8.0
9762,48819.507425790885,1182.9212139598542,150.0,131.04239330263846,8.0
9763,57721.57344302952,38674.719057902905,-66.0,121.38738991234594,8.0
9764,8356.788718265563,1849.8477741439447,31.0,97.74245948787369,8.0
9765,34608.86259136587,14963.106508582434,272.0,124.38422037942519,8.0
9766,54260.87677880055,5230.979431810174,165.0,131.52683003656,8.0
9767,43368.70153797071,1736.9485490236918,107.0,121.42162995443323,8.0
9768,27313.98982990247,11317.262977723918,182.0,110.63773445670492,8.0
9769,10354.176367294376,736.4008164459359,-1.0,99.1835646369447,8.0
9770,33853.306321786295,20846.769031411346,407.0,111.75439410703363,8.0
9771,55082.95916129869,18533.734874115078,55.0,115.37670967096297,8.0
9772,31772.93876001664,24184.942122275785,118.0,112.642504551809,8.0
9773,17559.093815752527,12104.412077975214,38.0,102.23992505151021,8.0
9774,24013.76991643732,7419.718196088831,137.0,107.45482964816621,8.0
9775,43607.293678172144,19917.373269940752,80.0,116.44893993405515,8.0
9776,28790.07989020779,28055.21033652659,-345.0,102.8928864811929,8.0
9777,11756.690785720159,10966.298143670245,-75.0,100.69008944326853,8.0
9778,24375.603609030928,2209.227612513265,7.0,110.03036822993442,8.0
9779,58436.10587389559,924.8230937875454,139.0,133.30155854234852,8.0
9780,64170.26898485317,62209.7021709797,-170.0,114.13665891539986,8.0
9781,25585.505008264357,734.7107884402343,30.0,114.43611971715842,8.0
9782,47670.459731730276,739.595655908504,112.0,131.18235967555253,8.0
9783,56024.12121378242,1183.944423455837,213.0,134.62924473823188,8.0
9784,62628.82315419543,13714.74559258866,-16.0,119.00965952357402,8.0
9785,31775.300287647868,734.3156417995916,11.0,113.82090101692812,8.0
9786,42602.493210229855,8356.62979911595,139.0,121.47809965697397,8.0
9787,51261.89496945262,1180.2540253236793,52.0,119.6624628230978,8.0
9788,36066.16024387256,1738.5182250693674,24.0,119.27062205684999,8.0
9789,41244.87556701089,5891.967302448199,159.0,117.99013987353841,8.0
9790,25939.418268538644,5549.352828067739,146.0,109.83064693415335,8.0
9791,38239.85737965058,3473.5302885645306,24.0,113.17610310956705,8.0
9792,21430.031516446066,4417.865820490962,71.0,112.75933430494418,8.0
9793,29080.660044297507,2361.5222156423656,269.0,128.37754097750795,8.0
9794,43659.12977686241,23264.644764925306,71.0,121.9766878813227,8.0
9795,44338.59266283248,35138.708816842955,-216.0,121.74490822420722,8.0
9796,32560.824788081893,6278.016753559691,141.0,123.5364521394621,8.0
9797,44116.022756723345,17348.789694568637,3.0,125.4877077828847,8.0
9798,44683.53167535959,7545.943276950749,68.0,121.46123721561938,8.0
9799,46113.78817016806,3471.5322891796663,51.0,121.4229930971246,8.0
9800,37551.53623298326,1990.024526058075,53.0,137.36817693672162,8.0
9801,53662.971717996814,3699.31328693716,75.0,124.56244545200234,8.0
9802,30497.030215005427,1849.876812824186,244.0,128.8715812374989,8.0
9803,44419.91234378389,6474.242052465717,84.0,118.9983273693582,8.0
9804,31524.277369881176,12969.38938470732,349.0,103.98904996225922,8.0
9805,43529.09214858203,924.9580397467092,104.0,127.17307514240301,8.0
9806,25070.63188943516,14872.149126332677,198.0,104.44706480904556,8.0
9807,36047.41363416456,4797.581119700119,193.0,113.55529770116148,8.0
9808,44509.47399860435,10409.930212690624,45.0,118.51822711032789,8.0
9809,56414.048903586154,3138.3597564086153,35.0,122.14778086485569,8.0
9810,44935.25188957728,24539.710636896572,71.0,122.22110531656395,8.0
9811,42604.06075588393,16665.274579876965,167.0,109.63894629920759,8.0
9812,35763.91999668937,4112.276701037233,41.0,114.25606078483686,8.0
9813,45045.87178514831,3772.6003731939445,56.0,128.83105355408173,8.0
9814,29409.626421157885,2398.555428319639,22.0,118.6453364050485,8.0
9815,24193.415059579886,2393.117274161897,158.0,121.99484326901633,8.0
9816,49056.99120324558,1734.314171116326,76.0,122.70264127631484,8.0
9817,23648.314111882097,3084.528754525594,66.0,119.96358474056822,8.0
9818,22502.429934506792,3772.8193044965287,130.0,112.9320660671772,8.0
9819,21624.952937165453,736.928050776323,19.0,114.38548328250837,8.0
9820,56161.61764995995,5472.742522887401,126.0,128.15262145829968,8.0
9821,26034.344204957746,1181.460526908206,7.0,108.44084437164865,8.0
9822,5473.687559680489,735.6042385223145,68.0,107.87185782006479,8.0
9823,44833.75003918397,1738.5676058948882,36.0,114.48115360443272,8.0
9824,53459.07701445846,732.4560302474366,10.0,123.2890013634616,8.0
9825,42961.750334261356,1992.5828987034447,20.0,118.55947090644833,8.0
9826,25897.494336070497,2774.6898813326748,67.0,113.39646379199128,8.0
9827,51844.524012460555,18514.116987288096,327.0,127.98558196134636,8.0
9828,43335.2088786633,28300.19750978725,87.0,117.0416020105108,8.0
9829,17684.750414143666,2362.8134779887923,221.0,129.19118255121808,8.0
9830,56469.388958791744,6837.7562095736885,74.0,116.01659331832334,8.0
9831,58847.129726392865,3136.926665251162,303.0,118.76929605580384,8.0
9832,65080.198178359344,12945.900221190655,112.0,128.87653568454485,8.0
9833,25950.789327186136,13846.762089260928,183.0,113.24433600713601,8.0
9834,52627.55825844669,9435.928687071668,65.0,124.83492384845233,8.0
9835,45421.31582307192,1992.5865788383987,39.0,124.21356589872855,8.0
9836,13079.992398801505,924.9976859103807,104.0,134.3334830509839,8.0
9837,46533.51295821371,36342.83604736105,179.0,111.85780842487279,8.0
9838,58617.737857390166,41560.417954249155,430.0,114.81769626543635,8.0
9839,43458.56207917526,11076.282608478808,385.0,129.52154201763318,8.0
9840,47335.74323434525,738.273295253402,108.0,129.83414214490205,8.0
9841,52145.22957778424,10997.596358940802,44.0,119.56429372191589,8.0
9842,35704.76109628737,924.9750584013632,47.0,121.94848576321273,8.0
9843,47414.65973773256,2359.962097679458,69.0,130.71487486750365,8.0
9844,45757.123336033466,8615.247081803867,67.0,122.90142352298322,8.0
9845,20163.85387043867,9215.702731110336,-73.0,104.24960177147639,8.0
9846,19941.858197627862,6508.044035106923,72.0,109.19580551925559,8.0
9847,29603.743085258004,9625.342648282984,77.0,113.21314915789196,8.0
9848,43789.04229343192,924.9749380299404,129.0,131.28371186362682,8.0
9849,29104.38450828305,23981.259149166115,73.0,108.74358219169629,8.0
9850,43234.38641945067,5213.041689093846,53.0,120.91180606092563,8.0
9851,5598.248184456914,3772.4032008749964,-16.0,93.05371230082778,8.0
9852,43314.7932801375,5598.678388814715,50.0,111.47210604843558,8.0
9853,24857.688114803965,4124.192787463087,163.0,120.74629928879679,8.0
9854,19960.605730505493,2397.643716086986,167.0,120.89957107291659,8.0
9855,41463.35087234604,2206.642218418325,331.0,133.15743475621792,8.0
9856,36351.25276021021,2396.4163831830497,495.0,135.1869573876783,8.0
9857,43562.705108061586,7370.097043810504,55.0,118.0446428396063,8.0
9858,28241.316009992788,1740.8221976619238,36.0,118.27479331677907,8.0
9859,56037.49130574723,43344.74212789585,32.0,123.681206148162,8.0
9860,48979.90193868056,27950.465226042033,-134.0,112.72929058946681,8.0
9861,26983.629904736932,9278.488767293577,-98.0,111.64073042551831,8.0
9862,22277.702717388114,2210.897959092545,130.0,105.9164285939047,8.0
9863,47751.11124750162,1989.6162543291866,23.0,118.14827623989484,8.0
9864,18872.031153386266,7591.87547998315,62.0,115.97783722535439,8.0
9865,38771.01155555744,22345.130900580014,73.0,113.51071221337014,8.0
9866,55864.040945098466,13690.651189571206,72.0,128.11818326862078,8.0
9867,59185.360602899265,39276.70375845699,111.0,119.07499013098573,8.0
9868,20506.178138850188,9428.504288958859,19.0,106.77613155296196,8.0
9869,44679.43408241772,15079.728906714301,378.0,116.01586948067458,8.0
9870,52779.595541855684,739.4332535308571,85.0,129.62992534022828,8.0
9871,49282.363298144955,1181.0706505234054,47.0,121.64629292698433,8.0
9872,60755.9309020227,43134.37892486178,64.0,117.54171270174406,8.0
9873,54042.070226463045,924.9926182532168,148.0,149.1579466637782,8.0
9874,14093.940776356621,8239.709889609372,13.0,105.51842940026832,8.0
9875,29832.436270850045,3799.234165881133,100.0,106.9770810062439,8.0
9876,7867.169536311801,2394.646265335786,64.0,97.78507371787731,8.0
9877,46151.73434745879,1181.2361341874082,139.0,139.3762246837896,8.0
9878,43497.23600458529,2774.9216489683345,232.0,129.5760144132898,8.0
9879,49024.14280405337,12023.153134785996,131.0,119.47465538103137,8.0
9880,16794.714372966613,2870.545817641012,19.0,120.41239113054563,8.0
9881,18400.92108479159,12512.960771037211,125.0,118.96962878712661,8.0
9882,55820.880119501744,925.0121947343272,25.0,119.2859919453443,8.0
9883,24983.719634909445,735.3070644578947,55.0,123.0129930901524,8.0
9884,35556.949393501556,1181.069615786566,23.0,114.31679291379768,8.0
9885,4682.827128374328,924.8953028392156,48.0,102.84924847449338,8.0
9886,47222.036657166245,5549.28588961989,94.0,120.59799667992566,8.0
9887,12802.73051857456,4609.693366676785,53.0,103.47629994089402,8.0
9888,11693.631906424405,1181.6455457566528,53.0,106.36271437164766,8.0
9889,66558.70660297746,9034.002437388002,172.0,122.02538704039135,8.0
9890,49469.056270695684,924.8572524041069,6.0,116.33929312718774,8.0
9891,30417.00370382911,736.7435039032661,17.0,115.9648399298672,8.0
9892,35635.486565909196,15995.579310347113,343.0,116.6277097671929,8.0
9893,55065.14181359902,4682.980807102946,112.0,122.24464529650983,8.0
9894,6924.304375859226,5219.507340153731,8.0,96.97482900497634,8.0
9895,23295.167087012156,3794.9172175312747,20.0,115.66292085836359,8.0
9896,45744.34941786111,34136.20299095442,213.0,129.9279393311908,8.0
9897,58314.57881633507,1989.5489769068718,-3.0,114.61357658567339,8.0
9898,49253.38485392669,1183.8240700007516,55.0,134.4086641899579,8.0
9899,49464.9950373703,924.9842884734,189.0,133.8937269850774,8.0
9900,24804.801458242557,12704.416841895523,183.0,114.27467536723134,8.0
9901,53181.672862624866,924.8956735219978,11.0,127.45569047162385,8.0
9902,49818.11837210218,3145.5485295836847,48.0,124.41789013355933,8.0
9903,53126.506413294024,34676.036611631804,124.0,123.51470483150916,8.0
9904,45263.75415804185,924.9133304766281,31.0,123.09226421143234,8.0
9905,45163.9624672165,18863.3460566412,35.0,115.06153299697802,8.0
9906,41510.12372850212,735.9946296936666,66.0,124.38025918703752,8.0
9907,37845.41401425652,7085.6606061366565,169.0,123.5984386812311,8.0
9908,6658.620292481669,4727.3430487356745,83.0,107.44308019152248,8.0
9909,43385.240473965576,5971.660352331432,30.0,115.01872500477123,8.0
9910,49041.549413586625,924.8217085091301,16.0,119.35263639427258,8.0
9911,46155.59406408047,30584.1633752675,-21.0,114.6770314388817,8.0
9912,49180.66373905298,23879.27630735789,-42.0,120.23533969206596,8.0
9913,49352.6812883828,10412.56067859011,124.0,130.32071768130209,8.0
9914,27074.76156857119,9366.30162211956,338.0,106.0676994846453,8.0
9915,41491.455151337555,13277.298705595806,253.0,128.3995527677712,8.0
9916,29426.774074766556,3771.9079376664085,186.0,124.2807136419414,8.0
9917,36457.97710596403,924.760273522036,15.0,127.01097699744365,8.0
9918,42958.65776062668,2886.320819720972,171.0,123.05761853771999,8.0
9919,50177.82084278705,31176.45863098963,84.0,123.15882874187176,8.0
9920,30216.124418960084,9830.337393914317,-61.0,111.0390938333728,8.0
9921,33440.20683070041,12671.681548788689,51.0,109.10871586623908,8.0
9922,40317.35300803376,6652.148773215057,84.0,121.27725838885777,8.0
9923,6397.948990277409,4048.0750836910997,-3.0,93.94085857096212,8.0
9924,35748.50192008773,924.8931691496819,5.0,116.51048864752359,8.0
9925,55822.81481364515,1850.1404321290781,75.0,124.71394343975547,8.0
9926,59971.2137316136,924.685744844376,43.0,129.92724055978974,8.0
9927,39868.92861889652,29617.12306859758,164.0,122.34444001660798,8.0
9928,47094.457451862225,19994.037360391387,135.0,119.4291183660401,8.0
9929,60293.79512291357,37963.733165776874,463.0,129.47426249658153,8.0
9930,44378.89168559473,736.7230689958583,50.0,129.08955963746612,8.0
9931,47567.59928792191,3553.321795068255,33.0,123.01456859762855,8.0
9932,42966.73850552694,23020.236546804197,133.0,121.84114207258261,8.0
9933,24726.75930099577,1182.9684173916016,24.0,115.97808327698094,8.0
9934,49127.45977820785,924.7426645188071,24.0,129.420065197685,8.0
9935,44604.49579370227,735.0048042464847,168.0,132.74138941789374,8.0
9936,16824.49516896387,1737.075062526511,245.0,127.51901730663351,8.0
9937,52470.48994668511,924.9304512301644,62.0,125.79356846292967,8.0
9938,19920.391665669827,6640.313957409822,121.0,115.55230807733162,8.0
9939,31524.838391282883,21324.14051481397,187.0,104.97116698281643,8.0
9940,46198.53835796537,3138.546777050779,8.0,118.27864451832961,8.0
9941,18611.984943582425,13380.164789432467,-29.0,112.84444121678371,8.0
9942,34198.74174335736,1181.0512654332802,46.0,122.66202154061321,8.0
9943,22777.380354360383,5238.235905976605,175.0,112.41631584104735,8.0
9944,29335.606874821824,17036.50769384728,64.0,113.80567463328774,8.0
9945,35812.337182385774,736.2380228978059,109.0,127.21372548299911,8.0
9946,29003.7374683998,1180.919272599299,23.0,108.76516264966527,8.0
9947,54391.06491497172,13884.572513193745,38.0,120.94964135452699,8.0
9948,39302.88191175013,1184.262669540371,43.0,127.69896469902346,8.0
9949,6514.306360889015,5856.450356353697,-26.0,92.85530127187401,8.0
9950,42713.773095950564,1849.8370230034845,29.0,120.11403667499675,8.0
9951,47759.86296965714,925.175112210177,23.0,117.97338584457854,8.0
9952,53723.05958979849,1991.9165648427231,34.0,121.48978134810366,8.0
9953,46106.757019215416,3138.284658221941,94.0,127.01402174747201,8.0
9954,7544.531799797985,6639.94302317522,-134.0,91.67020116528506,8.0
9955,40686.09589479523,23667.919403605643,183.0,121.37912300640741,8.0
9956,46836.276041712605,9511.903732811217,67.0,120.25888563002324,8.0
9957,15371.926150228906,2365.6696141094567,9.0,105.51257591787618,8.0
9958,41956.79545250795,735.8298207008058,136.0,130.27274600293748,8.0
9959,38270.49352208901,29825.406651153517,367.0,128.37250840552875,8.0
9960,57866.78800916339,21244.240826340905,-37.0,113.29684679325358,8.0
9961,58683.59113595564,4037.274147588433,41.0,123.5155504316611,8.0
9962,25401.585108230996,4788.710898257193,44.0,110.3939572880849,8.0
9963,26704.99747727061,3475.2141306142476,144.0,115.02475047885792,8.0
9964,57163.162867047424,2360.72888625213,11.0,122.6291480097787,8.0
9965,19770.496112873934,2397.919883145572,219.0,113.87916300342776,8.0
9966,25146.27180457872,1990.088501806397,139.0,128.6209154626616,8.0
9967,34109.29944650704,738.2474400831577,105.0,127.55451101392208,8.0
9968,41700.5750857777,12577.751551377825,190.0,117.36341112704463,8.0
9969,32522.58807790118,4053.800680216745,22.0,113.76070707189402,8.0
9970,42963.51081650585,25579.057882663037,-7.0,120.24950813141588,8.0
9971,39014.304449315925,32621.62566930673,-7.0,114.6018435110256,8.0
9972,61768.469319574,7592.172936720484,154.0,132.4634214375357,8.0
9973,47661.788616058286,30009.598611753896,369.0,114.55169376387474,8.0
9974,13081.35089730721,11091.12914845996,-54.0,101.08536525334478,8.0
9975,44775.69294888186,17673.980545568305,164.0,109.87458279744547,8.0
9976,32379.692476404296,13873.224222678586,282.0,110.97048952080495,8.0
9977,43054.00326264161,12278.458690770603,108.0,117.04527714246552,8.0
9978,9216.063922806212,8076.942246086549,-477.0,104.11107266193908,8.0
9979,17153.876453759312,14256.1899771148,-23.0,106.86205202113867,8.0
9980,56935.98787788746,36174.86332609321,192.0,138.64561050785875,8.0
9981,39761.64362196939,8066.8365748112465,96.0,113.77950809865438,8.0
9982,46250.10161582122,11098.338327431118,132.0,115.57371295073112,8.0
9983,37725.2936658651,13281.921806044555,157.0,120.44862452458142,8.0
9984,36772.813729074645,1738.5252075051303,109.0,123.71527005636598,8.0
9985,48793.26181348825,7457.72375790812,95.0,124.26097752720173,8.0
9986,23280.997855581936,2392.645057090864,13.0,113.59573583693272,8.0
9987,41761.46426318939,4795.937438654168,30.0,121.60003376123885,8.0
9988,25659.675793097667,1991.7085748367915,84.0,124.69791800690231,8.0
9989,28757.63860819315,18557.094380875224,197.0,107.02309371179429,8.0
9990,39555.34525653107,9342.778286339764,178.0,115.77202719358787,8.0
9991,52540.06678780098,12223.290783459883,525.0,132.75046471993193,8.0
9992,52023.062091467466,924.9861061612997,132.0,131.28191087277725,8.0
9993,29872.129168089516,7967.247457553496,221.0,127.91947028284044,8.0
9994,20467.92337118087,924.8562695559829,242.0,128.18123654562555,8.0
9995,51327.60043769142,25391.413219178216,139.0,123.35163351839674,8.0
9996,33438.21019066163,7499.068082104085,139.0,119.72314177695873,8.0
9997,40373.97637595587,16747.226531522825,-96.0,120.01553080559049,8.0
9998,42483.80074978634,25031.950966946657,109.0,114.98316588749626,8.0
9999,34608.23632774492,2362.8333979062386,13.0,111.15379291705983,8.0
10000,36622.78424245401,9704.066977528668,235.0,120.3029813339962,8.0
10001,27647.44030738928,23636.07909322473,14.0,109.36779500705184,8.0
10002,7417.858063213552,1472.2438211078033,-40.0,97.77660740568616,8.0
10003,47776.76755345382,2875.603723208392,76.0,115.02939982785846,8.0
10004,13725.902526105392,924.9916552679538,51.0,115.43578155030981,8.0
10005,45087.98345085702,1473.4442152026588,119.0,128.20135595129963,8.0
10006,24342.38688012665,9591.705709985417,34.0,113.72195401277469,8.0
10007,13545.086387751051,5237.36574534816,9.0,109.6587407674102,8.0
10008,41797.60792249459,7585.468247704683,249.0,129.5945224907614,8.0
10009,56269.6735216739,15449.708485730162,88.0,109.025229338002,8.0
10010,53827.8350651171,14871.937507236056,68.0,121.95701166321845,8.0
10011,26771.075741760123,24785.99765151436,1.0,106.44080663007922,8.0
10012,31524.51419483612,1849.7955192310694,55.0,111.67161182513415,8.0
10013,38532.878632687105,13397.9160172557,162.0,127.67659076296223,8.0
10014,25858.817462036855,9964.496104799993,74.0,116.54664109744134,8.0
10015,20389.435583909188,4117.795425832691,5.0,111.55625513089718,8.0
10016,36501.082289335485,3087.193810333156,203.0,120.18220831371968,8.0
10017,34739.57870981249,24487.889010507883,197.0,121.71933485799539,8.0
10018,53189.97967959534,738.8555048291618,90.0,134.78681180400446,8.0
10019,37949.9720726532,734.942442134944,131.0,129.33690603426996,8.0
10020,54664.96639980752,4057.516855475821,217.0,129.61200586526923,8.0
10021,44135.03178182735,1740.1854230248211,282.0,133.53715265377141,8.0
10022,58628.927777925885,39846.758662222106,187.0,116.66423718441,8.0
10023,41811.350452251245,924.7986827452559,17.0,113.34174741018168,8.0
10024,9331.26446074832,8699.241162783348,-122.0,93.56159822785644,8.0
10025,39580.733890423566,14112.296965059471,329.0,130.10632815693592,8.0
10026,31285.755502954376,3473.5209159398228,108.0,119.87559282302783,8.0
10027,41220.46000397768,2390.031079806922,403.0,120.90305796064642,8.0
10028,13732.934182865643,3982.681356907288,30.0,105.12614944438077,8.0
10029,37336.89297748138,4721.994308568408,118.0,132.57706653210664,8.0
10030,46924.54199379165,3805.6852712306923,85.0,113.20581799673285,8.0
10031,60723.836563769975,1733.3940518668444,70.0,123.10164179322084,8.0
10032,43419.87633797798,734.8365840663952,86.0,133.38480308035315,8.0
10033,55251.33095383241,925.1316873512982,43.0,122.52091642949281,8.0
10034,42697.61049275085,9571.44646642914,26.0,117.33065859397385,8.0
10035,51926.0909309462,1849.6822613885372,28.0,116.30153867469173,8.0
10036,34706.88318465788,23144.88903051845,120.0,111.90269474559142,8.0
10037,53858.155879986625,10408.56335485361,299.0,120.12450604933304,8.0
10038,17297.531360355908,1182.39001732922,29.0,109.35646693935769,8.0
10039,9365.83569666826,2870.9423290094587,41.0,99.18499304973855,8.0
10040,8356.93224836912,7435.96600427396,-23.0,101.0525275160631,8.0
10041,37633.11113124908,2207.164645016908,108.0,123.93506299585425,8.0
10042,36188.615305110805,4852.199394561136,7.0,119.51721422228557,8.0
10043,39355.32600498549,4604.666934549939,33.0,115.9368284271678,8.0
10044,36085.939196874046,14249.858496623383,165.0,111.76631358831824,8.0
10045,52210.91430851253,7106.367306572991,61.0,120.7426028034984,8.0
10046,44042.13247853643,1181.0891686354296,232.0,144.99538086634385,8.0
10047,28839.77034445992,12116.11394780267,25.0,122.88692103689218,8.0
10048,46192.625250527824,2361.198339509862,20.0,120.7549448318299,8.0
10049,41987.42143343231,18124.147627103866,129.0,124.9247831268321,8.0
10050,24396.850276093835,9257.74121486046,161.0,121.60302485840859,8.0
10051,51738.893250421665,924.8197407459116,58.0,130.99836625096208,8.0
10052,45890.17714417818,24261.47780921969,70.0,114.54241630433454,8.0
10053,26558.131674340704,925.0117532017395,136.0,125.81218625816052,8.0
10054,36976.99428082453,1740.7352224739143,122.0,128.62506359619044,8.0
10055,50988.69751860881,3773.1312940443513,21.0,124.5613569209807,8.0
10056,48932.75778129597,1180.3972329104513,209.0,133.52940614368526,8.0
10057,47797.203590038196,3467.324548240239,158.0,141.87305544686242,8.0
10058,46699.42308306103,25200.366064003327,139.0,113.39246332274107,8.0
10059,50035.208950438,7570.440547215329,297.0,132.67493040551184,8.0
10060,56646.98448323201,15401.599054866047,76.0,111.06607178675957,8.0
10061,19840.39954366451,10264.398887345478,188.0,118.39513488607437,8.0
10062,39528.5472706048,13075.711736877707,109.0,109.16111365535036,8.0
10063,30039.882219951163,13016.039832488967,177.0,123.21592169456528,8.0
10064,51853.48255227402,1180.1735482205615,44.0,134.93683139093585,8.0
10065,33952.790134314826,924.8602831198407,11.0,115.29299160015367,8.0
10066,44116.38600238614,9256.168071287268,126.0,119.95327983746375,8.0
10067,33211.98344232934,7194.0119757631755,254.0,107.0989400169883,8.0
10068,46796.66883199119,12156.716648632168,-65.0,115.62869353587779,8.0
10069,58466.1372283008,17769.746718994986,63.0,120.64305256707596,8.0
10070,53459.609051409876,29013.505064750996,167.0,125.72971510262752,8.0
10071,6639.829580086292,4682.845024289752,80.0,95.31417460734848,8.0
10072,35751.11433812768,734.706058066343,67.0,123.73933464836922,8.0
10073,40935.36026606718,4683.080686055964,130.0,122.63588496711684,8.0
10074,44003.825055000496,26981.448822676368,183.0,122.0433877251225,8.0
10075,57161.160853674475,732.4589616303866,69.0,128.94535405339863,8.0
10076,38637.66584730919,9236.536566394881,84.0,121.59136201153666,8.0
10077,60496.97175198331,6670.775210710925,341.0,132.44144279472496,8.0
10078,32328.026873130693,19635.19241466206,32.0,118.97261586051575,8.0
10079,49813.04857715204,924.7333913231233,47.0,122.09664114273698,8.0
10080,43509.38069572084,3138.9215832511222,18.0,125.76251862984961,8.0
10081,39819.08730431856,6629.652532579596,402.0,130.75502429931876,8.0
10082,8616.388761971779,6657.713332797464,56.0,92.78207385069949,8.0
10083,39762.25936185416,738.270327509243,109.0,128.37128083972232,8.0
10084,51227.82225508743,1989.6543569811367,31.0,114.25275478167823,8.0
10085,30840.65124566719,22392.677481245966,361.0,126.75893630855131,8.0
10086,41172.486161954104,21670.12675042164,176.0,117.11073265587203,8.0
10087,42857.73028780928,4683.120426110148,145.0,119.75207458680347,8.0
10088,21520.731574624813,735.4713215632084,47.0,123.35064540987737,8.0
10089,60532.987562408314,13943.738420543006,23.0,123.64988509114517,8.0
10090,21387.574167969375,3699.657151763686,251.0,101.02361591362202,8.0
10091,33493.1701376641,24598.99969440409,40.0,124.3914510070991,8.0
10092,59390.10923992034,22837.24134198857,55.0,115.88259920194851,8.0
10093,55018.78936903505,4303.61484810617,37.0,121.38109913045953,8.0
10094,45294.89710135357,734.6241253067279,93.0,144.59481936409588,8.0
10095,9260.128851303025,7591.172800476272,70.0,109.01888469224207,8.0
10096,12555.883980325927,10353.552565074539,-5.0,106.26652695354714,8.0
10097,22241.83398315654,737.8743301140197,34.0,114.23158367509643,8.0
10098,18479.364370929878,5474.27090941943,48.0,109.45102166125056,8.0
10099,47481.476917042084,1734.593194089709,62.0,126.58885100451482,8.0
10100,38773.82106066358,925.0026734318245,58.0,132.979161933713,8.0
10101,31732.09459869157,27685.44559338386,23.0,109.74580515423058,8.0
10102,5125.257962958212,3982.152860190756,12.0,96.31437220592046,8.0
10103,40591.79411202134,4799.29509392191,256.0,127.87734162092704,8.0
10104,21502.01933693483,1183.182460175325,64.0,123.96827775788566,8.0
10105,54764.50177059019,7542.977107589231,336.0,126.47028725305552,8.0
10106,16760.131576771026,7582.329080615076,559.0,126.8770656704082,8.0
10107,59179.06363099141,42344.71041668986,99.0,124.56499798103583,8.0
10108,29814.919151712198,1473.4821163650265,30.0,114.01598470616787,8.0
10109,46456.236374936285,5598.2638692236915,94.0,116.86446878233036,8.0
10110,55387.8352082926,1992.4513450440916,81.0,130.78345935026317,8.0
10111,16794.536086120097,13951.876538557002,-65.0,103.47225482313736,8.0
10112,20678.820990212993,925.0449226988916,63.0,116.8647115281787,8.0
10113,62056.768322396725,924.7995697257342,31.0,133.7388028800617,8.0
10114,8148.34965496642,735.6767450778293,153.0,117.64289902196185,8.0
10115,26530.01207101315,7495.827776409053,53.0,117.73739288653778,8.0
10116,39308.67477167635,29360.322905795096,432.0,129.8669823164064,8.0
10117,25380.253133041897,4854.829911548295,58.0,114.2264103869008,8.0
10118,41270.61105404967,924.8825425275695,48.0,128.24952799712378,8.0
10119,29861.08869178361,10817.65776721159,42.0,112.7910619130536,8.0
10120,27801.04217977768,3483.2824376769677,139.0,120.53600437318741,8.0
10121,56059.475037774886,32162.447044959157,279.0,130.1548608704625,8.0
10122,12948.810935526559,924.8754426477118,124.0,118.57414156457875,8.0
10123,13249.901099639363,9219.012082267527,24.0,102.97601813511821,8.0
10124,54675.554596713584,5751.735813149846,115.0,132.35161238778375,8.0
10125,11706.633952284812,736.2439164465036,40.0,120.23429014863541,8.0
10126,52441.3548454742,924.8402368659885,111.0,137.60702113131802,8.0
10127,35669.65595698264,3685.848562523284,161.0,123.89377162372168,8.0
10128,31584.688770514404,8356.615635504993,298.0,112.36827031383372,8.0
10129,25889.57207876654,5975.505470750773,97.0,106.8973058806883,8.0
10130,42554.603198540484,21954.108292744597,82.0,121.75944629652767,8.0
10131,34253.97489855462,8356.793417520887,325.0,127.44842178880076,8.0
10132,31220.972840351344,12190.234050480354,82.0,120.24230698730864,8.0
10133,44820.78356270889,34235.997480603146,310.0,128.654075952606,8.0
10134,41585.520212864925,7501.194252574974,73.0,114.64414450068882,8.0
10135,61678.79829162938,1992.217151271263,175.0,132.61005673999745,8.0
10136,43988.59835562609,734.6855919067356,13.0,117.81812242805245,8.0
10137,37170.77081296063,16790.592318452174,71.0,120.6151583398655,8.0
10138,40757.53329273413,924.9356594523701,130.0,128.69369210075388,8.0
10139,17573.202791973043,3481.626600058448,-23.0,105.43314487322888,8.0
10140,44946.13725819598,924.8804870421669,26.0,121.48150031670325,8.0
10141,45112.78403771042,924.9713355577017,163.0,131.97902751044867,8.0
10142,24337.32310469385,1736.9082425093432,107.0,108.95225431282128,8.0
10143,19646.5193822753,924.889260743427,135.0,123.30652331495705,8.0
10144,20538.922602666713,4794.192495215265,133.0,117.71556653076314,8.0
10145,38099.2975044586,924.9212186231476,7.0,115.07187415929805,8.0
10146,30800.74150989505,11281.572157149561,316.0,125.58431363851398,8.0
10147,25143.363741614212,4785.484475147898,132.0,111.41723607223032,8.0
10148,44307.327403247335,1180.0148125902629,68.0,131.79758151816273,8.0
10149,37999.324017756626,18291.07871600143,73.0,110.77000515411308,8.0
10150,40180.72803150254,26086.314715645247,163.0,119.20191093210893,8.0
10151,35156.001038442315,9249.696478554286,42.0,120.11318315169981,8.0
10152,58562.87381438868,924.8112314143328,28.0,133.3305266092911,8.0
10153,38331.924482919865,8912.62690100768,285.0,120.70907628622562,8.0
10154,41619.806998311644,1849.7537909774737,77.0,124.31038266849144,8.0
10155,7365.343712419026,5155.626401773219,-12.0,94.6864119652784,8.0
10156,47430.70388138315,924.8368449228004,63.0,129.0650219388695,8.0
10157,48603.58255517271,924.8477775777011,36.0,129.04593934022142,8.0
10158,23215.444518441796,16821.747446434616,12.0,110.191546259747,8.0
10159,20692.364078959276,736.5753040137245,14.0,112.47262852889459,8.0
10160,50245.11712066961,2869.925338344646,25.0,120.37204040851533,8.0
10161,49342.26203882945,27801.824219139395,27.0,113.39078872304121,8.0
10162,26582.40795254951,6629.0771937421905,136.0,103.3062504173058,8.0
10163,45322.60887838157,6944.282777637535,191.0,113.38804747574589,8.0
10164,30179.614146974345,12225.867112985432,276.0,103.47653355179719,8.0
10165,47445.15592047896,1179.8569269527322,77.0,133.7302001562254,8.0
10166,50875.80902470792,8606.063808455918,467.0,130.21088096886265,8.0
10167,27961.375440123524,15676.199114371137,68.0,107.95270255435284,8.0
10168,51485.51366004259,16783.66431181801,62.0,119.30539036678849,8.0
10169,48452.01386682541,44420.96423380103,-53.0,113.46867329822447,8.0
10170,54108.45778550281,11419.31643842932,72.0,125.04739386075275,8.0
10171,16289.832271368829,5858.891481930294,91.0,114.35775713484703,8.0
10172,27606.166173859256,1180.83184442731,18.0,116.04822441443847,8.0
10173,51398.43164131624,924.9118746266842,108.0,140.70733151804046,8.0
10174,19379.327499860756,17729.98209083789,63.0,114.08739671398185,8.0
10175,59268.84037103936,1179.587095174942,95.0,131.9796608204757,8.0
10176,34981.505941008334,17846.21755133581,163.0,110.12954191771063,8.0
10177,49152.07785914923,2877.179040350404,168.0,129.9586803900661,8.0
10178,25878.979269229338,1990.2471159264685,233.0,136.4684731166898,8.0
10179,12809.474207560905,5972.396025372275,35.0,99.72356490928529,8.0
10180,69841.25051380077,2370.276699093628,149.0,133.7845686661098,8.0
10181,29219.65903056811,11402.92032661456,77.0,110.30506158148803,8.0
10182,51958.722993264695,1179.5213540670175,120.0,145.94914124139072,8.0
10183,68946.43331623347,7552.984415128761,201.0,134.62591091615286,8.0
10184,47513.73863728454,4619.557969894826,91.0,125.72287553298419,8.0
10185,34212.51732468014,14126.59838600792,123.0,110.52595910368363,8.0
10186,18046.052880856787,1471.0310533481475,120.0,119.04480408387968,8.0
10187,48558.98044643577,33520.38758163739,34.0,116.78267684091833,8.0
10188,49341.601649864155,1989.723836219367,78.0,128.58626359287138,8.0
10189,42051.20988104112,8550.005471527606,173.0,122.813245157692,8.0
10190,28251.54233910821,13847.443716515707,11.0,116.06088043779629,8.0
10191,63485.39325213304,3538.5149062175565,152.0,128.61775956667702,8.0
10192,40854.10772425666,736.3240801838404,24.0,116.76800361407412,8.0
10193,42325.1972199308,737.8851451127382,198.0,134.0084187969109,8.0
10194,57243.061573824394,1184.8216626782855,29.0,127.72721832807628,8.0
10195,27023.36375549068,1992.0029180337378,67.0,120.82759512615314,8.0
10196,37672.92757022549,4722.715280614186,198.0,135.37008999513915,8.0
10197,36249.60407961843,1181.5613901576996,160.0,144.63879648380615,8.0
10198,30760.80738136493,5127.965247302026,171.0,116.5728388047718,8.0
10199,30547.36734132083,28815.648050137155,-71.0,107.64198844353896,8.0
10200,26684.370392982448,8557.27578420534,222.0,121.74402004106062,8.0
10201,13032.260942648445,12113.757081231168,-42.0,102.30603220333191,8.0
10202,23419.56094726073,12807.665235068502,40.0,114.2747977656555,8.0
10203,34483.21810281413,2209.6565852096305,413.0,133.60851817553055,8.0
10204,47009.741903416965,24433.772822442672,-33.0,116.94093852029937,8.0
10205,46703.212165437006,33252.737230607425,78.0,119.99851433388278,8.0
10206,39536.89190643667,924.9751831136034,34.0,127.25306370638184,8.0
10207,39396.349775550785,1469.7035323254925,46.0,118.47685567002877,8.0
10208,39219.24076071081,1181.0115475987666,148.0,128.5087140623621,8.0
10209,29411.570675596242,27699.18726535959,-9.0,117.11160141918823,8.0
10210,41558.67660073184,6887.937458325717,210.0,124.79518053013032,8.0
10211,25849.70411709144,2210.198588828253,93.0,119.14025889487965,8.0
10212,33782.55126987475,4517.733506580106,270.0,127.53423922402364,8.0
10213,32380.995001601925,6474.706676380373,303.0,127.20952908252892,8.0
10214,53580.46835243908,13135.315522332541,62.0,116.50160348275698,8.0
10215,28858.386129105103,16566.049498791803,64.0,113.62057756117416,8.0
10216,42700.7659304179,10304.952182355066,129.0,121.97125430331674,8.0
10217,49242.06790290526,1179.7127559360192,9.0,124.14737973978825,8.0
10218,21675.586964510847,735.3891958827521,57.0,117.71969149732617,8.0
10219,16063.100839307117,5123.962570876093,-135.0,101.94037651409626,8.0
10220,42144.99973493302,8452.94851981818,83.0,120.9064867039156,8.0
10221,43448.12713182484,26437.961745067463,491.0,134.58986638516816,8.0
10222,12098.118346199653,1738.7378896915106,-7.0,100.6611634400739,8.0
10223,23672.21304917033,12151.34937488062,81.0,114.15920962528415,8.0
10224,30483.653005611788,1181.084383663076,2.0,117.1296511296788,8.0
10225,24716.280192375143,2393.117274161897,158.0,122.1523807766946,8.0
10226,26485.70479606295,3139.092394391935,56.0,111.4998848575783,8.0
10227,51012.74596175314,36837.81705116844,208.0,131.11899091897905,8.0
10228,23689.65299451869,21726.342424629995,-11.0,103.72544996103761,8.0
10229,38414.04497926468,4305.922555945425,86.0,118.81474386842154,8.0
10230,40803.68477611905,924.933826241323,119.0,127.79802222025646,8.0
10231,34231.96616719426,23984.33704002837,201.0,121.66655528121994,8.0
10232,37030.45435058709,4515.7566439171605,553.0,116.2247010046078,8.0
10233,50595.150380214225,1989.4720708666264,116.0,126.53022691340561,8.0
10234,55018.23416209396,1745.1477227006633,164.0,144.64060094828784,8.0
10235,46533.21907746308,924.9753499537518,36.0,128.06785738290262,8.0
10236,17286.679122971917,924.9435957226962,104.0,120.3195508340898,8.0
10237,33490.12597965277,737.9144707134732,40.0,120.10446637004932,8.0
10238,24593.263059081353,1474.0946326343606,191.0,125.86203693725551,8.0
10239,18498.260015250547,6474.324525845235,136.0,99.6693312762022,8.0
10240,24423.245638538327,4733.645869282396,38.0,114.67664426833933,8.0
10241,51902.63484219767,925.1141879650332,36.0,120.78594963768846,8.0
10242,57894.78591500395,18872.292487794046,43.0,117.56980336432144,8.0
10243,42725.620467341585,1472.8811184470505,23.0,117.6489736899542,8.0
10244,46783.67822114706,1180.4694496701397,4.0,121.29123742385131,8.0
10245,44246.97354566156,1475.6534701384453,161.0,129.744582338842,8.0
10246,54935.092008081854,37924.24846335328,183.0,123.93022584599112,8.0
10247,43469.555911803276,3699.502713097191,98.0,122.73750067508715,8.0
10248,40950.352601897095,3486.1280703341963,151.0,129.39978295720215,8.0
10249,40634.01754492484,24023.720329837914,198.0,113.00929338754403,8.0
10250,31800.12000538787,8553.001050376137,79.0,112.68656472521599,8.0
10251,33072.569639362875,738.6346549057849,48.0,120.86519128951605,8.0
10252,54255.99461532757,1989.3481578482754,91.0,130.90654183039183,8.0
10253,34559.36673874762,6333.066397774516,179.0,130.30514814277396,8.0
10254,48100.20520044671,4624.364573749748,58.0,118.15898490637187,8.0
10255,28016.260772514335,924.8929459959743,57.0,119.79772313132702,8.0
10256,36906.45931998835,13276.783509201045,257.0,125.48403802352968,8.0
10257,31796.84954628494,1472.8615378045683,45.0,114.31807831777776,8.0
10258,48986.0327428618,1184.326331825492,7.0,115.80063153504909,8.0
10259,19074.544254011744,1182.8962763277632,157.0,123.47646519144143,8.0
10260,39225.78755899397,30020.972113325053,154.0,130.42565221160936,8.0
10261,59986.43892774602,4036.272961707317,74.0,123.67457146924218,8.0
10262,55193.74199374403,3138.618200529351,146.0,119.90824894209824,8.0
10263,22048.22364130719,10433.945059472811,19.0,108.84901536525545,8.0
10264,44166.17842468113,1180.276950002771,32.0,121.66962355197276,8.0
10265,44403.34921419475,4624.891037663456,337.0,112.30431952832708,8.0
10266,65214.34063833773,924.7876368472794,152.0,134.87648399170934,8.0
10267,7576.244928538944,2365.5004974560243,52.0,105.03354618654109,8.0
10268,46282.638233016434,733.3015613437576,41.0,135.92657418250786,8.0
10269,51779.206333641516,7847.9033883748825,114.0,120.03843879810991,8.0
10270,35629.06358976246,15919.59649834047,73.0,110.45937453166538,8.0
10271,60662.21791643485,44332.8327724477,120.0,124.77633829089237,8.0
10272,12141.590473549466,1181.7987577285637,58.0,110.64327057583428,8.0
10273,36848.132713088446,26040.63460896119,122.0,107.8023110522556,8.0
10274,47065.52079100658,3144.3605363602733,119.0,129.81290692765742,8.0
10275,55664.4489653313,34899.39089229791,111.0,115.27065492573676,8.0
10276,30693.617631661295,10470.1687465648,95.0,110.02365590104787,8.0
10277,61128.612503433695,38804.67443286336,278.0,127.0511615245963,8.0
10278,47623.96553773495,27384.87976881941,73.0,122.71464008907132,8.0
10279,62553.053284472364,16584.37332206649,63.0,121.57867934449646,8.0
10280,43061.49342868219,41346.254472860885,-163.0,110.36818968349662,8.0
10281,37625.35251852479,2367.397227004763,140.0,129.24084077184202,8.0
10282,46153.2439205512,1743.7668537194434,101.0,129.29922251964598,8.0
10283,43243.1022981821,29155.455144000312,163.0,116.64853341350505,8.0
10284,39030.245960593486,4519.636526340477,42.0,121.05755463984885,8.0
10285,39233.7044495751,1180.0142866345495,56.0,120.79045454448024,8.0
10286,21898.579461248635,1181.6894760968264,64.0,114.832220362289,8.0
10287,47852.76903630846,4052.814569800972,111.0,124.1371128794396,8.0
10288,33427.94193303058,13032.479586808944,80.0,120.09600045465723,8.0
10289,37180.58462460093,13952.173243902656,-7.0,115.54187094535018,8.0
10290,47055.51191215738,3143.9018681202356,163.0,128.37616919089993,8.0
10291,23521.052418737807,924.816651932368,61.0,122.39961569558652,8.0
10292,18521.41336733275,737.133072081081,16.0,109.84328339577911,8.0
10293,32881.4720651416,4053.3323050828385,87.0,127.95113840826986,8.0
10294,49327.23216680257,5119.936951263836,426.0,140.8952502666388,8.0
10295,57646.47908072908,15182.964863832014,63.0,116.63080575857049,8.0
10296,44509.74800213542,30411.215106450094,81.0,123.71621632081965,8.0
10297,54886.93747449082,16793.655361332043,210.0,119.23427354521294,8.0
10298,37404.6632578483,3551.166584572908,186.0,117.51524263129984,8.0
10299,61971.76285961136,45875.743991275296,-59.0,130.5285224918618,8.0
10300,17634.987500205556,16713.516667437,-53.0,105.01046355979584,8.0
10301,39753.39752117155,736.4665601801918,71.0,133.75572521193152,8.0
10302,37578.13246641582,736.3387612248566,53.0,121.26153074126438,8.0
10303,48980.40700922075,4055.8209437427868,122.0,130.760211575131,8.0
10304,12101.033355864774,6879.306971200876,71.0,101.6760754443888,8.0
10305,33693.43386575661,924.9402444910386,26.0,115.27410013450128,8.0
10306,57715.40937214727,1179.208856684716,234.0,143.68544078635983,8.0
10307,48614.102437198024,1180.6538898398499,119.0,128.29427794864466,8.0
10308,30566.889725394147,1183.6988860412887,65.0,120.46463395053283,8.0
10309,25905.415703310442,18488.99049584617,208.0,115.42510751305066,8.0
10310,30520.60392667246,23106.710714851386,88.0,113.98828691048186,8.0
10311,6516.07859687547,4682.76650483575,-92.0,90.64385630119044,8.0
10312,58674.8123816426,6381.343759819091,314.0,132.44630057088048,8.0
10313,44463.949654968725,36152.52348525497,29.0,109.4800265710565,8.0
10314,32931.54422897212,14497.260554027725,163.0,119.59469586155649,8.0
10315,67692.892802429,9958.529885616259,204.0,125.04786022463185,8.0
10316,33259.61048526312,18507.903779029763,84.0,113.230773138989,8.0
10317,64949.36093400318,3538.5149062175565,152.0,133.9824407765602,8.0
10318,14479.246497333983,3088.967274746684,7.0,103.68209332700103,8.0
10319,50384.2578711623,924.9096409538165,16.0,115.92059036129614,8.0
10320,12662.531041293933,736.653626338878,61.0,113.5849738886638,8.0
10321,29859.57153308069,924.8822954811175,202.0,130.09725555080922,8.0
10322,39766.28018733119,29580.796014942505,116.0,115.40870873255761,8.0
10323,37394.75004043841,1183.3266747718592,72.0,122.337100409441,8.0
10324,43655.466757914546,734.8365840663952,86.0,123.86662803427026,8.0
10325,30194.199547147135,22837.68685069245,68.0,112.42941733241827,8.0
10326,16713.303936355074,7435.822737805709,147.0,117.27209760165742,8.0
10327,42096.00132229019,16155.049553284265,139.0,121.66762868243288,8.0
10328,31756.5349727163,2870.294776750543,57.0,116.19912144743431,8.0
10329,50256.03607247399,36975.97142971352,153.0,123.47502157179775,8.0
10330,52123.4314365523,925.1965100879183,77.0,127.07143107160555,8.0
10331,50033.718532810606,1850.0155006241075,105.0,130.73340680571354,8.0
10332,37062.18039334625,1849.7809173786397,158.0,126.54662233790697,8.0
10333,62880.37645096585,13719.598246874646,-1.0,115.64915214463161,8.0
10334,16183.319352758755,735.3295508740924,38.0,112.80269195767137,8.0
10335,31423.58321967158,5487.291688948451,85.0,112.16458772724256,8.0
10336,24832.309795384183,20231.012428571583,58.0,105.9840478967069,8.0
10337,50799.87212882879,3541.437028179211,40.0,117.7520458531651,8.0
10338,33317.70427530331,7453.491664389643,118.0,121.11085472981901,8.0
10339,25479.42406161249,16865.813317531563,-10.0,115.82250291550075,8.0
10340,45519.30330910297,733.9352742848425,156.0,136.4597688426921,8.0
10341,59131.596540004226,925.1580824152654,67.0,126.52596501540134,8.0
10342,11921.271925700765,9023.926743573724,-5.0,102.63956596324222,8.0
10343,4729.767158830382,3547.5660830048478,-59.0,87.79768160179498,8.0
10344,46827.81731539196,2870.245885943818,60.0,121.72923056607925,8.0
10345,19347.952365327415,924.9916552679538,51.0,115.70847123903867,8.0
10346,20733.208733143358,735.1516153667646,71.0,119.770339512491,8.0
10347,61501.703221930016,924.9581373652644,161.0,134.5363917009272,8.0
10348,42247.43920625906,1736.5697227361097,387.0,127.3053425877238,8.0
10349,23228.562613720893,2774.7294958065854,92.0,113.16173742167508,8.0
10350,34419.68576197586,1849.8691541022652,132.0,124.48572161301453,8.0
10351,62989.06350386273,5922.579580968078,145.0,126.2760840557923,8.0
10352,26740.473420850194,9253.361044927151,281.0,123.7235460209609,8.0
10353,39147.991307376964,1181.4104772651633,275.0,139.5154971925389,8.0
10354,26785.26942112732,924.9136603724104,35.0,115.2252582244662,8.0
10355,34547.791637391005,2362.5357232494835,4.0,118.61033564713,8.0
10356,25242.73565605552,1849.8807037287515,39.0,113.14788071399165,8.0
10357,39781.639926213305,28230.345156609757,-45.0,113.36017701617868,8.0
10358,29410.220494367946,11291.736193358623,98.0,120.01430775979645,8.0
10359,48037.31635672105,1181.609241003296,30.0,118.39145724755095,8.0
10360,52805.539892854315,9364.496705406176,256.0,131.85041822995493,8.0
10361,44389.19537577427,8825.719059629911,275.0,121.57284856428652,8.0
10362,52493.41822275574,1179.4350059755618,161.0,134.32388395434907,8.0
10363,9278.665753401505,4682.881580003857,82.0,95.58009990209625,8.0
10364,16790.25159533253,13936.268269560682,-8.0,107.30121084096496,8.0
10365,3982.1842154721526,3141.58008647189,-12.0,88.46010183729507,8.0
10366,35286.60178520694,8269.920968708206,232.0,126.83373977092506,8.0
10367,51397.922192710954,2886.9770157002267,321.0,133.76655477362226,8.0
10368,59885.77363264367,9001.219042393474,152.0,129.3226051116849,8.0
10369,55169.75837145849,4683.177891613223,94.0,116.35852911865803,8.0
10370,36280.467192019445,17040.490576703247,181.0,106.81738535695513,8.0
10371,32140.174444680826,5742.613793988104,87.0,124.19135479069021,8.0
10372,30949.15708988837,2209.4168079490287,206.0,107.43234779762848,8.0
10373,10970.479084272,2880.6259467795107,61.0,109.43590694084423,8.0
10374,58929.62538332235,17381.45716867003,33.0,126.3706515340589,8.0
10375,51260.07603113136,32476.011011654547,187.0,117.11859977258561,8.0
10376,7544.3525287052025,924.9890723969437,25.0,103.54823015617713,8.0
10377,41953.24607714606,2368.521513841193,9.0,118.42673011500867,8.0
10378,26443.977059630015,736.0230728667539,21.0,115.3255104479126,8.0
10379,34671.048041902606,14026.06541205817,186.0,107.4646770357496,8.0
10380,48655.35009719755,2389.7668059566868,178.0,137.76728671185202,8.0
10381,31338.105675513874,30225.382391411993,-85.0,112.48935420902068,8.0
10382,19345.312668056315,7110.288575698962,126.0,116.95943120249326,8.0
10383,39841.33575685731,24596.026065734724,363.0,109.38044317569094,8.0
10384,30344.502549169352,22754.171024819952,15.0,108.30524075875577,8.0
10385,12970.021479510458,5549.63489180372,88.0,109.88878136096406,8.0
10386,35270.09541992718,9278.54015772592,182.0,124.53265259046134,8.0
10387,48167.88464062083,12912.852038021698,143.0,125.99350126434211,8.0
10388,37371.74393585773,20937.514432884498,73.0,113.10661890278111,8.0
10389,39394.94184687387,6883.539295071893,527.0,118.2985913747483,8.0
10390,43186.89774493696,18862.332341443198,195.0,128.38508529183582,8.0
10391,47532.14350681518,5129.6864625623,52.0,125.32870910637098,8.0
10392,40880.96262306833,2947.4574133965116,47.0,118.3373657465759,8.0
10393,44492.958352782945,924.9335381882298,50.0,125.80752366186604,8.0
10394,44964.12520564565,31954.992289000602,226.0,129.3438268132709,8.0
10395,10280.048056910291,9365.645599476935,6.0,101.06927309600799,8.0
10396,55673.58445336784,31083.247416030066,33.0,116.52773007702832,8.0
10397,25617.612878734686,7962.166512991477,22.0,115.51699990419723,8.0
10398,45218.179570027554,17827.59243340181,-74.0,119.75604247935681,8.0
10399,59233.39661219747,52572.57647439991,80.0,116.58374972695097,8.0
10400,32509.347003017345,12097.539860812667,159.0,120.934839432852,8.0
10401,65128.45633032871,20012.70827213166,61.0,122.43964111063868,8.0
10402,16139.96663041141,4788.907627741709,52.0,102.24496651323584,8.0
10403,38040.643030781976,733.7263725556111,135.0,133.98687241781226,8.0
10404,38043.89440534865,36382.67702924713,12.0,119.52183749362936,8.0
10405,44694.609078452806,6516.197513885369,122.0,116.1338417168228,8.0
10406,32867.10812010956,2366.2585205030396,178.0,121.75205550531655,8.0
10407,54110.18509431142,3467.3999883733277,25.0,122.14862988335678,8.0
10408,54090.02753447429,36472.14721492967,64.0,116.59809207700944,8.0
10409,45591.416249618705,30583.568655801384,-21.0,111.43955137031072,8.0
10410,41305.65159283951,14217.806359501374,133.0,107.52571692612278,8.0
10411,40103.45806854766,24227.095668305592,-40.0,119.83463207274484,8.0
10412,63398.174444960074,23077.760185005995,-31.0,122.03816910430672,8.0
10413,55538.599905462725,47085.88896731032,368.0,131.25394809431197,8.0
10414,15249.121138001448,924.8787687962722,92.0,119.59116454683772,8.0
10415,54419.12488567995,7457.723600214207,78.0,128.02717749479825,8.0
10416,12380.172049425373,4853.97604472471,138.0,113.85462602552032,8.0
10417,52162.29156339534,924.7310649815856,81.0,137.00562727958425,8.0
10418,32867.75214628933,5740.3067312818985,260.0,113.80183005165473,8.0
10419,25660.18818205814,7723.605471738827,269.0,123.49846375097647,8.0
10420,28710.394313275236,2774.826076609515,225.0,104.65633037329938,8.0
10421,50906.13116224496,39344.150757304924,120.0,113.92955524242672,8.0
10422,55908.599589332815,47631.583444448006,153.0,111.05923021087473,8.0
10423,43690.0551564767,1184.2506485296847,11.0,118.47406762873305,8.0
10424,12290.180386004498,5908.8891701581,18.0,104.2224381990286,8.0
10425,63000.77085415866,13766.127016165481,33.0,127.82567593014394,8.0
10426,46718.79402704514,4682.73435619101,29.0,117.80846685146241,8.0
10427,39021.72494254195,25556.97417016062,140.0,126.60771003274681,8.0
10428,15666.240805006704,15155.178762555955,-537.0,96.34707917741801,8.0
10429,18853.29445574798,8622.056536787693,361.0,124.78445503621668,8.0
10430,34580.10800133423,1740.67076772024,188.0,127.96766535387198,8.0
10431,23540.855559297124,15996.644192634925,-30.0,111.7564430218013,8.0
10432,39046.816736200366,17422.3523269516,271.0,129.37369264570228,8.0
10433,50314.88880865184,2874.0974080374904,210.0,128.34622601149962,8.0
10434,60815.373565475806,55350.51721816829,-27.0,114.94265427097154,8.0
10435,38627.295668273335,2875.2975980502424,243.0,144.514274115234,8.0
10436,34968.85249197681,5121.294660324811,191.0,139.953905155311,8.0
10437,45676.92288397329,34864.723451194375,348.0,129.18304219068364,8.0
10438,17142.51802815327,11706.342774460294,61.0,103.90568422463444,8.0
10439,41948.17406799148,5227.288939802489,131.0,123.80621940152997,8.0
10440,24984.30045195082,3699.7879564466407,49.0,113.97107305144121,8.0
10441,40739.04676783545,17049.116874212545,145.0,120.5123713781938,8.0
10442,47860.03725471403,6516.281184677702,90.0,124.59846859791436,8.0
10443,26158.705641877164,8454.16421764072,309.0,124.32779349514888,8.0
10444,46456.00684231483,4683.121842718215,65.0,119.36509062335695,8.0
10445,14816.973271358873,13893.303844963846,-1.0,104.13246205114687,8.0
10446,23414.412281316123,5598.13650202507,64.0,113.09290266881462,8.0
10447,36896.37731847527,10596.300852071041,44.0,116.09612273351394,8.0
10448,31158.540734425984,9962.307492589813,28.0,113.60555390643117,8.0
10449,54048.528553205106,4302.711218795355,137.0,126.22495682985851,8.0
10450,44427.010743006795,25407.873954146427,223.0,128.05511491554486,8.0
10451,36065.54393942045,10409.851502824507,276.0,118.73295368475954,8.0
10452,36638.99933656946,1475.8409634638763,163.0,127.9506139215527,8.0
10453,36259.281284788114,924.9246533671959,99.0,125.38800261324462,8.0
10454,44357.02889259023,1184.4138507477949,33.0,118.92257448609305,8.0
10455,40697.47194108568,11963.86077010542,29.0,115.34624708335458,8.0
10456,41450.572837043044,1744.4561095669462,16.0,117.93237572053366,8.0
10457,19651.195600094816,3142.256939897443,23.0,111.70386531829669,8.0
10458,26630.370573676457,1180.9516205249,298.0,138.2557190371539,8.0
10459,33687.124458248254,13308.105926834354,71.0,119.78555733602767,8.0
10460,44510.234325525125,925.0837504672372,13.0,124.39404428785564,8.0
10461,17821.05988575424,3090.345098389916,77.0,106.54017786067016,8.0
10462,27747.236201076044,8229.230829472426,349.0,121.20773577319748,8.0
10463,49083.564091603715,1184.2718252940954,46.0,128.576052078707,8.0
10464,53400.472952190925,42589.27634938818,283.0,130.08524657688253,8.0
10465,18438.79178261541,3476.0515432828297,12.0,109.9784395336785,8.0
10466,13935.533989168,11944.379489244182,35.0,98.75445302948184,8.0
10467,24750.337297356044,924.8690336708968,146.0,139.10814725159986,8.0
10468,48204.44844180604,739.2705575716117,53.0,130.07796985728095,8.0
10469,28756.84036282223,19478.57150731335,194.0,109.65117819761079,8.0
10470,21609.619941364275,17123.85625711011,111.0,106.5276082302618,8.0
10471,43782.5177007979,4683.152472316202,49.0,113.05022502543773,8.0
10472,55014.17638798314,1184.4184445398437,356.0,138.79974796546313,8.0
10473,4788.7106710217395,3086.3962477721175,76.0,104.39981733065616,8.0
10474,48778.3397149894,30241.123460544324,161.0,114.41348055435014,8.0
10475,8830.622559171257,1182.6161689055912,6.0,102.89177060955929,8.0
10476,40376.30867291838,735.0794379159637,165.0,132.3647824497375,8.0
10477,24839.203276370656,13323.690817680119,81.0,113.42884516017057,8.0
10478,34435.66619578882,26134.384080582287,116.0,108.92485328854879,8.0
10479,38871.65251888706,8624.703147655373,204.0,113.57251952505831,8.0
10480,53573.989893321,8674.269322350765,151.0,126.73297185385007,8.0
10481,51253.86576229975,2359.8822628053836,276.0,121.47941100576529,8.0
10482,20908.57290200736,1472.4345420542538,22.0,114.77832415204215,8.0
10483,18868.47306065376,11704.167819345324,165.0,118.07037863276173,8.0
10484,37968.13018400866,3080.2883032023283,395.0,133.34631927189955,8.0
10485,64690.008232081294,58029.834130289084,80.0,117.09964073852166,8.0
10486,31908.421129754075,3543.724383857403,10.0,116.03803617514437,8.0
10487,45471.26588751869,6516.271098979391,233.0,118.01958346901228,8.0
10488,46382.877164650345,739.3313349854633,33.0,120.79764905797707,8.0
10489,46300.27877263208,8255.02869732968,38.0,123.05787709795169,8.0
10490,36426.748617566525,5122.735456946129,86.0,118.30423757167647,8.0
10491,38031.17918834992,14536.897593808926,291.0,125.58366785012595,8.0
10492,10954.574066489273,6955.122668841429,13.0,100.66037656368302,8.0
10493,21285.42878456832,924.9554858589943,24.0,115.32129151740273,8.0
10494,41528.22894217548,735.3392093144189,76.0,125.61601492999752,8.0
10495,54195.79714547125,17055.119130265713,63.0,122.17606556127099,8.0
10496,35763.97672570079,15995.688566710942,320.0,112.37604313597069,8.0
10497,43823.645682604576,24818.800213506383,84.0,122.00858613552587,8.0
10498,30947.29463954565,924.995577439704,15.0,114.55731820595577,8.0
10499,28606.51266430425,7845.820515224204,107.0,105.89491405325981,8.0
10500,44547.16530620607,1182.647061183485,74.0,124.71585490626343,8.0
10501,50071.42075334159,3472.8885332456343,240.0,128.85084365341163,8.0
10502,65089.81681008103,3136.7355739957106,152.0,137.59361768405154,8.0
10503,37321.13055114463,3082.1956946231267,62.0,111.33526386898758,8.0
10504,32406.568389563705,7399.720646589233,80.0,109.54357219798581,8.0
10505,47677.750472524975,31357.497902585437,120.0,122.72423256209981,8.0
10506,25070.879885304537,734.6560474794318,65.0,121.2489402900937,8.0
10507,19437.76192774421,3699.7879564466407,49.0,112.281713837533,8.0
10508,17428.877810746024,1182.8030422942763,116.0,120.6033746196674,8.0
10509,32915.19340990444,11746.850567715259,127.0,123.36156101681269,8.0
10510,58279.369270683535,25012.40728798172,36.0,112.76661000944684,8.0
10511,6342.042922378548,735.4399783916655,41.0,108.28851809884327,8.0
10512,59189.952654188266,9831.391268235586,88.0,131.97770527803988,8.0
10513,54911.28656424272,14214.81348528317,63.0,119.79207506331593,8.0
10514,33451.40296654782,13757.842026041017,77.0,108.45554018968008,8.0
10515,12367.941506990925,4123.5912091797545,72.0,105.37570902135022,8.0
10516,18883.073378988178,1183.1513181659393,80.0,117.80266999720989,8.0
10517,38990.33927427724,15353.174462597519,-137.0,110.49376961716864,8.0
10518,58144.70903091846,1179.5800617869284,27.0,120.2043800739711,8.0
10519,23253.248105771218,1741.5656035638372,134.0,121.38105957861332,8.0
10520,58740.17649987232,23484.644656160755,144.0,124.83622308942653,8.0
10521,19645.355855188132,924.9125244758384,32.0,112.14677299398119,8.0
10522,34198.52151489728,19158.796726438322,87.0,115.9547751436181,8.0
10523,31932.934917404393,8282.582005125236,260.0,115.31458113965807,8.0
10524,25792.86061031733,3475.70184345291,174.0,121.8640473928016,8.0
10525,40697.10627433713,28406.05066241195,-9.0,113.87465074259512,8.0
10526,5219.33887818037,3479.479313784051,-4.0,91.60210465838736,8.0
10527,38893.421785884064,1471.4147412121556,165.0,139.46926991716268,8.0
10528,42367.29396473567,1180.7292974134007,32.0,125.1803475211183,8.0
10529,20359.625438885152,9259.726438414913,125.0,106.85076076794914,8.0
10530,45880.59419293921,924.9614611201431,50.0,122.4196693095536,8.0
10531,57718.04796623501,10239.485581803956,526.0,132.7049067789251,8.0
10532,41081.352587738016,11480.845374080007,26.0,116.56369475304803,8.0
10533,12948.825329628911,12023.933018251953,8.0,103.10243663840048,8.0
10534,61445.189500811764,7439.372622228552,26.0,120.56661989025477,8.0
10535,40770.69894824282,16882.60137504162,301.0,127.70242098970812,8.0
10536,12691.636211595589,1182.738347662709,51.0,119.1651145787356,8.0
10537,27452.8103887644,2362.614257553149,31.0,122.75122915457912,8.0
10538,55283.19547533877,34524.193697104936,111.0,116.4804844909464,8.0
10539,41968.6411861818,34609.73826270311,68.0,114.69402359937722,8.0
10540,26377.191602156057,4786.859710912133,120.0,107.24620849531063,8.0
10541,23400.676035964996,735.6248267424936,89.0,123.41932036669292,8.0
10542,44989.77512715573,1184.438564493079,85.0,137.6074468888691,8.0
10543,64236.89742186707,9910.289724352244,49.0,123.53234140240141,8.0
10544,21958.06894755437,2884.9186056596495,15.0,122.00956734821698,8.0
10545,43711.383744339764,10482.279013563346,95.0,116.4894752784171,8.0
10546,28208.509852974978,20622.17942423567,150.0,106.7216763042243,8.0
10547,60808.241196543444,40427.63050510275,88.0,120.04579986624499,8.0
10548,36858.83174366627,736.8984713942979,51.0,121.78651551578378,8.0
10549,36889.07724133846,1734.7525566952877,128.0,135.46989200439063,8.0
10550,25659.862696668682,2396.667873119155,50.0,117.14676069117462,8.0
10551,42456.96757159463,5918.5204108782855,137.0,125.92706587710734,8.0
10552,43120.89140962151,3144.4933000423553,42.0,121.07524490299633,8.0
10553,46391.7059217821,10200.327566279168,142.0,115.08121481137802,8.0
10554,47900.4000911465,2869.6823568984514,166.0,144.56791543048064,8.0
10555,36982.14997444469,7117.087628673409,72.0,123.5036841541482,8.0
10556,53135.35606687569,11196.164773500373,61.0,123.70585714484643,8.0
10557,49366.910323578835,1180.322893897095,105.0,134.4622317607172,8.0
10558,29482.116828028666,734.4783301580318,118.0,138.05275418640556,8.0
10559,40143.76883493826,3794.741444535063,285.0,131.9101228494941,8.0
10560,40587.57212266122,1470.7372471348883,134.0,127.01343488914013,8.0
10561,50151.12493438618,10654.305022443521,199.0,126.54246897624019,8.0
10562,50486.146740761884,42036.562415495806,371.0,130.51394011517561,8.0
10563,51410.8405911692,26261.40552481505,233.0,117.93958453347662,8.0
10564,49027.51037798792,3699.95975249239,143.0,129.60258843662518,8.0
10565,50189.813142475636,738.8575025873822,159.0,134.07740302149034,8.0
10566,26000.782115230944,6965.183333479304,309.0,105.33993734923025,8.0
10567,49628.707689276926,2361.444773201433,52.0,122.0011362344371,8.0
10568,56579.696406907,30629.84494504488,88.0,120.32869597940054,8.0
10569,41348.03933261149,2210.3165579110714,232.0,129.9813938890894,8.0
10570,30097.50096495171,1471.8103045562866,69.0,108.77180481038206,8.0
10571,28908.47844505305,27991.19982019937,-102.0,107.38853502273012,8.0
10572,28096.705137538498,6516.054898883346,-17.0,113.3372705727484,8.0
10573,29791.945115003873,1181.2362654743363,169.0,135.91090136656945,8.0
10574,42931.23478834477,7959.460512127334,213.0,128.89020341733845,8.0
10575,33045.24128256382,24596.026065734724,363.0,127.26772192871283,8.0
10576,26768.675480443315,5236.8783656878,23.0,111.82541337099632,8.0
10577,42143.73037331927,1849.8387636951945,368.0,135.1160647199252,8.0
10578,33427.474565198456,23228.677649603338,135.0,120.83560508948162,8.0
10579,23542.274516798112,1991.670720487955,97.0,109.59966904734338,8.0
10580,13683.479062023905,1182.8725588664722,11.0,106.12012320963063,8.0
10581,44359.820208155026,6641.487591764935,50.0,112.28640492293466,8.0
10582,69194.96769207758,1178.7211856598044,81.0,148.32364676298147,8.0
10583,50066.50505226473,21910.51177491931,355.0,119.50476885904902,8.0
10584,38024.66439219855,32547.674857569786,42.0,109.6635501339169,8.0
10585,26967.714124681293,738.0250757794738,109.0,127.0922853980865,8.0
10586,40528.36480727458,737.3018714781045,38.0,119.96251929397351,8.0
10587,27286.519675001804,10673.00982444964,113.0,116.91084583237522,8.0
10588,48921.69193184844,5209.9383693118325,63.0,115.31390046951469,8.0
10589,36309.49660088589,35716.09048124551,-550.0,105.77410002355597,8.0
10590,57256.12182687346,3553.0598098457417,73.0,124.28311133791114,8.0
10591,67290.60113465694,2358.2480220337993,245.0,151.78990270613608,8.0
10592,47680.829085590645,3473.2986539665153,199.0,130.59602032923735,8.0
10593,12658.98660329429,5476.922681009788,48.0,102.23163297095897,8.0
10594,31871.395881654742,13380.89432911674,11.0,114.39412419351528,8.0
10595,16332.145576956354,6639.572201474689,24.0,101.04204045269812,8.0
10596,54026.13045830759,1992.4949306925,21.0,131.02821055041048,8.0
10597,44179.08415589175,1475.2428329126074,51.0,121.55618008098011,8.0
10598,30976.487935048095,10596.262016900586,88.0,112.48260741447238,8.0
10599,50954.617548955655,924.812980005956,22.0,118.79511869443752,8.0
10600,6953.690965624054,2393.4063234176156,56.0,104.17046069634816,8.0
10601,41584.42311518552,2398.2915993845536,27.0,111.64161054647178,8.0
10602,34557.016744811735,26480.57044430884,22.0,118.7508378158447,8.0
10603,27263.85258257766,734.6917085658296,3.0,110.42220524427378,8.0
10604,56134.37445167907,43342.74991755626,87.0,120.14827003551771,8.0
10605,60927.57039125372,14948.582493454582,63.0,121.37560033971654,8.0
10606,40394.3172522592,6844.188558124756,81.0,119.33169700917077,8.0
10607,42555.479329468944,734.3491131190377,216.0,136.04145488222466,8.0
10608,51815.29887832085,1849.6628638192183,17.0,116.50322928269652,8.0
10609,28910.503494575263,3984.1076712538193,30.0,117.22708182664273,8.0
10610,10677.746252091594,9028.723220092068,64.0,109.21963219138367,8.0
10611,30617.471927632334,18535.11913455088,183.0,115.80110975359837,8.0
10612,64561.475880792794,18770.468502357926,511.0,112.27996562694051,8.0
10613,28339.735339661336,1183.6473076942111,17.0,118.24132349517885,8.0
10614,18203.078449868688,3140.6324312560823,-1.0,107.15445814785845,8.0
10615,23228.766867086615,5849.6938286475915,91.0,115.38508930943037,8.0
10616,52113.24182818992,31608.378152448357,375.0,132.3256358030457,8.0
10617,21325.671079166237,1182.6358300736902,32.0,115.90607162261213,8.0
10618,57249.56379352242,18221.69139518689,43.0,126.13392558652684,8.0
10619,36711.076153710186,16798.646936574594,107.0,115.18231243625894,8.0
10620,33290.82568891939,1990.675509018902,66.0,118.44718494091133,8.0
10621,56591.522563922896,9287.224083568952,52.0,124.0441293219427,8.0
10622,41974.54673248864,1737.0511019388327,109.0,140.36911594564123,8.0
10623,36109.35401534983,2208.1394692188833,36.0,118.26647485233963,8.0
10624,28514.14519538532,4520.242734669591,51.0,115.77589481671305,8.0
10625,47262.544601031324,11123.264437786029,94.0,115.55286425252193,8.0
10626,25909.352417764585,8148.426981499629,68.0,111.26984582283816,8.0
10627,54638.10955350959,44682.33449676631,367.0,132.14930854733888,8.0
10628,46996.62330039062,21158.999049644488,58.0,115.34954126919668,8.0
10629,44547.128800819264,32985.120296347704,120.0,112.99995208216588,8.0
10630,50072.65225520193,35888.775371998825,380.0,131.79952007238313,8.0
10631,14761.15092244472,3683.373867823551,-3.0,102.2059775045508,8.0
10632,59224.22795893331,924.6972920439187,39.0,132.15320250203104,8.0
10633,21323.887083329868,3699.555282654896,13.0,108.48633314992757,8.0
10634,23640.717862806177,1472.2314315717376,12.0,111.19461779416076,8.0
10635,35271.83557473619,16203.419972939468,109.0,120.17276764557954,8.0
10636,27272.411538803553,6629.840779453516,182.0,120.51006073046366,8.0
10637,32722.395994602935,25132.269958302815,-36.0,107.74812162416622,8.0
10638,43613.99501742897,25661.804260314264,312.0,109.82300513651272,8.0
10639,46106.58287969447,3138.2577066314648,20.0,121.01587841138611,8.0
10640,43371.494500082335,8104.504196945648,233.0,121.14330853886085,8.0
10641,21903.228848442057,3794.5981817574593,237.0,122.96956701796029,8.0
10642,53014.438201877,10346.561412669429,333.0,119.47598742190661,8.0
10643,23662.564712162402,11570.36999552782,168.0,116.44075380564722,8.0
10644,48670.13974306945,6290.235708595555,65.0,120.54233688856822,8.0
10645,40009.74825587024,3139.3315470932007,36.0,115.49416093716803,8.0
10646,34367.04277404451,5919.050448895803,22.0,111.68229390795679,8.0
10647,28739.799918660443,5241.6228678318275,4.0,108.18032057308609,8.0
10648,27110.842498844842,8100.971729793556,491.0,128.63146741200666,8.0
10649,50393.25313796276,9712.002531291597,95.0,118.8109313780234,8.0
10650,28855.917718291952,15851.950301202021,281.0,126.20651624531568,8.0
10651,32033.77013107376,1473.2658586212226,32.0,126.52668481598587,8.0
10652,59481.138336068856,9412.058868885655,420.0,137.7286113917629,8.0
10653,47742.08800183165,8453.036511122145,33.0,120.13110876989018,8.0
10654,15717.003995853953,736.4781261084884,12.0,105.8561605797694,8.0
10655,17510.66011340605,737.8566308538138,115.0,122.96521417894716,8.0
10656,15997.43223104435,5598.095847228322,269.0,122.53050991416782,8.0
10657,53232.70095466236,2871.5633105156567,90.0,121.89459129414689,8.0
10658,17429.552641715607,15445.337800212446,20.0,102.68586579682668,8.0
10659,8887.846316343086,4420.087495195776,10.0,106.85979865321647,8.0
10660,42734.51786621342,27706.858858832253,87.0,116.89276699038048,8.0
10661,54226.82490976343,5229.589434145832,135.0,130.24005802265938,8.0
10662,45959.46921254072,1181.3357656940652,174.0,131.8417927095954,8.0
10663,25074.59576921066,924.8095136716598,111.0,124.35129271311291,8.0
10664,54181.611366886646,37159.872606459314,183.0,123.81251793737798,8.0
10665,52047.95917486589,11554.59968710547,38.0,123.8252421427803,8.0
10666,61100.408848140345,52822.0259056288,153.0,111.95849804486247,8.0
10667,28189.978632891703,3139.342671190288,65.0,116.43115085946661,8.0
10668,39191.578876923086,4520.082322710038,263.0,121.24675176874973,8.0
10669,49008.74593076159,924.965094208781,19.0,122.23834947335732,8.0
10670,43090.228721104606,8891.149363283314,335.0,108.10627870148782,8.0
10671,9577.196106071422,1473.646804294559,1.0,101.19428099229023,8.0
10672,45798.913880390945,3094.2998436614303,207.0,131.8298443320513,8.0
10673,45825.90905397166,43468.620785414,-39.0,117.28889092230119,8.0
10674,37957.33873733249,3796.7665351080973,328.0,130.16985314646155,8.0
10675,34528.96207627075,733.8087942029324,91.0,137.57362512014683,8.0
10676,50764.16601048448,7969.215464618963,61.0,121.16516398279995,8.0
10677,36321.22695097667,17319.54812106062,84.0,120.42001570201018,8.0
10678,58416.48115437058,51755.507395591834,80.0,116.35252045162886,8.0
10679,40743.65979761533,25500.981488284546,356.0,108.82401124740178,8.0
10680,46079.839014815356,3541.3955532795076,56.0,122.84245688074336,8.0
10681,35645.96315956461,17772.62613448696,81.0,118.36972136759843,8.0
10682,38029.19128870587,5212.720752463858,252.0,114.94527925619568,8.0
10683,19192.346418253917,2883.484569526466,36.0,114.30290171224573,8.0
10684,23385.174647372973,5740.712884948563,91.0,118.42989703298267,8.0
10685,41940.04062685018,2870.111471888034,57.0,118.65249474888361,8.0
10686,34926.862959612925,19867.21580744351,60.0,113.20622317576401,8.0
10687,59110.35539907119,924.9520683743355,50.0,126.14878911182036,8.0
10688,36102.94950013145,2945.9100672248783,469.0,133.80269106047302,8.0
10689,63125.58129426424,10982.959675729944,130.0,130.49700395438919,8.0
10690,37302.229514269486,2870.24083097031,186.0,134.5251877980573,8.0
10691,43747.402345903996,34528.80960163565,-322.0,120.38692202447241,8.0
10692,5235.282198486879,3086.656841171758,15.0,93.07123934939979,8.0
10693,44340.704376382826,1180.511302203983,113.0,125.31938471329539,8.0
10694,44154.27831023865,26042.14727667303,155.0,112.69121646296591,8.0
10695,33250.60772966643,31566.94997152874,53.0,118.58004459783493,8.0
10696,18622.346517619088,17893.800603795735,-208.0,99.0331439901772,8.0
10697,31883.0315119712,1475.0644855982741,46.0,120.26883384322825,8.0
10698,45944.18629321132,737.5330435711346,101.0,139.1727580686615,8.0
10699,36296.88624618608,4603.047847884807,96.0,110.71208556250625,8.0
10700,45343.08896894113,10173.3067669335,82.0,120.88987344557522,8.0
10701,56912.06825663154,925.0351932014576,73.0,126.8382684401361,8.0
10702,43460.82425866344,5210.15390332298,187.0,131.1611174355323,8.0
10703,40283.600332266375,9746.30571773126,341.0,105.47191205877881,8.0
10704,18405.70898628982,9788.316704108014,12.0,112.0287158784057,8.0
10705,51705.1035097939,2359.8232689932793,192.0,143.29657496317355,8.0
10706,25795.716450021577,4418.940902735419,83.0,109.05513259859114,8.0
10707,60963.28690045514,58653.655413285436,-207.0,118.05432174080644,8.0
10708,39943.55538922467,25190.651084522477,183.0,110.58950355212997,8.0
10709,46147.45128493045,1992.422601426926,81.0,131.39079270416366,8.0
10710,54092.71081562129,924.7196825079745,32.0,130.15345001315802,8.0
10711,46912.27659395657,6408.647505173836,38.0,119.52382070963516,8.0
10712,31725.921104416397,19037.194157540733,32.0,120.41127383298777,8.0
10713,35603.23859342795,2396.474938205014,92.0,122.2853320154156,8.0
10714,19674.856749029565,9104.757319453187,279.0,122.73635017728276,8.0
10715,16720.970508616054,12132.516226355785,55.0,103.65891947029021,8.0
10716,31444.977613753068,22893.770666738652,-115.0,117.4519834306549,8.0
10717,19348.598381983964,924.9322645770505,11.0,107.15780631854032,8.0
10718,54260.834438727215,17707.301428777893,55.0,115.31580627975684,8.0
10719,13728.06925775416,1990.8606576838295,-46.0,104.28732383692557,8.0
10720,24048.23518142272,22315.39182776975,5.0,107.6112110232933,8.0
10721,36561.556108345605,15057.420652159959,139.0,112.01262677590483,8.0
10722,52394.609351390885,42885.37831438166,331.0,129.92143830369486,8.0
10723,50508.57521705492,1179.5940729242607,69.0,130.70386642421965,8.0
10724,53753.00925064019,36743.34514978539,183.0,123.7448442030178,8.0
10725,43785.64580919611,1181.088177234719,51.0,120.97987632749499,8.0
10726,41508.3459444935,7197.895947340153,67.0,120.1955339614747,8.0
10727,45034.33411477849,734.6552410364767,170.0,145.61748659969132,8.0
10728,30509.574905382382,13486.936472590798,183.0,118.1406836903663,8.0
10729,31910.82799961942,4114.128949431907,101.0,115.93568545317449,8.0
10730,63512.85402914638,42748.066610067,111.0,115.50099581176875,8.0
10731,30840.258881169004,3771.9008879997405,127.0,116.31695690613984,8.0
10732,44451.324007172014,735.0238491433544,94.0,127.84861669652811,8.0
10733,38846.976436136996,1990.40925344335,33.0,116.05497584327847,8.0
10734,38237.56741592927,4114.575498903919,109.0,120.8300023420191,8.0
10735,37426.25892615586,1181.690561051922,11.0,116.87286782239906,8.0
10736,33547.10320323357,736.3622436604131,25.0,115.44098974266278,8.0
10737,13463.117940130069,1183.3841023383663,33.0,106.56634677188049,8.0
10738,42602.06263372076,1849.6217639200472,36.0,120.3241174693274,8.0
10739,54672.31952406107,10661.44190746921,33.0,126.21270690663286,8.0
10740,26553.94450252572,6932.434473124962,396.0,127.26889576374262,8.0
10741,43901.11718791564,7582.6739312888985,37.0,119.06821002706661,8.0
10742,50099.30516728548,12383.061965372543,47.0,118.0999542998788,8.0
10743,40961.73554478113,32683.930897831342,153.0,108.94070598356345,8.0
10744,40745.468349253926,734.1117136874342,66.0,132.80699310085436,8.0
10745,60316.076042827845,10239.092975430374,457.0,134.01743285301717,8.0
10746,16527.447654000538,2363.383721278696,345.0,108.27739227706576,8.0
10747,57448.79395661672,1989.1531340421202,341.0,137.8009509808117,8.0
10748,21186.3218360811,924.8740493832933,61.0,116.92028114465752,8.0
10749,35368.834919481975,18438.692583544027,186.0,109.32512299948067,8.0
10750,53209.86843880196,740.2354362128613,7.0,128.86835807449427,8.0
10751,44223.65831452359,8454.80915378522,46.0,115.77230718450201,8.0
10752,41530.43452215313,20203.52975358413,37.0,120.8065714727109,8.0
10753,8103.549508903227,7366.313210278033,-31.0,94.11821002939458,8.0
10754,50472.660214254916,738.0305260011216,65.0,126.30547227950285,8.0
10755,45534.91864622985,1849.5960528982687,55.0,123.52791826644543,8.0
10756,50086.88630041732,6637.9292634775375,246.0,129.87173553177783,8.0
10757,36159.13347441509,3541.7349349625306,134.0,136.90227834010156,8.0
10758,21637.35597087152,924.9983478942354,54.0,113.1298926749183,8.0
10759,34499.82728931689,27838.593721325393,80.0,110.28482634977107,8.0
10760,39335.114818664,6405.203159553049,163.0,129.0031225870329,8.0
10761,55731.62224673777,25012.63625793929,26.0,123.12335516265274,8.0
10762,34293.36177973298,924.9105751136377,76.0,122.0059990358449,8.0
10763,48335.937657382434,4600.320491202663,79.0,113.98631265738719,8.0
10764,33313.630249868496,1184.08510297876,22.0,118.03277170889791,8.0
10765,44162.718173516216,29135.065842568358,87.0,118.72932677225673,8.0
10766,12174.012433009491,735.8109879128475,42.0,110.64223137873628,8.0
10767,20753.21539224053,8652.158776708,174.0,102.31856391296023,8.0
10768,52381.82042342304,50410.706696020134,-99.0,110.36605959511901,8.0
10769,19584.485122631104,3548.5675922426612,127.0,113.7071721497854,8.0
10770,33000.43677047829,17071.40274590396,108.0,117.50270280381152,8.0
10771,12926.300488280061,1990.7783393083016,22.0,106.29881190763876,8.0
10772,43705.68298069704,7083.068028907375,71.0,118.26717494129603,8.0
10773,24271.08190408011,1183.4393015147198,21.0,121.05231055913156,8.0
10774,38881.47803623305,28646.419044052967,202.0,122.57155592570658,8.0
10775,30743.296840181112,1849.8333552618788,87.0,120.92358997618132,8.0
10776,48139.6563578274,26639.56729563799,139.0,115.38773208978188,8.0
10777,38947.89667756854,9095.52999071199,258.0,140.27148825736288,8.0
10778,19198.5200756264,6401.347536024286,40.0,106.295622381185,8.0
10779,9621.221642685763,1473.4827260857983,5.0,105.19695388729558,8.0
10780,40373.3624510607,3483.3701364246617,87.0,126.00296554748391,8.0
10781,15278.023051923992,1991.55459699407,237.0,120.65950997894576,8.0
10782,63570.0838566992,4721.117453769823,129.0,115.8376477385194,8.0
10783,45415.63635128475,3485.489386500443,218.0,119.50458879809722,8.0
10784,55004.85041714248,5473.024247139554,212.0,142.7531894673089,8.0
10785,23627.845160209174,5152.938614811538,132.0,107.71242231250433,8.0
10786,49951.44653469499,1180.4694496701397,4.0,114.84253054945447,8.0
10787,26666.880546203134,3684.36874703946,138.0,106.14312618744133,8.0
10788,14037.22786896711,12348.596068098142,76.0,112.44550930765934,8.0
10789,27406.813098077324,10274.878207559817,155.0,107.55768412544094,8.0
10790,33382.7531616414,734.7743391031274,62.0,137.8018019320437,8.0
10791,42328.250159700714,6524.581880307024,253.0,127.0925809430736,8.0
10792,36572.50782929377,23780.048115434514,87.0,116.18437771111991,8.0
10793,62778.20222360076,56117.852956271876,80.0,116.93946202656385,8.0
10794,5479.451691935806,4791.893177576884,-18.0,92.0450387759024,8.0
10795,38547.16552406533,734.0373756159355,140.0,147.2066261859645,8.0
10796,50323.179005603415,31271.780492637827,96.0,120.2922013242918,8.0
10797,52128.03893431085,29806.151458195163,526.0,130.97524999781243,8.0
10798,53212.769476485686,924.8831907786455,167.0,133.29398062340724,8.0
10799,18508.06119092695,3682.8419672503114,30.0,107.25070579527609,8.0
10800,35323.09473595308,20280.364442565235,87.0,114.8281738914386,8.0
10801,52919.92460458,3466.644041994648,465.0,136.58618113825452,8.0
10802,31294.71481650506,9958.441295278997,376.0,121.75658046665421,8.0
10803,44681.53980420851,26855.125235553536,84.0,116.65902202899287,8.0
10804,24995.009418493613,7188.158917727139,77.0,117.23103209407947,8.0
10805,21268.626258299508,3543.556030347705,465.0,128.81253411089494,8.0
10806,38438.58947086376,736.0674804329414,179.0,131.95359783031833,8.0
10807,51987.23645439041,1180.3182557201226,125.0,115.5435227873821,8.0
10808,51235.89515854468,732.9613128614183,21.0,118.71531501587155,8.0
10809,56842.510876051594,5899.595296543967,235.0,125.33373508842547,8.0
10810,39308.306151751414,13686.920708038864,108.0,113.10585119947149,8.0
10811,31575.501144747068,2870.1299787106145,239.0,127.2254707993673,8.0
10812,32019.50415746047,30561.84408909394,-208.0,107.8682581574705,8.0
10813,44399.11115899541,6914.814827902967,96.0,114.91128998430936,8.0
10814,36259.35569871541,924.9403019434337,32.0,116.43247722430378,8.0
10815,41044.47696512255,20796.38347802215,73.0,121.45336938149387,8.0
10816,48743.25011081459,1181.3357656940652,174.0,132.41016628323342,8.0
10817,50424.08323291339,5743.6495924657975,39.0,125.39896038852416,8.0
10818,56622.75960720685,14208.971246504358,135.0,118.32211378062833,8.0
10819,25485.616084651676,8090.2817401118355,66.0,110.62122988242169,8.0
10820,40357.70070893405,21346.641882455177,84.0,121.31052810324456,8.0
10821,12574.350879630725,924.8750896071442,61.0,115.45724106885694,8.0
10822,4791.780857288407,737.385860831377,17.0,96.78072668627806,8.0
10823,30486.476584683613,7881.16731367013,80.0,115.99867538369736,8.0
10824,5972.500304565869,1182.1290216456393,94.0,109.52089838990656,8.0
10825,53325.31971784029,2874.9929624590304,17.0,117.47530657780558,8.0
10826,32407.339565501916,31671.06057885253,-235.0,106.16924286971145,8.0
10827,55858.59755215794,47585.56300807995,153.0,112.22901823529727,8.0
10828,34110.785413832265,738.3181430042043,98.0,134.84251458321796,8.0
10829,22556.590652573857,735.4511395218173,117.0,123.65331479136938,8.0
10830,30824.793989750833,3550.2236896390523,141.0,125.40234902305934,8.0
10831,15050.993069321225,13343.845966225968,58.0,111.92566951471471,8.0
10832,42643.21384965028,734.029363323251,83.0,126.33656342963448,8.0
10833,4608.989195090002,4045.266248557477,-77.0,87.0661854857672,8.0
10834,27268.991611401856,736.2976658573841,30.0,116.11057619280068,8.0
10835,36439.919292889106,2774.7174116630435,71.0,117.24951553934635,8.0
10836,39064.34993170924,31712.221503550278,68.0,114.89705847897189,8.0
10837,59873.51969477422,17707.301428777893,55.0,117.2361697561966,8.0
10838,36380.2587963504,21534.042622603487,198.0,109.09143945764866,8.0
10839,30952.59873459311,1473.5650277505592,191.0,128.24992577032867,8.0
10840,42852.60099813834,8661.101459412841,225.0,129.6056981727042,8.0
10841,22350.801269393825,8249.653375073241,156.0,114.89584643523088,8.0
10842,40402.962870487856,4737.300950611674,36.0,112.64206999358132,8.0
10843,31724.437296344062,19633.783455396486,179.0,106.79603698292586,8.0
10844,50077.11693575872,8609.296901564736,365.0,127.73380176465834,8.0
10845,30606.12083232166,12568.51126714573,87.0,113.6768078035164,8.0
10846,35903.7280124577,8266.359226507739,31.0,115.73885558367242,8.0
10847,16070.453594787408,1991.4936164837748,24.0,104.6154452622147,8.0
10848,38859.16956438816,12775.486476760623,-76.0,120.61345068804178,8.0
10849,48927.922279618164,22472.086981363373,62.0,112.2797964158369,8.0
10850,23647.157930502148,6695.15240228989,32.0,118.01225606131929,8.0
10851,36056.88086529418,1990.675509018902,66.0,119.1329875333274,8.0
10852,43809.170661485696,27474.394959867623,310.0,111.8524685254659,8.0
10853,10591.97258664545,925.0113135345484,11.0,102.88467457332342,8.0
10854,31715.741430382335,1183.1060082760855,106.0,122.25190286968373,8.0
10855,13436.513644508486,11700.98409168795,8.0,102.23683221001676,8.0
10856,25386.78096010267,1740.317082882083,21.0,110.42570090758952,8.0
10857,54335.34539151736,924.9926182532168,148.0,139.52482090615527,8.0
10858,28767.992565807835,10347.488563108462,256.0,118.79718345334815,8.0
10859,44493.59868870159,3473.071026356269,144.0,132.7925633371355,8.0
10860,19631.49947980959,735.2451051113904,24.0,118.92929654521001,8.0
10861,67894.98280959873,925.2438647140774,41.0,124.65601881707806,8.0
10862,36714.970403343956,20386.0811589901,120.0,120.51100386912869,8.0
10863,40880.39054795589,26035.904240543237,198.0,110.47688730945849,8.0
10864,59480.844744049784,57494.15593390219,-306.0,110.81982468987434,8.0
10865,22711.846448258082,2362.9232272363615,73.0,114.53167729963975,8.0
10866,33930.82851152719,19185.96870773041,84.0,113.3018723396006,8.0
10867,41610.7589269455,26765.61975341317,198.0,110.68368809649502,8.0
10868,27098.30991229538,26377.822599167357,-422.0,102.42725544571653,8.0
10869,57950.02599403443,925.072427684523,10.0,122.29429900013072,8.0
10870,40673.67367248364,14217.703552637677,126.0,112.95490250676356,8.0
10871,25940.222610487537,925.0301735962763,70.0,120.06758355407896,8.0
10872,22341.79336816173,4311.019946917994,82.0,116.69768100278273,8.0
10873,44346.267959231045,18859.95375637875,107.0,114.39955669363238,8.0
10874,29595.989264338295,1990.353809643324,261.0,128.8492159902746,8.0
10875,21637.148805123437,924.8712173756248,271.0,130.04778944565862,8.0
10876,63929.52644194929,55650.993788580716,153.0,124.67755808493328,8.0
10877,21541.404632024667,12923.495349362445,14.0,114.1263108818839,8.0
10878,34866.527369048286,18784.993991437954,263.0,127.43089548110305,8.0
10879,22820.26707448729,2945.208855675077,13.0,117.17131432585435,8.0
10880,23765.724611184593,4051.868659671469,38.0,113.48203458487956,8.0
10881,37039.860214516826,1180.9731710512572,14.0,118.29885434169695,8.0
10882,21661.232541001238,18766.982718189447,-36.0,109.61723635947115,8.0
10883,40380.521722991856,735.573740055355,247.0,135.47702670395773,8.0
10884,32477.04011796815,8614.115347183682,127.0,125.68104067304859,8.0
10885,53652.04149771801,13874.654042321346,389.0,129.81839302371338,8.0
10886,18784.94253212731,6842.453607165087,19.0,106.33885948486017,8.0
10887,19695.2294718735,1473.4035992745053,120.0,119.47394027294648,8.0
10888,59975.91400650486,7555.631386584045,226.0,133.44373102119295,8.0
10889,58317.44595851068,45520.820788745696,87.0,119.81297755826068,8.0
10890,37684.75603967996,5477.894780345837,50.0,121.28779219983626,8.0
10891,38457.13458354723,1184.3227625580982,30.0,126.21479752427541,8.0
10892,61708.406529107364,1185.6253478819456,14.0,133.7149377579561,8.0
10893,25992.40014299756,5598.102410941751,37.0,117.80522022281652,8.0
10894,69378.8127796018,59196.15841462097,116.0,120.7478269124156,8.0
10895,41056.16232470114,8095.396268371878,200.0,123.79301526358589,8.0
10896,42662.37688422808,1990.0543609901329,124.0,130.23871724649865,8.0
10897,33044.718737050665,15997.819830154294,231.0,113.83921868778555,8.0
10898,30219.738546717956,8708.649626402153,139.0,109.21014275640164,8.0
10899,41100.75726447273,2875.3391574275956,176.0,130.7038950713285,8.0
10900,50280.20297285374,3144.0523080230937,92.0,130.91228939604486,8.0
10901,22599.62363909627,13026.462619500307,172.0,118.82087393379706,8.0
10902,41934.003753937475,4129.371671135102,316.0,120.38291986454327,8.0
10903,48146.59523987549,1992.5326353469143,30.0,120.81425422300964,8.0
10904,41213.22547652611,36098.066303097665,58.0,111.51933301516176,8.0
10905,11785.25205975987,7365.749858817153,7.0,108.2254072116576,8.0
10906,53082.609012593435,10396.808725857687,38.0,126.54638596490045,8.0
10907,15898.164234222988,13759.677574817277,-163.0,100.15758590676216,8.0
10908,47170.02040574411,33726.80414855954,78.0,119.37072863691122,8.0
10909,57288.59416159351,11772.458139338125,76.0,118.84358788312842,8.0
10910,10966.727401906795,924.9067571580713,39.0,109.14490497720968,8.0
10911,16791.588527027026,15928.976780645686,-463.0,99.33466667382156,8.0
10912,32421.575243956144,7109.175045346341,-23.0,114.39599799568249,8.0
10913,9583.974455502192,1740.2263289803952,50.0,105.20553243968772,8.0
10914,47977.826132806214,6526.333012000158,251.0,115.45681829039559,8.0
10915,48362.55937900037,35565.5550492435,87.0,118.88589976324894,8.0
10916,30503.431627845683,12381.621426683832,108.0,111.77537131130849,8.0
10917,26521.20112426926,10967.766963735416,286.0,123.66806210666473,8.0
10918,54676.356613144664,10347.073251155423,173.0,127.96276940086457,8.0
10919,53638.43816299437,11590.710688219942,5.0,121.18509898164851,8.0
10920,16150.00371222786,924.9815646926697,7.0,109.15974176884814,8.0
10921,54242.9040681415,3541.109799280068,70.0,121.98535650614949,8.0
10922,54252.55827299756,1849.9582736362433,24.0,120.40255482112023,8.0
10923,47814.023512921514,6669.0678569705315,141.0,119.06750839277117,8.0
10924,4729.702672540241,3547.5056298578993,-16.0,91.0359746401556,8.0
10925,34239.70850975463,32547.674857569786,42.0,118.76811944533256,8.0
10926,58350.23164147375,2359.0631533110363,297.0,134.9306180208242,8.0
10927,32856.37410172538,6352.968440855385,41.0,119.57547693826271,8.0
10928,37288.9908925159,16265.373227008551,68.0,119.6138796214397,8.0
10929,62733.87826342183,4738.479095393939,163.0,115.88081802263497,8.0
10930,56129.545178130036,12946.967656664407,65.0,118.4764840762281,8.0
10931,24753.58465786605,2877.4733588160143,244.0,133.6980551219178,8.0
10932,33328.87812472455,14816.507283142697,263.0,123.98207290279124,8.0
10933,27037.580780827142,3550.578374481311,196.0,124.79007782307042,8.0
10934,41783.65783509621,23228.179230044996,354.0,107.94598200760618,8.0
10935,27904.033071272126,924.9404756387218,51.0,117.6976599556961,8.0
10936,53417.773342591,1179.5076365583793,131.0,146.71439404575395,8.0
10937,36015.531276331705,2878.0643805698446,73.0,113.06260028252039,8.0
10938,59854.75983902869,47060.50672913399,87.0,120.79748454612096,8.0
10939,55026.02714233201,14517.653140529656,38.0,119.97215836276644,8.0
10940,40863.11673092843,2774.679747654347,62.0,111.65765341911445,8.0
10941,25373.257069015384,1181.482256120317,62.0,117.9303048789258,8.0
10942,36186.89934408298,4305.033298756481,149.0,130.37463585120335,8.0
10943,60215.63641342196,3538.231281955156,207.0,146.6373570289798,8.0
10944,14915.823763246337,924.982703470421,141.0,137.84401126960213,8.0
10945,50637.37494018452,732.9475979966463,61.0,139.2106802296597,8.0
10946,26019.317533348327,5957.401186317339,86.0,117.85373671912981,8.0
10947,27797.079748731394,1182.7062483820212,63.0,119.49379615399454,8.0
10948,52385.3406358083,11700.380888316362,95.0,117.87265566851025,8.0
10949,58840.431400482325,11500.292971586618,64.0,123.5023016724016,8.0
10950,40433.31194220815,924.9052733707924,34.0,118.34437331713781,8.0
10951,50254.52793429415,11317.896424316574,118.0,130.43894281919998,8.0
10952,36429.144814231324,924.9976532713806,42.0,141.14516590406106,8.0
10953,43314.15647101535,5598.465218301842,76.0,118.19661281521789,8.0
10954,49948.84867355916,12947.95986077761,141.0,119.68594756357703,8.0
10955,31662.76629367461,2774.9529468064343,54.0,115.9660934213538,8.0
10956,47720.74851345072,733.1659364508658,4.0,115.72723469897724,8.0
10957,39942.84289948148,925.0704982991124,13.0,118.12364046051114,8.0
10958,22816.94532346757,12570.483433620051,62.0,122.65837499266301,8.0
10959,36803.56130300788,5478.844694109216,86.0,115.09558413485482,8.0
10960,41881.078609718985,1184.0537405530345,48.0,119.8184827359823,8.0
10961,38450.14560042532,2207.6639974839204,189.0,127.60823726390117,8.0
10962,59514.924618491255,11584.054767139965,236.0,136.99296859977196,8.0
10963,35326.64483963975,2361.4217117021612,172.0,138.21839494072015,8.0
10964,42836.45179664005,16883.77395262903,74.0,114.77134333013424,8.0
10965,40471.410833415044,5968.982922955747,234.0,115.72352661784849,8.0
10966,13387.848952521419,12658.957476605143,-58.0,99.04062601185713,8.0
10967,11093.453559817854,10251.968575988223,-257.0,94.64356553889561,8.0
10968,20945.75820797408,3796.850432910928,170.0,119.67266474674729,8.0
10969,26085.917312430996,10960.995243123614,-123.0,114.2805203664424,8.0
10970,34806.20861409999,736.7310260165132,219.0,132.87805457514122,8.0
10971,5218.632931404784,736.1015006976414,4.0,94.52225019760115,8.0
10972,34104.492742578615,20824.751764433495,132.0,117.89388147194445,8.0
10973,27100.82608157469,14996.28757903559,183.0,112.72933998121621,8.0
10974,42583.3167502332,33367.737222997916,154.0,121.99209543292575,8.0
10975,15444.620471952872,14560.908556554898,-173.0,102.02696001825221,8.0
10976,32466.120661428104,22516.99279739167,450.0,128.60008692840339,8.0
10977,40589.54851002192,1740.8210367654829,90.0,122.93391132956212,8.0
10978,46708.653683293036,2361.444773201433,52.0,119.17861480688562,8.0
10979,47635.22457430432,5598.211134052317,101.0,114.93945794118049,8.0
10980,38169.75260842113,16519.449350194853,354.0,120.74364170520829,8.0
10981,31595.539012129142,1183.9385120583686,80.0,121.62895511312996,8.0
10982,26487.943532258418,2362.4375246773484,291.0,119.30465659444106,8.0
10983,48443.271917380676,29438.97111756545,84.0,122.85962761760635,8.0
10984,28384.82318973451,5471.601688781812,69.0,114.21420979485977,8.0
10985,47427.01363128457,924.9507379176952,3.0,115.54213405046144,8.0
10986,18033.568683115594,924.8752141245459,268.0,128.61430329436593,8.0
10987,42884.274598554846,3772.8260049792943,48.0,113.34024917309662,8.0
10988,41583.09716949348,1471.7682945460506,13.0,113.40492547764369,8.0
10989,20779.588610166018,1183.1513181659393,80.0,118.22166526899787,8.0
10990,26203.016805981424,5969.180309932352,64.0,105.47554114086803,8.0
10991,28984.38684972609,6654.6037841600355,553.0,118.15860835603469,8.0
10992,63833.77100158735,2359.1330932417777,130.0,127.98906903503195,8.0
10993,54943.6612699289,6410.012521417001,178.0,124.65752693946071,8.0
10994,30522.02345287931,6474.331739415662,304.0,125.9806448157865,8.0
10995,36020.5654626862,1181.4895817724664,8.0,111.53636163468123,8.0
10996,34490.49039179979,1740.345081487347,179.0,122.11944552090701,8.0
10997,39151.8002216687,1180.7284611308487,80.0,118.93295837454865,8.0
10998,22509.227203454408,4852.417495501439,110.0,119.0055966913782,8.0
10999,36341.50125092919,13032.335382218094,50.0,117.6977843582351,8.0
11000,19073.64804602532,7578.7673061169035,-29.0,100.98439905663349,8.0
11001,52318.731368133835,36440.54877321972,174.0,118.37367880124094,8.0
11002,16070.292116784984,9427.366662945522,49.0,107.91422184495208,8.0
11003,15792.812694704582,3699.776875033518,-7.0,108.40497591284422,8.0
11004,45046.88180545705,21189.952370287778,120.0,119.6512062305126,8.0
11005,32446.687935278307,2774.5857104682555,97.0,110.17541974255307,8.0
11006,43422.09774300932,9252.151177724953,87.0,120.90859717887551,8.0
11007,55464.68478746698,20762.450962846007,26.0,117.24157392803946,8.0
11008,30793.966439095526,1474.2456960842978,149.0,126.32499079130358,8.0
11009,61444.37172823549,925.1120158414149,2.0,124.87073453523692,8.0
11010,15186.651024209921,12822.952225100795,-27.0,102.9515211388086,8.0
11011,11405.576992202185,10588.96298712229,-71.0,100.45663305051657,8.0
11012,28193.64378854267,736.8540050875212,60.0,120.7811880151502,8.0
11013,48800.137481417725,9031.879618890676,61.0,116.0239067494618,8.0
11014,40017.15934883277,1849.8311997323003,34.0,112.02724191729243,8.0
11015,12113.967633626988,924.8703645059132,38.0,108.60268687316575,8.0
11016,42956.22679332279,735.0794379159637,165.0,137.53289864476753,8.0
11017,45376.82520049693,2774.9887806638867,92.0,122.41545230712033,8.0
11018,23593.71575513199,2946.9297060646322,109.0,105.48772211121029,8.0
11019,55957.72632201432,733.6640662902248,221.0,138.26270418076092,8.0
11020,38302.15855750768,8838.517006354885,396.0,129.20866251761942,8.0
11021,28799.201635919548,11663.116353904185,163.0,110.58808997475035,8.0
11022,54499.05941963642,1180.888378479318,43.0,121.30763645552831,8.0
11023,32845.90504380332,735.193035403458,37.0,127.31635969377076,8.0
11024,50560.879352110256,10980.011913570459,123.0,123.64180830640434,8.0
11025,38035.5657841044,19918.07294109674,34.0,114.75382699640896,8.0
11026,40028.61245552415,2208.1438335305247,310.0,120.7906798396209,8.0
11027,52979.91995261639,46320.76312804301,80.0,115.99137006258331,8.0
11028,50852.9830956438,11034.973564864267,521.0,133.42322108419754,8.0
11029,48098.081737363056,15724.749564805474,146.0,120.81301435095304,8.0
11030,23632.819538093176,5974.747558965415,63.0,113.11343356735703,8.0
11031,49410.44508286072,734.6007443965647,49.0,123.66458694757836,8.0
11032,35161.18740141134,737.6651811600781,63.0,127.86297371474573,8.0
11033,28839.985348805065,27103.235406603122,59.0,117.40440496511351,8.0
11034,13324.281590996576,4310.745944727205,36.0,107.22083623260072,8.0
11035,59473.51521488896,1989.0361254097852,333.0,139.57754821727787,8.0
11036,27636.962728141025,11925.289600308148,176.0,106.31855319834945,8.0
11037,50392.51237966395,1179.635958849124,47.0,119.4839483730898,8.0
11038,54973.284558354615,924.8500149174916,7.0,117.80915332593898,8.0
11039,44532.86026706719,734.4135309101871,79.0,146.0360319901974,8.0
11040,62677.09812155359,11739.21261688224,393.0,126.24306600305545,8.0
11041,49977.71260970728,6668.589742122095,136.0,122.2715637215229,8.0
11042,19212.45378330512,8272.374246878442,51.0,108.65334535204308,8.0
11043,48450.628030686115,18525.792034085116,229.0,126.28902661401014,8.0
11044,32581.391501080896,924.8667678165131,13.0,117.75800393990266,8.0
11045,51797.54983798254,45138.123668139524,80.0,115.89307191288218,8.0
11046,22523.29797897488,737.4397192189447,29.0,119.81469763142393,8.0
11047,32880.110423139784,2398.4707268813695,168.0,125.02332019336906,8.0
11048,38174.736450722696,2870.2232678410583,88.0,125.36581564041343,8.0
11049,35258.404351342884,737.6334068513911,149.0,129.7759718119965,8.0
11050,49966.07375904665,8323.770168290246,147.0,120.14045972770597,8.0
11051,47730.56147865227,23867.27546250599,130.0,125.18049796065745,8.0
11052,23120.73340103798,2883.310790859912,66.0,116.58705349652095,8.0
11053,54039.59212062142,12568.83042081853,403.0,128.15924793904844,8.0
11054,27830.986148740885,1991.7962069207479,138.0,123.95042839600856,8.0
11055,14742.591773305234,13014.719732788548,12.0,103.54734409699962,8.0
11056,48456.219266457985,30744.463798365276,278.0,109.82454976755342,8.0
11057,47628.80465610939,1992.0054349538466,52.0,131.53111573251792,8.0
11058,54054.39985169835,36342.5726266968,332.0,114.62701324832483,8.0
11059,53470.51889599181,7724.5954003869465,90.0,116.3192560357093,8.0
11060,10965.587605526413,4308.520537401463,9.0,103.94688901452012,8.0
11061,15827.023349948184,5218.23602180363,23.0,110.69285959028183,8.0
11062,37073.960345343796,6842.827583341464,194.0,120.1099297484121,8.0
11063,52763.93313603022,12581.032686935027,26.0,118.74023838520615,8.0
11064,63316.35562711729,1179.8426819366807,129.0,139.9429943285982,8.0
11065,25876.67505282376,3980.422972095095,267.0,134.26480558895125,8.0
11066,35414.281260019656,14765.810291541216,85.0,111.20662845807242,8.0
11067,39649.24664064356,1740.1044714396655,138.0,118.96329599664732,8.0
11068,48267.61939396854,733.2743431380848,46.0,123.82620178990075,8.0
11069,33551.709345049414,1181.5488788877112,40.0,118.73251396561692,8.0
11070,22058.74764323056,5766.599963152376,3.0,110.73429959793758,8.0
11071,41006.3250484172,5959.042799807847,317.0,129.10087008370317,8.0
11072,53862.47441611805,20812.083511967623,87.0,114.05461766595363,8.0
11073,44226.055358263926,735.486101095901,75.0,124.34968988450571,8.0
11074,54055.31354549607,35425.43930083002,118.0,113.83884959659653,8.0
11075,67514.79046550003,8730.863429879068,149.0,123.02994429227971,8.0
11076,48674.745881171366,42016.82673108541,80.0,115.68407289377684,8.0
11077,53838.731240291505,6638.755354801784,95.0,113.81126196601295,8.0
11078,38389.35529294354,734.9973532006238,17.0,116.01666673947992,8.0
11079,42144.637315470085,4040.6300570148314,45.0,120.69468427122744,8.0
11080,51226.998995505026,1180.2413721791054,242.0,135.09368398291522,8.0
11081,34511.065475413176,17178.798460542715,30.0,119.14256164430806,8.0
11082,5973.090158818397,5125.171055945116,-33.0,90.74092633590799,8.0
11083,50777.92378622927,10602.021055170047,26.0,118.57344045937704,8.0
11084,62436.50121154072,12981.55187872743,6.0,118.23962937362161,8.0
11085,45801.39436908092,5597.939590899425,322.0,129.84512717340482,8.0
11086,41610.449512079445,24464.207515156573,135.0,113.22187748085203,8.0
11087,29647.23520367942,738.1680578048918,74.0,126.77852020255935,8.0
11088,39539.699548840654,23542.596863482213,216.0,111.52843363540264,8.0
11089,38687.94218488998,6277.476845034288,317.0,119.84072076708505,8.0
11090,23884.72955107328,2883.8377939986713,218.0,124.01532075270508,8.0
11091,33369.27940816037,25780.384007066943,-100.0,106.56802838801192,8.0
11092,9278.305110305551,8356.67900524486,-255.0,94.33059536953466,8.0
11093,48754.24754040718,1989.8002233331192,17.0,121.75307909047221,8.0
11094,10280.014041829609,2870.598836524459,36.0,103.41338393207242,8.0
11095,14502.7813657775,7841.809427221477,66.0,103.38781177668244,8.0
11096,50597.090211525894,33692.98671869909,-5.0,111.75744461208467,8.0
11097,63386.18625146484,1733.178643782425,144.0,130.64962966375685,8.0
11098,15792.261024137326,6516.174774863268,204.0,102.50545120186813,8.0
11099,62733.456873551084,924.9290572162467,37.0,130.2238249800427,8.0
11100,58012.89407895344,4737.171448757813,157.0,131.98481528591333,8.0
11101,34653.37104105323,736.2319290825335,13.0,113.97292617886896,8.0
11102,62306.357065428434,39983.01781051017,163.0,125.72315446045394,8.0
11103,42629.247538748656,10934.734265978794,96.0,118.56747321087524,8.0
11104,26040.518121700283,11199.903729171594,198.0,105.63115068876756,8.0
11105,44701.57758929184,24753.405417023074,133.0,122.17685994995233,8.0
11106,44413.45973763164,18790.485501923074,77.0,115.68082147467207,8.0
11107,33661.29362779868,1180.8782355512046,26.0,133.11419852879197,8.0
11108,25457.522366131965,8076.040369934536,107.0,116.3003504353824,8.0
11109,44856.549522706984,2871.571385591593,59.0,118.03151894157024,8.0
11110,45337.63355809044,2888.7624234454206,46.0,115.84950384102508,8.0
11111,43526.333140072245,8826.891580051546,86.0,117.76282752832196,8.0
11112,27742.964624232467,4616.22844680145,47.0,112.07712433575642,8.0
11113,21442.292184420883,5157.345455184347,13.0,110.98801197682914,8.0
11114,34228.904303251205,924.8336591784893,30.0,118.71448832350974,8.0
11115,64663.617382306766,1179.7323136873872,58.0,133.56895181519982,8.0
11116,19353.581029210778,4516.087861001291,32.0,109.66075279966404,8.0
11117,6283.023822475079,925.0098075825167,49.0,105.46533230130296,8.0
11118,50642.87247223136,9954.552131579989,63.0,118.39960765410937,8.0
11119,30997.215341287512,28791.47470771126,-89.0,113.22245229646053,8.0
11120,32672.439612426406,9365.98879067118,128.0,116.68888141971297,8.0
11121,51964.3300094892,5774.302814619821,382.0,132.65445256381176,8.0
11122,29118.283456598856,924.9663008669166,22.0,113.01921605199152,8.0
11123,32014.810171806777,736.5935144778589,112.0,117.82851413971795,8.0
11124,50529.39653877664,1179.7963810079693,27.0,130.52822760613685,8.0
11125,34242.68050867068,13364.615760747101,51.0,114.5121299992136,8.0
11126,53449.52216695318,732.213649373998,24.0,139.93909572506513,8.0
11127,38567.24046984644,1181.0297000945238,118.0,131.60554900727044,8.0
11128,19015.072138093612,12689.106670581872,-28.0,105.1146051066408,8.0
11129,35248.32960596759,3551.0481611577875,93.0,110.84392153955184,8.0
11130,42265.158707569644,14047.426095801216,291.0,127.05309654501224,8.0
11131,56107.96839379138,43420.25311736656,32.0,123.6896684485731,8.0
11132,41795.62785056651,11938.794395225821,179.0,132.86842276846772,8.0
11133,61678.22492822411,3538.477631946964,43.0,131.8222380295409,8.0
11134,22614.151324783925,3090.7003588539787,187.0,121.92892383484786,8.0
11135,23273.228042832037,13696.19374415494,163.0,118.84329248876246,8.0
11136,45510.04020682605,3471.135882569088,118.0,122.80978807729548,8.0
11137,23884.297874304528,924.9775581564089,120.0,124.73720698541824,8.0
11138,46648.87343725886,1184.1765694350493,19.0,118.43114521232654,8.0
11139,38809.1312134228,32147.818954915965,80.0,113.71102504635512,8.0
11140,44639.31914611273,1180.6538898398499,119.0,127.50953674982478,8.0
11141,24818.1816706562,9451.86322670801,504.0,128.65795325851352,8.0
11142,56095.96424295927,15399.522716189826,63.0,120.0858620815691,8.0
11143,42077.08412519371,7169.395078458623,23.0,133.0356330358325,8.0
11144,45344.24989138021,7399.081359893754,78.0,119.05792471878964,8.0
11145,67307.55919268854,1185.2922097185833,27.0,123.68557325085058,8.0
11146,45753.58270576322,30503.60004714502,233.0,126.96872694903136,8.0
11147,12225.39340267656,10280.282837898376,49.0,98.41316161543033,8.0
11148,53528.91167294643,925.1718896710731,121.0,130.74376269002994,8.0
11149,39694.40300545235,29108.33739911081,317.0,127.76923239475916,8.0
11150,14962.748195484377,924.8646787176399,65.0,114.6384638235704,8.0
11151,27808.37929836337,1180.5139043253062,81.0,135.6342101206696,8.0
11152,46240.93821293913,738.193680146531,65.0,132.67903768312158,8.0
11153,63615.22831185513,9034.002437388002,172.0,130.36445577766892,8.0
11154,62858.82717442012,16884.411809777852,63.0,121.81633176452313,8.0
11155,55244.50142901883,15680.938667762799,75.0,120.69180340228803,8.0
11156,32820.18853010466,4040.080763516575,164.0,131.78970325255398,8.0
11157,16101.604012802974,9455.821332840418,71.0,102.52630609610226,8.0
11158,49893.00995641594,33058.12975842288,71.0,123.0109532955779,8.0
11159,32470.847281420327,2870.219285222491,34.0,113.39232890628928,8.0
11160,29790.253631727548,6838.618706569717,190.0,129.05995634633524,8.0
11161,39117.42071728069,20995.545036560914,111.0,112.32980371118848,8.0
11162,40050.58721583525,6695.662443772296,127.0,122.66923216340919,8.0
11163,60085.171644433794,25519.053113516864,36.0,118.47056533131601,8.0
11164,37180.105482364306,1180.716302151448,83.0,123.97525317277135,8.0
11165,39716.710450777944,16335.92005513922,185.0,116.05640773926851,8.0
11166,49159.91868324951,10201.125438297382,359.0,118.41926821532769,8.0
11167,40762.18772113562,925.0416699000563,14.0,114.69078028478755,8.0
11168,52743.5602348162,924.9671096530209,55.0,123.67315922864799,8.0
11169,44516.71043834194,26562.652419814465,263.0,107.76368216651062,8.0
11170,31011.277156217067,6654.926563438019,313.0,127.11413096973706,8.0
11171,27783.798799614164,7190.930590364216,82.0,118.1695723323877,8.0
11172,43250.464104018334,1180.2363517721753,22.0,124.98874765686186,8.0
11173,20376.782570117663,3548.717779630994,78.0,111.3680342573617,8.0
11174,32451.890510366535,737.822124851331,84.0,124.57188259842103,8.0
11175,13376.075475838823,5959.865446136662,222.0,105.63974963502423,8.0
11176,29011.17544465673,925.0590742634338,35.0,117.99325608250284,8.0
11177,24328.06200376634,924.9397423029391,24.0,113.7969817580839,8.0
11178,42629.74105186335,1180.9088384625861,45.0,119.51738289341607,8.0
11179,59257.154267105805,11415.943091870264,217.0,117.37245428115531,8.0
11180,48796.14526913955,924.9023344408058,111.0,128.98576953028416,8.0
11181,54588.35423451731,47932.071812590424,80.0,116.72991841239917,8.0
11182,46339.4312474677,10200.54331073231,102.0,116.16997841183027,8.0
11183,12648.61934707573,735.6624466894572,8.0,102.66754474368499,8.0
11184,59314.095778567105,925.0843131027528,17.0,118.58125092339219,8.0
11185,50596.02708874726,4719.893638774428,135.0,135.9562819551541,8.0
11186,66855.75990794266,924.7925594368878,86.0,130.48588853095333,8.0
11187,32981.08153836808,3139.1155848583444,61.0,122.68532038206413,8.0
11188,54969.77909878275,7435.852685221794,291.0,135.92788929966616,8.0
11189,44157.256929491174,31362.513625968844,82.0,115.70702711671701,8.0
11190,54317.019566167895,41624.85121099614,32.0,123.47126596643298,8.0
11191,52527.355447016664,35509.728719238316,183.0,123.54836218167397,8.0
11192,54488.29339743028,1989.2436537360416,125.0,140.9367709956856,8.0
11193,27302.383205737427,7110.514286471665,73.0,111.88304254559313,8.0
11194,35450.84761580994,10630.916044213332,50.0,116.87511432103362,8.0
11195,50081.12241745064,6516.397707795891,91.0,119.55078683401705,8.0
11196,37707.81738184984,29439.641175126068,153.0,107.17502326997153,8.0
11197,12687.43013941814,737.4386459736133,39.0,111.4569876590846,8.0
11198,14183.523701032565,924.9988583994859,51.0,112.72838642360088,8.0
11199,34650.29994479657,16335.513650388293,231.0,126.89818417606821,8.0
11200,33552.70662223329,4852.090502371014,115.0,125.46259015922942,8.0
11201,10591.530702888473,8612.014927307231,54.0,98.83297191361474,8.0
11202,32876.84980574928,6640.402502230232,46.0,117.71285547961367,8.0
11203,36069.19534283318,15430.717473782885,39.0,112.73240996817209,8.0
11204,53872.879672732524,46328.662825516134,153.0,112.9178811744624,8.0
11205,27682.21074355665,3789.688305756448,80.0,111.09275951938268,8.0
11206,34853.237540761664,3772.197512907119,88.0,119.26136934517994,8.0
11207,27105.04370894451,10688.532324791746,73.0,111.79175048757426,8.0
11208,28646.18779715242,7599.361274575844,91.0,118.07288131058871,8.0
11209,38643.67638316849,17316.133901539368,37.0,120.01679899474054,8.0
11210,39151.176798644214,3685.4385496440714,89.0,112.73691462321344,8.0
11211,65825.02369209484,3136.6102834883563,235.0,149.12438609994751,8.0
11212,26709.97243419265,735.4511395218173,117.0,125.38779770151677,8.0
11213,45346.09112451593,4624.801540316812,237.0,128.1524084748067,8.0
11214,49467.298732026175,3771.767779435345,58.0,119.2525279374523,8.0
11215,58011.10066129089,6942.970274585369,201.0,127.31923462325834,8.0
11216,32942.113421135546,4724.85981076468,8.0,125.40025036247762,8.0
11217,24262.98149188272,19689.03430840583,59.0,107.89082201197864,8.0
11218,27427.060502743876,1991.9085574158,180.0,125.61112173246826,8.0
11219,17556.209799636727,6173.5550994632595,56.0,104.61129837656073,8.0
11220,42119.685237969716,28025.137395903592,163.0,119.73545187146992,8.0
11221,23863.602134942914,2871.376314791755,68.0,108.83612730770584,8.0
11222,42705.76099695205,1849.9743236459879,38.0,117.23506955637683,8.0
11223,10681.070710849077,5240.5339270347,19.0,104.0686305116553,8.0
11224,43523.30516170625,1180.5757002634107,164.0,127.92156345638521,8.0
11225,15089.470481633407,1849.8855098452202,87.0,107.82363771344927,8.0
11226,35817.414027973995,737.4954020501901,37.0,122.83895175745619,8.0
11227,61277.540432008405,3136.2479394779866,268.0,133.2580279366282,8.0
11228,60899.09429825488,24350.698247172255,55.0,117.37110894190033,8.0
11229,30503.38709642742,15252.519238269453,6.0,114.84788067419217,8.0
11230,8566.729883007312,7872.746294134592,-77.0,92.99698779833531,8.0
11231,30456.495077002397,735.2897796304119,12.0,117.08453281866686,8.0
11232,58830.12558472857,56852.14197149512,-264.0,112.09914715707775,8.0
11233,55196.16639507202,1989.4807709904946,113.0,126.88959522292801,8.0
11234,53049.484459252235,924.9870638130154,26.0,127.51045188710313,8.0
11235,39422.161101895166,24579.531753949348,198.0,110.0462511911185,8.0
11236,50311.47752339356,733.6638130100093,46.0,124.03428791029754,8.0
11237,57757.43275660858,3144.7221657327523,46.0,116.88779486553047,8.0
11238,50617.14687255097,31571.599170400423,98.0,119.6433293482373,8.0
11239,50232.623492742736,23132.01942470845,134.0,114.71328851258068,8.0
11240,5155.8009836161955,736.2981178410606,0.0,98.62197932702072,8.0
11241,51384.56193808486,733.9947037614667,85.0,133.1145145129555,8.0
11242,34348.38956918833,8356.738540001035,205.0,124.92940076564037,8.0
11243,36258.651670095314,924.8126790773987,12.0,115.38944361682427,8.0
11244,10590.630910925083,3982.498550657568,39.0,102.05862189178028,8.0
11245,50484.00189326658,4682.313772878557,258.0,129.6531936756428,8.0
11246,8080.829774978761,2395.185810515759,43.0,107.91091597887805,8.0
11247,45058.35005259501,4602.425451934407,232.0,129.1601370392757,8.0
11248,47568.92813957944,39297.8475096181,131.0,110.58709320570978,8.0
11249,27982.419553084455,8094.54404904782,130.0,104.50256827467601,8.0
11250,43976.103159095874,6516.424019266633,77.0,117.56912196225814,8.0
11251,13032.251027770097,2774.6718698642403,191.0,118.76615778111588,8.0
11252,27373.73358723213,9612.59616925042,65.0,110.93060227555982,8.0
11253,47741.47261895877,3771.9203262129877,69.0,123.25760166899043,8.0
11254,58574.51778697623,2873.483104215483,131.0,123.4451713519361,8.0
11255,50396.54819641842,9948.302206116196,191.0,125.71373607685611,8.0
11256,65164.314140618386,732.6592484124217,157.0,137.28198726840594,8.0
11257,51255.92697347634,3145.2331893640176,134.0,131.93275435033237,8.0
11258,39223.69078513652,17888.915710997484,37.0,120.07181225283215,8.0
11259,50240.08251570694,3980.1454425848515,156.0,119.52131253246174,8.0
11260,54226.537313030225,739.0938055812637,104.0,131.10089823069666,8.0
11261,62312.556424260314,3144.9199711431547,166.0,130.58327636266694,8.0
11262,18019.56719901776,1182.903649467499,206.0,126.56361467478123,8.0
11263,45416.50208633315,9278.37601511663,106.0,116.62763783445777,8.0
11264,34925.05471243994,14556.591209555969,88.0,113.87199517322138,8.0
11265,52134.10129442071,31890.467450540516,-7.0,122.73002100887318,8.0
11266,49034.176269348885,5597.742460787077,274.0,141.13486437305212,8.0
11267,44800.512254882895,924.849712479476,44.0,125.68652444296976,8.0
11268,58783.44767482154,6650.901287910817,43.0,124.50379631931054,8.0
11269,31788.263950827768,1181.6956234561615,33.0,116.11500790704628,8.0
11270,37259.67775013731,2774.8719955949778,114.0,123.14177322725729,8.0
11271,31675.65907147887,734.3981858660977,165.0,130.6281457839957,8.0
11272,63505.561273926796,1184.6274581795467,70.0,136.03855309153218,8.0
11273,58276.41588091544,18501.25386998808,61.0,117.32421529135188,8.0
11274,8909.122634446168,1182.9437297895965,49.0,93.97500810222601,8.0
11275,39157.8152963547,1736.3610522002411,70.0,120.58334857071122,8.0
11276,38960.06288789062,6164.257985418383,98.0,110.47236276122919,8.0
11277,7436.074881236213,3699.7244771524142,50.0,101.69328887298724,8.0
11278,60365.616850108665,3144.849495629013,28.0,130.80213073131944,8.0
11279,51510.362816188084,11196.370700520607,98.0,121.22736836920691,8.0
11280,22582.991261122832,21862.563597494827,-204.0,101.34016024914276,8.0
11281,40317.31476864696,3788.40580544995,462.0,133.71795469010624,8.0
11282,9321.900317802485,735.3482475958402,139.0,119.27437551537065,8.0
11283,11525.417405006483,4047.6258302108354,34.0,105.93083514811423,8.0
11284,50893.899913880756,1989.8002233331192,17.0,116.88240850940458,8.0
11285,43306.039830589085,2205.8909874207825,228.0,130.44132167129314,8.0
11286,52543.12752102512,32779.631005992385,21.0,117.88862813272605,8.0
11287,17725.072575207978,5907.131670949335,-78.0,115.44336660313806,8.0
11288,22633.97382107587,5598.231087267105,249.0,122.46195217955167,8.0
11289,41506.41972050516,733.4251389469978,15.0,117.25704727094778,8.0
11290,40176.28806100381,19781.17696796299,71.0,121.27240163121962,8.0
11291,33189.91306905597,13671.5054246841,87.0,131.73969210365266,8.0
11292,40527.25779817279,8097.746599036626,407.0,130.27849409897874,8.0
11293,35746.52391660679,7724.302667799972,46.0,117.7824751292787,8.0
11294,34733.86670171347,19975.718494903118,183.0,107.00172396408871,8.0
11295,42388.81695642836,13942.400907114183,303.0,120.83854558285164,8.0
11296,51463.55969601947,1180.3251868431942,11.0,120.62006092808187,8.0
11297,30523.35231520439,1849.8640360698046,40.0,121.6135472359993,8.0
11298,34463.49699330358,5232.636204549781,66.0,113.15447121799696,8.0
11299,31662.230413441106,2870.4227482119677,76.0,123.4716236346324,8.0
11300,40598.95882883076,735.3996506977887,59.0,123.44718014602319,8.0
11301,41805.422653739566,5209.267783651996,105.0,111.99068753685242,8.0
11302,35697.41005305301,735.2910379050769,63.0,123.24064170201308,8.0
11303,17736.36059695246,1183.173693399333,115.0,119.47770476058125,8.0
11304,53770.39974786677,35215.209276505455,365.0,112.53315936786024,8.0
11305,36676.90509669316,18935.480716519967,34.0,120.87906422721505,8.0
11306,50530.38924805121,1989.8833158241007,34.0,125.66985264436255,8.0
11307,26724.684472237128,11812.766605911165,81.0,112.25104642331581,8.0
11308,28709.719854534356,10200.431818414481,254.0,110.59757188829057,8.0
11309,39924.059370872565,924.8916039896828,16.0,130.2833911725162,8.0
11310,45004.476613606406,2871.5300710785214,117.0,108.30449854798229,8.0
11311,57519.88869236205,1184.6712579475645,80.0,128.57181403747904,8.0
11312,63525.62940663229,1179.7742846666747,38.0,124.03570201506578,8.0
11313,61566.52324705612,3138.4188884385057,39.0,128.8573824057721,8.0
11314,39098.10049061751,924.971698638479,23.0,116.80920496177563,8.0
11315,43502.143617261565,30713.86468528166,87.0,117.57164169328254,8.0
11316,20387.46568229363,5480.230706667618,99.0,113.21284112661391,8.0
11317,23415.315968517574,4683.292311158923,164.0,117.13208055900861,8.0
11318,8756.358120331266,4049.0528893344544,-2.0,99.52882259531336,8.0
11319,50963.13278783111,4314.205148505372,147.0,129.30216149502044,8.0
11320,11200.944203058913,736.0822751433338,103.0,117.00976154334037,8.0
11321,36869.31805336501,1735.9393515159538,143.0,114.6952318128388,8.0
11322,12554.771365961524,924.8752141245459,268.0,125.95656705840446,8.0
11323,20769.772788401762,8089.499962235741,50.0,114.74163590766184,8.0
11324,25992.49846690692,925.0458631476022,25.0,114.77400807593285,8.0
11325,35827.71961312784,24309.606592257693,81.0,115.78667242684779,8.0
11326,50013.21668461269,4619.509171433579,161.0,125.64125930780726,8.0
11327,32780.36809757414,14962.8709442897,129.0,117.92305294713354,8.0
11328,15436.242615668361,4788.922801382672,47.0,103.5138971769108,8.0
11329,14416.74547701465,5212.472800304696,539.0,126.31629748764725,8.0
11330,37555.69059975561,18053.37011055285,176.0,110.50863387044575,8.0
11331,13279.657847406217,5741.457766134401,106.0,100.0767915780447,8.0
11332,18427.610801207014,736.8137279121743,10.0,110.55132617491368,8.0
11333,46828.41080045423,2870.053498477455,30.0,130.70399536831022,8.0
11334,43847.68592492935,1184.9858193746873,64.0,123.38835757993343,8.0
11335,61689.197612605836,55034.76019030814,80.0,117.35183139932451,8.0
11336,18533.905189952242,925.0509261787647,12.0,107.10501492667852,8.0
11337,8244.351286452016,4792.580782752311,-52.0,96.90751856003844,8.0
11338,20107.42098724285,2365.9742001404816,110.0,119.11860181354939,8.0
11339,29799.43509536851,4855.155368495109,30.0,119.3549410313327,8.0
11340,49861.754598425665,1179.5537953257692,53.0,132.0892008474456,8.0
11341,40694.98620703284,924.9329956498465,75.0,127.54002579713236,8.0
11342,32143.52763255648,5213.162234544416,291.0,127.28726186883125,8.0
11343,48117.150103633096,3699.409962426626,54.0,117.79206950304706,8.0
11344,27275.444859708266,6631.317379902808,113.0,105.06026137120047,8.0
11345,50627.90414120078,30234.50580748611,71.0,123.234812518124,8.0
11346,41265.52530756838,735.1769324320655,72.0,133.38377484414417,8.0
11347,26364.79068065084,11310.678550637245,-90.0,109.05672212861155,8.0
11348,47089.8383919039,6409.937586823018,63.0,116.84841567006659,8.0
11349,58824.86783821746,46027.70062942634,87.0,119.86557236872294,8.0
11350,13249.243286649236,736.4607178008771,26.0,110.70500330181716,8.0
11351,26403.197441239714,1740.7797903733315,148.0,124.5661937659568,8.0
11352,15373.85154625669,924.881790815194,41.0,111.7381403673994,8.0
11353,34098.91875906596,924.888453373486,75.0,133.66938781759566,8.0
11354,58566.103481356906,11090.52317253851,20.0,125.18427450191976,8.0
11355,20404.87846283071,13748.260633971266,80.0,107.76030035166114,8.0
11356,39167.312066725106,6178.634177906167,202.0,113.49705538444427,8.0
11357,50616.70428481907,29453.306589975426,72.0,116.39739854084313,8.0
11358,48134.94452870254,31087.577868348188,263.0,116.7832651252938,8.0
11359,40603.34670341055,22289.136103664736,15.0,116.56679492113665,8.0
11360,40399.72814426043,4508.013499667151,379.0,131.47569095978355,8.0
11361,31585.166611674027,5598.183698851285,155.0,121.55914409728025,8.0
11362,51638.066715745415,33982.427338182024,380.0,114.21782610071264,8.0
11363,36189.54121238526,1181.1767310694281,207.0,122.2450744515877,8.0
11364,66356.3238559972,7080.236002666864,58.0,119.0813964023017,8.0
11365,37810.352557263046,2942.8214694292233,80.0,129.71821028978997,8.0
11366,50141.012662474044,8356.798898797873,99.0,123.95384042144549,8.0
11367,32577.276518365245,12185.906935422765,71.0,119.5037460838799,8.0
11368,65546.79148271667,1184.3893676449202,169.0,133.85418769918877,8.0
11369,35003.901950863394,924.9509699179373,48.0,128.2213871026415,8.0
11370,18731.3278553327,14962.560232455131,-77.0,102.57421228730472,8.0
11371,58563.52353755449,11081.883446690936,547.0,134.09660968888124,8.0
11372,62116.35993137247,8293.189266413374,243.0,129.6208908490365,8.0
11373,56345.883470531,10947.595601877394,410.0,139.24900150903113,8.0
11374,15374.71011720208,2365.5421783790525,449.0,127.4406182824718,8.0
11375,16120.771431660813,5757.689224548207,469.0,122.46303241092967,8.0
11376,30138.766209267505,7961.060490993735,456.0,138.10450241126904,8.0
11377,33750.03616172209,1183.359154371288,44.0,119.55721239904213,8.0
11378,53595.065811033615,11137.293067960325,63.0,115.52451108774305,8.0
11379,49179.03879162035,5209.666498764117,359.0,123.11405130865336,8.0
11380,59125.21558922456,1989.2117625780081,266.0,134.69418401353832,8.0
11381,53508.53684369518,42427.35458639036,197.0,126.05491294612943,8.0
11382,4729.0815694988705,3546.639061472238,-35.0,89.00434486848515,8.0
11383,46437.87762426548,26488.62832494938,103.0,122.38579652309892,8.0
11384,37453.02571712317,25909.859608600615,33.0,114.47042850296319,8.0
11385,35699.19312877129,734.4776338683494,17.0,114.49220956786242,8.0
11386,47526.77560809218,1990.0041883058445,77.0,123.13526625922367,8.0
11387,26714.346304570205,9590.899799698984,160.0,108.66919282551932,8.0
11388,30955.999855736598,9366.311249027296,106.0,113.91257613193112,8.0
11389,61413.604718310264,15810.66903823926,10.0,123.70543044553308,8.0
11390,42493.41606410857,8159.783449283764,172.0,114.35933170670128,8.0
11391,36633.263594625256,19418.719520985047,23.0,115.43420089349291,8.0
11392,36689.77068791824,8826.891580051546,86.0,114.11341836590988,8.0
11393,42258.38708475758,24202.981962615555,2.0,116.04720092772621,8.0
11394,33591.45677754401,14806.652781072533,184.0,116.13101757094014,8.0
11395,36814.74205176705,14484.734819502097,508.0,130.1096513542147,8.0
11396,54369.17415827775,36247.648537229645,151.0,113.0724243302815,8.0
11397,28836.002085094042,6934.531144885884,38.0,116.10902303711151,8.0
11398,45486.399631134,733.2743431380848,46.0,122.90570744681332,8.0
11399,37465.10728498128,18733.08515974245,100.0,114.82503402684114,8.0
11400,53650.18466607347,34619.79579033474,60.0,123.72853016536256,8.0
11401,36814.38081194061,19958.045511502096,71.0,119.4205762559885,8.0
11402,17712.120834049358,3772.1817278613753,20.0,120.51489173871056,8.0
11403,38395.53083291383,924.7676830461464,49.0,123.98077183942125,8.0
11404,47993.8380740454,35305.75351172301,28.0,122.44736642524967,8.0
11405,25980.8485088644,6166.801603865721,11.0,115.36568577131385,8.0
11406,21048.63833731887,6962.758326651712,149.0,113.62126603609813,8.0
11407,13281.342739070931,10345.768709148871,14.0,105.1251099362343,8.0
11408,34103.74207448735,25660.775621986024,365.0,127.50893383079452,8.0
11409,45411.81838351296,19014.914626704864,298.0,126.35591462319815,8.0
11410,32842.77758087382,2390.5674378095614,197.0,135.53645718311515,8.0
11411,50738.23163717769,2367.2918103120255,197.0,130.41100244395847,8.0
11412,56329.23070248076,29022.403017384524,354.0,119.30452304652319,8.0
11413,9219.97115523625,1739.6017192167824,16.0,102.02091364142667,8.0
11414,52276.319794520685,1179.5689678890171,103.0,127.93674566472785,8.0
11415,46641.349054846534,13380.639043573698,130.0,112.70184180761893,8.0
11416,53593.10959068758,12249.922351470657,95.0,124.9740107685243,8.0
11417,40381.97220666109,14567.48797612532,47.0,123.42736937943067,8.0
11418,18981.83245547116,3086.627620460405,74.0,107.47490006921007,8.0
11419,19644.004775378053,17280.36074849187,13.0,109.44598675575787,8.0
11420,37542.09906670569,1180.349386938761,92.0,129.74928774446954,8.0
11421,21312.30638579359,10363.714598161916,221.0,120.33485357159621,8.0
11422,26489.998439360388,2366.3431453448497,159.0,122.25893472852405,8.0
11423,26832.181063609325,8323.967425780469,289.0,113.46599620930448,8.0
11424,36049.91404837108,10596.426107621435,337.0,127.12564424079349,8.0
11425,52621.10287167683,1992.1905159880114,39.0,132.3977896183504,8.0
11426,25829.89314309779,7418.890266840032,229.0,118.78945613445474,8.0
11427,56536.770760054154,38419.37539715927,132.0,115.0918290585215,8.0
11428,11391.251380118538,5237.310564511098,22.0,101.23387006053972,8.0
11429,35583.31539751103,15677.120591592236,92.0,109.16529213188136,8.0
11430,44111.636773436214,13043.004789729977,151.0,125.10694186235916,8.0
11431,58903.24307084516,38989.994208758115,111.0,119.06481542383504,8.0
11432,28266.436874856587,3980.7846111802905,22.0,113.58190611493883,8.0
11433,61075.08110270116,21793.20297478137,44.0,124.24646973315537,8.0
11434,15008.79771811309,4043.800927497021,393.0,125.26604044773046,8.0
11435,56840.748457415255,50181.36057271111,80.0,116.15638111417965,8.0
11436,19862.242313539417,18197.104842913788,64.0,114.3027922613894,8.0
11437,49022.09406532291,3699.971940443357,124.0,126.9848190042594,8.0
11438,37938.00033233315,1179.870760110642,35.0,132.15814302546082,8.0
11439,40004.94488089208,924.9848828623458,19.0,115.33877238302588,8.0
11440,43266.09647344354,24951.467989206576,41.0,117.56094968087433,8.0
11441,10948.781137771468,736.0641010350516,193.0,123.34577604693993,8.0
11442,42530.83119503151,736.8107267410595,64.0,131.46357530123026,8.0
11443,20823.08133595772,7444.606809317372,76.0,105.90316611534266,8.0
11444,29006.664690236907,7845.970524543302,75.0,116.06055263618435,8.0
11445,40184.37711680932,15855.098327196292,139.0,113.88077162760024,8.0
11446,15792.346929410507,2774.7143367692233,4.0,104.31510612872366,8.0
11447,52376.543909566346,924.7539470715051,12.0,116.17777572963742,8.0
11448,46128.44079908336,10609.707922415892,85.0,115.01791661390119,8.0
11449,14891.808061026364,924.878898805567,104.0,119.05733321560814,8.0
11450,33386.792781638665,3471.578665497856,14.0,116.17816789967401,8.0
11451,53158.42461190214,2869.6307125416047,164.0,132.50137617375748,8.0
11452,31490.326459555577,23213.37259786006,153.0,107.07681536577442,8.0
11453,10263.70112445108,3086.837994385191,136.0,114.27743239375855,8.0
11454,49777.82650672263,3541.230505107459,25.0,116.17355573362182,8.0
11455,16526.220823245818,3140.2956905180545,72.0,102.45682992328298,8.0
11456,42762.28853821226,4800.128487655478,225.0,127.71425986361575,8.0
11457,9509.143758744489,7544.302612282921,41.0,95.87677565474976,8.0
11458,53620.73891944298,3541.1762099590087,65.0,122.56624755337063,8.0
11459,37315.152778293035,7723.52616229838,165.0,112.68959769294423,8.0
11460,11821.032427614484,10638.798676344211,-192.0,97.42787205035822,8.0
11461,51665.23079623507,6275.219549565132,408.0,133.93052599682937,8.0
11462,3795.3456947598806,1472.6363292615592,13.0,86.86037776823484,8.0
11463,41620.56738608116,6474.222815907171,44.0,115.89856235529176,8.0
11464,36236.86817724864,924.9960494341167,184.0,130.73680956844845,8.0
11465,26406.969440686622,8453.848855874967,242.0,122.9414039459729,8.0
11466,58935.43826754454,18241.098502448644,63.0,120.6177177533836,8.0
11467,55937.48737726717,10462.115832259484,38.0,124.08438873346029,8.0
11468,38576.63422380168,2878.8846797949595,21.0,119.1190850060128,8.0
11469,46868.82920539973,2889.109543517765,33.0,120.15010510719463,8.0
11470,43058.36272439068,5904.487453903816,47.0,120.80967259273383,8.0
11471,21363.103571455005,736.7079165380435,44.0,115.2227273858067,8.0
11472,44613.28595289042,4786.097442407891,40.0,121.17899144210367,8.0
11473,52612.60773485,1991.9099131906826,115.0,126.78083975759793,8.0
11474,55845.23150058118,37529.56151255523,56.0,119.73122176557389,8.0
11475,23504.494337295746,8313.968466876677,0.0,108.95676236253055,8.0
11476,26074.82731257541,3474.414446252758,121.0,112.83948617801045,8.0
11477,27313.660708172072,5154.539969759618,22.0,114.61064164236677,8.0
11478,31770.509217911003,14014.430462093125,70.0,114.70379264193478,8.0
11479,56178.93686389656,4037.377599386063,167.0,119.53476496069842,8.0
11480,37571.60604160699,2209.1462999838013,308.0,131.6942353352607,8.0
11481,33587.09730824067,12243.731981579136,364.0,120.88893584629079,8.0
11482,16713.627581489112,4682.770176739236,89.0,104.57625672076892,8.0
11483,43495.49559912232,2774.6424961971397,47.0,119.15227484727939,8.0
11484,64679.538313807134,924.6846116692019,32.0,136.56286942014427,8.0
11485,44859.686025419105,6499.181380012131,290.0,113.77102828388333,8.0
11486,26038.866877672343,8832.275280034952,31.0,113.18455206305049,8.0
11487,15668.637994877554,1181.148675340006,49.0,116.94096910546438,8.0
11488,40704.779542236014,15080.396308885523,172.0,115.83898491573237,8.0
11489,48975.66503742378,4040.2256542094624,396.0,134.05006137241747,8.0
11490,35862.6497731602,9417.224450464266,111.0,108.45972917697061,8.0
11491,35716.199929585535,35128.165592210855,-468.0,106.49792347404204,8.0
11492,11196.419865729933,4682.941798478966,36.0,99.34328703247904,8.0
11493,34852.9342548223,4852.434028490253,30.0,109.60739391795536,8.0
11494,36448.339483921554,17640.019757652863,89.0,117.03954358241234,8.0
11495,47554.261892494105,10413.540021305489,49.0,120.91062831372216,8.0
11496,52764.86629142831,18512.092844724786,157.0,119.17895196142132,8.0
11497,34334.839950982634,12823.788081658737,139.0,109.4900479447449,8.0
11498,27121.005114225958,736.936451032581,38.0,117.92224209909381,8.0
11499,35139.57270343706,734.5267652697789,103.0,152.33757507934868,8.0
11500,51447.76099093599,924.7365249676234,101.0,129.00195171856336,8.0
11501,33043.52828858536,16441.192862643937,198.0,107.76055372073264,8.0
11502,37499.58050639533,24810.60686836503,32.0,121.67242728852716,8.0
11503,37837.629866411204,20806.62837267288,77.0,116.90318310410062,8.0
11504,14758.950575822053,736.8127035891276,109.0,119.98069402112543,8.0
11505,20525.6469192743,15049.652530551062,52.0,104.92743391771131,8.0
11506,28928.6259889544,734.8095568863597,126.0,127.0317045212992,8.0
11507,46720.92060709331,27992.49895233947,175.0,117.55602272337025,8.0
11508,28761.609712655765,8878.842064539105,104.0,110.77243635789723,8.0
11509,38979.099147656896,7082.746248181756,141.0,129.15371914047319,8.0
11510,24941.28279535158,737.6523262442516,26.0,109.23072471007082,8.0
11511,42292.81550540067,27250.734997743195,87.0,116.78421252555287,8.0
11512,57241.0682978388,17261.565958548956,76.0,118.87135905829552,8.0
11513,42083.63898868041,2947.674315702062,232.0,128.97286710243267,8.0
11514,52011.020802423714,40454.29273635119,-47.0,113.97448763218672,8.0
11515,56765.09381751322,5898.573788789598,162.0,132.68906815557762,8.0
11516,45922.62083157012,8573.484037356007,37.0,122.38639010739371,8.0
11517,34860.80408181838,27316.15759652632,131.0,109.36584683316414,8.0
11518,16096.193644281126,14915.11432214821,-456.0,113.73786554641508,8.0
11519,40763.43160086906,2209.9092806312547,50.0,117.83278282219544,8.0
11520,18629.971554792774,17711.984377173092,-283.0,98.9223681577153,8.0
11521,48931.07526326293,734.4135309101871,79.0,137.99902707166171,8.0
11522,41506.094248421105,1180.7284611308487,80.0,132.01658203175123,8.0
11523,54301.2469553357,1179.6323612794895,28.0,120.84900569090281,8.0
11524,21899.396667055717,2870.7813638713224,79.0,115.34710964519535,8.0
11525,26506.70213112693,2391.5260274492534,310.0,133.79593570685537,8.0
11526,55356.17226728967,1742.8161711166524,125.0,125.23907447774404,8.0
11527,49375.14202485004,30744.997986465405,132.0,114.21177452548936,8.0
11528,26284.968478622675,24308.225558229267,-36.0,101.65317665937039,8.0
11529,46605.62005332062,7577.665545583897,268.0,129.29102509446386,8.0
11530,53719.83019859233,13746.891501198284,76.0,117.95976911866707,8.0
11531,54104.939129897735,9199.123502932438,76.0,120.07076405383573,8.0
11532,51303.2471044115,4039.1324885816625,318.0,134.04476731134153,8.0
11533,41298.3943642917,2397.222189124172,90.0,121.75475781060156,8.0
11534,45964.80988348323,44226.01001230446,-188.0,120.29165397834288,8.0
11535,58502.345566945995,17056.74097540624,61.0,112.03799367981676,8.0
11536,6928.093242928002,4612.879288126712,-8.0,94.34034226573569,8.0
11537,42328.89874786099,2369.0385391229156,76.0,120.77167345240215,8.0
11538,30198.56395629242,13069.55662193054,163.0,109.94355605881273,8.0
11539,50877.36955837572,11099.70116785024,373.0,129.8046142236829,8.0
11540,26038.635150491184,3772.3410982942396,161.0,119.8386316225355,8.0
11541,15190.059422489147,1182.738347662709,51.0,119.36267545787074,8.0
11542,33526.387366922216,31823.98722730871,-34.0,118.13303903280162,8.0
11543,35652.12790002665,5485.786083192193,130.0,119.45050004879387,8.0
11544,5911.718921039604,4728.987315490293,-10.0,90.82299954775202,8.0
11545,36598.731113966904,734.6115179332911,107.0,127.5836707769003,8.0
11546,37423.74502448807,734.3327014660852,99.0,127.54960859812611,8.0
11547,43157.87731298718,8628.689840109882,32.0,116.89296366078116,8.0
11548,51951.576736735056,32913.06581004547,60.0,123.45450472700328,8.0
11549,36400.79248233251,3139.4117056140763,129.0,113.43745256732223,8.0
11550,47027.68785714728,28252.226933939775,187.0,116.76781101413091,8.0
11551,61881.23819878483,731.8109324367164,30.0,122.95180562626942,8.0
11552,35023.34266193356,1470.3758723889293,97.0,123.76008792642357,8.0
11553,48792.977612671784,12248.693800897172,55.0,116.61615336829992,8.0
11554,38131.71307491188,16115.72529582586,222.0,126.29454953086332,8.0
11555,57032.79495667092,6411.012666604691,56.0,122.14897876203213,8.0
11556,33731.89566183909,1181.3454343649657,13.0,108.29781072562267,8.0
11557,21590.453425190513,924.8804827332613,48.0,119.47009982846181,8.0
11558,35809.66076007418,21708.99255081455,-158.0,113.97941690947397,8.0
11559,53221.702325327315,11555.975242975483,16.0,127.41282129837475,8.0
11560,53148.96036386925,40456.33789818173,32.0,123.33029559241342,8.0
11561,46532.06261901182,2774.547211914113,33.0,117.98691193554136,8.0
11562,50726.16853947991,31998.874855183953,176.0,117.94180513242199,8.0
11563,42760.61628673955,924.844278323362,56.0,126.61242519190114,8.0
11564,31895.617731951264,1474.0526445930798,407.0,134.46881729020507,8.0
11565,20775.494832589382,10822.051324066832,327.0,124.72277727424964,8.0
11566,56993.21990113449,10239.800299503977,488.0,126.24858181055589,8.0
11567,36937.05353914903,2877.2658826328793,74.0,119.57500926004636,8.0
11568,52904.51355459303,34347.89678935534,319.0,114.90048902488239,8.0
11569,62010.194707487455,5233.907426457547,290.0,132.45216508368924,8.0
11570,55336.05263741476,11396.620382383451,213.0,131.55921469179353,8.0
11571,35909.0679123445,7544.041381657783,44.0,116.88821700054334,8.0
11572,37404.98681797641,2948.7524380683394,206.0,121.87033847728802,8.0
11573,49015.20365179609,1184.9858193746873,64.0,123.4377791478461,8.0
11574,40118.35472969217,1737.7890472100842,288.0,132.8241675037274,8.0
11575,45423.87460010626,23913.706715657016,139.0,113.06404523198549,8.0
11576,28122.057820562004,2877.9581796764332,32.0,117.21804301228887,8.0
11577,23333.242945104914,1991.5645952224888,150.0,121.25078953377333,8.0
11578,49649.93977522296,31995.824022588007,382.0,114.68360768136468,8.0
11579,25455.856865528724,2392.1713494635246,23.0,112.92879169612775,8.0
11580,20992.41638425619,2871.1055625027584,50.0,113.38056008819309,8.0
11581,46151.648364194145,4315.024620721545,63.0,123.83496746435816,8.0
11582,43691.1564943313,2209.9456964644783,10.0,119.72016997963951,8.0
11583,18512.19305671859,1737.465141153719,22.0,109.23708045621984,8.0
11584,40992.57670424639,28896.782093954498,183.0,117.55999031480258,8.0
11585,53737.05415071425,1179.3846023542446,239.0,135.33265735133372,8.0
11586,48520.829106914214,1183.71798369142,37.0,128.37868916874208,8.0
11587,53649.0730041965,11549.960920436773,415.0,116.98832259409511,8.0
11588,34095.24610500696,3484.009908692032,240.0,127.03503479660743,8.0
11589,26779.199786181707,11123.536304822741,419.0,127.19170885436188,8.0
11590,49214.709720913714,37527.00559797291,183.0,112.90155451403712,8.0
11591,33585.67744726855,21347.23638999947,80.0,111.55081419732052,8.0
11592,38071.61263971483,25967.295440004425,183.0,116.75315967410393,8.0
11593,43495.48385930132,5549.290547654221,102.0,117.86537623332397,8.0
11594,39942.797038285615,2871.571385591593,59.0,117.21127952031563,8.0
11595,48139.78367223571,1180.4066755884867,142.0,124.99445393713657,8.0
11596,53600.585403674144,2869.6383284837298,206.0,138.43991347889084,8.0
11597,42281.788620471845,5210.746618514977,314.0,110.71347992094492,8.0
11598,11649.622032678351,9966.878614712206,58.0,109.81600736864047,8.0
11599,38179.012375574115,2870.171844992682,19.0,116.16914725501407,8.0
11600,35486.73159874648,22480.491428422625,99.0,116.00789426234793,8.0
11601,14025.288628999806,6628.762781735421,31.0,100.4621986580616,8.0
11602,51395.79263652021,924.8402368659885,111.0,144.56896179405874,8.0
11603,9268.380662008676,737.7886502968164,43.0,109.64326218397996,8.0
11604,33589.487253372004,14049.178131943434,344.0,106.13043998499263,8.0
11605,17300.834748400666,10957.149537647168,-23.0,104.29861598797028,8.0
11606,24907.22373497586,3792.558252643443,75.0,112.3610417259128,8.0
11607,24451.298225378123,5962.201083133338,114.0,119.51393168907936,8.0
11608,43816.1870247207,33860.31456638305,427.0,130.6553404028943,8.0
11609,53957.90262579969,3552.633368302847,104.0,131.40295917622535,8.0
11610,53080.35348564344,7106.4232157693705,63.0,118.91297358615071,8.0
11611,30893.634927580868,19206.889386445022,177.0,109.26668727604246,8.0
11612,47487.010094385936,7105.445347858222,102.0,127.60760145353315,8.0
11613,51401.37551815344,1849.703396207913,46.0,125.52647923868244,8.0
11614,40557.451008770884,3084.544538939434,111.0,126.88305427840521,8.0
11615,37063.257901729856,1849.8640360698046,40.0,120.40357742971301,8.0
11616,42138.418568417204,11082.385812953129,73.0,121.3034266655769,8.0
11617,60659.297343032755,3137.3843482094717,100.0,126.88117571797754,8.0
11618,53741.946672537604,23023.190770957783,27.0,122.87691214843458,8.0
11619,32410.619861740353,10652.768890323132,88.0,110.6193445057493,8.0
11620,39926.608074300806,3979.953687750568,28.0,118.77643284003643,8.0
11621,54004.59175866206,8605.0836911738,454.0,137.94637270599108,8.0
11622,25617.482069665246,3980.8602602696437,83.0,115.61847836865212,8.0
11623,51002.752503442855,15792.2515417728,166.0,115.70854446710219,8.0
11624,19871.734041621992,2883.6715019572425,168.0,120.19819435760212,8.0
11625,53666.92999517265,4623.882826778681,67.0,113.57886273221428,8.0
11626,27781.76961781598,10949.512733833344,25.0,117.03073655207004,8.0
11627,35476.58948608956,27327.219226073874,-18.0,109.88070944266609,8.0
11628,17277.960101250497,2362.9798159247616,57.0,111.3933876029404,8.0
11629,28362.439452529612,3543.6084435699404,216.0,114.38972180280051,8.0
11630,41689.52455492835,924.9808564625553,7.0,115.82406611448833,8.0
11631,39293.14487616998,12571.397954021688,347.0,127.5631618640726,8.0
11632,39861.41406372115,4113.356518939549,42.0,116.97750736751739,8.0
11633,22618.264412989414,5482.281118554511,148.0,118.10304263982208,8.0
11634,14103.0815045474,924.8456877198191,87.0,118.22101481812959,8.0
11635,45012.65280655833,8609.051701028331,128.0,127.18629527669603,8.0
11636,26454.780496604693,3139.3163511870566,123.0,121.17091150868686,8.0
11637,12797.175503370172,8098.22693623,-52.0,101.7430855446777,8.0
11638,51980.59012949623,1180.7227562356854,28.0,127.39145066731993,8.0
11639,26077.159854800397,734.0820046284224,41.0,128.1450924867355,8.0
11640,41032.28806817835,9959.693529371343,225.0,107.53821839337182,8.0
11641,21361.139205842752,736.2850695476831,28.0,112.19615383559713,8.0
11642,21531.344530433995,734.4366409769519,16.0,110.13601774385053,8.0
11643,43115.525246480945,924.7347795961363,53.0,128.78559558948504,8.0
11644,53004.73250658748,2369.020485156839,216.0,131.33868100819922,8.0
11645,47252.60977411904,6944.1405058846285,217.0,126.1356308787964,8.0
11646,53971.723637105584,45703.24680450039,153.0,112.27528747939766,8.0
11647,40180.701550132406,29360.508309261666,84.0,110.57515873429264,8.0
11648,23156.553911319552,8267.154312311606,-7.0,110.73279312558014,8.0
11649,29096.1080699663,8703.775240593908,71.0,118.5555897826596,8.0
11650,27690.798883849457,23644.50382995347,20.0,108.51261749853202,8.0
11651,41822.27264158599,9416.059047892317,145.0,123.47497796904646,8.0
11652,50061.4094431919,2389.0507155196597,329.0,134.63775280558974,8.0
11653,46109.844062640266,10955.32907712505,79.0,121.45997780250957,8.0
11654,47536.01865197397,2869.842029680645,50.0,128.25498704605585,8.0
11655,47451.65777911837,739.3372200324392,8.0,114.41778850083774,8.0
11656,25976.531222399713,735.5424582116002,99.0,125.04646292736714,8.0
11657,66965.47164911186,3553.6417340304242,119.0,127.80572206649582,8.0
11658,19173.410754550958,3683.0739319343206,173.0,105.22716363835235,8.0
11659,52212.62656885459,5475.18235740766,461.0,128.15972026536141,8.0
11660,3477.172419133048,2880.7907226647003,-9.0,90.13612457719,8.0
11661,29999.786370829945,1180.6848302564003,132.0,128.5172327466534,8.0
11662,33926.0508284323,1469.566251962494,223.0,130.2282783717448,8.0
11663,27771.757851776398,734.8763337902832,29.0,125.77582190820414,8.0
11664,35200.27298211229,733.8259742107267,35.0,129.40941031042388,8.0
11665,41543.508500063646,29440.55806162255,183.0,117.70980914417419,8.0
11666,14736.073026457145,6879.88632553612,92.0,103.27721642560176,8.0
11667,44383.97524869703,735.1242556966961,47.0,121.85543112130321,8.0
11668,47264.02025500871,7435.886350013872,261.0,122.20593152484507,8.0
11669,53859.100748320576,36637.54261384904,53.0,117.60129807721177,8.0
11670,48235.84531305631,12045.939474297622,145.0,113.80954681167583,8.0
11671,50234.63486434334,1179.702463744276,117.0,147.5039473179521,8.0
11672,59961.56089306994,7827.071458005497,16.0,120.9730699726233,8.0
11673,58703.94641120959,2368.834155475851,91.0,126.29321056675926,8.0
11674,35607.940373556536,28044.63895074846,-439.0,116.3941110052674,8.0
11675,45066.26460786696,1181.2816018910598,174.0,131.41809179184938,8.0
11676,16618.726803335376,15901.856912000787,-174.0,101.5389531780621,8.0
11677,36871.128422435955,5154.35204191031,275.0,127.5227205308139,8.0
11678,29110.904394649402,11989.289681729892,163.0,108.36536757320633,8.0
11679,23892.00111705763,9257.770445820826,355.0,125.50506353322888,8.0
11680,52059.57540876855,36818.66987317617,354.0,112.08306320848476,8.0
11681,20408.130986966888,1182.914251078824,12.0,115.73940204770633,8.0
11682,37178.80704248391,27903.02018695662,152.0,123.19726452684354,8.0
11683,12557.677963661466,11820.443856488653,-476.0,94.42597005322106,8.0
11684,36274.077789036746,3472.36432867667,215.0,126.89497815997237,8.0
11685,46274.85106340258,924.8588586442719,97.0,127.99377851143873,8.0
11686,30537.21765619121,11925.298662980613,139.0,120.37848217920866,8.0
11687,17862.88436027997,16135.390942001924,51.0,114.16684624353407,8.0
11688,53785.25250091166,8273.505466693385,76.0,117.65622183105442,8.0
11689,40935.892741381496,925.0578650569931,75.0,124.04616575580017,8.0
11690,62878.138411149215,50081.14618847431,87.0,120.31019022963554,8.0
11691,16648.21917929306,15723.344731731504,-337.0,101.17508312285,8.0
11692,39769.05137485519,22632.714902841537,163.0,111.72278428656811,8.0
11693,51062.92303389686,6516.146045180006,166.0,121.3421317694346,8.0
11694,30152.73110054829,8612.430624734949,485.0,129.45366202274582,8.0
11695,38421.39646506186,2869.9892559892764,243.0,128.91131589689084,8.0
11696,61039.49281290457,55914.95296773062,73.0,115.16690430702495,8.0
11697,30874.525048230473,14258.564932438136,-51.0,111.73079671574914,8.0
11698,60085.53863157442,16893.88667746374,65.0,119.48563924118469,8.0
11699,47143.48531498002,26749.57148096672,71.0,122.62847435529949,8.0
11700,16928.58349115026,11040.62271327292,224.0,98.42040661578538,8.0
11701,50133.6562520228,1992.284115566047,144.0,131.79979567106835,8.0
11702,16182.637440710514,735.2590046170116,120.0,119.38084883805315,8.0
11703,51028.633174306466,5922.049961310524,53.0,120.55193297247631,8.0
11704,13539.447138203013,11386.716864969769,-16.0,101.18162005556418,8.0
11705,39529.77427538637,18194.866592223396,496.0,130.6933011143781,8.0
11706,14115.310592879725,12656.205044632643,-172.0,99.0923427670919,8.0
11707,9019.6062211972,1182.5238925120034,7.0,100.92576287436245,8.0
11708,32944.497895123975,6665.859527155499,44.0,115.18673204797291,8.0
11709,4853.300836093263,3981.877772350179,-37.0,90.14322351410003,8.0
11710,41724.94685048531,1736.2344204042724,301.0,121.95989326397024,8.0
11711,58607.43971296835,1179.8970802084048,60.0,129.49043038034733,8.0
11712,43263.71873245234,924.8994369183597,9.0,122.70721035023385,8.0
11713,47011.11322159306,1179.5801168439118,30.0,112.6023557766598,8.0
11714,17367.281511061014,4615.397301769689,78.0,110.42318398205313,8.0
11715,63469.67223436051,924.8218948603418,143.0,134.19577197618537,8.0
11716,26158.805024813864,1849.8627302377583,48.0,118.17267427156469,8.0
11717,35522.834452014344,924.9607175104901,34.0,128.70866778484435,8.0
11718,13683.49291118322,1991.4311614581527,125.0,116.40844814001085,8.0
11719,34728.829724365896,20546.910870560336,376.0,129.0022017879075,8.0
11720,54152.8469021593,11773.049596619649,33.0,123.99960185407467,8.0
11721,41914.2860508497,27817.543333888374,163.0,119.68107795762037,8.0
11722,48243.17602539852,737.871211808082,64.0,129.84177355332156,8.0
11723,50631.552492860166,732.7863132921501,201.0,136.52990000244966,8.0
11724,14014.541848718447,6623.655332697108,213.0,109.65838974199377,8.0
11725,29787.05203525573,2396.667873119155,50.0,118.0648491475919,8.0
11726,22329.98870383134,9013.17030081878,155.0,119.75707051942753,8.0
11727,66594.47643458453,44267.86673259069,37.0,125.54117763078655,8.0
11728,36843.485061166415,734.1383350014072,65.0,138.3266535548612,8.0
11729,51917.73124592601,25975.352645325827,139.0,123.44895593264062,8.0
11730,48086.96311750523,7589.4460895313805,38.0,120.01354641203969,8.0
11731,5598.144711487316,4682.868343103896,10.0,95.98289582604846,8.0
11732,19623.027300874295,8100.347495122644,71.0,113.25777167245812,8.0
11733,24566.80891772436,2943.032946842552,41.0,117.87767104323457,8.0
11734,51799.21221691561,2774.5783408138213,31.0,117.83522562448788,8.0
11735,51797.96706611597,924.9596391488982,72.0,124.26316195914802,8.0
11736,32049.35546502183,1474.7328389525128,102.0,115.29316828269259,8.0
11737,65841.33947449554,5897.380765132599,216.0,129.62961259322535,8.0
11738,50878.453433695446,13874.866309218001,175.0,118.27335741195239,8.0
11739,52300.00595941769,33769.854932383445,161.0,114.73257131594981,8.0
11740,24498.656914952004,2870.470273800648,81.0,116.08691473746453,8.0
11741,39784.044193885085,11046.901746496844,162.0,112.20997914484002,8.0
11742,31225.655869420192,18933.67267503079,64.0,114.4971851192312,8.0
11743,56881.410878115275,1180.061363189711,5.0,138.41864871526695,8.0
11744,28775.413750918426,10256.010842588788,132.0,120.56289393714735,8.0
11745,30609.232996716823,736.4318176157053,38.0,122.44170027326061,8.0
11746,27787.216534143427,4624.712677923133,69.0,118.57501691324927,8.0
11747,40006.054475477926,1180.0148125902629,68.0,137.04052897325,8.0
11748,59828.28093581264,48220.79764881839,310.0,131.2585953147128,8.0
11749,31365.922054354007,13328.559690115884,87.0,111.60754685772741,8.0
11750,48774.886310322545,37957.92124383668,305.0,129.4672165099997,8.0
11751,61627.26928540735,14626.635222105126,328.0,119.33374448801642,8.0
11752,47166.23079551532,25655.711185131957,139.0,113.50765865679443,8.0
11753,21048.794198017094,8831.948706835296,223.0,108.80592533987976,8.0
11754,54889.77018572647,22324.09120731624,47.0,118.38158245338994,8.0
11755,49028.5596832838,7399.9714722303115,322.0,129.5600136121139,8.0
11756,58149.01463466492,9286.875335106639,312.0,132.09717868586634,8.0
11757,48664.685180725006,1184.4398179695634,26.0,119.20147690458737,8.0
11758,57765.49687291592,1180.3756583510078,10.0,123.3839380111034,8.0
11759,4610.974563573898,1182.6175251934874,54.0,103.01885168550021,8.0
11760,44836.011175416614,1180.4986146320855,156.0,139.59048182013052,8.0
11761,25099.81407515654,7421.241971092419,43.0,112.9247170008902,8.0
11762,32892.44586660809,7479.129651927897,-24.0,109.50229202311003,8.0
11763,46288.975180515175,34727.000068639565,120.0,113.22186632805571,8.0
11764,32547.553973117618,8075.01811173464,26.0,116.60970587191345,8.0
11765,55243.03624291173,1180.04016091913,144.0,148.06162237222065,8.0
11766,37670.89750617811,2210.130013860327,238.0,120.83126105955498,8.0
11767,24149.28287742573,6516.220136269905,139.0,109.8348352534431,8.0
11768,53624.170235000194,8098.100137664768,129.0,113.16729015918912,8.0
11769,53754.554847022395,16217.541827951449,130.0,128.90226760956918,8.0
11770,50333.29142023941,4720.617530133014,50.0,118.33543715900021,8.0
11771,46429.76595087418,1181.3723390131436,221.0,133.6672022011684,8.0
11772,49156.24356426243,3551.914304945964,68.0,119.00195055205742,8.0
11773,31811.179895459776,733.7391940950026,46.0,132.72359601456986,8.0
11774,43416.32507316085,1736.358887485969,93.0,113.63723531807884,8.0
11775,54752.49571742413,21192.687914262013,81.0,120.11047107919526,8.0
11776,34676.84456109609,1474.0094017942733,54.0,120.28591339427558,8.0
11777,22083.51967701908,2208.4607916009627,17.0,117.6335632731936,8.0
11778,11483.125564275291,2870.6608179115296,29.0,101.3475779707641,8.0
11779,31694.009238814273,11052.321842016616,111.0,106.728720576583,8.0
11780,26065.217379980477,7436.061384830367,152.0,105.60212621663358,8.0
11781,18129.74587013097,5474.811105416402,41.0,105.40873786418935,8.0
11782,39540.02218315427,1992.1147978384413,29.0,128.63253853702417,8.0
11783,43100.20746638845,1470.233333237391,184.0,130.2704627210956,8.0
11784,41614.53460124369,22995.68977083947,198.0,108.64114873439175,8.0
11785,3981.8307546241704,1182.0229660105015,-8.0,89.33304217734528,8.0
11786,57359.35280539521,1180.228496746246,28.0,123.3067755920185,8.0
11787,23169.49920160386,4624.380154141029,335.0,101.1299015231094,8.0
11788,43452.92465291086,1989.406431532817,190.0,129.64421088372487,8.0
11789,26751.70768545615,5958.669535210074,49.0,115.95210006007014,8.0
11790,57609.956256519494,5744.049639064319,48.0,119.3496195091904,8.0
11791,53032.56032046073,1989.3220051142011,158.0,130.21396732189748,8.0
11792,59501.44479558677,18055.259657504273,61.0,118.55910903514331,8.0
11793,43171.323080096394,733.4337683356873,20.0,117.01677760807787,8.0
11794,30510.910225118798,734.1396182823197,16.0,114.57383241634557,8.0
11795,22580.921328830114,7596.759038088047,-4.0,107.88857068299606,8.0
11796,41249.2387554442,1183.0898408735877,62.0,130.75685649072142,8.0
11797,30522.46544454484,734.5627829972732,61.0,133.7802842059637,8.0
11798,50958.05102814298,14818.17660086233,314.0,117.33956847174811,8.0
11799,33854.22220495103,1991.639979374707,80.0,123.87662222244836,8.0
11800,33337.38916079454,7723.853609479837,96.0,111.09864663113073,8.0
11801,41200.66011214091,7085.300764520218,35.0,117.22945153618195,8.0
11802,29817.522940877698,14985.97248804612,198.0,110.19197945636627,8.0
11803,39396.01036417463,2942.6057350368606,157.0,125.12166570508762,8.0
11804,37756.79937027229,3799.1702923180274,514.0,133.9728209248234,8.0
11805,43775.368383938694,924.9077989694939,18.0,118.67355485526828,8.0
11806,21550.094779485902,5223.33592372474,82.0,115.7427108955562,8.0
11807,49833.355341825976,6289.362199614794,101.0,129.45359419679266,8.0
11808,56511.112587702286,21175.554932445906,261.0,130.71806542744133,8.0
11809,26308.59243630854,1991.511211118485,24.0,117.09004371486282,8.0
11810,42382.762178632685,1734.2120865371162,387.0,136.8687225521009,8.0
11811,38376.11645841939,1850.0087751223684,92.0,122.47675703787908,8.0
11812,19501.24718537298,2208.781275225145,75.0,114.63987999832544,8.0
11813,16131.10340635363,4786.737432665883,41.0,103.21116607939578,8.0
11814,26612.509615965486,24913.354311722404,1.0,116.288952814435,8.0
11815,42015.47654581137,11765.696703776855,190.0,121.69282760819283,8.0
11816,50393.93869014185,1179.7129766697578,136.0,131.68242301005532,8.0
11817,45419.1179716703,924.9060971998156,11.0,118.78102495834668,8.0
11818,63200.231800567715,54939.34288178325,153.0,112.29725247483836,8.0
11819,25940.077334625377,2883.6422450163604,175.0,122.67702121887197,8.0
11820,61942.9721724485,21969.09245158253,76.0,119.8890338711398,8.0
11821,52724.48562892367,1179.9442880502552,77.0,127.62184679312944,8.0
11822,18629.675837140872,925.0007178856233,173.0,124.67375390423115,8.0
11823,25144.033361011156,3794.5981817574593,237.0,124.05876526324786,8.0
11824,38458.63333867154,736.384394537016,127.0,128.79168190867964,8.0
11825,57998.65520018466,33712.30371648796,30.0,117.70298984239146,8.0
11826,53136.75848365643,739.2644921410455,13.0,129.13711392588598,8.0
11827,8149.529666306219,5234.485039759745,17.0,99.39212405984671,8.0
11828,47378.836855114845,8357.187028375884,94.0,119.61575855152853,8.0
11829,43819.76206633647,2871.967144752138,29.0,118.77208771410068,8.0
11830,61614.90966546333,924.8535879577829,79.0,128.97682623926832,8.0
11831,30046.360142655038,6931.720621824877,103.0,118.8032134855641,8.0
11832,43559.830027387194,26424.20219583922,163.0,112.77731728856371,8.0
11833,13135.889016979609,11196.306308764728,45.0,100.692440422443,8.0
11834,54337.282786895594,1184.5173423223716,45.0,125.42208087760679,8.0
11835,55181.780502826194,12911.40593401428,26.0,116.82183538334793,8.0
11836,37585.094685325435,924.8349947110793,124.0,128.36665265606422,8.0
11837,34217.90735506192,1474.556486760256,189.0,128.832054842228,8.0
11838,36569.13772794602,3789.938777735169,113.0,120.95967807432311,8.0
11839,39450.70679697631,1180.4172237895698,159.0,130.316310274895,8.0
11840,22484.888644309453,1990.7474289169684,9.0,116.75406929988628,8.0
11841,33586.7213172682,4854.5806346616655,161.0,117.68503802845393,8.0
11842,18536.101252038028,924.8958385225602,37.0,112.25861932109522,8.0
11843,38504.26657883636,5477.7950984591935,117.0,110.13502775350011,8.0
11844,22047.352593337095,14459.346183675858,194.0,104.62235060390773,8.0
11845,7840.187561532027,5912.855857617373,-26.0,94.90361516861897,8.0
11846,63789.85944382495,1989.4558434121418,326.0,124.61186182897022,8.0
11847,42775.198106045216,25070.238948673887,334.0,109.47292630645651,8.0
11848,48046.39773939207,1183.9735750582597,33.0,118.5850854029497,8.0
11849,66046.03291723813,25350.145263460472,63.0,122.00718935104106,8.0
11850,63422.20149754564,925.2036733448068,23.0,120.52795961627928,8.0
11851,36966.0603892009,17048.061197902603,159.0,123.71162378859488,8.0
11852,52219.218480757154,2774.622818000371,50.0,116.070173304625,8.0
11853,22173.137763510254,14758.818493361707,-12.0,105.7986554904253,8.0
11854,34483.14889690395,1991.7962069207479,138.0,120.90349694073245,8.0
11855,16789.795485085684,9953.753448999427,-128.0,104.49711613068226,8.0
11856,64900.178984284525,7592.733560176498,184.0,126.16868544431978,8.0
11857,37624.65717310146,12646.00502609001,25.0,119.44548841388952,8.0
11858,17821.116798922856,736.9557324636102,29.0,111.45250182576895,8.0
11859,27180.78609873297,12996.054762708854,477.0,128.3036709864608,8.0
11860,23137.634532426473,6696.588918894546,75.0,114.97187509571376,8.0
11861,48593.23913799346,3540.49586744875,73.0,130.7111646097922,8.0
11862,34036.00603847315,1183.1129177855287,110.0,124.9530900084125,8.0
11863,24993.229401979577,7599.361274575844,91.0,117.32597998819175,8.0
11864,63178.004461694436,8290.932632534077,132.0,121.44605801276036,8.0
11865,49505.60332250789,7476.985498062634,145.0,113.65351176270251,8.0
11866,39535.99620433598,3138.519876819413,129.0,124.54447379397841,8.0
11867,51234.03277736198,8771.66902455732,63.0,114.7296026383559,8.0
11868,45058.86611717749,22732.088974930495,412.0,129.72067792618597,8.0
11869,31865.701157343483,2870.054519016527,137.0,126.23772030665498,8.0
11870,28766.11225825098,11642.180743312269,202.0,117.08437413394009,8.0
11871,55738.86159057015,54084.80018881893,-75.0,122.56217414454892,8.0
11872,44554.57729124072,925.1171414639609,3.0,113.1114889531719,8.0
11873,33306.280022631785,924.9320696999825,78.0,122.61772411133543,8.0
11874,52383.0832092263,925.0559579434608,1.0,124.54992700025547,8.0
11875,52670.970765415106,6385.333676156037,69.0,122.5323959432117,8.0
11876,46484.333676006114,1849.8707101031823,36.0,123.44895850123001,8.0
11877,21333.437121185238,1740.7791371641285,115.0,106.93591594041817,8.0
11878,3087.9601091151835,1739.0140701225703,-3.0,90.71077640831119,8.0
11879,42686.10812303528,20371.415797546764,54.0,120.2236569670743,8.0
11880,45566.58162581351,2887.0999806147843,96.0,119.73901518397676,8.0
11881,44418.77425955796,9248.497057624814,122.0,122.82264397100725,8.0
11882,54581.43503614963,924.6944491328532,153.0,133.50856218958566,8.0
11883,24364.36184821252,2398.3290210665145,105.0,119.09700407191815,8.0
11884,38718.55466281046,3541.683526985567,101.0,130.9076246124638,8.0
11885,36624.518414183556,924.9825714349739,37.0,126.38152563516445,8.0
11886,21389.16316167107,2398.132692596093,213.0,124.06008825176013,8.0
11887,52706.86815047729,1990.0736798260352,35.0,122.80300952630311,8.0
11888,27394.59069006345,8154.67871600099,176.0,119.73381607582435,8.0
11889,29926.226345996278,5598.351591794771,151.0,121.88757694687814,8.0
11890,43183.21951272143,4511.467941225525,69.0,119.76862962422118,8.0
11891,26272.835769589085,924.8784710965045,102.0,125.24575320806636,8.0
11892,67310.07437235999,2359.0232259509476,34.0,126.24295468243922,8.0
11893,23033.00350792553,3981.264856230753,105.0,111.22778086899878,8.0
11894,26405.50571277025,1850.0050534343475,37.0,115.88438761865865,8.0
11895,16546.363186915885,5972.261923501663,16.0,111.49464351276507,8.0
11896,32166.141145517333,1474.3803089990402,234.0,129.73089346337773,8.0
11897,57182.48278539043,7106.252872581702,404.0,133.42220552866405,8.0
11898,21940.963638034613,1183.214824669956,38.0,112.74071430452344,8.0
11899,38536.799411707936,924.8229580061753,206.0,133.21941849624918,8.0
11900,30681.38578107741,9703.831929917846,328.0,126.14564818619141,8.0
11901,27298.76433711995,8881.833369377362,248.0,118.92387386799345,8.0
11902,5764.695472635645,3479.6967070323535,-3.0,93.02092953215023,8.0
11903,63508.69854811577,2871.4906581390587,107.0,126.30153857587703,8.0
11904,52060.195480906106,3771.3618348769883,58.0,130.25774729678494,8.0
11905,20872.379219707906,15037.412027693344,2.0,109.93889969847235,8.0
11906,24177.05063274845,7114.85351097554,435.0,127.2663116520572,8.0
11907,22813.707537253078,924.8240157161023,87.0,121.77591706688439,8.0
11908,57845.457956453814,2871.4518979298614,88.0,123.79243914905632,8.0
11909,33370.75449025691,8356.900728459479,74.0,116.17292943119415,8.0
11910,39105.54445921475,18116.418543246404,297.0,126.55835189581089,8.0
11911,33423.57814579128,5207.146539131182,327.0,137.41277142807792,8.0
11912,45179.30692996254,2361.527598134625,28.0,120.0424121367621,8.0
11913,14183.544910463299,1849.8355743711995,46.0,109.28588914760769,8.0
11914,54367.06596441482,924.8802425197434,23.0,123.57381632167687,8.0
11915,35483.36161856072,1180.707833414835,12.0,121.29129424053646,8.0
11916,61829.75023816123,50078.38215606188,-102.0,128.0294840270677,8.0
11917,51162.842418815715,3144.4804115175466,2.0,120.70770511215066,8.0
11918,33296.68708016325,9248.995373709056,280.0,125.14764029557719,8.0
11919,22714.149523053533,8087.1453003263305,401.0,125.8870211611607,8.0
11920,24479.86581320331,12241.268548229637,68.0,108.09934012784015,8.0
11921,21726.413851837886,19768.619705632573,14.0,104.82281435514989,8.0
11922,48280.42476640582,924.9990696965908,16.0,116.39624714801676,8.0
11923,42252.090444627145,733.8265093315063,1.0,113.73105397737818,8.0
11924,45555.834493563154,733.5368982261895,59.0,133.31431672212327,8.0
11925,30742.71063887413,3980.497591675567,219.0,113.99843501178928,8.0
11926,39019.49266967011,19177.28628702556,76.0,120.8566333685437,8.0
11927,42799.34253042212,26196.1239940494,198.0,110.88243686152755,8.0
11928,62040.0390206067,1180.1268165744953,47.0,136.54999720550458,8.0
11929,25861.07030323486,10959.301358216686,113.0,113.55814827858256,8.0
11930,58973.365088111255,2358.3891063483616,72.0,124.66888341127571,8.0
11931,56933.737824704105,40603.69567237528,349.0,115.77304484427484,8.0
11932,44143.15988446689,11481.218788233653,83.0,116.28687081117415,8.0
11933,57513.98181270602,41187.97276864263,181.0,112.22659359466486,8.0
11934,32451.209859236853,2870.2232678410583,88.0,135.76231266370667,8.0
11935,36836.73882897876,924.7574798591672,52.0,126.66925477108074,8.0
11936,46182.81149993292,3138.6445938003203,108.0,111.94398522264261,8.0
11937,41705.395479457795,3984.8033175271285,48.0,115.17504818664544,8.0
11938,29764.03672721334,6874.61534389928,62.0,110.29032344072559,8.0
11939,56995.377922844134,4036.2742195998712,364.0,134.8836874254535,8.0
11940,34065.30853308638,2367.445675827656,76.0,121.64635352852113,8.0
11941,33957.35241932535,12081.297379049913,45.0,111.15893534972514,8.0
11942,42596.9417771626,5920.054990408421,203.0,125.73391454158465,8.0
11943,39328.11609360394,30637.993556231864,-118.0,121.70941533716302,8.0
11944,18534.143856615803,1740.0548057104575,11.0,113.94617835032562,8.0
11945,53539.16211156543,45262.34876526233,153.0,110.62177195308087,8.0
11946,48080.57621289449,13876.982170278747,167.0,130.0887259129713,8.0
11947,44781.689761743066,10579.934970763203,68.0,117.1464207261916,8.0
11948,29930.688574588617,9430.693679087726,46.0,109.34941306597368,8.0
11949,67064.47031983122,2359.407312341032,46.0,124.40360410896412,8.0
11950,51719.39529349796,37538.55893787118,293.0,131.65320622697354,8.0
11951,23743.591078670976,736.936451032581,38.0,115.02711304005135,8.0
11952,40397.9423482435,11950.544971182375,373.0,118.74203340335072,8.0
11953,33877.49706468941,16198.17688207263,45.0,113.60560415844574,8.0
11954,37488.59178199799,734.8414606850599,17.0,127.04339283345763,8.0
11955,32513.82943317979,2361.750753213025,94.0,120.28955459581897,8.0
11956,61032.14165109319,6290.627118186968,130.0,133.64881056156716,8.0
11957,31487.740388263366,8232.7692356859,75.0,117.38429848931305,8.0
11958,33287.87670892247,26627.788623585067,49.0,112.16187448704493,8.0
11959,24749.41844515663,1180.768383087097,27.0,111.94405398718608,8.0
11960,23860.66360846104,16331.242618503731,52.0,104.41184617188904,8.0
11961,11088.666241319803,10355.023276046064,-58.0,98.05240768088052,8.0
11962,18513.20566591826,2774.8132751342137,52.0,108.87238447686391,8.0
11963,35911.43203306059,18862.24492315163,241.0,112.04434653459792,8.0
11964,48649.04201983719,739.7590071518123,5.0,121.57266935636747,8.0
11965,38356.91405960761,738.4398945823274,40.0,123.48580880149785,8.0
11966,27323.973639675874,6695.898697337364,113.0,111.68793491705657,8.0
11967,52540.117825762834,39847.72162176842,32.0,122.80328866753025,8.0
11968,26248.85566522571,11605.727327057792,161.0,123.52502710375464,8.0
11969,46792.30816361811,1735.5001138239202,74.0,119.14690660252319,8.0
11970,42904.90078035029,7172.745274818705,341.0,130.03870173737073,8.0
11971,37875.51636026473,29431.28346927548,366.0,128.28973224874125,8.0
11972,45264.94561193344,4682.722633047383,43.0,121.12774734980471,8.0
11973,39447.99153373345,3090.9698290745755,90.0,116.63925812561828,8.0
11974,53967.9778492849,8114.381960865097,33.0,124.43253564913877,8.0
11975,28006.647909487227,11392.278602502314,198.0,105.65686378563869,8.0
11976,45123.16809359715,1184.0504022645134,82.0,127.87356032869785,8.0
11977,43452.76660507174,3771.9953736940156,34.0,118.68379522191448,8.0
11978,59787.81269181042,3540.3240091213697,39.0,121.95057668432855,8.0
11979,36710.13058212588,738.0798786882859,62.0,124.0116597256046,8.0
11980,4682.828129056644,1849.8647237522011,-11.0,90.80007204417632,8.0
11981,46226.51182856614,1180.2450733865028,80.0,136.14630794616608,8.0
11982,48439.00146835125,1180.5017620733604,197.0,131.14121900596047,8.0
11983,39497.37146039409,18218.208811218654,-17.0,113.00941219020068,8.0
11984,21369.927472107636,3475.610933024408,22.0,114.91439583978153,8.0
11985,40535.666941652365,33182.73534532245,68.0,115.136773518751,8.0
11986,30843.861461357585,23273.25260879408,-109.0,105.17300832960122,8.0
11987,40932.39591097213,4051.0704850651186,90.0,123.1215472138753,8.0
11988,45956.395301486016,8224.41000245099,-43.0,114.867919725461,8.0
11989,35385.779951129945,2878.07242815453,164.0,125.958100708188,8.0
11990,40590.88274866035,924.8059642657437,49.0,119.18762001785117,8.0
11991,60337.39620384496,16846.927575869056,218.0,128.65397619846397,8.0
11992,45064.90377699997,1990.0736836970993,74.0,122.07634650231859,8.0
11993,27247.176349906575,7358.928048865652,143.0,106.835049419367,8.0
11994,18493.117763485312,737.7675907614042,83.0,119.53189566383227,8.0
11995,42708.27662811607,8265.515452482661,27.0,113.69056970660785,8.0
11996,25798.583972505785,2209.9526929065937,3.0,108.34594881945044,8.0
11997,47195.99370369609,6474.914796824215,91.0,114.84968975938759,8.0
11998,17911.624419760108,3482.3372275390566,67.0,108.69848751885701,8.0
11999,57136.4481207547,7561.593089815146,74.0,120.08419893929324,8.0
12000,54792.241753648166,732.8688950544764,293.0,140.50904380541397,8.0
12001,35681.774599541495,4040.3059937693347,243.0,116.40112504245562,8.0
12002,26320.178301460626,2391.4831548261386,127.0,117.9217829038373,8.0
12003,40456.68555362067,1990.312323913036,49.0,121.3015554377918,8.0
12004,43301.01683463253,24851.29509617139,163.0,121.90684571209232,8.0
12005,62318.202702119444,2359.9347025949774,43.0,120.68935729202913,8.0
12006,58449.854048800145,3984.4234690392796,102.0,123.7575867898465,8.0
12007,44883.66882664233,1180.2528419727403,82.0,137.2730882464789,8.0
12008,35562.85320410364,27406.890733594075,-139.0,105.84510109424745,8.0
12009,29924.639015201705,924.9130297237002,97.0,126.49169761508574,8.0
12010,45613.042552396524,1849.7363554477454,59.0,117.34457807791543,8.0
12011,50322.394376673,46296.93329910058,-72.0,113.59045414535093,8.0
12012,26658.075099405443,4513.936837235026,31.0,114.20637686815307,8.0
12013,28730.193546985407,9572.7418684524,100.0,120.90172595527737,8.0
12014,37105.177515801544,2944.8168255850956,80.0,111.10318187870351,8.0
12015,33882.9464194874,4419.29479681543,446.0,131.33650385841577,8.0
12016,39564.83879019552,22405.377727667663,83.0,118.75000844835654,8.0
12017,44154.855415753336,20100.702923091387,49.0,118.1245818503362,8.0
12018,25991.30606893344,16713.25182639981,196.0,110.43830781576709,8.0
12019,27102.202104529242,5770.398097693566,37.0,116.04931992204405,8.0
12020,43476.63435053199,2774.63298356724,51.0,125.33104953773852,8.0
12021,48031.78217171626,36469.86606853137,120.0,113.44417317155265,8.0
12022,19177.32588827714,11089.650667941403,-9.0,108.7796365067349,8.0
12023,19666.948225208784,924.9886602177594,68.0,118.3650418500149,8.0
12024,44308.53556173177,739.9344579540865,96.0,146.70073848716464,8.0
12025,39776.98558118262,4624.25493841062,115.0,114.04409323214404,8.0
12026,36823.98953335036,2393.4295961462617,283.0,121.94790619713784,8.0
12027,35863.08928338214,2362.032283595307,282.0,135.28069817371247,8.0
12028,3683.5547360546902,2946.3183722211566,-7.0,87.94095442476221,8.0
12029,47069.64729376592,7585.5120194528545,240.0,121.3455942947941,8.0
12030,46421.075158142026,2359.649860703761,194.0,129.58808682128375,8.0
12031,29426.309589173074,1990.353809643324,261.0,134.24904030769466,8.0
12032,31441.67953624988,24958.94554881036,-265.0,108.10236568593898,8.0
12033,56149.769613514465,1989.340927791425,80.0,130.9255716578093,8.0
12034,48130.08525261848,924.9776173772321,93.0,127.1381904104025,8.0
12035,29924.91731550174,13394.254110341511,-90.0,115.52226313896442,8.0
12036,27809.631523099382,21149.55801462732,41.0,110.60222744773264,8.0
12037,52127.616782691744,4314.555607126795,70.0,129.77937866819119,8.0
12038,33847.40310758233,1182.6828143715745,132.0,132.43302542012293,8.0
12039,60061.74479728935,925.2327572879938,15.0,118.8291288348104,8.0
12040,7869.789765970267,6174.442142460032,55.0,106.59813228972773,8.0
12041,25359.851247050137,20752.208129726758,61.0,106.45315030358061,8.0
12042,43243.014210578825,924.7703461138786,15.0,117.97573137645432,8.0
12043,35256.74631113725,1180.489349430943,66.0,129.88771547731386,8.0
12044,33685.97508110385,1737.4945202361646,9.0,112.32022359704642,8.0
12045,57319.39765980336,15872.595827050895,61.0,111.75736495870773,8.0
12046,41251.111353622924,29019.414265593547,243.0,114.28395987372727,8.0
12047,41282.978616501336,1992.1147978384413,29.0,110.48813576180724,8.0
12048,39244.560474855774,30035.784111077734,-65.0,121.91842079010937,8.0
12049,11550.061431380052,735.1791698061235,198.0,129.00944656842617,8.0
12050,19577.848700226335,7834.958262888961,298.0,109.71757839507029,8.0
12051,49524.19958236114,31403.035831281708,161.0,113.64292456453119,8.0
12052,49996.743938347274,13894.211251737075,368.0,129.11674198154543,8.0
12053,43561.87437714564,6500.671455841304,98.0,122.50308677389802,8.0
12054,55289.7280228425,16701.81556232487,145.0,123.00937748636447,8.0
12055,37025.47786937831,1849.7872086780396,86.0,121.90223847951503,8.0
12056,25146.39296599337,9278.649790319238,132.0,117.95162914257295,8.0
12057,40103.855628922065,5597.939759232155,125.0,122.46720420870643,8.0
12058,20361.523824365668,19437.26738136864,-62.0,106.26127470493846,8.0
12059,42045.44001912539,2207.955706290621,259.0,131.06651638449688,8.0
12060,35615.18063989127,18157.849864301388,109.0,117.03910614849727,8.0
12061,13847.963195449778,735.4984422872595,23.0,110.91316265136552,8.0
12062,50618.43820947574,924.8794709105447,149.0,131.97881643772013,8.0
12063,53049.71701799877,10281.03854850785,55.0,123.15137022615066,8.0
12064,55435.12226841654,5968.397642083421,6.0,120.54220182188547,8.0
12065,40536.45768774303,7561.495880270684,176.0,130.73499091219392,8.0
12066,58570.21972187538,39521.16044670216,4.0,122.49757130593699,8.0
12067,16794.272881600173,15877.876225756954,-246.0,98.28369170814854,8.0
12068,9264.435151479433,1738.7885085484577,30.0,105.15403531378284,8.0
12069,46684.39311241921,2875.006136012061,307.0,136.5703337655711,8.0
12070,33280.485686388885,3139.4285712747715,101.0,119.89470126946067,8.0
12071,45426.743761905076,31983.174076461433,78.0,119.08562665571918,8.0
12072,63167.08887352304,924.8020264769453,32.0,132.59406155972908,8.0
12073,24269.700284284536,10962.92752492369,86.0,119.86274725699538,8.0
12074,46139.71535792019,738.7047272761723,71.0,128.56926083860088,8.0
12075,38100.024511975316,3772.7822693603352,78.0,112.34667702405251,8.0
12076,25780.136081495926,8760.325379438693,177.0,115.75969318901076,8.0
12077,45554.85130691532,3144.9701409437603,18.0,114.91230137216432,8.0
12078,16096.479454118125,4123.5912091797545,72.0,106.52474837484179,8.0
12079,35564.15372832009,1180.1485100009386,17.0,113.20140625304155,8.0
12080,25336.10945103851,7193.5114565356,97.0,115.64233975670801,8.0
12081,14378.600458708625,13701.22371863419,-130.0,98.68238670278015,8.0
12082,31868.255659207724,7545.388066167852,150.0,125.32297990677549,8.0
12083,45187.485331013595,739.8050201017984,5.0,122.25298610266401,8.0
12084,24087.981990829518,1182.899384339314,31.0,112.93988696824468,8.0
12085,61432.281335372005,3137.3287021327615,194.0,130.64910370094967,8.0
12086,35029.764459776,5958.479092238491,16.0,118.48508199367467,8.0
12087,46966.725038856595,21525.152011543283,234.0,126.97098665633187,8.0
12088,39881.848407548096,925.0673197057216,58.0,121.8140467821811,8.0
12089,43387.03466821708,6937.510564960812,271.0,131.53548347850548,8.0
12090,29083.524528104394,12991.509542113665,473.0,125.58691555505818,8.0
12091,20178.040295907373,19591.621306115132,-181.0,104.36140443636212,8.0
12092,19621.686965807927,19074.235016611758,-486.0,98.30251008036284,8.0
12093,25991.756382966436,7435.908274262271,322.0,124.86330541987465,8.0
12094,66325.74341745146,57305.19430709743,88.0,117.47829046180149,8.0
12095,24101.78401414209,1736.860857129392,105.0,128.55664818013628,8.0
12096,29825.01314300723,925.0093980222509,182.0,134.61358422084746,8.0
12097,27321.670174290102,2391.0721340783107,21.0,111.67688016018047,8.0
12098,53499.33643778681,11102.310606404735,65.0,122.39972712601963,8.0
12099,28823.84158858121,10200.794580090473,153.0,112.48865751646974,8.0
12100,49468.15256688758,19220.496493879586,96.0,119.3487654790982,8.0
12101,25115.81087442837,8156.551810008098,32.0,118.53127057003621,8.0
12102,48323.04511688568,1184.2681404588925,25.0,118.87779494793413,8.0
12103,19836.770134770246,7181.583388239004,31.0,104.23352647237387,8.0
12104,31585.165569057415,2774.8719955949778,114.0,121.87463027557135,8.0
12105,56592.08232504211,1180.0218563360115,32.0,120.55676378872327,8.0
12106,59337.75729101236,46541.407609984235,87.0,119.9187776138869,8.0
12107,37491.1087212867,1181.4667446896226,11.0,113.05966873657464,8.0
12108,41490.94854856669,16052.205174833069,248.0,127.73214809965447,8.0
12109,64701.32738060355,4314.772023026665,411.0,134.91327123825857,8.0
12110,35496.86890495647,27218.30047872765,153.0,120.1047390213148,8.0
12111,50364.07359857882,7970.135459606051,65.0,121.29989442023546,8.0
12112,46392.50349244238,9278.473742246659,49.0,108.75063839966501,8.0
12113,58220.81648896108,23071.961947519714,79.0,123.45110041024664,8.0
12114,58919.28714761004,41897.88247109167,183.0,124.52744680481862,8.0
12115,45576.907247908915,33472.433788466646,168.0,117.03658555415964,8.0
12116,40647.01712149005,737.5625656987479,48.0,123.78869770755264,8.0
12117,42737.06130658255,12817.293318872786,371.0,116.68063757639256,8.0
12118,8077.880400968061,3475.953692155172,53.0,94.18391274526233,8.0
12119,25361.604707664974,924.9906744555398,50.0,117.32695214907416,8.0
12120,57134.1070497099,732.9792645907878,10.0,123.28993701804953,8.0
12121,32565.913702177946,924.8506367756477,79.0,127.36519910029831,8.0
12122,29605.739332054967,12948.335239159585,100.0,116.53165846414673,8.0
12123,23134.516961874928,924.8589023712757,85.0,120.18683657821734,8.0
12124,48439.308358142014,1180.8603845862622,33.0,118.89485375228952,8.0
12125,20229.074427878724,8639.588036765997,20.0,108.76809683801221,8.0
12126,40156.59694262347,5970.765502049526,98.0,121.14331657749742,8.0
12127,36060.398397046,1471.4309745520623,73.0,121.98909076575627,8.0
12128,47305.91544153353,3144.895958834502,28.0,118.18424738242756,8.0
12129,23489.532052476156,18266.739006548345,110.0,107.3197426441628,8.0
12130,17564.043030424877,15829.576844991641,74.0,114.2600621612214,8.0
12131,54906.92577897237,924.7429989951553,27.0,119.62590318303002,8.0
12132,35864.715948031095,14537.59503821954,497.0,129.82604718242357,8.0
12133,35833.7214915873,1741.679061452112,166.0,132.09088202576126,8.0
12134,30964.996317425783,19852.22374908569,-267.0,108.0592092051837,8.0
12135,50893.78403774226,33878.63771094445,183.0,123.2793887918704,8.0
12136,26780.36562827307,737.4819913399373,70.0,121.43689081702996,8.0
12137,38951.94465145781,3138.769148482013,159.0,130.6179187070815,8.0
12138,60366.99433437347,2369.3806853889637,103.0,126.16751955196133,8.0
12139,42660.82216823272,16205.380606497549,130.0,112.10202494497146,8.0
12140,15901.907649936295,7592.9425710120695,48.0,102.39916900105432,8.0
12141,29106.248149962663,12664.89094065264,70.0,115.96052174931863,8.0
12142,28823.140460278166,734.2313714950217,130.0,139.31595238309308,8.0
12143,35994.326033219426,28823.059655785164,-56.0,120.82576969319317,8.0
12144,48367.58486537362,1184.4804869708014,45.0,119.88508962290837,8.0
12145,5549.450345975281,3699.5916820276,-5.0,92.08532861197833,8.0
12146,55249.3711575512,1989.5360179380248,303.0,135.2332994869317,8.0
12147,18731.427446823087,924.9292672142659,74.0,116.40923609423857,8.0
12148,55078.30295930826,1849.7895275917701,309.0,135.75117541646287,8.0
12149,17152.39162602101,3089.933080118837,75.0,114.27213983387728,8.0
12150,33175.31487342589,21013.715295361635,-37.0,111.48739232711384,8.0
12151,38797.757668573555,1737.5126373657295,28.0,120.01407937422637,8.0
12152,24694.852392416233,735.6224670531733,60.0,118.45576681066522,8.0
12153,49244.71717844781,31504.597619554886,-15.0,117.24512207427665,8.0
12154,42856.71919092914,18516.96812132035,139.0,113.79308463215126,8.0
12155,51913.46132164989,2367.3565687492037,189.0,130.3354502902006,8.0
12156,31088.28566482787,10596.549979204321,46.0,109.35613524942084,8.0
12157,28147.89267406379,1990.1940616745749,48.0,115.1929924990916,8.0
12158,50588.307845974516,925.0407233529265,4.0,118.33512493965799,8.0
12159,60491.63003458581,14520.843811599318,63.0,121.26845261401714,8.0
12160,4419.412570793058,2209.6951472025667,0.0,90.96437163313738,8.0
12161,33427.416179958534,924.9240121849645,26.0,121.92586399415998,8.0
12162,39420.493052723024,1183.8086521181738,76.0,119.20269945383235,8.0
12163,32943.64565049024,21428.653277732483,81.0,115.15761516536237,8.0
12164,34082.882737064596,9230.978782639795,51.0,119.8838823236542,8.0
12165,24012.441190480655,3795.3781225794164,130.0,115.65135585392085,8.0
12166,20265.009458958782,5223.379511152193,73.0,107.44203126785712,8.0
12167,8839.097931834545,4419.595348525263,10.0,105.62580133508925,8.0
12168,37063.60874259038,925.0429646541722,182.0,130.63015272764494,8.0
12169,33688.94323607593,32020.93093436663,44.0,118.63989997663026,8.0
12170,49503.11300749175,734.5917156050949,98.0,129.7111728321387,8.0
12171,41881.81770544031,4723.738915416018,42.0,120.54895398765318,8.0
12172,30193.975978578954,16108.248130471971,163.0,112.47807305677594,8.0
12173,42876.28535802537,1990.112017144684,38.0,116.07797865988732,8.0
12174,55356.723874293544,740.3229744650284,35.0,127.42531952381557,8.0
12175,41913.10302300815,924.873968746953,88.0,133.6049123277553,8.0
12176,16148.957641695737,7544.555522992686,25.0,104.58310403926089,8.0
12177,48352.56905028648,37393.983124064354,7.0,125.45114882405701,8.0
12178,47192.759659751224,5549.191062442364,138.0,117.6649309717517,8.0
12179,24790.361898454274,4306.914084382422,11.0,117.76714559777946,8.0
12180,29006.40497353603,10972.744661492625,87.0,111.42679147489369,8.0
12181,39443.4247803137,2367.611320640493,154.0,134.35787833011995,8.0
12182,22347.953687606707,924.9332680904143,28.0,113.3482669185189,8.0
12183,35253.026608317814,5969.744427988172,162.0,137.14651191933564,8.0
12184,42818.41071454322,3684.1460448388516,232.0,128.24443826798054,8.0
12185,15573.668499446654,3482.081919732984,165.0,113.85147021536338,8.0
12186,30760.505953490516,21299.563868001613,53.0,113.52487248384247,8.0
12187,38277.69356010561,2394.4439245070025,26.0,112.65668284723243,8.0
12188,54052.582344206625,10279.582197503707,216.0,126.62487396297169,8.0
12189,34252.831800758235,15740.26198613994,120.0,121.51471824536858,8.0
12190,30097.438715479213,15054.374978530595,87.0,113.09523378056556,8.0
12191,35601.672991092084,1736.664145243992,242.0,130.25926725666648,8.0
12192,37593.19813680975,16053.526793857534,462.0,121.33074567562713,8.0
12193,46110.88048195674,12230.253101257751,143.0,111.25898670982549,8.0
12194,32171.747964035083,736.6753972904417,113.0,135.5306419818907,8.0
12195,36297.18434095482,1475.6774424062812,84.0,121.81466091950162,8.0
12196,25923.635277449655,10964.309910720733,16.0,111.50902183345977,8.0
12197,27522.288564717324,737.2423542103741,14.0,115.86646209640296,8.0
12198,35364.964695969065,1180.6682473154044,85.0,122.79422942510682,8.0
12199,16335.714220844135,4050.089576514095,41.0,108.46188276864295,8.0
12200,39898.621312438096,10688.42159527649,435.0,114.79981704758802,8.0
12201,52960.419931527395,1184.0401555113178,53.0,121.93719116258447,8.0
12202,51380.83159886316,13764.218057933049,55.0,118.57436224214996,8.0
12203,41230.60549299515,14047.491700449944,232.0,123.6580489969621,8.0
12204,41855.98575942391,4682.537043020737,110.0,121.21637181334535,8.0
12205,62127.36690181437,20872.70512056817,76.0,112.30812067002915,8.0
12206,51250.47826116945,6939.443194050644,529.0,134.83005795175768,8.0
12207,11064.90373995802,2880.9364206594987,55.0,105.29047594197446,8.0
12208,53892.36760318365,35339.48964363854,363.0,113.97927774544773,8.0
12209,49615.3899540328,740.0130867755031,73.0,127.19752674592914,8.0
12210,22400.97102981949,736.8384635445789,14.0,110.23239550994954,8.0
12211,47160.55170950455,1183.3735855825657,164.0,147.73672986832983,8.0
12212,22392.582734390275,13951.56516680198,329.0,124.32846626915536,8.0
12213,33992.79926496228,18504.95823562009,181.0,108.8405139022449,8.0
12214,27881.69343316075,9106.80924870829,187.0,108.02945326571978,8.0
12215,51395.55034370598,2389.103016339527,265.0,132.72038156011888,8.0
12216,36101.63639335103,25907.91219793631,151.0,108.28189518600745,8.0
12217,42188.34495263547,6333.383180289508,53.0,118.47691197890033,8.0
12218,42858.760928945645,4683.329833812511,55.0,116.31120940683277,8.0
12219,29600.13624474242,1473.2658586212226,32.0,117.05795188527136,8.0
12220,54592.65913977752,924.9917473321624,49.0,149.18167403688403,8.0
12221,29633.912999026685,19437.107775434695,198.0,104.62120660492285,8.0
12222,42079.46048107256,8827.414870412225,133.0,108.60674014063115,8.0
12223,37285.2101663834,1181.156979784689,305.0,125.62589855421142,8.0
12224,3982.408890478417,1991.0207042970733,-4.0,89.81557115743864,8.0
12225,47072.10236432525,11396.598615845252,36.0,114.71980930505708,8.0
12226,42119.5895812526,737.6262702746128,86.0,126.80507797027943,8.0
12227,29462.58954240864,3090.4845357782515,45.0,109.29313356179983,8.0
12228,40073.922155993554,1183.3716539008242,152.0,129.24575956489227,8.0
12229,12685.702688820727,736.5273074694724,5.0,103.8943446990155,8.0
12230,52975.771888976196,1734.3282851197455,109.0,126.77489631830986,8.0
12231,11196.52618269406,10280.42572319176,-68.0,96.63611136324722,8.0
12232,18851.15392535724,3982.7558279479945,30.0,111.89940755230215,8.0
12233,45344.264840160424,4624.435084180108,40.0,118.02317068004764,8.0
12234,20773.9406864122,20177.975222588047,-201.0,104.47896029163786,8.0
12235,25835.450919293293,1990.1453275027677,57.0,118.0484144962829,8.0
12236,29909.293184992035,7584.191118282518,156.0,122.53569657817357,8.0
12237,14433.658263140898,737.0512609895528,31.0,111.38826322167782,8.0
12238,36109.85057863478,5970.910507600666,65.0,119.88902425027538,8.0
12239,39534.798082306814,3084.466078874312,159.0,125.069870152314,8.0
12240,29368.53723236425,16696.682425245584,43.0,117.59181864282553,8.0
12241,21349.810622212157,20639.959399363415,-272.0,100.81727373212863,8.0
12242,50996.20285517053,1742.7513993271457,100.0,130.2060930119299,8.0
12243,51419.451715842144,739.2585163905779,55.0,135.90724977430946,8.0
12244,11117.303557430805,10643.311460187924,-193.0,94.38075419452915,8.0
12245,44358.172015076816,1989.814163251583,54.0,122.50246270188649,8.0
12246,50626.35889814828,11362.030731672347,45.0,119.93960457437554,8.0
12247,62136.53312201365,1179.3509359343122,112.0,133.1822695710945,8.0
12248,45313.78687717767,5772.934787421417,24.0,120.55207145496765,8.0
12249,38923.643046698024,4734.541112316725,296.0,129.45586122277678,8.0
12250,52675.29990905045,44222.15716855366,358.0,130.7984479620535,8.0
12251,50961.426630356764,1184.4618593680123,28.0,119.97125679645787,8.0
12252,58918.73451466648,22375.12183566667,55.0,116.98939705008331,8.0
12253,39324.92259761907,1991.6529086890653,202.0,123.4451308181606,8.0
12254,14752.223415418288,7419.16955828721,50.0,100.931105468408,8.0
12255,46982.20130042598,1184.253348302914,26.0,114.42012174396983,8.0
12256,31035.37824865187,2366.7898412461914,237.0,125.45698620997749,8.0
12257,6624.810844083273,3679.8869346619517,8.0,95.48516701299963,8.0
12258,40804.29455151989,5598.179656901021,169.0,121.70943367799443,8.0
12259,5221.095856028695,737.5051598417642,-6.0,92.24762321410567,8.0
12260,54069.791875449555,42381.02351100178,183.0,112.76245756898663,8.0
12261,47751.78197719848,13302.913780634624,136.0,123.7878071619178,8.0
12262,37179.13234124968,924.9082333685428,35.0,121.9497283281031,8.0
12263,49255.41932020852,740.1539791868493,14.0,130.16230298343282,8.0
12264,62952.674967728584,1184.5481784758103,55.0,132.86779147859298,8.0
12265,35657.487834721054,20906.972384522272,84.0,113.50973366813056,8.0
12266,54623.376681118956,12170.79856704131,63.0,120.06617994585314,8.0
12267,45702.407318410806,1849.7302346298768,33.0,126.07666785856571,8.0
12268,24095.10088403759,7086.927869921099,564.0,129.3281126367061,8.0
12269,31179.928756922443,29441.70894912849,0.0,117.69324935801444,8.0
12270,36140.246470520004,3699.8266100747533,17.0,121.12448782638384,8.0
12271,57366.66015979747,35352.95980737572,203.0,114.64661342887524,8.0
12272,23018.8613090994,736.5920536374177,25.0,114.84066167861262,8.0
12273,41490.99716265237,2869.842029680645,50.0,123.90338720452358,8.0
12274,45537.06415056102,8357.144444502252,68.0,124.40512023259916,8.0
12275,35496.003513940945,26035.065561676223,53.0,114.59759179903574,8.0
12276,47026.414532083276,22972.384896065105,32.0,118.3535574527731,8.0
12277,55039.33171847685,733.6550801837016,78.0,129.464570212034,8.0
12278,26518.12623807789,8834.878954390568,39.0,111.26944744958067,8.0
12279,19914.437148989768,1183.8580169846612,154.0,123.0568909479043,8.0
12280,63740.15006998169,7552.984415128761,201.0,135.9726248269749,8.0
12281,15711.920158728988,5236.326788998951,187.0,117.79658022834269,8.0
12282,35391.361123418596,734.815510974236,31.0,117.55850853848877,8.0
12283,38220.00093590418,14357.24797437641,132.0,125.0798858244953,8.0
12284,40979.33033107635,735.0889014936131,57.0,132.12927544032357,8.0
12285,31336.62013537038,3139.3464006781437,291.0,128.53346580805015,8.0
12286,35106.68884608759,33444.41445612726,-59.0,118.40575886421153,8.0
12287,20677.906119792195,2870.3780178687985,90.0,116.30493002153634,8.0
12288,15563.362235499337,735.3411631296547,55.0,116.02452661895785,8.0
12289,35276.894643458014,23043.732537445154,256.0,113.65229884412544,8.0
12290,42066.539692671635,2359.962097679458,69.0,132.42393747300275,8.0
12291,38627.93014249291,13277.668723773248,383.0,113.87398286362549,8.0
12292,40407.374936600085,1179.758976698206,144.0,154.07919788493757,8.0
12293,34840.608920875195,1180.6187150118105,52.0,125.7529211753083,8.0
12294,37536.97317496733,4415.825271871634,302.0,129.04648564710303,8.0
12295,33897.219648442915,3983.196897532017,253.0,115.05750160838018,8.0
12296,20936.72623915177,3085.9491386776217,17.0,106.93302301155865,8.0
12297,22004.26210071726,1182.9038035125955,67.0,105.3005199538446,8.0
12298,47213.768561724486,16329.36297911897,25.0,116.4154014808261,8.0
12299,12810.771370081027,4123.460663242599,5.0,103.98242364760176,8.0
12300,47847.0520955735,5207.454221798095,26.0,121.63725901880133,8.0
12301,26830.792722465056,26123.532995938174,-258.0,103.5128561965572,8.0
12302,14872.100039179348,925.0290888600418,33.0,109.70908233140257,8.0
12303,47178.8127045338,10174.801029607179,227.0,119.07694122444258,8.0
12304,34093.965229227186,1183.6988860412887,65.0,121.35153927652533,8.0
12305,12785.904369573238,1181.979875211821,172.0,121.82390462673968,8.0
12306,44723.26661958113,5900.715830814661,76.0,125.44926724561952,8.0
12307,20199.00713976193,15076.92431054681,-9.0,105.51162636492866,8.0
12308,49683.25912762972,3771.6981017270728,317.0,131.28428973118466,8.0
12309,41954.63983436022,739.1509641792414,37.0,120.96345938558629,8.0
12310,40176.981386585685,5863.399627231744,100.0,120.69841068475262,8.0
12311,42424.209985573594,20412.06935053863,139.0,126.0205597238556,8.0
12312,58331.79731316502,5206.321510682219,230.0,133.2595471257326,8.0
12313,52960.189048011016,924.8878332807685,42.0,140.209873309084,8.0
12314,35632.71451978069,1471.4147412121556,165.0,140.15121920301175,8.0
12315,51280.08759589465,9793.351227179815,236.0,137.77644606231192,8.0
12316,24397.059880779474,2362.4375246773484,291.0,106.82786813272628,8.0
12317,22634.674422378368,5742.389610546555,78.0,104.86336232696225,8.0
12318,55500.61751347434,44419.009329982306,124.0,125.81817099015274,8.0
12319,29470.18080092164,4614.60444313462,51.0,118.6625645240755,8.0
12320,28003.969753007896,6628.38256780937,44.0,113.09797128480112,8.0
12321,18458.907672512585,6930.80858879457,74.0,113.49598557148883,8.0
12322,50943.31599930572,4313.598518668508,63.0,123.02672462859238,8.0
12323,38661.29494887842,25970.303828147793,32.0,121.91027719057792,8.0
12324,46732.32275216284,4055.732763535795,38.0,123.3796325126954,8.0
12325,12179.469018613756,1739.8600398328288,171.0,118.30249282956385,8.0
12326,47502.51264130602,11938.794395225821,179.0,123.75854389155971,8.0
12327,29438.188940056676,9816.513976715705,379.0,126.9763606530654,8.0
12328,26076.490416682114,4606.875687877968,58.0,113.64472559253488,8.0
12329,35233.7957769942,12917.72313001985,518.0,130.10130660979758,8.0
12330,58106.937424439675,14917.756434097537,65.0,119.01387313901654,8.0
12331,54611.00955467143,38512.755389696824,222.0,131.7714369533805,8.0
12332,12811.383409764127,1991.3347013545072,5.0,98.92196535942328,8.0
12333,25299.359730955646,1182.8962763277632,157.0,128.20674901613185,8.0
12334,49925.01533939618,3540.0839726406157,193.0,141.21312519339162,8.0
12335,34597.996462023875,1183.162859680573,43.0,128.4706327242565,8.0
12336,28943.446384093666,17337.750525392366,380.0,128.38164953306517,8.0
12337,45029.52428956331,1990.1361091226918,16.0,118.88606064118443,8.0
12338,45172.692293398424,1181.5552653176958,36.0,119.25350068550522,8.0
12339,34247.693204679235,14728.672664127915,-56.0,126.75584934842706,8.0
12340,15570.218091095527,12650.668857956447,-29.0,106.05076026592997,8.0
12341,51803.27014615418,3984.3428984846487,58.0,117.7842955730288,8.0
12342,25464.557888335417,5963.324256408582,172.0,119.83545536927186,8.0
12343,40366.90758245381,4736.911110251884,41.0,115.70490815730832,8.0
12344,48185.61632817519,12046.215865311944,83.0,114.84088289437322,8.0
12345,40355.63033074096,31146.70224154626,87.0,130.40258934414877,8.0
12346,61171.62548481579,5130.317576787196,91.0,131.21497196114439,8.0
12347,57275.02960585053,12160.498599812649,61.0,121.72193475409159,8.0
12348,43047.49652993451,21535.633352595054,139.0,112.41918282104146,8.0
12349,31786.37070043453,3473.302810269629,111.0,122.65553554424797,8.0
12350,41530.27041705532,7084.9723044027605,50.0,115.02444421090784,8.0
12351,54012.06233912934,6836.94602667711,215.0,132.54965540828908,8.0
12352,22002.38380514369,4124.924129106926,7.0,110.16465193987504,8.0
12353,60704.87675895166,6291.064590582295,215.0,133.63051552215447,8.0
12354,64159.954322168574,2358.202294131466,147.0,146.54688707392935,8.0
12355,49238.78509459944,27600.75274056233,6.0,112.03689444432376,8.0
12356,19919.263251737095,1849.8706080605862,52.0,112.9720677406446,8.0
12357,52575.060556920755,37326.685734186394,332.0,114.90580433433033,8.0
12358,50533.21489908657,2871.776759333943,79.0,120.45801689738732,8.0
12359,28860.05783023655,9619.118971574164,181.0,103.45067282406734,8.0
12360,22315.935729433197,3088.214888882602,181.0,121.40326226316475,8.0
12361,38853.94296959637,7601.578940957526,3.0,114.76164254519762,8.0
12362,44090.71164443613,15934.253367618192,344.0,120.7851237103428,8.0
12363,31650.9060720463,733.5808233624848,133.0,129.47685013365026,8.0
12364,37698.361160141074,19665.65369946681,87.0,116.60324674804544,8.0
12365,49043.21433164031,2887.63478279558,254.0,127.31584388795022,8.0
12366,42079.209595963584,925.014150288266,29.0,125.53661367048039,8.0
12367,41376.66488915105,1180.9508875573733,74.0,127.83666522341116,8.0
12368,61031.715668746045,1184.9567093973708,142.0,152.35547267210325,8.0
12369,52213.44453144467,43606.61490614505,-112.0,117.15583975650664,8.0
12370,25994.953639390427,4725.044232487624,28.0,112.93670075744514,8.0
12371,39290.9610348763,13135.55230346431,-7.0,111.52183780968558,8.0
12372,41639.56266715712,18502.857205337907,-9.0,116.34996360190863,8.0
12373,62364.763842986045,24738.843567596876,55.0,120.47568764796844,8.0
12374,26026.044247496397,24300.380504553243,6.0,108.3054978386232,8.0
12375,29997.437987658566,14423.624193546697,198.0,107.35673087234436,8.0
12376,33492.16169443428,21968.059776984603,81.0,116.2247575723839,8.0
12377,21889.327905507573,3772.292153836285,240.0,115.33202021196676,8.0
12378,39834.402624920156,13380.639043573698,130.0,109.70509618885188,8.0
12379,24596.00202894272,5598.410224703326,75.0,109.4019153121616,8.0
12380,54711.164383016345,924.9842884734,189.0,134.6084959079646,8.0
12381,37008.733149967455,735.573740055355,247.0,136.17222445576226,8.0
12382,44130.78290533168,13310.892671997524,288.0,114.56953401778304,8.0
12383,22496.054350225597,2883.3041077738726,68.0,115.34137940912971,8.0
12384,39561.5691564563,18049.844352731976,139.0,111.40232339859787,8.0
12385,53446.92569959928,3979.067499424616,178.0,128.42392837345378,8.0
12386,54294.31054247902,740.0130867755031,73.0,128.19413564356546,8.0
12387,49621.91118903968,28590.825292370257,-134.0,114.21517511709492,8.0
12388,43604.500815321444,1989.5065370679702,86.0,127.51548353823871,8.0
12389,46135.1183465116,9511.112909847656,46.0,120.69445055126806,8.0
12390,27015.135089380157,1181.3454343649657,13.0,105.4923459481134,8.0
12391,50198.637329299374,11129.34264900892,77.0,121.01659752419721,8.0
12392,24438.653818171228,5238.820664367206,184.0,120.46728475442198,8.0
12393,59039.98868390737,3540.007734060208,421.0,136.7109692433722,8.0
12394,22750.62040280737,13734.484748455325,19.0,117.27726124418515,8.0
12395,53842.5610018631,11092.311930043054,27.0,120.38775491753987,8.0
12396,30587.868579918417,10641.644642775213,133.0,118.97458789214012,8.0
12397,28132.081169896053,736.5116258663311,23.0,111.02254565797664,8.0
12398,31087.68830828337,9510.91302404188,100.0,115.75693437573992,8.0
12399,54088.83195555501,4721.57625076136,108.0,123.22894372458578,8.0
12400,35543.939630508416,20702.33364500966,198.0,108.82668505879192,8.0
12401,50102.307759436684,9512.269973516726,31.0,122.94640022788133,8.0
12402,49661.650835820976,6969.580004880232,170.0,121.74234676325932,8.0
12403,20097.658293518358,924.8720678741552,38.0,112.92870176248265,8.0
12404,32403.931518360325,20801.96045071997,39.0,112.72880702302982,8.0
12405,51119.57248425579,7107.135703872888,33.0,125.05337681691546,8.0
12406,33598.83019795116,16439.476781904323,170.0,109.71912372837531,8.0
12407,25389.95576041541,9815.193056183172,296.0,112.18551292782902,8.0
12408,20560.63664466062,924.8531486629587,148.0,124.2072169415953,8.0
12409,32147.67581120119,14990.12403932144,176.0,110.85824676718322,8.0
12410,61343.96458623153,44335.08977285071,183.0,124.87178562025136,8.0
12411,35558.90375331413,28375.76622842202,-120.0,110.56117052924526,8.0
12412,65484.418835008284,6671.45147591144,75.0,132.8249408773876,8.0
12413,28390.53973127612,3793.305679782198,43.0,112.44843997811202,8.0
12414,29685.704138621462,9615.0324990461,137.0,108.50010339787012,8.0
12415,33620.91999318696,1474.6714687540766,40.0,116.07522362048196,8.0
12416,60071.634770506884,3145.2057153727173,46.0,129.36603724030292,8.0
12417,28208.626648288966,1182.7236023504129,20.0,115.84385301043258,8.0
12418,62526.303208086996,45516.38470220628,183.0,125.03487282340359,8.0
12419,49751.78188360858,29499.3554113015,73.0,123.08628727834754,8.0
12420,40768.75558152012,7585.5120194528545,240.0,129.39746048703378,8.0
12421,44482.12916357178,4040.345417600608,40.0,117.11608825615443,8.0
12422,26285.87985434465,11370.052512805634,101.0,113.07008901351328,8.0
12423,56469.93464071429,25366.52335582062,52.0,116.62807326686493,8.0
12424,39519.09574478441,25420.86185465824,163.0,119.01004102532643,8.0
12425,53787.13387355285,30627.251936434077,343.0,130.22951327713076,8.0
12426,48495.65941463064,36396.7828106803,183.0,119.39547331844031,8.0
12427,55506.24725002479,5119.043772533092,369.0,133.42964884386998,8.0
12428,34970.93540437034,13466.442790530855,139.0,109.74639164311115,8.0
12429,8453.740843258696,1991.2639941933533,31.0,102.89252352105474,8.0
12430,44781.967103373616,738.2095078346667,136.0,131.38669602828665,8.0
12431,4682.824808858037,3772.258903007786,-19.0,89.79101184181208,8.0
12432,54254.82168837421,739.3320431032012,36.0,132.85737120852176,8.0
12433,48038.45022907003,31018.777638674586,183.0,122.78829093250192,8.0
12434,25016.737968166708,20401.844613649493,-163.0,107.61276390006225,8.0
12435,55985.01981128669,6276.679810886966,99.0,121.19396016283406,8.0
12436,10970.588184048785,3547.0990411604994,23.0,103.0529898501479,8.0
12437,50724.07421095703,5598.166006565097,88.0,118.66901814451003,8.0
12438,39324.99557568744,924.8661839247646,78.0,124.47672886390019,8.0
12439,24263.414463100973,1183.0996083457053,40.0,107.1173460353905,8.0
12440,58897.61412738085,9441.588068527015,19.0,118.73505580246588,8.0
12441,49921.44116801786,32898.468235289445,183.0,123.11524763869772,8.0
12442,20990.35974426362,3772.209367452751,37.0,109.58651481221561,8.0
12443,42063.29866746317,11098.477668953708,-57.0,115.84400054207204,8.0
12444,56465.368419951985,3978.949068505108,228.0,130.18268384161803,8.0
12445,30418.97974351382,29688.39361653088,-532.0,102.51536841967294,8.0
12446,36166.05006310475,4304.753003442375,125.0,126.21708670579059,8.0
12447,23390.238672081912,5742.51181338575,57.0,112.16575693639405,8.0
12448,6840.9896741426555,5972.961947846926,-119.0,92.94162609325471,8.0
12449,36276.20709361726,34545.595823733085,-42.0,118.80388868902294,8.0
12450,16533.503759429623,11408.86598978627,70.0,103.55975711232293,8.0
12451,29103.208252503016,2362.5779150051912,247.0,133.90673721860205,8.0
12452,18512.70660132824,2882.316364045582,14.0,117.55913612156323,8.0
12453,49476.07687638791,1184.9325722202648,14.0,129.42497544919152,8.0
12454,46244.898587269476,2774.612556627299,39.0,117.82692539380642,8.0
12455,37140.890041144696,21891.006707177476,360.0,112.17391883567787,8.0
12456,40463.349978612474,24029.898739918386,73.0,113.96985192165937,8.0
12457,54188.79213149229,3553.279766121013,239.0,126.99536560965655,8.0
12458,60406.269976992495,3554.6340884866554,92.0,130.2087227545329,8.0
12459,27745.33901788154,12706.221803918204,87.0,112.77323662170313,8.0
12460,49245.73417667312,9303.380900186785,290.0,132.70118825191147,8.0
12461,22852.036278520045,1473.283505464529,89.0,118.61701730159852,8.0
12462,38473.77611186978,5240.357342896939,95.0,118.91860310700994,8.0
12463,58337.68139600525,37004.7587263536,-39.0,123.47375571232404,8.0
12464,58019.71745457149,7106.252872581702,404.0,130.48012181215066,8.0
12465,48025.87936982956,8715.280713533753,223.0,119.5192592590804,8.0
12466,36116.77693044267,1473.136944567382,31.0,116.5642708172563,8.0
12467,29869.47881399723,924.9222156251915,127.0,126.60246660646207,8.0
12468,35998.49360127878,5212.720752463858,252.0,113.83397472896567,8.0
12469,35437.7022207341,33237.05976484072,-236.0,108.50507803080568,8.0
12470,54644.05459971487,12250.286089081026,81.0,125.12304331799936,8.0
12471,51021.174441073024,7104.2483787492565,120.0,120.97076184496022,8.0
12472,42324.541885371604,1184.0725911565044,36.0,128.18317299985222,8.0
12473,32846.789471600605,734.6508396906538,42.0,119.25877212657906,8.0
12474,39487.13481257363,1736.5697227361097,387.0,126.88583775326745,8.0
12475,55267.36316314673,1992.1905159880114,39.0,130.35536322398835,8.0
12476,41282.577757710766,31781.672626041418,281.0,127.799031798832,8.0
12477,29635.004880469212,2392.7270764870555,29.0,110.77478528017842,8.0
12478,25839.458953387657,18251.330688816633,187.0,104.87959491587903,8.0
12479,17618.094642253887,4306.813594545182,-21.0,116.6676582741643,8.0
12480,41437.82417849404,25107.687437137578,120.0,121.53413703086575,8.0
12481,29863.295328952398,21592.74966801408,153.0,106.92639219693336,8.0
12482,27301.022169078817,5971.0289618569695,549.0,123.92194543186605,8.0
12483,44734.85027351661,8263.935430068019,169.0,125.09330832531967,8.0
12484,44049.67852482953,7574.31225026956,134.0,111.12271492691275,8.0
12485,13842.24070358285,2878.8940688982793,453.0,118.10146686056959,8.0
12486,25959.554068284342,15381.034046983437,186.0,123.38735318728133,8.0
12487,35392.30607343049,25147.367572392526,202.0,121.9087429000621,8.0
12488,39249.93729595376,10385.991023858936,30.0,114.60518288815447,8.0
12489,22074.53189754706,3982.688090014368,236.0,121.84090451299677,8.0
12490,24757.45963524796,1850.0083672664991,42.0,111.8946994878865,8.0
12491,42015.981098013544,733.5134660235584,1.0,113.23720369467699,8.0
12492,44551.50030107288,1475.9610176771794,235.0,132.940586902084,8.0
12493,53075.3775908073,3487.392630178705,216.0,130.67513303995872,8.0
12494,11064.092969853935,5217.506751368933,0.0,104.35997157217035,8.0
12495,14418.24356246323,9812.313491997895,60.0,100.69947515134908,8.0
12496,46808.8727616906,10259.961599980126,55.0,115.56023301847523,8.0
12497,40588.80457590688,737.8075722068286,130.0,130.14663615645455,8.0
12498,39515.51583841862,3094.2279693328246,156.0,125.13777098571757,8.0
12499,46988.61504534969,13312.808925152394,110.0,117.93313830100794,8.0
12500,25190.990084057263,4417.542696832522,43.0,112.3436845801927,8.0
12501,24170.09350533233,1990.3032965424754,253.0,130.3385432219971,8.0
12502,12659.732437806377,8156.920661205066,13.0,109.82169014786173,8.0
12503,46375.860183665325,1744.3660190727317,89.0,130.22948161844403,8.0
12504,33879.694060189715,1472.357423505863,148.0,111.04478463899001,8.0
12505,41779.69915714189,21950.15261460678,113.0,121.60373177831477,8.0
12506,23409.8434450615,1181.7137277544894,138.0,123.69435522228301,8.0
12507,50137.845051785785,31356.2823961757,187.0,117.02285964612204,8.0
12508,32275.21866826568,15430.717473782885,39.0,118.39767131533404,8.0
12509,52563.66067984443,4851.704195200535,45.0,118.59690002911714,8.0
12510,58310.41421497586,924.9303240038291,228.0,137.29784389361004,8.0
12511,29787.91659593383,28120.85176041098,56.0,117.6595771256815,8.0
12512,18513.44105006326,924.9125244758384,32.0,111.70809429947275,8.0
12513,40461.279543816796,27471.094704581,194.0,128.2273643281162,8.0
12514,34420.38094097953,11196.453990055756,0.0,114.85506813968206,8.0
12515,53025.101830184285,1179.7504330709198,130.0,141.79872269517395,8.0
12516,15024.781794324846,14491.177422260782,-365.0,97.8078754684764,8.0
12517,45701.85540571393,1849.9628402261137,86.0,123.74139853452851,8.0
12518,43808.643716324,924.980544204354,83.0,126.06419302209258,8.0
12519,41360.01768438591,1992.3501204981003,25.0,117.01851899578251,8.0
12520,45954.10651745316,28817.9328997432,133.0,120.47410151412909,8.0
12521,54743.097962764354,924.8469295241933,20.0,130.58331975344424,8.0
12522,28046.407183480238,2945.9021112573846,20.0,111.49606093747488,8.0
12523,40104.029352406054,2871.4414964509083,40.0,128.72942568021656,8.0
12524,43250.02258184632,17422.668406297977,266.0,119.42791841931152,8.0
12525,53215.550741849715,7824.244680260418,415.0,137.89345920171934,8.0
12526,41938.37097132895,14961.7565157256,318.0,127.20948863899427,8.0
12527,45682.07303157358,30641.494541365548,87.0,117.59756234209262,8.0
12528,30035.791923403816,1736.2270709506881,171.0,136.41201300899442,8.0
12529,16446.786962867674,7836.156019644831,13.0,110.47791935207982,8.0
12530,37173.67279973382,6387.502846358471,104.0,118.81411186820748,8.0
12531,28909.414137073727,2871.4352772663606,19.0,117.73804870040328,8.0
12532,44494.725853267446,5549.83599584651,206.0,127.68159286882135,8.0
12533,51299.19474590236,11195.761121102409,170.0,121.64037261585398,8.0
12534,31749.72473998245,5477.568842074334,140.0,123.31366327839385,8.0
12535,49949.601608810124,41497.88176354819,370.0,130.42650667087355,8.0
12536,62202.19714385459,13343.820038486976,316.0,132.6237803670135,8.0
12537,55959.597638146406,13820.015682928512,242.0,129.66705067388898,8.0
12538,53300.567355327556,7457.407719680009,15.0,116.47931275649249,8.0
12539,41194.6959623838,8077.172574503321,156.0,129.61411540369522,8.0
12540,48270.07100147167,1742.4037043893547,156.0,133.18202516144757,8.0
12541,21417.80543113635,1741.9408691834487,29.0,116.36055233266087,8.0
12542,53232.717210661736,3540.45993241517,34.0,124.63281145086958,8.0
12543,27945.63173780582,9430.270137657526,125.0,120.27461411383125,8.0
12544,38174.24101566575,1180.2084373689615,46.0,124.11224492796447,8.0
12545,42272.51725858472,925.0383198840913,41.0,120.59360660240117,8.0
12546,22766.799181600418,924.9251803073778,47.0,124.62370475550641,8.0
12547,27173.130934624274,9448.066881604165,363.0,126.51472797054893,8.0
12548,20524.126376835036,1991.685751424536,238.0,111.39241650238675,8.0
12549,62746.31032028024,54479.2816932649,147.0,112.5100109810899,8.0
12550,24973.55290389968,1849.8493601861596,108.0,123.6994803261289,8.0
12551,45573.93038322032,2888.003034340162,38.0,122.50064025275445,8.0
12552,46353.024861664344,924.8158794474164,133.0,130.93969459471342,8.0
12553,39186.044129110895,10279.655726123367,206.0,125.21755023049256,8.0
12554,44373.26305205474,733.8705971360326,194.0,134.68035840450506,8.0
12555,62126.15131772561,925.1128985511635,27.0,120.96779032072035,8.0
12556,56604.90870340443,17534.20177442928,69.0,117.48876726904463,8.0
12557,34540.614792308144,7442.2960543167965,159.0,120.98355307522931,8.0
12558,41093.18953506173,22972.30288648283,127.0,112.93082715833384,8.0
12559,57753.50404181707,14564.350085500264,65.0,125.55027755610561,8.0
12560,23964.599836655703,924.8736785538695,80.0,121.09809167456,8.0
12561,26384.954735766347,21907.33967001371,-26.0,106.06526232216949,8.0
12562,46824.025414724885,5230.658043151087,9.0,125.20689186020536,8.0
12563,37565.823502194566,6388.058368294239,8.0,123.70887427667094,8.0
12564,40299.5084899529,3471.9183016689153,228.0,127.80184228723787,8.0
12565,20618.790239098147,5860.908186404489,176.0,101.53129098029142,8.0
12566,23965.946840452405,1181.2208898220952,16.0,112.4724726562119,8.0
12567,38670.11535251202,4115.971357018865,58.0,114.38018049773898,8.0
12568,57607.197042554304,10599.100394063218,149.0,124.96036851283972,8.0
12569,50383.449737011906,41939.05883317433,378.0,130.52517349120382,8.0
12570,51841.17792459015,1849.631032669617,16.0,122.24302262157366,8.0
12571,34100.31853836775,19061.963128459585,83.0,115.541615311188,8.0
12572,35275.82274261104,9107.069073128154,46.0,112.43418889714465,8.0
12573,20748.862013910508,3139.7166190271773,22.0,107.7908533386177,8.0
12574,34724.68931936199,925.0736853251569,19.0,114.72625293110133,8.0
12575,53989.363976551125,14214.700425803325,61.0,116.3003153296636,8.0
12576,23746.459073043156,5482.57795030904,45.0,107.8387725038053,8.0
12577,30502.47286457968,6640.80383890444,110.0,125.451469276577,8.0
12578,34833.578567014636,16052.155929200857,233.0,124.03013072800117,8.0
12579,30743.917768685507,924.9482784476522,92.0,123.23639111912712,8.0
12580,44356.37069049985,1183.7486612894497,143.0,137.03644972507766,8.0
12581,8093.167026403148,736.6541394704149,23.0,104.66975688599354,8.0
12582,50227.90656618871,8099.875040710886,412.0,131.91924026662713,8.0
12583,16527.471624624184,924.99098544999,123.0,121.13091155423277,8.0
12584,39833.95046733091,6516.271098979391,233.0,118.702913381882,8.0
12585,20873.717886679817,9260.65349673818,20.0,108.4189899431692,8.0
12586,25124.55228808076,3142.1695416108796,182.0,109.711184021227,8.0
12587,50792.13685477455,13467.415191390299,72.0,122.15517193248205,8.0
12588,44501.0576749716,8257.189817676855,78.0,118.46230373376147,8.0
12589,31827.350966850005,12118.019891189191,73.0,110.14385466088437,8.0
12590,45535.69355430652,4683.156643861535,95.0,120.61933732304095,8.0
12591,54814.94640119954,5476.072929721726,162.0,122.28637396676437,8.0
12592,35698.61940946721,6942.237845155737,138.0,127.674020147324,8.0
12593,19177.227970337506,734.5960466906257,4.0,110.20675226299248,8.0
12594,66865.2397546666,25612.633548585443,76.0,113.20301906429447,8.0
12595,51512.4704876759,1849.6973422435026,38.0,122.02339466946133,8.0
12596,46979.63719444963,3484.924866047835,115.0,117.65461879563988,8.0
12597,46426.58035635532,18505.419582932842,-13.0,118.07127724748169,8.0
12598,40608.22216095045,21441.363967493373,85.0,113.11173267617411,8.0
12599,52543.44777675131,1180.059652820886,58.0,143.44396337468982,8.0
12600,44950.71710549053,33860.74870719205,223.0,124.9166706932528,8.0
12601,25498.90289657226,924.9464197161985,50.0,116.78745795381944,8.0
12602,28636.23413848547,1183.4590132917028,140.0,138.8632876022736,8.0
12603,36583.82777340687,13330.016297729408,0.0,113.92950243654312,8.0
12604,22456.895960535512,20092.005055034075,14.0,109.71561291313094,8.0
12605,27746.812338200132,11098.593172131748,213.0,122.31190945450905,8.0
12606,45513.49983263295,1184.433310308791,18.0,120.34737336061629,8.0
12607,47986.77038080626,41346.69979895917,27.0,114.48085483843944,8.0
12608,58416.77683076829,37655.56897197361,111.0,118.760475885111,8.0
12609,52641.30584817217,25330.859395067946,338.0,119.30865111732334,8.0
12610,14899.62545772863,924.8444639228439,161.0,122.74251920136089,8.0
12611,10672.988145175286,735.9978991818857,15.0,105.59408757388415,8.0
12612,65420.9490250791,1179.8745182747743,7.0,130.88138280728327,8.0
12613,50047.01122183505,732.8688950544764,293.0,139.5138879143272,8.0
12614,13280.536054559621,5887.997361752903,225.0,113.05065630570861,8.0
12615,50240.36904180089,17674.838726558995,46.0,115.54508797261069,8.0
12616,48655.55601361498,4682.690633030328,68.0,123.56564655722956,8.0
12617,44439.44675421595,2391.1150657269886,167.0,113.11676883926057,8.0
12618,42339.66094076092,32144.780101281638,116.0,116.6725425931808,8.0
12619,39730.68163664837,1736.0881670862782,425.0,120.71442716407483,8.0
12620,20525.547515417566,7723.214211988332,122.0,107.85864440952311,8.0
12621,49097.44215168187,1184.153492966514,67.0,130.79546390221043,8.0
12622,17820.323791672796,7592.931356084211,75.0,105.46812740641573,8.0
12623,36341.95911178609,924.8470199445505,34.0,116.87568242955062,8.0
12624,42975.14728695276,9097.64261885022,135.0,112.57257824535654,8.0
12625,19583.824131251913,17853.953285213574,68.0,114.2248531099923,8.0
12626,30952.502815837808,5479.1309668032445,15.0,126.65917436257153,8.0
12627,40675.04589792927,25193.128014062822,181.0,110.9775124285817,8.0
12628,38076.73389161781,4508.506339098584,279.0,128.6075277667182,8.0
12629,33224.921051948026,737.6651811600781,63.0,125.57623960622058,8.0
12630,47858.64028177302,2889.1326236881346,8.0,122.0050875887996,8.0
12631,48599.4789476699,2361.0774054766316,92.0,116.95030652917907,8.0
12632,19348.674794557886,18202.82969839906,-38.0,108.05012337851747,8.0
12633,42774.33346640658,33499.60853906393,185.0,114.88399178917965,8.0
12634,19645.890546089624,3772.678850307847,145.0,118.42615471888678,8.0
12635,50291.10252961962,13951.492661686607,173.0,127.61720197084907,8.0
12636,54674.04458495551,9794.838697000521,329.0,132.4687880554088,8.0
12637,7838.089646556063,5910.946556924169,-50.0,97.18382859837627,8.0
12638,23944.30328493132,4786.845433489277,119.0,119.72980079800263,8.0
12639,43487.298974114616,26654.20249928246,99.0,121.94324597549186,8.0
12640,46268.303318192586,26017.056936686156,73.0,122.46929795018333,8.0
12641,37584.805644148946,2943.8974650677806,41.0,114.31696118974699,8.0
12642,16919.369727365083,15182.619391687693,75.0,113.9618009454353,8.0
12643,48094.67119884979,4624.385179039875,59.0,120.53375803150357,8.0
12644,26079.09632848805,4607.01489554877,21.0,110.74050712260848,8.0
12645,38577.27793125608,19348.36348684827,181.0,107.56949088469715,8.0
12646,31083.60518685578,924.9082333685428,35.0,119.95071819660542,8.0
12647,52019.97750873346,733.9120702268266,80.0,136.51903686824252,8.0
12648,59484.533176501194,1989.2787939319885,235.0,134.78716579945907,8.0
12649,47249.65574981571,25611.536919617516,45.0,112.73032494977745,8.0
12650,46584.856746255544,3139.0271962643537,29.0,121.12899230525781,8.0
12651,22935.56796490579,7191.573862770589,141.0,108.63821350738587,8.0
12652,15718.128956779481,11205.394277970514,-10.0,109.17487889190998,8.0
12653,36270.03645813181,734.8663679220373,104.0,127.12576706434724,8.0
12654,37059.80827701283,2397.1639982716715,174.0,126.33813773503043,8.0
12655,38384.22102479898,735.4090317808649,150.0,131.12020527660783,8.0
12656,47228.72096104377,23173.615569573994,25.0,119.41735892462142,8.0
12657,62200.41818468673,1745.9712214095637,239.0,134.89702044894733,8.0
12658,5475.69117906475,3795.7695605651497,78.0,105.3476495934542,8.0
12659,53656.741271028084,4623.578096312306,73.0,119.09703210477795,8.0
12660,28743.094343663735,9959.457765230181,187.0,107.59474799556699,8.0
12661,6957.436010971553,1182.058899395261,9.0,97.45729734969777,8.0
12662,50717.35597934896,10408.78020909214,514.0,131.10443523790576,8.0
12663,57724.51062512695,24458.24799674611,70.0,117.04234821470003,8.0
12664,32551.014988052124,1991.6579744102914,54.0,121.21179500611456,8.0
12665,22345.208840603605,3549.8507998862815,137.0,122.81450649233852,8.0
12666,57696.83541751702,12580.768624858136,61.0,120.77678713015844,8.0
12667,26778.24025074555,737.9411521096247,41.0,123.94823879448981,8.0
12668,51793.90418977554,733.354453585266,74.0,126.90511261639384,8.0
12669,40110.81506533228,7595.439726191073,440.0,130.99523494552946,8.0
12670,50971.136706744175,9829.714461416992,44.0,119.6277701233852,8.0
12671,27970.611432352198,1181.906894632657,38.0,119.01548437271623,8.0
12672,21589.53414548011,5598.12948922639,211.0,109.09487278884434,8.0
12673,51220.42614303479,924.8663250000188,227.0,135.89155527169947,8.0
12674,46789.63370766248,4856.060646167059,45.0,122.43652989391083,8.0
12675,33330.19723614294,3699.802225462786,36.0,111.81741993518443,8.0
12676,28461.761008343125,12150.685789508025,110.0,118.30891008888494,8.0
12677,52579.88522637361,15254.46508240258,73.0,123.76188549062249,8.0
12678,51212.18495295682,924.8515456171102,16.0,119.14068944380847,8.0
12679,29333.316473757037,13015.576646042127,247.0,124.98668115055295,8.0
12680,44676.95892655635,27823.48743239994,71.0,116.425126194373,8.0
12681,18007.808237403624,6393.490452237791,21.0,105.03429817778108,8.0
12682,54868.01115770362,7106.022021216083,142.0,132.52647141314128,8.0
12683,31896.368481497455,14171.31001711733,250.0,125.71588155285147,8.0
12684,13084.64949283033,1183.4082196385943,77.0,117.39699216582613,8.0
12685,27877.581627452128,924.816651932368,61.0,118.2018397046589,8.0
12686,32355.692428914546,1742.3458912649662,220.0,119.21662744298732,8.0
12687,9962.4669506627,3794.256601829971,-6.0,98.33189135318835,8.0
12688,44656.6178715317,5227.202831225406,75.0,123.5238768554156,8.0
12689,56753.22544047624,14472.667520173354,468.0,137.62481823589454,8.0
12690,59046.272669627426,48466.261546199516,219.0,130.44132295363525,8.0
12691,54812.802456540594,8356.740294514864,535.0,134.42863789872902,8.0
12692,21323.666487795384,1849.7950363934942,27.0,110.23214939341773,8.0
12693,51928.680422957965,2368.103344642694,106.0,130.52578123899053,8.0
12694,50772.79233712509,924.7251291917835,43.0,132.1954620309616,8.0
12695,38707.867350828106,9978.183070077872,102.0,108.23108685022834,8.0
12696,50917.206156931476,4624.319857369114,88.0,121.1595436625051,8.0
12697,37510.397481848624,739.0368643217126,110.0,128.28490534815109,8.0
12698,28875.205149007375,9831.165580559054,290.0,113.24104317997953,8.0
12699,53894.02335436308,1850.0800064692878,36.0,128.04832057131668,8.0
12700,11091.533283542612,2870.7874921387097,-50.0,101.88468987366137,8.0
12701,26928.415811908908,6698.06541976115,64.0,106.17246191518853,8.0
12702,21899.226308780086,1181.1677289964773,22.0,108.54491561048336,8.0
12703,44303.37069459812,7828.61133004427,196.0,131.07584993502718,8.0
12704,60122.35735850598,51846.14569103321,153.0,112.35337577690737,8.0
12705,54600.543828080146,1184.6478724027284,47.0,132.64287828495338,8.0
12706,30039.961712018598,25439.895190326613,-16.0,108.02013701183196,8.0
12707,61062.182656990866,53633.794217794784,-316.0,126.00983589578328,8.0
12708,19415.636318184177,1183.237553199668,145.0,123.08361051871829,8.0
12709,46863.68369562457,1184.2519941428745,49.0,124.8672930738723,8.0
12710,42818.84330057832,13554.437344516555,172.0,124.88438964086588,8.0
12711,34064.28274975847,21068.137608168578,348.0,127.9694129578991,8.0
12712,54364.62570212475,14047.059100205233,514.0,132.47405971725567,8.0
12713,50659.20910619572,6330.408650705474,260.0,128.91333823178843,8.0
12714,65221.71556627996,2358.74335865074,48.0,123.03313471234763,8.0
12715,31136.277676420872,1742.439981818338,141.0,125.49380939294716,8.0
12716,50598.99142331316,4855.020938439238,101.0,115.17700165837559,8.0
12717,24451.287396937874,22502.0543765581,-134.0,104.27261990635407,8.0
12718,36893.369212153586,9798.57462227585,175.0,120.45687062385797,8.0
12719,52699.909892434516,3137.7216864795437,243.0,134.2921114042533,8.0
12720,47211.28837932107,45229.72859878773,-80.0,108.55982932117547,8.0
12721,34860.299107755156,1849.71935455363,19.0,117.05138188521668,8.0
12722,47974.20374385959,29535.056034116325,163.0,122.77691557793892,8.0
12723,36013.139160396626,27956.197301673135,-66.0,108.35892351498424,8.0
12724,57887.81474481234,3145.003572666068,131.0,133.23665585096566,8.0
12725,9817.720268108693,3478.257652485985,-2.0,104.54081281329408,8.0
12726,24504.20200345443,1183.3891084078446,100.0,125.91383736932096,8.0
12727,5239.166511482248,4515.42517003432,-22.0,89.96354521008638,8.0
12728,39271.83104706783,22250.761784457965,183.0,121.07978384335402,8.0
12729,39291.13589241027,18308.305627821785,140.0,124.616292093765,8.0
12730,32491.961158023292,2361.5457196557218,32.0,112.41012435142457,8.0
12731,42504.7255614528,6168.635456981559,161.0,123.25589305397594,8.0
12732,23147.78850711182,3981.0888224245546,117.0,120.44551828120123,8.0
12733,29484.632483727197,8841.806838735805,113.0,106.0581836818859,8.0
12734,47421.69081721494,20290.100624970415,4.0,120.78310845224387,8.0
12735,4728.365191880309,2364.090237573474,2.0,91.66750795657252,8.0
12736,30431.82949040971,3980.574474056287,99.0,118.59819164524885,8.0
12737,17922.482973741473,1183.114438635977,55.0,116.64052524785501,8.0
12738,45247.20226176646,1741.6307548616576,92.0,128.06171062945612,8.0
12739,62055.709683422814,56587.14795556795,71.0,117.71463269410626,8.0
12740,40122.0148905021,3792.4225052037327,161.0,124.5001956010392,8.0
12741,34208.95872381216,3983.5977281816545,174.0,122.8167883031465,8.0
12742,33899.77109690261,13259.909261545507,186.0,105.74333182647754,8.0
12743,20498.227132694847,19348.284010692423,-46.0,106.68077201624868,8.0
12744,56050.38519887433,2871.5648854442306,41.0,115.84814487403978,8.0
12745,11374.793772727184,924.9879724511759,151.0,120.6878596095478,8.0
12746,60064.68695268329,30460.27900152746,308.0,120.16739175048215,8.0
12747,50390.690496090145,4111.450429989228,173.0,131.39791207744153,8.0
12748,44671.40799226368,10409.271946539382,159.0,128.5023517450704,8.0
12749,40621.72722128675,5159.811653930685,89.0,110.75415961812446,8.0
12750,18557.378792944033,13952.013630546813,58.0,105.74785153141403,8.0
12751,52370.94778116603,1989.1531340421202,341.0,132.82278276867112,8.0
12752,54956.79545742991,23379.809231910403,82.0,119.16139728146823,8.0
12753,29825.606323605167,924.9148127243741,44.0,123.51814837105124,8.0
12754,50601.43588566674,14963.925833316032,83.0,117.98239108881971,8.0
12755,46036.95537127677,25640.692112741002,71.0,122.42672943937237,8.0
12756,28446.982598201066,925.0880893622262,18.0,111.93132652199412,8.0
12757,37143.7923316272,19022.43295734867,130.0,112.73940712906294,8.0
12758,47836.07870265893,738.7923918287257,44.0,127.84009136204077,8.0
12759,9018.34332621689,3547.2774713173444,34.0,103.02000466137827,8.0
12760,16212.033514841309,2870.515312075456,54.0,101.8394658548084,8.0
12761,37584.706774474085,924.9514434629369,89.0,124.69941799439526,8.0
12762,40706.94825653872,9251.043411801365,0.0,121.41632286477845,8.0
12763,42646.403231887045,736.8107267410595,64.0,123.71668187728696,8.0
12764,21529.293031321282,4041.6741776357057,396.0,136.00694587732042,8.0
12765,55681.666861315476,37726.25973241244,318.0,111.26558372634639,8.0
12766,6510.8850489372635,4789.239833536346,79.0,106.57717910396993,8.0
12767,28005.721472453133,1741.6128160196577,142.0,109.95775848842989,8.0
12768,44352.590031666936,924.9693808559581,118.0,130.5379357372831,8.0
12769,15572.912628179958,737.1307631433806,92.0,119.37980948542673,8.0
12770,52381.31943536836,5977.489121780342,75.0,121.24625416308349,8.0
12771,35356.31995425673,5892.671457929207,469.0,131.0214773971961,8.0
12772,45413.43317885708,925.0486733915573,32.0,128.17730632880358,8.0
12773,27781.350154186617,1736.6899850605141,412.0,126.87693346507368,8.0
12774,40671.303232758124,735.9038774971199,72.0,122.88900580628257,8.0
12775,55228.166586723506,1180.3756583510078,10.0,115.99242517394434,8.0
12776,42107.48665799872,30002.937183831826,183.0,117.86070686033969,8.0
12777,57570.56393023851,925.0879001162306,83.0,128.40976121482691,8.0
12778,51579.35131871377,739.113959681721,55.0,139.49501440135018,8.0
12779,48808.973148330544,33562.06503339466,327.0,114.4640677369586,8.0
12780,40167.71579596419,737.2296002017813,42.0,119.85451629617212,8.0
12781,24598.23573303251,7580.200006225517,173.0,116.3587377477484,8.0
12782,38428.87003815772,13739.605950850419,185.0,127.3351077523248,8.0
12783,30112.30097646824,10270.189896072889,113.0,118.84318713168085,8.0
12784,59879.804324337165,925.2145432519577,12.0,130.73598171567068,8.0
12785,48609.25913657414,8629.758152182596,76.0,116.28891937168079,8.0
12786,55669.19188054085,42883.49005732131,87.0,119.52001154645927,8.0
12787,17361.337963747723,1990.9707359684458,13.0,107.92526328135696,8.0
12788,15836.390113777927,1740.0737698618364,97.0,117.1170784191653,8.0
12789,20852.451118990677,735.6248267424936,89.0,134.35854936533858,8.0
12790,29347.65645765174,1180.981140804079,37.0,115.32928327704461,8.0
12791,44090.10237394733,4682.771493177317,58.0,121.53322757493174,8.0
12792,27607.702091022504,6279.8164647463145,18.0,114.31160412953548,8.0
12793,33371.95047427367,9010.508880759377,165.0,123.98978500203305,8.0
12794,50949.560490451026,5129.858008738011,15.0,116.11598060960868,8.0
12795,36807.51446495523,3681.3339770733533,26.0,114.5395651803362,8.0
12796,22986.740424919328,735.4511395218173,117.0,124.19100223989317,8.0
12797,33648.63076773884,734.1425779147502,91.0,137.4744206457336,8.0
12798,15170.019511955032,4784.840035831848,363.0,126.14115916075386,8.0
12799,26106.57730765808,21611.40038328879,56.0,107.92794848813024,8.0
12800,19642.447811857084,737.7087204181959,21.0,114.93919916183998,8.0
12801,50096.756208282,41648.88877413033,369.0,130.4455892767559,8.0
12802,31666.13383898801,24309.145955746815,68.0,112.68020378016944,8.0
12803,45613.2806014591,33516.33704350558,183.0,118.73865797388086,8.0
12804,33334.457031859245,28114.01060448818,-268.0,115.97411535523919,8.0
12805,49884.8703664527,1743.7571399136118,131.0,128.19608139793223,8.0
12806,46336.54227449337,3144.7868830747793,62.0,123.84678966619208,8.0
12807,57380.879126498934,15452.01708142604,81.0,118.08723236084478,8.0
12808,10965.228098582924,10196.907977812725,-281.0,94.66277139841682,8.0
12809,27826.395389446447,1474.7604020033104,45.0,114.74648235349385,8.0
12810,65524.40000518255,1179.1810562838682,16.0,130.23636620112714,8.0
12811,56485.37184919326,924.8122953052673,67.0,130.55699699022898,8.0
12812,50920.93970735137,8324.999305834886,77.0,123.74996918827118,8.0
12813,15563.36614488136,4045.392727888721,45.0,105.8347325777006,8.0
12814,31455.98093395048,3140.1456314205875,14.0,116.3539170550319,8.0
12815,34992.45297058043,15080.891519088951,107.0,110.8781635422142,8.0
12816,13295.024440636638,2881.809984393954,16.0,108.24307425396357,8.0
12817,50972.170299396246,3136.9045755250836,39.0,133.0524843992783,8.0
12818,29192.795218520354,8559.883887824388,42.0,111.3096195533559,8.0
12819,36342.069031596875,7436.094132441727,35.0,114.78994982748404,8.0
12820,38714.28403787598,26023.954404726886,32.0,120.34472908042898,8.0
12821,62609.537447436,1179.2029417233225,185.0,153.28712308525553,8.0
12822,15746.506087025728,3799.5200028900167,81.0,106.18267882383856,8.0
12823,62333.99579640676,55674.442744232496,76.0,116.75695236554625,8.0
12824,21587.118619245655,13327.201209172455,97.0,99.425837301809,8.0
12825,59061.90932303703,2360.4822126327003,91.0,124.96704425123255,8.0
12826,20765.77580130071,2879.813420675627,24.0,114.6932166209702,8.0
12827,44694.63316315629,924.9548926780217,65.0,126.2784812965123,8.0
12828,62608.50530192479,16825.96909277825,512.0,127.50388867647877,8.0
12829,53706.36669181889,11584.259227280241,439.0,118.20193672785487,8.0
12830,8082.014784425316,2394.750560120158,4.0,98.09843496143594,8.0
12831,18512.782984523124,9278.460592194313,-157.0,104.20720331840771,8.0
12832,13912.599358544756,8082.205334608744,6.0,106.60496961412936,8.0
12833,5153.201830649901,2208.277851608623,23.0,93.59182425721153,8.0
12834,43462.9472469657,2210.210375580027,19.0,115.29922139483104,8.0
12835,37986.943434247354,1849.9761591626216,130.0,125.37108419428785,8.0
12836,48614.28066974892,925.0056097711113,25.0,118.46726321940959,8.0
12837,14802.129372903004,1991.384090187361,76.0,104.99635083691608,8.0
12838,66141.56943500477,9440.197486905705,26.0,128.76330161226292,8.0
12839,54457.83277105838,15181.429673175104,44.0,120.76983803407144,8.0
12840,56422.046671068165,39413.809352520744,40.0,129.43605765444752,8.0
12841,48975.91087964178,1181.1501122629365,153.0,123.48110404231741,8.0
12842,24756.584970455107,1849.909031939289,192.0,125.61571790048846,8.0
12843,21697.35278325935,7598.045491704028,157.0,113.1760345565261,8.0
12844,32883.98754427242,3543.238937961312,45.0,108.0672636756053,8.0
12845,37260.388237169886,5242.943537377279,206.0,124.76467985988627,8.0
12846,34533.950603878504,29925.93596400037,-5.0,109.6595319708527,8.0
12847,52314.08974455925,2869.7360179425086,211.0,130.30210366724395,8.0
12848,38035.10810136456,1181.069615786566,23.0,120.1681071163438,8.0
12849,54054.22146758229,14962.529858288612,-5.0,118.28647860674087,8.0
12850,41803.615986576166,924.9873127299472,7.0,116.98666591743849,8.0
12851,52836.634631573506,924.8232923818741,46.0,126.28680302658984,8.0
12852,16740.449263734336,4049.882271758349,-3.0,109.62235354284688,8.0
12853,42223.861658262365,738.9965929500888,12.0,114.60505828296347,8.0
12854,35681.99974260704,18549.135619153094,163.0,110.37568760429004,8.0
12855,15996.980132113242,924.8995381447132,82.0,116.84335901958443,8.0
12856,41381.79195889308,6889.44140818159,42.0,112.52664354758262,8.0
12857,17818.530526742703,2870.7327800272487,28.0,101.870310914342,8.0
12858,29431.20507090682,3772.613575914212,31.0,117.51140526085895,8.0
12859,16906.598959357576,14962.391826867204,-301.0,108.34472986027849,8.0
12860,8830.671444832964,924.9799915173386,18.0,102.540668321856,8.0
12861,56959.89960516945,40642.46555079833,120.0,124.23886360704697,8.0
12862,48310.912435267914,3144.7270893044797,67.0,131.63032339678574,8.0
12863,55513.011066858875,1179.7946583461696,105.0,132.58108168241455,8.0
12864,54197.93912608687,45922.16386564602,153.0,111.77061690612607,8.0
12865,11117.682879911828,1740.2145696622704,8.0,106.52310263972964,8.0
12866,3772.2476823840025,2870.8490907846376,-14.0,87.9527586712751,8.0
12867,52293.69162942911,35969.769110109,345.0,115.61777287341579,8.0
12868,36102.947444209305,1849.8663925311976,242.0,125.08043788514175,8.0
12869,44559.463164359295,8107.82260998604,250.0,135.77416723429621,8.0
12870,44236.96065629485,7441.010378166963,193.0,125.53935928359911,8.0
12871,39223.776889308276,18196.291446213323,125.0,113.74317889384145,8.0
12872,13386.989495622001,5237.950445925235,11.0,109.20258681034724,8.0
12873,40321.6980923117,3542.239921994613,101.0,121.04607600477564,8.0
12874,32129.458977069942,18041.94314872759,163.0,117.41460085486685,8.0
12875,66595.87282102321,7076.566541356588,257.0,130.73086210183658,8.0
12876,43528.03080160267,738.2850502985636,201.0,134.57834093938993,8.0
12877,22761.16886808479,1181.2044037329024,77.0,118.36674664371006,8.0
12878,23134.204442598348,4624.364542385652,292.0,107.25780870695574,8.0
12879,41237.52340857249,33877.884061511126,68.0,114.09160112376863,8.0
12880,56973.57101025638,1992.284115566047,144.0,130.17413404201835,8.0
12881,4611.872240800148,4047.9826823313597,-29.0,89.07163549401233,8.0
12882,61508.89813330469,2359.1500766548197,13.0,131.062871370607,8.0
12883,68500.75108692744,11799.401824743945,3.0,127.89432548981223,8.0
12884,65945.60333677809,1989.1797852624102,98.0,144.21462672158492,8.0
12885,14268.926517317395,13547.336538437989,-47.0,99.95279053592273,8.0
12886,33099.830672489734,8613.84515769218,102.0,112.9407291800092,8.0
12887,49390.51514250647,3553.321795068255,33.0,121.13671500136829,8.0
12888,35363.05350289479,34627.07296456499,-374.0,105.56402778765082,8.0
12889,15178.872259120624,6954.871979325065,53.0,106.5239129092308,8.0
12890,54695.68017452865,924.9492188553637,65.0,125.40209918946698,8.0
12891,7091.4905021945815,5909.565431770131,-31.0,109.06651898743372,8.0
12892,38079.19741917087,1742.3458912649662,220.0,120.31856900789879,8.0
12893,59198.96656919686,8258.55178288215,201.0,125.56006440234329,8.0
12894,20191.557767019964,1181.703251491347,115.0,121.12249836019238,8.0
12895,36882.94349344543,5895.224246253088,95.0,115.58128650843068,8.0
12896,32476.576225769113,22969.230520689554,344.0,126.42044891262753,8.0
12897,22914.128273797145,5905.571565591981,560.0,123.52583660014102,8.0
12898,29141.174263817862,16853.095441914484,75.0,110.6227675028784,8.0
12899,35543.445102771766,3789.4675923010714,74.0,114.71712075432791,8.0
12900,12104.649232367043,6928.470908330248,-77.0,103.908549168066,8.0
12901,24205.278559623788,18979.674249155178,15.0,116.28982871328866,8.0
12902,21313.971844868498,19582.543263288004,43.0,114.69854607165105,8.0
12903,68199.13900694669,10217.38456501233,25.0,124.88168373993172,8.0
12904,54813.12019445798,36259.486585054714,365.0,113.23105209659902,8.0
12905,56586.64864061504,3978.5308014704124,191.0,127.02203373194654,8.0
12906,65011.18268942372,925.2438647140774,41.0,124.2118498745605,8.0
12907,42104.661606085094,25489.06644500837,125.0,115.68853246144282,8.0
12908,37005.96829461445,5961.618657870498,316.0,108.50364531424103,8.0
12909,58209.439755323954,41186.40111486806,183.0,124.42400204521311,8.0
12910,17890.64724857322,7420.813862356365,192.0,118.2001569333,8.0
12911,20227.17778594593,736.0916935796365,85.0,120.14147298575708,8.0
12912,37552.87861155938,22804.23545016458,183.0,109.8868020551238,8.0
12913,37252.59057511127,7453.17107003595,129.0,117.69781433086213,8.0
12914,20641.922029085446,3795.6707878340585,32.0,114.5675264646641,8.0
12915,60578.31666043489,43555.330196993906,183.0,124.76451901162571,8.0
12916,24472.58990693596,3684.267913765321,80.0,115.07950426507844,8.0
12917,24635.388526876864,4792.808713498579,113.0,117.16722549058849,8.0
12918,39260.3914486362,24243.054602225155,101.0,112.57140460186082,8.0
12919,51401.40635759937,925.0419251491562,8.0,119.30549173924487,8.0
12920,44633.74233481862,2360.1992927837223,205.0,127.23079541073065,8.0
12921,53748.994624761006,34705.82193144203,66.0,119.57607123083869,8.0
12922,37463.36922266263,29011.337232825656,314.0,127.93083131265783,8.0
12923,45347.020240429774,4624.996461826701,94.0,116.41191391330219,8.0
12924,13291.745011252837,8888.034401017927,-2.0,110.39717652901302,8.0
12925,32467.94296243381,11951.705038764716,75.0,110.81441387617869,8.0
12926,60290.76572918486,4302.920980531693,404.0,131.74219287649197,8.0
12927,13304.23930347025,734.9325416910158,191.0,132.14672075720455,8.0
12928,27787.471226378144,5549.808569964819,125.0,115.87132045413102,8.0
12929,38568.49132258707,1181.2931851022217,42.0,131.67735240879094,8.0
12930,43853.49120225269,738.3521334034139,83.0,126.86294934622023,8.0
12931,37785.083851475916,23688.9158671413,163.0,118.506738678297,8.0
12932,32136.391255742474,925.0160926090217,84.0,123.16600150272288,8.0
12933,53723.8197311123,924.7925666852452,18.0,126.32047645073227,8.0
12934,51759.71701149566,5739.570449127765,516.0,138.8516791403046,8.0
12935,30164.74173311279,2885.6237835050833,165.0,130.4598501422869,8.0
12936,49125.970272264356,23173.136178072506,88.0,120.24443081811347,8.0
12937,33734.44430500735,27074.736412679988,80.0,110.06488128479069,8.0
12938,28773.666446668056,3143.51732318,162.0,123.26135218889652,8.0
12939,52750.88741590832,6837.524963658311,57.0,118.41977457804644,8.0
12940,55522.803663471386,7082.350737762314,32.0,115.41418424257756,8.0
12941,41164.44804369394,924.7399773310133,74.0,131.4154274648309,8.0
12942,45469.83727588372,1849.6646110039756,25.0,113.23217137646809,8.0
12943,48485.447225962635,36955.40796416233,28.0,117.1667865119661,8.0
12944,35423.918047292434,15878.391309898963,289.0,125.26395909604975,8.0
12945,68230.78134255827,2358.853575473759,40.0,134.46765931565656,8.0
12946,38536.36982926913,924.8377223751986,95.0,130.1330644572848,8.0
12947,46175.42174639839,5468.4735347194455,14.0,122.96808135297272,8.0
12948,45802.77285326018,12114.027064961023,58.0,125.90113121804328,8.0
12949,49022.980838230906,7399.946504434967,399.0,131.43296276570027,8.0
12950,31954.35685819724,9922.39668738722,21.0,118.85863850663057,8.0
12951,27912.816888289617,1181.1174253373808,8.0,111.88967131268524,8.0
12952,34702.760658512925,25877.162777816673,-4.0,109.97484626236113,8.0
12953,44012.65317124446,23758.590728910196,73.0,122.04508930030212,8.0
12954,27832.506731170244,21171.291975407978,80.0,109.02315040079168,8.0
12955,52973.08154077692,1992.0668096468714,248.0,132.10878870706705,8.0
12956,45831.86465453878,1180.011592029978,242.0,147.59160239212216,8.0
12957,41075.737395049524,12836.940505085024,237.0,115.44404138751307,8.0
12958,15035.149848628895,13296.870447264722,81.0,113.06398279236464,8.0
12959,41823.3704029432,15935.852703199136,54.0,115.1951861380288,8.0
12960,24760.471975547138,1849.7511766480309,76.0,124.36543229036293,8.0
12961,52638.413295160375,6973.395992288166,432.0,121.56019255950473,8.0
12962,33305.80942980638,3699.789892783798,72.0,114.97898676674188,8.0
12963,49157.135025070434,1183.4864025223947,84.0,130.30953360622442,8.0
12964,44672.13031470025,1989.977542953128,29.0,117.65641502039446,8.0
12965,52441.687898346005,1989.4805245414182,21.0,127.20946813888091,8.0
12966,20764.03426665724,1183.626866960559,74.0,122.98436302747902,8.0
12967,18507.048803920974,1181.7331832965285,106.0,112.52126648920202,8.0
12968,45983.17781057421,35396.55057510696,322.0,128.9177248548816,8.0
12969,33488.26566256242,1183.3100222738185,57.0,126.5668220415356,8.0
12970,34551.9769409477,1180.6217605392098,193.0,128.0787263071641,8.0
12971,31927.380571333404,7601.480297430958,139.0,115.6313333062401,8.0
12972,43929.82291177334,6405.791314743536,249.0,128.46063305045948,8.0
12973,45746.36630886645,4128.279913848459,145.0,124.75564185766886,8.0
12974,51401.635635799496,9836.302020462383,63.0,117.74497133838875,8.0
12975,53211.63581045937,3978.87980040971,220.0,125.02639030253656,8.0
12976,41620.61226204407,924.9497047699138,45.0,123.93130993961199,8.0
12977,29971.991497180512,21669.883195977163,-189.0,107.78459192172474,8.0
12978,25417.25822001715,4793.668339019554,-1.0,115.37648172417872,8.0
12979,26024.134953530374,8282.694192325731,275.0,113.2174549996734,8.0
12980,21944.21193034624,1182.7624612118889,43.0,114.54838494478822,8.0
12981,34271.42092472776,3475.017423529443,68.0,118.94081159397128,8.0
12982,35393.538175940754,20632.961571650227,183.0,108.64360370956956,8.0
12983,61156.62180040539,54497.45085951723,80.0,116.68534381160029,8.0
12984,34763.450899189855,734.7446134737428,65.0,123.02896061656975,8.0
12985,34094.63265489991,13332.671541855709,44.0,112.4442883090615,8.0
12986,58332.8205304599,1179.593316531348,86.0,134.1078171872861,8.0
12987,38845.981482132025,14798.28979264038,298.0,125.61357228501679,8.0
12988,27423.61300904511,17243.59358615041,116.0,112.76076707483284,8.0
12989,56403.27264904954,18410.66009209623,-82.0,119.75895016239197,8.0
12990,40678.41992075797,10244.631969415645,20.0,127.5188282341962,8.0
12991,64064.71312682671,5207.705645485344,78.0,122.28105675224947,8.0
12992,50993.25713941139,3144.3605363602733,119.0,125.45569047878107,8.0
12993,16726.434290058376,5759.883407787309,33.0,104.88830561070377,8.0
12994,63061.20379803346,732.0596120553574,19.0,124.03962528348148,8.0
12995,43314.05119221358,2887.7728891330667,164.0,127.37814771835346,8.0
12996,63097.770911032574,5129.718243042467,153.0,127.29734834850987,8.0
12997,53664.53637074898,35547.32646953941,132.0,114.83436557839428,8.0
12998,50899.25551897105,11582.434611924977,223.0,116.4520022813542,8.0
12999,13082.643155303585,1991.1467333514781,32.0,107.62506792478153,8.0
13000,34903.68318109625,2397.114916941432,122.0,123.74070174903561,8.0
13001,57924.25293174549,4303.882362166058,60.0,120.50605818320786,8.0
13002,56466.22974381754,925.1517136418341,67.0,126.23432475175152,8.0
13003,44615.083202332025,8356.586149589752,127.0,118.89291293332434,8.0
13004,36089.228967993804,18050.195501961476,87.0,115.3428685202606,8.0
13005,39624.30889707086,6884.219125902087,171.0,124.43564366683076,8.0
13006,17309.49540093815,1182.7462534644224,46.0,113.30278017825466,8.0
13007,31706.435235062876,25830.135921552686,-21.0,108.3300166125909,8.0
13008,45497.61217174327,15366.117202091782,64.0,120.38586062187652,8.0
13009,25058.811662767574,1181.1174253373808,8.0,117.99694353458479,8.0
13010,15839.840818679231,15370.64889365531,-124.0,102.46534243480139,8.0
13011,6923.080762363422,736.2728805568811,15.0,100.3287302178075,8.0
13012,50071.42843665018,2871.3908812099103,60.0,131.77913684269254,8.0
13013,25939.34076050289,924.8531486629587,148.0,126.04979842260225,8.0
13014,50602.14313179282,26738.88399915143,132.0,125.41044729246308,8.0
13015,36986.457317349545,10967.612981192757,319.0,112.67897964874464,8.0
13016,54377.93730347117,13690.417637341941,95.0,117.49056626494621,8.0
13017,31708.321962100024,8651.897116108024,-10.0,115.33541439276934,8.0
13018,48339.79176207065,27314.112935671445,-114.0,113.09205649975746,8.0
13019,18034.45738443811,11403.546757963464,60.0,105.1094712022165,8.0
13020,45614.23042207642,1849.824704636884,54.0,119.93535532988177,8.0
13021,36431.522674060325,1989.9546315373298,18.0,114.73531838135473,8.0
13022,31602.910850032906,8572.936054209888,45.0,113.32555721306412,8.0
13023,22483.540705630276,1181.0777848199432,227.0,127.99818254527683,8.0
13024,18207.714120102624,5974.421459102007,239.0,120.65287717093678,8.0
13025,46717.13426771526,1736.2171763165286,44.0,129.15273437894592,8.0
13026,54048.05149271245,925.0586113396372,105.0,129.5548559597488,8.0
13027,16768.01034429716,5850.420431236337,209.0,113.71420817786934,8.0
13028,49765.323677084656,4131.531018897404,341.0,124.86422483561181,8.0
13029,43500.04362548845,26043.314775727606,109.0,118.42540347205161,8.0
13030,16625.756826377685,5240.181203932972,15.0,107.90223514022104,8.0
13031,52930.545337025455,9198.35694371628,60.0,120.67971297348512,8.0
13032,31832.819272340595,13930.650517789674,-71.0,114.93409772802772,8.0
13033,37566.71018173515,13088.468985145031,173.0,121.86323475603788,8.0
13034,40520.104527859155,30273.371968888267,179.0,122.62820933934138,8.0
13035,42858.64923685359,1743.697155438086,39.0,117.26754552638727,8.0
13036,20794.33318978564,17880.559830732687,-38.0,108.6584387261764,8.0
13037,36201.59971807645,736.4173475448295,151.0,127.03131300384935,8.0
13038,64242.97830360093,50769.81799199623,37.0,130.6262971882544,8.0
13039,27066.74610685205,5232.111641571882,152.0,109.34414662150202,8.0
13040,59998.69204021941,2370.0969833358195,29.0,130.95975448467556,8.0
13041,29404.045313738356,25359.01988611513,29.0,109.67254133447935,8.0
13042,44452.42865984794,4624.801540316812,237.0,128.01692690357999,8.0
13043,53793.3369154199,3984.8769719795364,28.0,122.26491369367636,8.0
13044,24906.165531880397,2877.550774532625,3.0,114.44313373966779,8.0
13045,15145.37891563891,4044.5533535570207,61.0,111.50669024864727,8.0
13046,56910.67952886046,3771.3292238736403,200.0,129.51910516094634,8.0
13047,38788.69352556796,19725.067376761966,109.0,120.97511838198886,8.0
13048,45089.19774126063,5129.999117323426,76.0,114.41837040150767,8.0
13049,18519.462606638546,7451.938300047916,70.0,108.80484913364968,8.0
13050,43829.44673992866,12149.498062971954,96.0,116.80671713178506,8.0
13051,43228.127353887845,26221.282256734252,478.0,127.71033390497266,8.0
13052,51132.39743092232,1850.0726832110977,21.0,127.88731679174057,8.0
13053,61155.99455297457,12907.633399536504,563.0,123.63555946010709,8.0
13054,30212.395146964733,1472.357423505863,148.0,108.58709188873121,8.0
13055,46519.7444406171,1182.1138344935414,102.0,134.1220296906177,8.0
13056,54661.57616734193,732.9792645907878,10.0,121.31767107772174,8.0
13057,46928.12749634566,29469.546871927843,109.0,118.99145823762761,8.0
13058,53969.31783723182,43777.51975301396,187.0,112.93882180490652,8.0
13059,37556.92176242008,30197.801677055002,68.0,113.4534352151238,8.0
13060,31795.829994977525,23533.05877311806,153.0,106.84440273789367,8.0
13061,54148.05495144172,10279.894578309366,51.0,121.02016714348463,8.0
13062,48933.40540593905,925.0419251491562,8.0,129.38297226784871,8.0
13063,5598.182616308612,1849.789665368599,53.0,102.93433825867736,8.0
13064,26455.933411849965,9448.468984505449,526.0,130.9642824423758,8.0
13065,44363.4525899792,26408.01706359592,247.0,107.0177832082229,8.0
13066,59541.55289570628,8605.0836911738,454.0,129.65227173198542,8.0
13067,44958.153007866524,23461.173836372476,139.0,118.46364471581528,8.0
13068,53000.21056136281,34220.803220914335,187.0,117.27067502059725,8.0
13069,3479.9281544829937,2882.1914604103854,-12.0,86.9782741688144,8.0
13070,57060.331664434045,31102.564812502587,88.0,114.80780874899509,8.0
13071,28823.43653142773,11123.304981477488,324.0,124.69594952079686,8.0
13072,52884.63919938232,30556.628026837094,514.0,130.81657210737126,8.0
13073,9613.648453101134,4416.819341270131,104.0,111.01881653276473,8.0
13074,53768.758424236716,40976.14440650363,87.0,119.98137568308246,8.0
13075,52068.56670670925,4855.939334971521,26.0,122.40310343825848,8.0
13076,28741.424776021817,6842.7684081498355,207.0,127.5688375005499,8.0
13077,17771.692375429862,5963.681390474879,60.0,103.57945197349937,8.0
13078,49619.569878962815,2361.128073452378,81.0,124.24711133471101,8.0
13079,57136.40699156344,2869.5686295953215,45.0,124.87822214398096,8.0
13080,10429.344249676675,5849.840944041479,61.0,96.79801614511479,8.0
13081,58563.83045134059,56573.73627584361,-199.0,113.11009161276895,8.0
13082,30828.927418085805,2367.5847818417246,22.0,108.96269570141604,8.0
13083,40824.17338341502,2871.651162825307,23.0,113.73535940352514,8.0
13084,28982.317539027532,12150.730495213955,94.0,118.49228295094156,8.0
13085,11524.626913812663,736.550459586199,52.0,112.2941962048672,8.0
13086,32839.762358900196,736.1239211221342,29.0,118.58011179444304,8.0
13087,36714.703049615026,2399.1212603372496,178.0,126.53845732555294,8.0
13088,18845.339668164044,5481.026202562377,246.0,106.2280991858708,8.0
13089,54492.22999146321,1179.969893347868,48.0,123.13447057588684,8.0
13090,32177.523031595178,15162.300717166017,183.0,118.82376700142936,8.0
13091,29502.282741330346,11080.555804932344,256.0,118.64790998357196,8.0
13092,44888.23943121181,924.9784028399931,31.0,125.2371176234779,8.0
13093,31892.6099567451,736.5116258663311,23.0,113.14942146224931,8.0
13094,15445.773125974674,1991.4936164837748,24.0,102.8466320413087,8.0
13095,29853.11667059825,1183.6047138418242,142.0,125.05938282345812,8.0
13096,27281.840032568984,2884.2112101717667,100.0,117.20270798110863,8.0
13097,33720.628263684244,737.0721303169781,74.0,118.44289095332736,8.0
13098,13256.571778239842,2883.3584101522115,64.0,112.21689488220755,8.0
13099,33367.375292028235,3771.9032612234278,6.0,110.03074638713103,8.0
13100,33319.78577386741,736.2380228978059,109.0,126.49220106129316,8.0
13101,26065.119542117212,924.8720678741552,38.0,115.03951359690117,8.0
13102,54368.06212050455,20486.406387322262,143.0,114.78192921468445,8.0
13103,48929.17735968623,1180.6309155589647,24.0,125.3286113082838,8.0
13104,32878.07897537941,12109.781524159944,-45.0,113.77816285804882,8.0
13105,29426.689903126164,5740.546774952745,43.0,112.1166181678265,8.0
13106,57177.1764812154,924.828297228333,43.0,131.52991430453034,8.0
13107,56002.249711563345,2360.269716023076,528.0,124.33204209485001,8.0
13108,44684.66651616625,24186.537733212113,362.0,117.8908206664648,8.0
13109,46289.68676980519,12121.770045444999,0.0,121.08587687147913,8.0
13110,30874.808666726865,6692.948752136345,23.0,114.66134467191254,8.0
13111,37314.569017106944,16328.213482532721,343.0,119.46308282797663,8.0
13112,33273.1334816239,736.7163498296019,4.0,112.8322633825009,8.0
13113,25313.6064415201,924.9492388038818,15.0,112.2735649600996,8.0
13114,43868.42872505115,16794.415415387582,15.0,116.15509274894156,8.0
13115,46582.57818986135,5902.184792001874,191.0,128.06403033912542,8.0
13116,39864.0442456009,27625.69997164694,46.0,112.2556202169055,8.0
13117,35495.72494508845,7566.312788195187,-5.0,114.13916360801,8.0
13118,38654.48053114554,1742.833042865043,75.0,121.17069944057043,8.0
13119,30601.938431617466,5598.318992050095,284.0,125.87611011720475,8.0
13120,21048.344452105644,3481.3864684379687,164.0,119.91401067126863,8.0
13121,39599.38772265514,12574.695175557346,239.0,127.73855422676995,8.0
13122,16711.004278922108,10372.212531554795,0.0,109.39955189191751,8.0
13123,26315.331811585012,4734.059871414495,42.0,105.12912099446608,8.0
13124,11754.054671271733,9788.078505648404,47.0,96.66614656090204,8.0
13125,63469.58702481956,23695.752310976404,61.0,119.22478985756841,8.0
13126,62726.476470891714,49720.28767103942,99.0,119.99504529639816,8.0
13127,39321.520030326,27759.651345659084,120.0,112.35530735784371,8.0
13128,30041.698233766427,1849.8945954493004,280.0,129.8741645099909,8.0
13129,22061.167323734695,16845.964110023328,116.0,107.13134386614573,8.0
13130,47754.10715439148,5475.18235740766,461.0,128.6747497313444,8.0
13131,13547.380963355974,11393.139447055786,-19.0,100.0683576434536,8.0
13132,31121.901742218273,8089.656806751602,48.0,113.95175227115242,8.0
13133,37524.83977126873,7597.735991257601,298.0,117.43900571628878,8.0
13134,52316.82204452495,29011.76914058295,113.0,121.11398337526643,8.0
13135,43501.05440292377,31568.435041458408,-67.0,125.27920217495834,8.0
13136,6688.509829387928,736.5646941304653,101.0,112.97160417735519,8.0
13137,49946.95738731035,23989.797224376678,88.0,120.00327818983928,8.0
13138,48371.6121931499,30664.272187130304,328.0,113.22082222413763,8.0
13139,41540.4566807573,2207.9106799302067,37.0,118.00809772545631,8.0
13140,44317.627335623416,22812.98099412586,139.0,112.76727589989723,8.0
13141,50642.86229032808,739.3267178724236,152.0,133.36343804172054,8.0
13142,27809.277071592725,2362.7406697213314,6.0,120.38596165284247,8.0
13143,38873.84290401437,13892.895088151106,325.0,110.37670599795517,8.0
13144,48236.609160525884,924.9229860693067,139.0,131.31091929567347,8.0
13145,34207.29861812629,31895.640652599595,-90.0,112.99746329366914,8.0
13146,52307.10905959505,4850.998102110966,414.0,134.0724000071732,8.0
13147,42079.607058217814,736.4013995115907,74.0,121.51874249768585,8.0
13148,33326.65852955811,1180.638337125034,14.0,112.39341044485792,8.0
13149,20770.675040821337,3139.978718723302,19.0,113.61550423629771,8.0
13150,34223.27713941952,2774.916560422148,123.0,122.43884048539097,8.0
13151,38210.14216183288,4041.0264124888226,96.0,119.86233022140823,8.0
13152,48455.80329056465,6289.207560834405,55.0,113.54907799114592,8.0
13153,58813.05628217858,33340.93808964672,230.0,131.60676579372418,8.0
13154,57595.183147981865,924.8257272250648,41.0,131.78476947469474,8.0
13155,25778.739140560338,7360.613528130656,227.0,118.75100753905693,8.0
13156,17225.90137301757,7723.041273628198,310.0,122.33244686444809,8.0
13157,29327.17821588233,12304.887795985709,183.0,118.80271802773635,8.0
13158,54597.2556503386,6836.894682586737,69.0,132.18518318630288,8.0
13159,26984.084726937825,5598.20152110295,32.0,110.54264029423732,8.0
13160,22996.591772576434,2944.751636261471,140.0,119.88055732716273,8.0
13161,46558.09199202025,924.760081894756,28.0,129.52467927416285,8.0
13162,41555.710837090555,15936.123855807336,92.0,112.13719182611894,8.0
13163,26161.127597313796,7110.97891031986,112.0,110.67654041718662,8.0
13164,45538.87571019916,3143.7551032058077,265.0,130.62928335157676,8.0
13165,16773.01448586998,736.5600465862015,7.0,118.85740164659846,8.0
13166,33881.55176159783,1181.8767203019308,121.0,126.49014044532365,8.0
13167,11091.755123966046,1181.7866122022454,9.0,105.14251177879059,8.0
13168,29873.73426015735,9959.67008827204,111.0,109.97608923605148,8.0
13169,51849.77435745896,49861.04535723201,-81.0,113.2971837612687,8.0
13170,26276.27613355467,2366.8118022806475,48.0,123.16153692958758,8.0
13171,31323.38381929606,736.6314831683036,18.0,125.73295151862979,8.0
13172,5764.3018964916355,1182.3275303127116,1.0,93.66594280149464,8.0
13173,31467.868356924737,2393.209259516775,44.0,118.2198602273763,8.0
13174,23977.21393938835,924.913403274607,208.0,128.79997256312825,8.0
13175,47422.217810470276,45687.96536554529,-273.0,110.46153746593768,8.0
13176,3089.063651449048,2395.799759383151,-8.0,86.33139396222764,8.0
13177,43570.173464302585,924.8227077175916,23.0,119.2936003542308,8.0
13178,7449.606511059404,2365.592742457678,2.0,99.56105494494854,8.0
13179,45826.66339445943,39166.86583605909,-54.0,112.78288829516387,8.0
13180,44406.58525824708,737.2177182034459,76.0,126.2881972517541,8.0
13181,26970.719409035308,5226.154370231489,82.0,111.76429660040904,8.0
13182,41121.56861594274,4683.121842718215,65.0,113.32400546494995,8.0
13183,37721.18699951244,734.7719793445482,205.0,133.31858047633602,8.0
13184,39776.37046120097,1741.1426386968437,165.0,123.10521715815793,8.0
13185,49107.31685756506,924.9096409538165,16.0,123.96733166118167,8.0
13186,12576.078445788256,924.8610168138613,19.0,105.79678567346535,8.0
13187,50034.54899883022,13894.30453212239,310.0,118.17193583252329,8.0
13188,24057.231405428232,924.8910756726603,19.0,116.76097898465325,8.0
13189,17378.08117467966,7582.305059553073,411.0,126.90097661214773,8.0
13190,57406.73235853076,20853.134108211714,55.0,115.57632759162247,8.0
13191,34861.30945019231,1183.7093226026823,8.0,119.59812549826813,8.0
13192,55984.534992380504,925.1965100879183,77.0,127.48184725638188,8.0
13193,54094.9863132578,2368.7213719209626,182.0,127.73794608676303,8.0
13194,40016.05241511934,3772.7021918270866,148.0,125.31083093534758,8.0
13195,21035.981974713526,5856.320555839026,30.0,120.09364167937993,8.0
13196,52171.24379861063,3984.4938222164246,101.0,130.01824975323424,8.0
13197,38975.366991561576,1736.5847729535735,-4.0,114.13900487826105,8.0
13198,21648.727294720065,8261.59951124746,46.0,101.55424078651635,8.0
13199,48662.894116217605,44642.19932272761,-51.0,113.48940325782203,8.0
13200,19709.029512812333,737.9466103436034,50.0,116.68035955452285,8.0
13201,35555.81684261118,14528.836787506289,73.0,111.5134345913186,8.0
13202,37492.75879372101,738.3181430042043,98.0,128.21081974273565,8.0
13203,52319.25839056639,924.8569402615225,9.0,118.07258297271723,8.0
13204,25943.646834461844,12559.570973366972,33.0,105.62579553881447,8.0
13205,51668.42349744252,23857.413365741064,-15.0,120.83337134593427,8.0
13206,41771.5317173065,8914.20770347225,192.0,125.64212099300447,8.0
13207,52817.567285125275,2871.8645805868655,17.0,122.97044200260873,8.0
13208,44078.55374449436,3798.903696871943,134.0,123.73112179728085,8.0
13209,44920.202044815414,733.8606598467111,92.0,128.9777112051607,8.0
13210,22216.944122720677,1470.8456901219217,128.0,119.69354664188046,8.0
13211,40005.95460603734,20815.804465200363,300.0,117.86603041252239,8.0
13212,53293.87154258425,35173.23863006472,154.0,113.17889439416288,8.0
13213,32143.990367486633,734.1490141992521,116.0,128.4927249260707,8.0
13214,48083.7243915933,924.8991045657572,26.0,123.77701013288745,8.0
13215,68033.67463602162,7076.566541356588,257.0,134.4477135288197,8.0
13216,44232.98936966331,735.3996506977887,59.0,124.10998458944476,8.0
13217,41629.443102671474,20349.242205414306,-84.0,113.76318943729564,8.0
13218,51059.20570347891,34964.486007376436,432.0,129.35856073337035,8.0
13219,40774.61527138558,924.9401038183564,62.0,122.93437167634423,8.0
13220,56918.78476405,1180.599377481554,67.0,125.02753776266469,8.0
13221,47520.017038464444,23047.4213505989,156.0,117.47132763035185,8.0
13222,51066.38428968817,5475.910590005109,29.0,116.3009968003584,8.0
13223,34933.78971006473,737.4694756813101,228.0,133.24494763167107,8.0
13224,31347.05694805466,7967.167880995946,197.0,128.2833638496103,8.0
13225,44903.91968246887,2877.02860040528,145.0,125.57479414505164,8.0
13226,69208.90568962904,11356.442993899058,123.0,119.1941492820311,8.0
13227,51062.319135373094,9278.37601511663,106.0,124.08078741869335,8.0
13228,21535.906030616326,736.851654234118,99.0,117.47479008242983,8.0
13229,66542.19775596206,2369.579579351012,144.0,131.90431028188146,8.0
13230,47205.095877058026,1181.0431609065704,265.0,132.19714657131027,8.0
13231,31685.049177664292,2945.5903778802026,37.0,115.3180815345578,8.0
13232,59882.45715347039,1179.3640718130378,121.0,130.32345980278097,8.0
13233,42773.20653731821,1181.091688821314,63.0,133.8893238663292,8.0
13234,49768.65164461875,924.7347795961363,53.0,138.08940180398852,8.0
13235,49568.46535162573,9364.794793039508,304.0,129.97786759680477,8.0
13236,49179.9650536993,925.1476322163687,33.0,120.28647385026827,8.0
13237,54620.823982985596,41826.41781438606,87.0,119.90312791582025,8.0
13238,15446.403571135266,4518.058557356276,81.0,101.69099883162102,8.0
13239,50622.8265902063,1180.3122773437365,18.0,119.61425196438044,8.0
13240,55770.770313700814,4735.565966236122,90.0,128.2935600930846,8.0
13241,53310.52142996839,37649.686475185255,244.0,130.4333668909733,8.0
13242,48310.53157878039,37721.48305975665,286.0,129.1130139716019,8.0
13243,32212.980420472053,1181.144980246773,66.0,120.46647150720926,8.0
13244,12143.189932081254,1991.0889841240378,70.0,101.0516540842223,8.0
13245,48928.78047034874,1989.4359907359792,30.0,121.16143749132931,8.0
13246,30563.897908031442,9799.180029946467,44.0,111.03167269489926,8.0
13247,44888.89560273066,734.706513029837,15.0,120.36119896466128,8.0
13248,54670.61417351215,1180.228496746246,28.0,116.39131911742487,8.0
13249,29108.443188611964,2884.418482367785,54.0,124.18468219588118,8.0
13250,16774.82945327329,15036.410790034799,76.0,113.90178719983811,8.0
13251,32724.686670604307,735.7506272150724,23.0,119.16114247025513,8.0
13252,29689.746144206627,14843.357394316237,198.0,106.61752304683628,8.0
13253,50140.68605216401,3469.4124768919596,179.0,131.7862253634836,8.0
13254,46211.43108606154,7172.063842652948,395.0,131.77784188530845,8.0
13255,22005.14880255362,5907.70213357157,325.0,125.9284925508683,8.0
13256,22275.660424421858,5239.970113461439,105.0,115.46669398523824,8.0
13257,21642.204194837348,3983.176901893342,67.0,113.75466056365433,8.0
13258,53862.36748699162,3138.3597564086153,35.0,121.8071683596421,8.0
13259,52396.501547119085,7725.483240859048,39.0,125.53722636236705,8.0
13260,27251.4613086487,19896.189067530835,64.0,111.76583537094695,8.0
13261,13022.310493446032,5474.604555063076,24.0,107.45684493787833,8.0
13262,57348.69616615564,1179.7946583461696,105.0,139.13867131334823,8.0
13263,35346.931550031935,4854.7748013314085,92.0,113.57886688212675,8.0
13264,50718.38740506386,1184.315940910644,76.0,130.81544928636174,8.0
13265,42945.44191325265,1470.233333237391,184.0,122.49072142736458,8.0
13266,24574.877393002476,2877.341963213127,19.0,120.67807759466841,8.0
13267,36997.4235436712,10174.422874051696,170.0,112.44912096039567,8.0
13268,49160.747727084665,10201.434809410266,112.0,130.15012920267787,8.0
13269,43897.41294214464,37237.19301891459,80.0,114.42402759973585,8.0
13270,37856.246422889424,3684.674182931138,455.0,133.1973773610993,8.0
13271,23041.051822396803,1991.72472872946,41.0,117.94095567791251,8.0
13272,27100.281463829706,3481.662404355078,149.0,120.41716735344386,8.0
13273,54921.830026004,925.0988475748364,20.0,132.08317545904396,8.0
13274,44107.69048714289,2392.464195399522,363.0,134.1331045749173,8.0
13275,21569.347785500686,6517.947416511695,93.0,115.56975038651036,8.0
13276,24706.586689907002,18046.672038433866,76.0,107.99547523003221,8.0
13277,47514.52026059463,19062.57195378852,349.0,120.7276004648428,8.0
13278,28273.957231305278,9274.193099914866,470.0,128.36190875100004,8.0
13279,49157.20064605448,8356.407173079453,65.0,120.16916083875032,8.0
13280,20679.38657286905,1991.9218923038925,153.0,121.66659309506956,8.0
13281,51001.475275088844,1992.1363518155963,64.0,129.78063956618624,8.0
13282,35826.12127731096,2395.921077278009,288.0,132.11016949912334,8.0
13283,36276.27010191729,21435.657278354054,198.0,109.06072117836109,8.0
13284,46987.89974055084,4315.14610511641,53.0,123.80823816464243,8.0
13285,35269.88010333238,1183.769830197598,15.0,119.9698890888365,8.0
13286,55615.1843552016,739.3498866369453,160.0,135.7924389188109,8.0
13287,41630.13017568672,7427.512283376337,293.0,128.56848891688028,8.0
13288,43572.922822007895,8679.288414501641,167.0,123.1270802262907,8.0
13289,53125.94839063544,8454.953789102914,39.0,124.76633759461299,8.0
13290,65908.52366641478,2371.274502880279,16.0,121.16244898552569,8.0
13291,7435.880079227133,2774.7534376526132,-3.0,95.58763829969898,8.0
13292,45659.04708868359,12667.376283529973,79.0,118.85860395771387,8.0
13293,51982.34055831631,10397.379763314564,9.0,127.35385658975825,8.0
13294,6509.106643355337,4787.382738832632,0.0,96.10638062642829,8.0
13295,7589.1831311424785,5853.311375487445,79.0,107.69102612603056,8.0
13296,14872.08123420554,925.0155113113233,24.0,113.49785852131131,8.0
13297,36333.65053813098,1183.7918710106555,62.0,123.29274566551834,8.0
13298,41130.52063930042,16795.173787081774,139.0,113.83186203708335,8.0
13299,29597.026824595956,7399.08443979591,113.0,112.91819548352416,8.0
13300,27377.6589423113,25680.521203147768,65.0,117.00536098250416,8.0
13301,26913.725897031956,925.0301735962763,70.0,120.34353725081611,8.0
13302,53234.027041585425,10951.51242320936,129.0,114.78190427799481,8.0
13303,40697.35132906051,925.0392864498932,100.0,131.93975557251466,8.0
13304,35954.291652597916,3980.134826140265,159.0,128.78357702291333,8.0
13305,36305.6379951991,4510.894290710612,236.0,112.01100209826768,8.0
13306,29106.514729228573,8705.509565642897,53.0,111.35256132778177,8.0
13307,37325.31495021824,13465.555723818328,132.0,118.3616834212811,8.0
13308,15997.203486621214,15089.138360685054,-232.0,101.61404689256072,8.0
13309,9790.355881622194,924.864165301998,9.0,107.44691596873443,8.0
13310,11377.392464064582,10638.834147760677,-230.0,96.64414367475464,8.0
13311,32304.439051010548,20201.55873648872,183.0,114.87346654702702,8.0
13312,35954.64798017619,7720.010411848967,287.0,121.31320127339006,8.0
13313,46244.84897509815,1849.6646110039756,25.0,112.36897887358664,8.0
13314,40462.544874601226,739.8529396350156,116.0,130.24482718842455,8.0
13315,62594.37753099818,2873.165891285925,88.0,124.5355941307447,8.0
13316,27835.344486627902,1849.9137403695652,214.0,127.10191672563977,8.0
13317,42363.137322001974,11481.359578005015,113.0,117.98530575438383,8.0
13318,64598.93331298177,1179.580218772995,74.0,126.86327972389041,8.0
13319,16109.061670017445,7841.8337526893665,-58.0,104.0563770188694,8.0
13320,32858.80427901487,3480.0897852102216,103.0,121.9674426815767,8.0
13321,48145.87929886345,6474.125629711468,119.0,123.39923380975705,8.0
13322,42034.585627717024,737.4163413094061,3.0,126.01520035481208,8.0
13323,37783.293130322796,6889.921310274166,244.0,113.67676176099448,8.0
13324,16852.553923590604,924.8697730365834,-21.0,105.34746461673828,8.0
13325,29928.843517840047,4312.406103879179,143.0,125.50842142258824,8.0
13326,32290.55043095145,13263.456232448792,60.0,119.42943431265343,8.0
13327,42497.394336077596,1474.4885549222465,115.0,126.1513569378089,8.0
13328,35629.67645589105,735.193035403458,37.0,112.71616812262862,8.0
13329,22601.048492213788,1181.482256120317,62.0,116.76789700736163,8.0
13330,56624.26895240327,8113.6367847741985,167.0,130.46373194226194,8.0
13331,41492.18457560191,15995.688566710942,320.0,110.98653562082416,8.0
13332,41636.84073099619,39273.08885755725,-47.0,115.9175504949684,8.0
13333,43005.98272817113,3983.9976196428797,70.0,124.69289020767226,8.0
13334,30498.25561553972,22964.573901482006,7.0,105.04965962102314,8.0
13335,49688.48878034041,4682.261949328049,237.0,121.13916426865993,8.0
13336,20377.736758325413,15813.244694349087,61.0,103.79993121217234,8.0
13337,17954.2790080277,5597.972470174487,152.0,118.60825173606109,8.0
13338,48550.83080802255,2870.0083149667,67.0,120.66156046266246,8.0
13339,54573.57046348892,13872.960855247053,174.0,120.74729183016883,8.0
13340,40153.338137200444,13380.629485218116,192.0,117.39465238789309,8.0
13341,61559.28201812005,53280.745756735094,153.0,124.37365432302147,8.0
13342,46826.12946615901,925.0167009980953,33.0,130.41756857960235,8.0
13343,33069.1353428548,7116.485718309005,88.0,107.85049727957106,8.0
13344,39836.64477695855,1989.9550505826019,27.0,127.95142111315675,8.0
13345,37719.26118881578,10588.997796548032,218.0,124.44626651791232,8.0
13346,21758.84283293833,9464.864225283578,57.0,110.87807850338783,8.0
13347,33177.55926124881,735.6683128942543,2.0,112.10731408257612,8.0
13348,45044.19574429088,29799.708107599145,291.0,113.77009988420929,8.0
13349,33438.66125981035,734.2313714950217,130.0,129.28437792848646,8.0
13350,40450.263973968926,15999.06628430574,128.0,111.1922210059631,8.0
13351,53871.39523566801,10413.651739800207,45.0,127.74352119921039,8.0
13352,39603.05505012895,19221.57435860158,79.0,116.24914204744331,8.0
13353,20234.05714506677,737.5014309287749,4.0,106.0393793421037,8.0
13354,35172.47974745342,11541.27399635103,319.0,126.40870540029607,8.0
13355,52963.57275698151,6910.2669420245775,364.0,125.69186356669869,8.0
13356,37114.991174852934,1850.017120672149,37.0,119.60000221919758,8.0
13357,18414.917252561074,1472.6892729625438,184.0,122.79445631382187,8.0
13358,43548.037120865105,1184.2681404588925,25.0,119.4520570762365,8.0
13359,33869.29873788976,19783.255454230268,163.0,117.48462624578522,8.0
13360,21489.088459769595,9320.703551124563,95.0,108.17021397862295,8.0
13361,14424.02523121595,1737.842630525538,11.0,111.64135929465621,8.0
13362,36855.440098744315,2396.825878230975,198.0,126.65948084039658,8.0
13363,49953.24766763674,2774.9695874720696,105.0,124.51010358586485,8.0
13364,32520.787155240218,19726.882346637856,87.0,115.5828360613944,8.0
13365,33511.24441153396,1736.3610522002411,70.0,116.55896407286426,8.0
13366,35939.07655130816,15057.362532186846,85.0,116.11417860542164,8.0
13367,54260.41374343946,925.0310432506795,17.0,122.72122889325895,8.0
13368,20826.151473319962,925.0509261787647,12.0,108.48415530537906,8.0
13369,53473.00966967351,36449.94303719382,183.0,123.7003477564494,8.0
13370,28843.829112903422,10348.642718881787,118.0,118.32641398767609,8.0
13371,49344.79565743584,1850.1154605060588,21.0,120.84301325381652,8.0
13372,59488.15660899842,3137.410129609367,78.0,119.76763969658889,8.0
13373,16231.063330838653,1472.6261542690465,15.0,107.63578829851551,8.0
13374,35339.21057040478,736.4784947864827,181.0,139.1154459210301,8.0
13375,34140.13330262706,3791.46185283706,57.0,110.20562154364627,8.0
13376,13005.223075250995,8276.756683027452,4.0,102.44187306215777,8.0
13377,28962.04077487262,10351.016691781559,198.0,103.71256645213685,8.0
13378,28682.922572161588,1849.974205412238,48.0,115.70163889840256,8.0
13379,36450.27733440261,17667.100857436435,184.0,116.11523819041928,8.0
13380,60497.73257638414,44176.10241066252,120.0,124.75315187646143,8.0
13381,27836.021719554203,1849.8754155636202,20.0,119.40722701854253,8.0
13382,46577.95222868071,1989.3832178185987,215.0,135.00126679636622,8.0
13383,42746.65541485928,1741.686325259676,77.0,122.18909782473673,8.0
13384,22297.003974957403,14722.434384943237,170.0,105.93514633182856,8.0
13385,61041.00114329288,2359.194405228168,131.0,128.4145165601214,8.0
13386,44874.79491009826,3093.316384673887,170.0,126.81442533283175,8.0
13387,20823.445478087862,2871.1151525189484,250.0,124.25373046219232,8.0
13388,63067.64887583193,9439.162265366422,-50.0,120.3419543636569,8.0
13389,56947.446500701626,3144.893529063715,391.0,126.75609687290418,8.0
13390,24327.493111818338,925.0020304112977,44.0,112.8794538232909,8.0
13391,38374.9836183974,924.9180670571758,37.0,121.48857224601468,8.0
13392,36404.339149444815,1181.6855761335173,350.0,119.62441440188394,8.0
13393,8616.214539218985,7446.600042255915,43.0,111.92616485287343,8.0
13394,59895.761018597106,1989.8578009586588,44.0,122.3327655795922,8.0
13395,42775.142918983925,1849.9702116474077,129.0,126.82187135245863,8.0
13396,50265.15180139681,8711.11166812784,73.0,116.37194526648696,8.0
13397,24470.321783009796,3139.5487779939813,506.0,122.34120975929216,8.0
13398,30950.62294466065,15468.141421722677,181.0,109.66447689486125,8.0
13399,51599.06821352304,29588.273496159745,361.0,112.98327805893013,8.0
13400,32510.60270548371,14484.286304413743,316.0,132.13317870907235,8.0
13401,53102.97301423393,40412.423072663914,32.0,124.46716046739208,8.0
13402,63458.014048580786,6670.775210710925,341.0,132.83930240696216,8.0
13403,50982.90672324479,30729.260693586348,73.0,123.29427972509217,8.0
13404,52423.54131580171,20728.38976849085,96.0,116.08319329383588,8.0
13405,40467.44079458425,32199.234700460733,153.0,110.59309381320945,8.0
13406,19210.026981981166,5126.8443027266385,234.0,123.07654095221872,8.0
13407,9266.22931653393,737.453600308054,3.0,99.03287686983269,8.0
13408,41981.667293775885,27094.767891407315,-123.0,110.18099597851875,8.0
13409,21362.09476830513,4419.868855086796,182.0,119.93697669651611,8.0
13410,22764.099402232634,2392.866368429621,136.0,120.22289232587738,8.0
13411,33306.39266638425,1849.8754155636202,20.0,114.62110559641987,8.0
13412,54069.760456378535,5747.616448558456,108.0,123.12928500936839,8.0
13413,35384.10732272724,1183.4590132917028,140.0,134.92087416169136,8.0
13414,55519.67987540482,21637.943768066107,99.0,120.43292302519538,8.0
13415,39875.314587516186,18038.328003764866,117.0,109.58614886178235,8.0
13416,36840.00357181532,16465.060787816383,88.0,116.63094014690728,8.0
13417,22714.940405667156,11608.144527155364,-3.0,112.0502832754072,8.0
13418,47852.563078720465,31517.844922966942,155.0,127.91587896169992,8.0
13419,62410.65301562767,16892.56832389212,76.0,120.14782939648128,8.0
13420,49717.83093604125,2360.7473980523505,29.0,128.0157219586571,8.0
13421,50275.99641923672,4314.315747395028,60.0,119.94175911434922,8.0
13422,48972.765833600024,1184.4733358859387,18.0,131.72529004867485,8.0
13423,9808.540003427046,2364.9648354343544,49.0,99.3857967514863,8.0
13424,27835.82666272547,3699.777759257091,83.0,117.99315618365964,8.0
13425,55450.51038324519,42655.135661301436,87.0,120.09660850188384,8.0
13426,37657.50400343206,1181.0115475987666,148.0,128.16184378546365,8.0
13427,39445.892696665964,1181.160231057369,17.0,118.30508819579272,8.0
13428,33161.44093422499,2209.890222529426,329.0,111.6448576814225,8.0
13429,49968.445785039876,1849.9787186731019,112.0,129.82575496702233,8.0
13430,60258.94369129335,1989.647143056929,233.0,133.81669252283424,8.0
13431,40702.381141851125,4624.3339510853,115.0,120.40808617672292,8.0
13432,55532.529322776856,1850.127373485458,63.0,123.48195279669335,8.0
13433,43624.317489192035,4421.10733064401,274.0,129.51267460225964,8.0
13434,44507.17378477039,1183.911276722775,47.0,121.82428109885352,8.0
13435,35416.04938005849,4518.628751790445,186.0,116.34507465746557,8.0
13436,53630.3630467434,11499.93737490555,339.0,131.1865032340389,8.0
13437,28892.50399045771,12154.888447305402,25.0,120.0330727257134,8.0
13438,29131.252363379852,7878.823996055441,41.0,114.8307919797777,8.0
13439,25243.379549861173,5598.318992050095,284.0,124.47676562661852,8.0
13440,56514.561466081555,11397.502016165467,61.0,120.78059534810049,8.0
13441,58623.223720812486,924.7334935824322,23.0,126.84230198364662,8.0
13442,35238.95577483573,15003.072354848964,71.0,109.74328957001751,8.0
13443,42577.087744593904,28484.392148865358,163.0,116.47551246468284,8.0
13444,53689.301202680115,924.8124796147303,9.0,127.54269806872114,8.0
13445,43306.28868196871,1742.301594370321,21.0,117.43985264579213,8.0
13446,30967.00287569225,29300.948395592055,51.0,117.95894763975969,8.0
13447,34737.15108391372,9106.853739491453,210.0,115.23116842540554,8.0
13448,15371.937088590561,1181.652928946478,121.0,131.57509222822216,8.0
13449,48127.84032412909,924.8981994075621,126.0,130.12528914744004,8.0
13450,30840.74545626066,7545.083052831585,119.0,115.34793861122088,8.0
13451,51793.19931091292,14797.730484006042,132.0,117.38142950913947,8.0
13452,24355.654918832428,4124.490102574256,58.0,116.96299252021785,8.0
13453,39307.09686112893,734.6855919067356,13.0,113.86826034481547,8.0
13454,22412.91909391252,2211.1438839360626,63.0,113.32628155344307,8.0
13455,56941.95097681889,46743.800876843095,116.0,119.294699167831,8.0
13456,49656.30734840319,31119.562320513294,161.0,114.49156878798678,8.0
13457,55192.94905838389,925.0903196855444,29.0,129.3653379093119,8.0
13458,53893.029094224585,12114.342014527734,89.0,122.61757370998123,8.0
13459,46952.326262541705,1849.5960528982687,55.0,119.93019963915596,8.0
13460,63233.960676104936,23958.397873578513,44.0,121.69115556703504,8.0
13461,39440.009212050616,8263.156540548298,199.0,134.8919895334795,8.0
13462,23169.789535336295,22246.853889246682,-350.0,101.06307813520857,8.0
13463,64225.46330666041,23889.96739677463,162.0,138.22894574366353,8.0
13464,42603.22950211524,924.8470199445505,34.0,118.75439060979494,8.0
13465,61831.695423750665,2368.769720232431,171.0,130.65837355076278,8.0
13466,35143.01721459645,15195.40524596891,133.0,120.14192701631791,8.0
13467,38495.00457380207,1989.854686863291,107.0,122.45168865993963,8.0
13468,36974.696285791535,29432.93202900331,141.0,108.3805923545677,8.0
13469,44872.075191545686,13715.037137900606,1.0,117.64176075624754,8.0
13470,40721.16339504768,1989.6397831643462,102.0,124.88319654078794,8.0
13471,32974.21065387888,7101.595259633868,307.0,127.58124231052875,8.0
13472,20656.47539616496,2397.1263070687746,51.0,110.30548468546003,8.0
13473,44670.37734333644,1989.4720708666264,116.0,135.2251889947466,8.0
13474,62340.311043278416,1992.0027238244513,361.0,132.5367918190852,8.0
13475,34747.31081047211,1736.3744766241473,57.0,114.47133880169402,8.0
13476,10267.671382406115,3799.120129002627,23.0,100.43479275358206,8.0
13477,16096.906097715804,1182.4556808284613,126.0,120.04161562447712,8.0
13478,60544.180375016294,34589.23912973719,88.0,120.57434379730329,8.0
13479,17366.27337053751,4614.940195008234,265.0,122.13209599453177,8.0
13480,40253.36032220437,8873.57494976357,119.0,129.88958280587133,8.0
13481,43614.51165046299,24375.24678161011,181.0,109.07731991090097,8.0
13482,6172.103503069676,4511.632442123844,-23.0,93.1492045500799,8.0
13483,47652.759033841285,3485.6903198124664,102.0,121.6737345321243,8.0
13484,27741.728052000723,17316.34648836176,-117.0,111.84415941289923,8.0
13485,16707.25907383244,1737.7446074808963,10.0,108.21625923454732,8.0
13486,7571.308568437644,6393.41844082449,-160.0,107.52649962650382,8.0
13487,54692.95091431294,11122.865599436926,115.0,120.47432326945714,8.0
13488,29441.20919396251,17915.757826181158,81.0,119.00386260762308,8.0
13489,37346.30553274864,3139.4285712747715,101.0,120.83789678126045,8.0
13490,17393.785575632843,15654.877779856673,74.0,114.17955051679769,8.0
13491,11981.553212112141,736.7976159653971,7.0,103.93565709681957,8.0
13492,34506.73817314232,7087.664773776925,25.0,115.9788991902972,8.0
13493,49067.296112599375,6275.049057206572,180.0,126.8131219401613,8.0
13494,53196.44818466913,6911.3116758412925,81.0,122.66144977523628,8.0
13495,42174.78546097235,2871.413383598327,28.0,109.40089140010146,8.0
13496,26478.96816650367,737.4982493951727,41.0,116.08755336370939,8.0
13497,53713.54567621757,1849.9152120422184,121.0,137.6449261195824,8.0
13498,52647.434602070185,924.7421166075128,26.0,122.43181067187729,8.0
13499,46087.30367762721,36133.153787947456,388.0,130.87830637969148,8.0
13500,41037.27082065182,7862.486219760225,46.0,114.91698210802522,8.0
13501,29680.312755682513,924.9209723780046,163.0,127.80079693978006,8.0
13502,26475.343027881117,12374.945094720988,-73.0,111.88916376496363,8.0
13503,49622.747666966854,733.8412272649805,90.0,129.96884831615148,8.0
13504,46686.540434662464,1184.7259741299547,76.0,124.17001696741858,8.0
13505,30480.063431418443,3543.3284289548455,288.0,129.2141947027376,8.0
13506,19853.539066955214,4124.192787463087,163.0,119.05885527016042,8.0
13507,60392.42860941675,36872.492956480215,-78.0,124.63526697084279,8.0
13508,46588.02111598043,2360.522303980093,54.0,128.4968203694736,8.0
13509,18498.85831741585,13874.16170795206,0.0,103.38143387255751,8.0
13510,53069.09584926105,4620.230337541576,343.0,132.75339484347134,8.0
13511,59693.98875303793,10943.412288893065,221.0,125.32768349724292,8.0
13512,31406.289033955934,25944.37819034676,-10.0,107.60730066699637,8.0
13513,52201.96546883735,2874.488357496424,134.0,119.1024749504673,8.0
13514,29821.09576166322,11199.903729171594,198.0,105.07640072497801,8.0
13515,45478.15478148371,3474.394879598944,176.0,126.67024600775753,8.0
13516,39694.645485676636,10463.962584927327,57.0,117.12089684614236,8.0
13517,30695.580323275637,29971.89968516791,-494.0,103.08279212565213,8.0
13518,57572.672626093394,1179.3430443880175,80.0,135.67423089322656,8.0
13519,48438.06957119966,10954.61252505608,76.0,112.92852428574965,8.0
13520,11404.572622751299,3981.801995453619,9.0,109.96861821924406,8.0
13521,9569.826298166863,2208.3240731203573,59.0,106.95753712367582,8.0
13522,62246.92295830202,925.1193636567409,80.0,128.89308255762765,8.0
13523,61881.88775950367,5897.8149521379155,382.0,112.5858777067106,8.0
13524,51738.87750684231,2888.766412253076,293.0,132.97356624109045,8.0
13525,58094.84325542452,3145.2331893640176,134.0,127.15879136744316,8.0
13526,20377.122858304778,1183.0276660809013,30.0,116.33578013907447,8.0
13527,43617.43549193746,2359.8239040202875,27.0,111.11211115372652,8.0
13528,35479.43052635806,2361.414895979495,185.0,138.6901099535585,8.0
13529,17427.735199399704,8612.014927307231,54.0,103.49351955389022,8.0
13530,24497.999017339458,6839.521453456876,12.0,115.45081425984048,8.0
13531,28721.761023289688,10305.504745089907,256.0,118.81316849635313,8.0
13532,31036.733382075112,13279.549186446473,70.0,114.81758692996509,8.0
13533,19838.35227831721,735.6377131181739,111.0,132.54990894051815,8.0
13534,32003.28334294285,4733.511111680664,114.0,125.38975079320157,8.0
13535,59250.451143770166,2871.2427627291017,447.0,137.77595604920765,8.0
13536,7399.294354227779,6474.41990615704,-148.0,90.84744416092637,8.0
13537,60315.910844140904,1179.065995452616,91.0,112.04431823185965,8.0
13538,54834.1023419884,1734.115723988378,107.0,126.93751733403343,8.0
13539,22599.708652297017,12351.083394810177,75.0,111.71920256287281,8.0
13540,37018.939306342945,16607.0603417035,50.0,114.57601186127577,8.0
13541,3772.1548071960437,2870.7246812923822,21.0,93.3853289399083,8.0
13542,49002.082580768736,4313.221725242051,55.0,117.9233649837087,8.0
13543,40039.62395071629,20806.627867665346,181.0,108.0075203937363,8.0
13544,32324.448247603617,739.0432961130049,71.0,124.69817304712919,8.0
13545,32917.36868341691,12153.803409927536,44.0,112.01704199369297,8.0
13546,56980.69819393522,14520.023266891074,63.0,120.0994284132718,8.0
13547,63752.82534497146,2370.28769580931,27.0,117.74273756181448,8.0
13548,47502.61544694316,12943.63711432539,30.0,116.39788586510045,8.0
13549,46271.18463908507,1850.0019572013366,71.0,126.3038566130082,8.0
13550,12568.458959730695,2366.145788152868,32.0,104.47469750248588,8.0
13551,47744.802998085164,30957.324332284486,270.0,112.23699658216783,8.0
13552,20646.725953385685,9576.509056755289,18.0,106.62123149222084,8.0
13553,51756.17700676666,1989.4475069253838,197.0,147.0473040180329,8.0
13554,50985.15178198936,924.7712472725656,15.0,120.6712447096968,8.0
13555,18799.347834235024,7835.894673034655,50.0,108.53370214656942,8.0
13556,46262.66846366186,1184.4618593680123,28.0,122.29204161498666,8.0
13557,30221.68745778162,13931.89976013403,55.0,119.18845814325266,8.0
13558,11298.36871463747,9579.44310586618,80.0,110.76359263783489,8.0
13559,40819.31728656511,10593.977428246208,219.0,114.46699267760962,8.0
13560,39106.65155352714,3771.69807176793,265.0,128.6747395868676,8.0
13561,35008.12368323576,8614.242466343416,84.0,122.9225880158202,8.0
13562,49505.66455217555,4599.655347746922,68.0,117.6292040303761,8.0
13563,19205.23160437368,3983.477547606072,-2.0,108.75021571766345,8.0
13564,34505.940472128066,26064.38093737161,352.0,127.52015951869218,8.0
13565,60639.8577991244,1179.4977762044741,178.0,133.686591628647,8.0
13566,36657.4559525103,20944.435494310062,176.0,112.51647818470924,8.0
13567,51299.845359229614,4721.204736528388,28.0,119.97201261881284,8.0
13568,58417.836049430334,37656.10349701821,111.0,116.63571031157889,8.0
13569,32566.827513063257,13352.71786836706,181.0,119.39985906264425,8.0
13570,45190.31924678798,26129.790378087608,109.0,122.26914584980204,8.0
13571,42603.74410038797,4602.425451934407,232.0,128.74890135669258,8.0
13572,24383.290673597374,14194.64592010345,69.0,111.50522894535511,8.0
13573,55934.40736917978,2367.0195614652685,118.0,126.10119090089967,8.0
13574,30298.623847419807,5487.091961043941,38.0,115.76941283800332,8.0
13575,27458.004382492185,5226.010101004306,210.0,111.9004196893452,8.0
13576,27292.710972196135,7416.403251284534,118.0,112.11356322120298,8.0
13577,21726.999328113434,1990.454814857722,81.0,116.39270273681352,8.0
13578,56128.62364215161,35754.33817126126,88.0,119.34910087759192,8.0
13579,48358.93434090112,6334.123364255976,132.0,122.69210843203761,8.0
13580,19392.290774955276,1182.9168695990006,194.0,120.6985805881595,8.0
13581,37005.610384481624,22211.31946160907,-82.0,115.90331795850491,8.0
13582,42486.53838992052,25874.23638727694,198.0,112.96485240850083,8.0
13583,26200.646329359257,9758.289143880196,77.0,115.4594149081642,8.0
13584,26896.99822370272,6961.979470514979,126.0,117.85263819034864,8.0
13585,49209.106310070434,1184.404623084355,22.0,118.50623788483847,8.0
13586,39443.69014379725,13393.549107780758,149.0,112.14131099527846,8.0
13587,42905.177903291835,4618.648612033583,3.0,117.23243895532033,8.0
13588,9706.872654775829,924.8689215128343,1.0,100.5726318574405,8.0
13589,29692.938364981244,25125.07040150015,40.0,106.64464532697218,8.0
13590,53247.48324356453,1184.782687674807,32.0,132.1885228308292,8.0
13591,43837.8618771876,23897.644297163035,133.0,122.01133705395053,8.0
13592,22098.45401734043,5156.22870370253,182.0,119.72859876313197,8.0
13593,42091.656860544215,6633.312286821225,89.0,115.7907070461551,8.0
13594,22247.435855457843,17635.46918076334,-107.0,110.12046264610218,8.0
13595,37731.22268044954,15447.669326327217,181.0,114.13015950121945,8.0
13596,20814.10340223117,3798.036382942624,106.0,104.24741270300804,8.0
13597,37258.68136998688,12573.769748698167,212.0,127.28384802080365,8.0
13598,46345.0611096641,5121.522641765089,30.0,124.07565336813096,8.0
13599,19139.207529599647,11777.70803967185,35.0,107.5277408361941,8.0
13600,30327.689962351084,10409.851502824507,276.0,118.99818964967153,8.0
13601,45779.51827480185,30737.767188015685,87.0,117.61975993639331,8.0
13602,41587.84663244019,23762.281272493045,84.0,116.26468444200913,8.0
13603,37681.696098113294,924.863708160725,28.0,117.78600346099182,8.0
13604,33527.04587010821,735.620918213452,12.0,118.62760125633069,8.0
13605,44960.08434374095,13268.92664909182,96.0,116.73863471125736,8.0
13606,31756.71020749441,924.8323043211345,51.0,115.706390623678,8.0
13607,21336.495963437643,1181.2220676120228,41.0,113.33093595138304,8.0
13608,43520.81282980256,39042.01189361522,-268.0,111.43533667842654,8.0
13609,46583.89759869483,4304.212301353569,62.0,110.69554660566574,8.0
13610,32483.168133730847,9570.97007686617,35.0,112.43122532160191,8.0
13611,52927.05591538622,10463.635306521179,63.0,117.8976554822235,8.0
13612,40383.13849579314,2391.4862137317273,49.0,117.49930615253679,8.0
13613,23847.075822741826,734.6516199252981,157.0,127.23323418553835,8.0
13614,8305.63115286693,3086.262125483157,115.0,96.53172465533571,8.0
13615,48746.043145790616,734.2532510521439,141.0,143.49000216643128,8.0
13616,61396.09205215817,4035.497918428327,80.0,122.8169498005637,8.0
13617,50212.112700340724,924.9802303214258,46.0,121.96213362820535,8.0
13618,43792.38144527589,13075.673158814143,95.0,117.08026763965536,8.0
13619,9800.61000722002,1181.5889519753375,4.0,115.90693776080465,8.0
13620,19502.080224771657,3796.4796178129136,172.0,119.25114657162268,8.0
13621,60217.457721747494,2872.234164813101,83.0,123.96996255154247,8.0
13622,45260.60385072611,13677.724088462192,138.0,119.58796639946587,8.0
13623,62082.4821791675,6377.344835973361,294.0,143.86266854862703,8.0
13624,45225.93768414554,7879.649222657127,35.0,122.24849364059462,8.0
13625,44549.67009203371,29507.19428944652,87.0,117.33420105063243,8.0
13626,51814.08836315184,1849.7145684737227,41.0,127.72573509023321,8.0
13627,46178.81146338895,9511.768945016634,60.0,119.25641813421835,8.0
13628,42857.84382605748,9615.540289987432,327.0,126.70274299326773,8.0
13629,25991.56788835744,7435.796260652536,354.0,125.55773690999224,8.0
13630,16558.057952276467,3548.8909012892755,443.0,126.60163048905854,8.0
13631,15648.938143962849,2393.4234619979557,91.0,101.59867262877569,8.0
13632,22521.93041769812,737.3692328853779,89.0,120.20668295243175,8.0
13633,17281.286540663183,1181.9433131705453,278.0,127.37512625792519,8.0
13634,42399.533302984564,21631.120446986515,268.0,123.16086571972572,8.0
13635,28238.823268822343,734.7316881537238,191.0,130.6137898284203,8.0
13636,34653.52035174876,23096.26812776619,36.0,110.90609780104184,8.0
13637,44373.08036229137,3144.897174648373,76.0,119.22942407542958,8.0
13638,59531.78099588956,16847.345625397968,382.0,131.22421460033559,8.0
13639,46148.73635693141,29360.322905795096,432.0,113.58030360681651,8.0
13640,34643.06203311439,3772.012771645564,36.0,115.87491803540121,8.0
13641,53154.08247473345,3540.2253403313257,235.0,130.58794897861628,8.0
13642,43086.33998618781,1181.5331019861953,159.0,123.38607809539651,8.0
13643,51780.57410958221,34720.630549469475,463.0,111.96325792204027,8.0
13644,54715.325660637514,3553.5983816004873,178.0,128.59054763826566,8.0
13645,16087.130792273509,14368.078449545941,56.0,112.45470594795931,8.0
13646,63032.845552590545,732.173102388857,95.0,146.73284447383085,8.0
13647,33609.31816241208,735.9591885991176,26.0,127.53505955272034,8.0
13648,26251.83854994943,22219.067991479373,7.0,109.14712105482951,8.0
13649,50798.96807156669,37326.515952241825,68.0,128.5466841976357,8.0
13650,16329.31179676579,15840.364298273787,-193.0,101.95451168580044,8.0
13651,32276.617691253115,1736.236205035728,56.0,117.40694666595809,8.0
13652,48814.1570446358,30695.056733184534,132.0,113.52457806913375,8.0
13653,46635.05942198063,924.951929354594,2.0,115.28004736106044,8.0
13654,46248.06019496001,4624.976947065802,68.0,124.66784505136653,8.0
13655,19020.076983191942,1849.8523975417295,24.0,114.56904762738819,8.0
13656,37639.58578769214,2207.9017544801904,241.0,129.5009460754248,8.0
13657,41101.90586599283,1734.9521044210285,178.0,119.60677702727135,8.0
13658,36899.440912924474,13739.477365734629,325.0,127.14324958477722,8.0
13659,25687.522847803488,15440.198059103484,49.0,111.63644305180479,8.0
13660,66124.15164194071,8257.428153469527,142.0,120.03027273808883,8.0
13661,43944.633466569205,9805.467298289102,18.0,120.56151166314233,8.0
13662,38837.27136873476,924.9749380299404,129.0,141.4132570446337,8.0
13663,18651.02938199286,735.4802039351496,9.0,108.92365884923814,8.0
13664,36450.795274808646,21408.019244058414,87.0,115.74254157270764,8.0
13665,20873.32659703647,735.5534217892872,53.0,127.32268205039722,8.0
13666,29665.974938052263,22248.125699139764,152.0,112.72638201013304,8.0
13667,17223.79552344995,15248.860345341887,77.0,102.44728540717165,8.0
13668,45112.41170454908,1183.7118370559672,158.0,130.16426614110236,8.0
13669,45322.6122225086,1738.349317777396,34.0,117.8723967265233,8.0
13670,37001.186137503406,19969.299567210826,77.0,116.34005262359346,8.0
13671,43333.572474029854,2390.334266981865,81.0,121.4810855342223,8.0
13672,62064.699720657445,25520.027598118846,55.0,117.5844653860367,8.0
13673,15828.821051907687,14095.422088934096,78.0,113.44788555727263,8.0
13674,52275.855171709954,925.0073478269871,43.0,122.1402300860911,8.0
13675,23540.291578616812,3772.091815397469,196.0,123.3036496303042,8.0
13676,32372.70787440837,5549.70719129897,151.0,106.05239878733373,8.0
13677,44320.57123742136,6913.722043035962,140.0,125.5705085387072,8.0
13678,24923.061462902355,737.08473278576,83.0,121.55772377554861,8.0
13679,28459.156818476837,4050.7399244553653,138.0,117.01527124984044,8.0
13680,30892.389226873875,8613.709109867757,172.0,113.58745181018996,8.0
13681,21284.88024673425,20102.993161625178,-365.0,100.03367962753765,8.0
13682,45440.70686218954,3979.76118103038,30.0,115.27738550091765,8.0
13683,60459.00092256842,1180.0298693132272,40.0,121.94891043941145,8.0
13684,19770.002496133693,1849.8147186042982,235.0,124.98054766788619,8.0
13685,31343.948743097986,7452.071923214872,75.0,115.75764009235087,8.0
13686,52674.828182700054,36677.65208099527,234.0,117.70352724184139,8.0
13687,48252.222347025156,5208.585692875685,45.0,117.61576010658074,8.0
13688,35229.875718144525,9008.263509788603,20.0,112.01716903649134,8.0
13689,55452.60074637354,1184.468646927691,19.0,119.09497512196361,8.0
13690,39546.77953799049,2870.5124053391974,69.0,120.6030115498279,8.0
13691,32731.581319450608,17889.540928992894,198.0,107.85026858374668,8.0
13692,46617.91621226146,20580.207610370257,93.0,113.83708204164023,8.0
13693,17046.3806357047,8890.003348102955,70.0,99.63699947289244,8.0
13694,40436.62024045129,5232.991021451318,281.0,122.49952178465485,8.0
13695,28615.73449245937,7584.634793221978,114.0,108.91480187509121,8.0
13696,46620.029916842475,924.9785272221625,31.0,124.41356731521063,8.0
13697,23168.305990085737,3983.0502384883366,34.0,107.89978061320332,8.0
13698,14092.186737005943,736.550459586199,52.0,113.43457293617013,8.0
13699,17292.167346881946,10646.566356899937,55.0,104.92951133911005,8.0
13700,27699.220773247976,4785.981107631988,50.0,112.34709130658771,8.0
13701,35280.67219744932,3143.354709168317,75.0,120.06626108734508,8.0
13702,38873.136170436286,3699.3912518316765,110.0,120.07994125334444,8.0
13703,18493.777198907817,736.9534842722545,40.0,112.47445169965684,8.0
13704,55639.78162204343,2871.5827229211845,31.0,130.3988899158654,8.0
13705,31914.836549402753,14528.836787506289,73.0,118.01941513040259,8.0
13706,47450.604171650324,26424.632690444145,-150.0,111.77306673417833,8.0
13707,18007.163680895967,9930.273654188564,68.0,113.56218768098815,8.0
13708,48525.38589913769,5226.805461226097,125.0,120.62370987211881,8.0
13709,39004.16212367306,1180.5000383013407,44.0,116.02405427797775,8.0
13710,60008.10062256993,17547.332439979327,63.0,117.17581230147547,8.0
13711,22507.62537914005,924.889958030693,5.0,118.79864640011331,8.0
13712,38353.69048075472,25042.66871034255,-233.0,123.72787412202356,8.0
13713,51126.57827127154,13321.635032389046,177.0,125.71231861431251,8.0
13714,51618.508669052615,1180.2854417519884,57.0,120.74556480596243,8.0
13715,55495.89174859589,3984.621957302403,68.0,118.86868110570146,8.0
13716,48512.861944954915,738.537664421418,-1.0,113.58919428578847,8.0
13717,58708.46321563265,50438.50336157837,153.0,112.27147251389721,8.0
13718,32407.009122558433,738.4943056570299,21.0,118.83491543694464,8.0
13719,5219.438590325248,736.0121948082702,20.0,99.9564232476143,8.0
13720,30197.562625152244,12516.49211751813,45.0,113.32182468659057,8.0
13721,18681.827043700483,3544.9461291563766,335.0,125.18742449390015,8.0
13722,30605.265842816978,738.0798786882859,62.0,122.86980445130565,8.0
13723,30553.160492245857,4616.268960779754,139.0,120.3073792220724,8.0
13724,58159.250270790355,1990.005348778253,47.0,121.228588507716,8.0
13725,38786.995172172836,18532.76025304833,73.0,120.9747482266096,8.0
13726,21900.427784133997,3481.106801524944,150.0,119.35464308355984,8.0
13727,22474.917440358415,13013.969335877808,53.0,111.30757220716495,8.0
13728,41170.48561042987,32896.54590800459,128.0,109.83230627259553,8.0
13729,27039.456863119256,12134.282623754601,100.0,113.08985182101723,8.0
13730,27556.138075032464,6520.291327142702,203.0,114.64365225462741,8.0
13731,38700.13265633008,13089.457117683141,111.0,113.40169746040226,8.0
13732,49570.50868877326,2875.7498236349707,256.0,126.3796869211174,8.0
13733,15031.786924182998,13292.831781006895,56.0,111.88871498225349,8.0
13734,48267.6522798872,1743.0994310588214,109.0,126.4822137122915,8.0
13735,19713.821573163306,737.4648362285717,64.0,122.22064596777724,8.0
13736,57138.10173548027,15697.465865478336,61.0,116.73685048072542,8.0
13737,39020.63699352316,924.9366483377198,52.0,123.90550214207994,8.0
13738,11086.971833054287,6693.288989440296,13.0,108.38318258952313,8.0
13739,57574.13863562039,924.8893924708851,17.0,134.00791886529043,8.0
13740,22727.35386663453,1992.0253564221316,102.0,108.14386395365047,8.0
13741,49458.422844991575,3138.700607466577,118.0,124.57041818871681,8.0
13742,50191.424693922236,1184.638929132033,73.0,116.2953687216559,8.0
13743,57642.84267145148,36886.43539748708,111.0,116.59192606361924,8.0
13744,53047.641029680046,1742.7513993271457,100.0,126.21307848974985,8.0
13745,60826.8054807136,2890.857216906192,41.0,123.96504955160549,8.0
13746,40188.85552914198,29937.731622723306,119.0,121.90569414726372,8.0
13747,44295.089252924394,4314.69826762203,43.0,120.37637464274809,8.0
13748,64507.41438244044,1179.7555465723406,41.0,126.16793856807138,8.0
13749,40524.30671928052,1736.5368417767538,53.0,131.20889434627108,8.0
13750,48551.91344104346,30842.17220956457,281.0,110.13163216156406,8.0
13751,15374.321550364966,14224.96677520348,3.0,106.17324231565789,8.0
13752,44089.24690769219,2391.999542356089,174.0,127.7533044515752,8.0
13753,32130.483259653207,1990.6037772932557,23.0,117.32041178917231,8.0
13754,19598.52753873971,15007.125590099293,58.0,103.94511462847923,8.0
13755,42140.80044378468,1180.2417659496646,22.0,115.51474917561958,8.0
13756,49007.55177792893,2359.8629344379806,154.0,142.7788685986733,8.0
13757,43544.389461300736,26753.264810542805,370.0,110.06798449439391,8.0
13758,33010.94044684576,28420.439991993913,-22.0,108.9005414553327,8.0
13759,33998.25298711472,29954.88061183689,-51.0,109.90801586552476,8.0
13760,26875.96843290057,735.9407967448261,47.0,118.08190536710774,8.0
13761,55977.17048255947,8606.088647091703,426.0,113.28267775501344,8.0
13762,24280.543391996052,18117.42020630051,8.0,109.77112302680956,8.0
13763,41804.85973285248,924.9865553402946,31.0,117.83651020001473,8.0
13764,41021.35684823465,924.92370741131,26.0,121.31336057787917,8.0
13765,14760.52618050267,13290.37376878361,-101.0,100.9615857693845,8.0
13766,55192.54163833371,14881.732021454693,11.0,121.58795656759695,8.0
13767,42706.75923764049,3700.0673074163506,60.0,117.38253849870691,8.0
13768,29407.872379099215,6168.033332222112,134.0,111.16848828689102,8.0
13769,40307.042924093745,734.6855919067356,13.0,120.26782643239966,8.0
13770,52977.87560314791,5750.725369886311,270.0,136.8332327896023,8.0
13771,32310.875348190835,14490.398492220138,84.0,112.33394097242484,8.0
13772,42804.17757884602,11083.582050157938,-122.0,111.12464175794709,8.0
13773,50071.279213152375,1992.3046302164291,54.0,118.4781712475467,8.0
13774,45700.90276091768,19644.038519227448,90.0,124.11884629970089,8.0
13775,53458.33992168455,11318.29090647957,169.0,112.45783054800125,8.0
13776,53540.60568359579,2876.0739346789724,91.0,123.3976201807345,8.0
13777,28727.92279149572,5471.023730287799,126.0,107.83413185963951,8.0
13778,34500.36456753905,13332.916247031735,72.0,111.024945726254,8.0
13779,52768.23895788704,12046.994599349642,275.0,111.30058662310331,8.0
13780,29893.397506756184,28159.997539546304,-40.0,107.75092949630981,8.0
13781,30812.019180109124,737.1747976921757,1.0,113.56024016132186,8.0
13782,51177.396569752425,42360.47361426523,28.0,113.13906521941195,8.0
13783,55836.38957004328,48292.93329939152,153.0,111.65418764887785,8.0
13784,11305.615060951048,4123.5563991847475,4.0,101.29589549061124,8.0
13785,10439.320999671672,6395.350906468934,23.0,99.49096801736346,8.0
13786,51417.62335936414,7725.790533216131,30.0,130.57460835515195,8.0
13787,41728.477325585925,7564.722006114791,85.0,120.55932306542057,8.0
13788,45203.84933188313,2399.226761769935,275.0,132.06629715391426,8.0
13789,54624.245417800674,18859.383679476978,30.0,118.3361314859873,8.0
13790,48047.29668720209,7846.5577537734125,128.0,116.50691256247678,8.0
13791,43114.44495142468,1179.8569269527322,77.0,139.42611083426283,8.0
13792,19706.056248932073,4517.027235141389,5.0,107.19391859399482,8.0
13793,31078.07026562543,9744.727068160328,197.0,121.91520827505434,8.0
13794,46037.67568771391,29130.710061037375,80.0,112.76832108094747,8.0
13795,24471.797700226896,3140.214238790125,32.0,110.71700837189175,8.0
13796,49937.09432960517,2369.421188750151,12.0,113.3474091970354,8.0
13797,65680.80360730516,24427.672744065676,76.0,112.99327635176833,8.0
13798,59480.89748708812,1179.3594574441697,223.0,146.7186773998065,8.0
13799,32967.95509349108,17925.87228367193,87.0,113.92139901290253,8.0
13800,35424.164273738716,924.9565965401434,35.0,117.19465616554152,8.0
13801,49294.09406268109,5130.561683117553,28.0,121.23143895914066,8.0
13802,44916.43384167884,924.8794709105447,149.0,130.98957382796368,8.0
13803,34664.72480247208,2945.2298167102217,345.0,130.7894298611725,8.0
13804,53787.836573384026,2871.5417853918507,67.0,123.78677733713144,8.0
13805,17689.83719270295,1182.7348630986942,19.0,117.21281481128872,8.0
13806,60635.88922917422,3144.966752240124,256.0,134.78091517894342,8.0
13807,30013.43188649105,10967.766963735416,286.0,112.96085233343605,8.0
13808,16331.518401019732,14352.9931216589,84.0,102.63855573084543,8.0
13809,34606.67039879447,1742.784667586672,158.0,128.00746251862472,8.0
13810,27294.919820397747,15675.343152643241,39.0,111.3165093663122,8.0
13811,17276.620079959594,1181.0852774091088,110.0,120.8091244799509,8.0
13812,39182.75771426472,1735.8605139411409,82.0,121.83275803541255,8.0
13813,57271.192272584885,1179.5213540670175,120.0,138.68254315865832,8.0
13814,49893.545035249655,1180.1492040921084,14.0,116.7414630172775,8.0
13815,6513.990188358479,3088.7632694596145,-10.0,97.25350531602432,8.0
13816,28097.941516305855,8454.067465756576,234.0,123.10526280680675,8.0
13817,34632.722971182215,17703.288086529134,186.0,109.06989258321715,8.0
13818,20159.377479843122,10943.685927944036,320.0,112.99486174995796,8.0
13819,9961.181908374012,1471.9009185710943,135.0,98.886860036559,8.0
13820,38820.741028582685,2870.388944896927,13.0,112.00291218187289,8.0
13821,39637.92793120886,924.7574798591672,52.0,129.12336198020705,8.0
13822,61021.23149192178,739.9881263704825,183.0,137.4638258425044,8.0
13823,53611.138760067355,10950.749516441108,9.0,114.25879613780005,8.0
13824,54991.65525084671,36211.349779505894,187.0,117.44717918897092,8.0
13825,14898.12460139048,9425.720735212199,8.0,105.00154860823788,8.0
13826,53621.536886862865,4304.2838269834065,70.0,125.4104298813912,8.0
13827,17238.01794349897,1183.1484807433803,132.0,117.77442665773286,8.0
13828,54061.30906478989,11955.807135449104,43.0,118.26353080702488,8.0
13829,34939.77957650277,8897.704905475024,169.0,109.38254247529292,8.0
13830,54348.13145973225,1733.5404711545866,120.0,125.52238344449626,8.0
13831,15736.381634501338,6174.608095697938,195.0,117.6654425243058,8.0
13832,23254.71942890513,9828.89579749455,69.0,114.9916366562606,8.0
13833,13257.973992355892,2209.6085437189736,46.0,107.99456477817577,8.0
13834,44956.08386659009,1475.3390560183905,56.0,120.87744395823593,8.0
13835,50099.03383702951,6640.775568737883,34.0,127.10871941883619,8.0
13836,25867.188177482225,19208.638377630108,59.0,109.86802137260437,8.0
13837,21260.741203903104,14090.67868805751,14.0,102.55784723225521,8.0
13838,14799.387286009469,1990.495622064973,22.0,107.1610635233994,8.0
13839,22855.28554686559,2209.9220042036445,184.0,122.977538067692,8.0
13840,26457.866936727707,1180.8378484837212,100.0,122.58630966335096,8.0
13841,20348.10363905931,8324.16815125369,140.0,99.78051618229308,8.0
13842,8324.15903279882,924.8646787176399,65.0,110.06403624212592,8.0
13843,33316.80162574172,9798.921993969187,233.0,126.60178910015378,8.0
13844,12145.161515703912,1182.7341229171163,7.0,105.30784816618109,8.0
13845,31323.485987703363,9783.88115183585,444.0,123.30706713216662,8.0
13846,43466.47101955426,737.1175019757452,92.0,124.98240148285231,8.0
13847,21589.72305610084,13136.273249482952,328.0,124.08588349087395,8.0
13848,44473.71016293423,734.3491131190377,216.0,136.09187590337135,8.0
13849,13726.318451151019,11753.017645883694,48.0,99.06151301005096,8.0
13850,56946.14251123811,1992.0251583044121,70.0,131.59167063723586,8.0
13851,32660.125046689645,12571.609299154516,274.0,127.88976806491281,8.0
13852,36927.031277519854,5889.787598231884,346.0,109.59589881750077,8.0
13853,57996.16968820259,925.042443248639,28.0,120.32289382716259,8.0
13854,39493.78825082185,4852.271531698179,62.0,120.37289554356018,8.0
13855,15561.77355780737,1181.6651613628237,92.0,116.63673912722254,8.0
13856,51788.56464247611,1179.9679064676134,278.0,155.5783761951851,8.0
13857,52341.661550080185,6836.639111500277,118.0,139.85813280293866,8.0
13858,22064.341524090825,6173.83112444274,68.0,115.16461494147092,8.0
13859,26404.87942875868,925.0147949824316,86.0,122.4064872536085,8.0
13860,34583.54902073392,2884.418482367785,54.0,114.62635186400607,8.0
13861,46710.2518190196,22376.45524145541,139.0,113.84279883263181,8.0
13862,19769.397454647,3772.403646843005,159.0,109.37631025363767,8.0
13863,46456.820802694805,8356.918103197408,216.0,126.03139444147746,8.0
13864,50894.0463123481,925.0644239686384,23.0,128.57833781060188,8.0
13865,54348.63756475976,11955.852452081539,65.0,120.83598289618776,8.0
13866,36074.38404267827,18681.893146867747,64.0,120.41727433702707,8.0
13867,32839.043639507065,2878.1888879982953,42.0,115.93892185259396,8.0
13868,35838.62431902921,24277.20035760329,120.0,111.98006475573717,8.0
13869,47190.493447178174,2361.2379934758305,63.0,120.50819513482392,8.0
13870,50859.94466006351,924.8515456171102,16.0,120.26455708664425,8.0
13871,39735.608032843615,4039.8704323239817,26.0,118.32584636130011,8.0
13872,51341.590033085,739.9791095835791,53.0,131.180351986432,8.0
13873,39145.890463347554,9206.077907435685,178.0,129.74322248940592,8.0
13874,64305.70606168476,7458.432915434179,131.0,127.88013511416858,8.0
13875,45233.76694295057,4855.430946184129,45.0,117.37609809574506,8.0
13876,28221.837186712015,5740.954590464278,87.0,116.20297382165639,8.0
13877,40295.76957276367,734.0373756159355,140.0,137.26085824174845,8.0
13878,23631.688674560774,1180.6833002602496,158.0,131.36978792738313,8.0
13879,47535.67495716643,28751.19302238919,187.0,115.42959557820775,8.0
13880,28058.85942783489,7426.105888703314,113.0,111.24706552669777,8.0
13881,44548.90349696446,7436.14470952095,63.0,108.61845808609043,8.0
13882,18793.88034483616,924.8707357320762,61.0,117.94805672834508,8.0
13883,26932.037862207653,9922.339551280247,490.0,136.55769152444998,8.0
13884,42818.37282251153,2389.61274939555,511.0,115.18010181809802,8.0
13885,55028.05952613818,3540.0839726406157,193.0,130.5759262062959,8.0
13886,38569.70673562789,7419.296296127687,378.0,129.56185026394587,8.0
13887,45268.1588946001,1742.170635519739,272.0,126.3211798205444,8.0
13888,47979.86799815129,924.9229429118021,182.0,133.92996409180273,8.0
13889,30189.13964635397,10302.262419501749,116.0,102.79655293127689,8.0
13890,21758.06062529491,4732.39897236914,214.0,122.72319478826701,8.0
13891,55250.08608987758,2869.6562492874436,154.0,132.54669488027378,8.0
13892,59802.16771781196,924.8435832179946,57.0,135.17764883014695,8.0
13893,29291.672913184084,9099.38569510741,61.0,112.47348160587458,8.0
13894,45891.18049471353,10213.894522398417,36.0,114.7273467267993,8.0
13895,36692.982708371106,1180.5000383013407,44.0,120.18474312466157,8.0
13896,49952.52518004786,10174.756328036225,375.0,129.97035790430002,8.0
13897,63131.19711165224,924.6972920439187,39.0,136.59103678893825,8.0
13898,54991.61101028969,12819.171770610545,72.0,122.85153642460207,8.0
13899,9929.625038769453,735.9889557113112,119.0,119.11012671394397,8.0
13900,32884.73681169454,20586.28417557555,64.0,115.05348823793861,8.0
13901,17276.79000389489,6338.752512361898,533.0,120.55814989387582,8.0
13902,54924.61753154699,33758.87427717335,72.0,116.75914498082241,8.0
13903,29546.326040180436,21270.21311404739,1.0,111.68498481755027,8.0
13904,14662.419142974744,1740.5045170624128,349.0,126.45189677150951,8.0
13905,28284.183640031246,7116.7146263251125,43.0,108.92799262511687,8.0
13906,47895.61552138625,924.7703461138786,15.0,116.89047107070742,8.0
13907,34023.87308678472,21921.877811692913,183.0,108.29738436079204,8.0
13908,44319.40276839814,2390.905624314205,79.0,110.93167270972162,8.0
13909,43775.99748913454,1850.017120672149,37.0,116.19944311695038,8.0
13910,61573.13155133331,1184.4184445398437,356.0,139.77051506668852,8.0
13911,30847.772220321654,737.5899516050523,80.0,123.95276685901976,8.0
13912,53892.94437518332,12113.524863447616,158.0,130.08430418027575,8.0
13913,38854.9669225766,924.939405400164,29.0,121.64028225170222,8.0
13914,40979.78586821224,3485.8884153890067,295.0,130.35352098962008,8.0
13915,32624.973129531387,5240.221559702986,-18.0,110.64678883366241,8.0
13916,52215.89643267223,1184.3288677209587,214.0,120.63677798182135,8.0
13917,48244.94663991512,2360.3271859309493,153.0,140.57124086327465,8.0
13918,54644.43269538988,1733.6290591882455,374.0,116.82623214789831,8.0
13919,39832.5774671228,12046.251900724672,80.0,115.73687481136785,8.0
13920,33427.281049281315,3083.69492674528,60.0,112.38004740634112,8.0
13921,35703.29840055873,4041.0264124888226,96.0,107.52451712114731,8.0
13922,32977.14700228268,26321.123162472602,80.0,110.09729288421136,8.0
13923,46506.136131900304,735.0328573629977,85.0,124.86837819668582,8.0
13924,41680.40734017773,924.9203956623645,52.0,121.70175254154809,8.0
13925,50661.58974520321,13829.449805685324,144.0,122.52277101553666,8.0
13926,55082.40944751155,2870.207799620601,117.0,125.77055700295993,8.0
13927,60287.89069916646,10950.991600991927,-32.0,115.03316896253604,8.0
13928,62225.24177863838,21904.180825165033,-5.0,122.71892356247429,8.0
13929,35206.04675875169,2393.8632158121395,320.0,131.33887776771263,8.0
13930,51256.28915167581,4855.73809034337,94.0,116.2062091190511,8.0
13931,31662.348132687468,13951.884827082782,333.0,106.42935926992988,8.0
13932,40818.16954137231,4508.506339098584,279.0,112.90035501476154,8.0
13933,9029.277136659519,2209.1590953654113,-8.0,100.4123886954676,8.0
13934,56730.16005515174,924.7244495856139,23.0,128.10057104995497,8.0
13935,28606.503221647676,1736.417763012612,303.0,125.97712470084335,8.0
13936,52049.70398209066,924.8973783202744,72.0,137.1286014014179,8.0
13937,10411.291117981258,1849.9380999824207,58.0,108.17847083434931,8.0
13938,40601.11653317253,1184.2740700414256,26.0,117.18325018291245,8.0
13939,34939.5526889581,1470.9672534053927,9.0,110.87057541402405,8.0
13940,10262.096642392366,8561.761919791265,80.0,110.00909886187668,8.0
13941,9017.350366538838,6659.107144899131,6.0,102.60687634513796,8.0
13942,42090.02332118192,12817.329404108326,380.0,111.9757079248002,8.0
13943,53270.89284077453,9110.760614432167,28.0,122.7730357606181,8.0
13944,32892.469875465285,14444.677242254817,98.0,111.13036176060719,8.0
13945,29744.14959168992,8706.233208796462,45.0,116.33177080968042,8.0
13946,45524.993753083065,738.1007849985283,43.0,131.16698952179067,8.0
13947,59488.379672248295,1180.0606619685782,12.0,130.4494232803268,8.0
13948,26863.179695314182,925.0147949824316,86.0,122.46164231098358,8.0
13949,58868.583787212076,1179.5066892083714,50.0,130.26618242806438,8.0
13950,47228.27364072988,3772.5387314940517,28.0,123.30409677570218,8.0
13951,44998.707909879085,924.9259093724678,26.0,118.40339614263581,8.0
13952,65482.55570334809,55288.9260705366,116.0,119.45402428807506,8.0
13953,6474.377327447898,5549.501657779122,-34.0,92.2876218871588,8.0
13954,53162.005579565826,4721.539508520065,64.0,116.85138413341978,8.0
13955,43467.60444333001,1180.5794668888948,27.0,118.02476230812681,8.0
13956,52990.05939759962,3137.6262606629953,49.0,132.5994265478977,8.0
13957,53641.5691908916,924.9982336288551,22.0,130.45753146854423,8.0
13958,47536.89268464164,924.9289934629165,119.0,137.9936241030627,8.0
13959,36400.803231944876,1990.40925344335,33.0,123.17523658320906,8.0
13960,38877.48459339655,924.7719725916916,63.0,127.76094049070346,8.0
13961,19007.12291812806,3475.8822273006804,128.0,123.06392893340183,8.0
13962,57939.33749694694,55971.49990024273,-126.0,113.74178591596186,8.0
13963,18804.201817482426,2365.2323102775986,45.0,113.15398985181926,8.0
13964,27265.55566183212,1472.2314315717376,12.0,113.2058841903826,8.0
13965,32426.601855589088,11786.246045791477,186.0,105.06260049430125,8.0
13966,18435.54256639086,6628.003750449576,56.0,103.24745635697793,8.0
13967,36709.12406994672,19326.115561074115,-84.0,114.27802553271053,8.0
13968,21527.813321620266,2944.751636261471,140.0,119.31624341264721,8.0
13969,33037.447364682266,1471.3610584720657,210.0,124.03473429392477,8.0
13970,43951.970019473236,1179.676330605913,190.0,135.96637931147367,8.0
13971,23391.504828003315,1183.4760712267853,36.0,120.39334887834308,8.0
13972,54928.06551412666,39685.51969444126,372.0,113.90579794456102,8.0
13973,32209.254157244934,7882.820779751193,139.0,107.16175520167052,8.0
13974,52768.271764061996,43265.92846483141,291.0,129.79994060328204,8.0
13975,3772.150535520844,924.8762556479074,5.0,91.30041929937924,8.0
13976,59896.66230031289,17209.090483973567,183.0,128.24288904515592,8.0
13977,6345.020288264731,2881.3347003125145,47.0,104.99249143256968,8.0
13978,9813.275403198357,735.2660866953739,133.0,119.93932114245638,8.0
13979,7872.456281641047,1474.0347782911997,29.0,102.6599852422794,8.0
13980,50850.47949466734,6910.2669420245775,364.0,122.50452778677564,8.0
13981,37564.4483923811,733.9673150305033,24.0,114.53559977353748,8.0
13982,33862.97812366047,736.7909742211795,26.0,115.49031751867588,8.0
13983,51225.19274358924,9197.176242355496,282.0,128.0905549648238,8.0
13984,55944.579767194286,739.756412466085,69.0,129.58528423373997,8.0
13985,37584.23233758975,2870.054519016527,137.0,121.15467105642594,8.0
13986,6659.945608802076,1182.2459929574538,45.0,101.57286235621665,8.0
13987,44917.297114500005,4039.586233181282,16.0,119.94692644533627,8.0
13988,52069.796741129336,7105.703288395437,90.0,131.08980516486207,8.0
13989,63165.69321723021,924.9265624666401,280.0,139.9406780616558,8.0
13990,54018.696380319925,1990.1813246974068,82.0,124.52380858476737,8.0
13991,23608.470004382103,14041.44444096911,175.0,103.878036025708,8.0
13992,46604.14263151482,6328.14906714422,152.0,134.02791791751264,8.0
13993,46643.674638291515,5740.220056135338,49.0,119.66804316178454,8.0
13994,37492.45446207124,2388.6932429247518,72.0,128.20939423867702,8.0
13995,32128.63379783254,3139.3163511870566,123.0,122.45897865148518,8.0
13996,35884.66647061685,5975.095395657126,370.0,118.07270930248247,8.0
13997,39444.3607973889,5227.460365354305,250.0,129.2120332222346,8.0
13998,55401.70383469431,32901.90989095412,59.0,115.59845059878329,8.0
13999,32670.62907257861,14357.298887419041,56.0,116.23796777636622,8.0
14000,8698.521339617142,8084.222932622593,-99.0,95.08260858816702,8.0
14001,17688.410532690683,11812.84563775767,220.0,119.88402666353073,8.0
14002,49396.14448460616,38437.22994337398,67.0,115.86752763829608,8.0
14003,58772.85801672103,1179.5076365583793,131.0,144.3939941648787,8.0
14004,14355.12681093524,924.8730089812033,15.0,105.82577428797313,8.0
14005,19211.49423218376,5908.418011736819,210.0,119.82282701128872,8.0
14006,28828.83444600201,735.3236622137078,5.0,111.62472225544741,8.0
14007,34696.215617555776,734.2332224101353,9.0,118.54991115546935,8.0
14008,39067.95568202441,18541.855280651693,16.0,115.92511154916434,8.0
14009,66297.36112220224,27014.17799369831,44.0,124.75537239631953,8.0
14010,45565.497641372145,1741.582051238839,97.0,125.14108983020209,8.0
14011,61052.632559882324,11743.264748272637,59.0,128.77809334231495,8.0
14012,19144.947968976696,10253.329510750189,129.0,120.22056789021032,8.0
14013,16308.465755338615,1472.3447731234085,152.0,120.38716971345167,8.0
14014,41526.40989635105,5969.669039255885,210.0,125.28553846834608,8.0
14015,33990.660910465675,17144.855414344005,71.0,115.03800539980566,8.0
14016,45169.34727499045,3474.849702821887,177.0,126.40673808718411,8.0
14017,18885.909121142937,4125.148743398863,159.0,101.50585184118412,8.0
14018,36964.498155725545,3980.560311952413,43.0,109.35451431435948,8.0
14019,68403.04558838111,2891.7693419480997,278.0,134.8686705260257,8.0
14020,40752.59807094391,1736.5044196026165,157.0,119.79364354850154,8.0
14021,31668.124025029487,734.4783301580318,118.0,136.63564820510808,8.0
14022,48616.45695610949,1734.115723988378,107.0,125.85161006404101,8.0
14023,33475.19553088524,737.4200598117138,130.0,128.7372585025219,8.0
14024,37819.663811513,16308.077052375791,139.0,110.82546220024824,8.0
14025,32494.09673649317,736.1239211221342,29.0,118.91586224683213,8.0
14026,28105.802879236893,10345.103442716061,50.0,110.56599352335384,8.0
14027,35951.36162021244,1474.3803089990402,234.0,130.85596681876206,8.0
14028,39717.47238956972,37992.20087315516,-52.0,119.576586046062,8.0
14029,47741.50255745525,18730.844397648434,64.0,118.4869248715978,8.0
14030,60825.10027468894,4058.053000804602,350.0,131.89339320961741,8.0
14031,31857.3861685533,24439.776845437485,12.0,121.6505019337481,8.0
14032,66033.07907164935,740.6393390800848,148.0,136.7389856280313,8.0
14033,48278.79974102358,924.8953111224897,42.0,124.57309222872072,8.0
14034,47891.33193518354,5230.435651235483,38.0,125.03475111352998,8.0
14035,28146.47516752005,4852.090502371014,115.0,134.31616012398788,8.0
14036,53887.04866281006,2360.83916962728,80.0,125.09404963045512,8.0
14037,50313.34940042595,4850.941095928321,125.0,126.98208546726214,8.0
14038,20415.562838696285,736.009618494439,56.0,114.91781377898239,8.0
14039,12818.40475561157,735.9908840964905,39.0,113.14593170709733,8.0
14040,45615.848979853414,25023.280583452593,82.0,122.34870614610156,8.0
14041,48904.1842476033,15920.83543197784,53.0,113.48429366035936,8.0
14042,44444.327350713946,737.9667623751202,100.0,129.12445380912595,8.0
14043,35384.999294850575,4126.1093826272645,189.0,117.6119737797657,8.0
14044,39588.777307928016,3138.986994995301,189.0,126.87814711315147,8.0
14045,65400.94230370116,48392.57711236573,361.0,136.56734996319682,8.0
14046,23310.282754110103,7436.11193626234,177.0,119.18647418331017,8.0
14047,38233.73822817933,2398.2915993845536,27.0,119.79225638639615,8.0
14048,31781.236523015632,9511.276040150227,46.0,120.44353349995198,8.0
14049,35424.16553085588,17712.301575237503,213.0,123.85145302416413,8.0
14050,27013.57982569569,6839.73736877992,72.0,105.67388274422338,8.0
14051,40692.223726154596,739.8659357916766,25.0,129.34541371291613,8.0
14052,52565.604595084355,4053.557920487279,370.0,120.36603014979015,8.0
14053,54692.43448260266,4039.2100259112767,74.0,122.91654355512985,8.0
14054,35170.83293408633,924.8132953582102,10.0,111.9461746021307,8.0
14055,24904.155348730656,13297.564410044251,546.0,116.39752164240933,8.0
14056,36548.75888067057,11196.02577877182,255.0,112.64200489503754,8.0
14057,49529.2870239197,3552.9658162481633,58.0,119.97805903350715,8.0
14058,33073.75464642204,14556.169508546916,132.0,121.46997222324883,8.0
14059,39680.95412181852,19917.834168819572,32.0,114.43991500111053,8.0
14060,43197.19658369094,2877.3218648968664,223.0,111.46585305177854,8.0
14061,63548.6692767687,9240.051597344896,84.0,128.2565985016804,8.0
14062,27642.300068235923,18435.591874905655,-20.0,118.67602866109337,8.0
14063,55500.557164673526,924.8385034819812,62.0,132.52234952071768,8.0
14064,20569.02390612805,738.0203087175357,66.0,120.1994506760252,8.0
14065,30135.32707223611,10615.657031765015,355.0,126.08047947770385,8.0
14066,40771.390120897384,1181.0718499456784,17.0,123.31668732731423,8.0
14067,42295.12779797392,7830.704673337238,42.0,114.03005662253992,8.0
14068,31532.614177790445,16786.808074795616,84.0,113.07633648407614,8.0
14069,53255.53757616224,2369.126727251411,211.0,131.16714338880178,8.0
14070,46718.041112778345,2870.011575684737,123.0,124.64348574396321,8.0
14071,32876.71872872873,6640.930507524226,68.0,113.26045075917708,8.0
14072,46309.30464112527,1742.9363315679507,69.0,121.90558524647494,8.0
14073,24298.19808059466,7581.494072576609,25.0,115.69335952296314,8.0
14074,44649.661933900046,924.966622296282,251.0,135.48129710279423,8.0
14075,53431.52363155601,37333.17530338046,280.0,131.84940619888752,8.0
14076,32903.1687192543,10410.389534025551,100.0,107.47157369340857,8.0
14077,45273.89238896179,2360.4639597633145,5.0,119.4292110499725,8.0
14078,26670.23764601409,20508.555402324768,12.0,111.32231550528213,8.0
14079,39657.793587396874,735.3327304208088,84.0,126.58350949706966,8.0
14080,27813.676379105425,1990.31376495287,23.0,114.89252006282116,8.0
14081,43895.09035692551,3793.2856675152193,120.0,115.84449641290777,8.0
14082,59993.963683085276,3137.288242218513,151.0,135.22968579847125,8.0
14083,40760.16123893289,24433.443926751228,120.0,121.39451926345086,8.0
14084,41304.415238983565,19792.604258110267,139.0,111.93059396963359,8.0
14085,44222.10779612816,735.3913402690282,159.0,132.4288763893889,8.0
14086,40863.253464841924,1849.9688029135848,139.0,128.99034529772553,8.0
14087,34051.76877464655,4722.007017739487,90.0,129.95010817368328,8.0
14088,57209.27587274028,1179.3320868509602,30.0,120.63638933149107,8.0
14089,54131.46383967178,15540.546158519732,145.0,122.82844296309736,8.0
14090,43933.12475112867,1180.9613858779235,34.0,118.36200894548992,8.0
14091,27390.32780633413,5236.55844293212,38.0,115.15324439710412,8.0
14092,24277.690318316505,10960.831800660166,80.0,119.91895603402904,8.0
14093,31755.28024299302,2870.38379505513,190.0,125.48610685111512,8.0
14094,25623.533690202978,23633.161514495972,-58.0,107.49645576421662,8.0
14095,42715.13605169706,17251.295846696074,229.0,127.43980513153595,8.0
14096,35722.66876039991,1180.3134993701708,79.0,136.3387690986825,8.0
14097,15019.346936240989,2882.6343185286582,47.0,112.94830168578184,8.0
14098,38381.63362922046,30793.794089473766,-379.0,110.43627283266308,8.0
14099,51810.087293668505,6911.697517027225,224.0,124.5928522978934,8.0
14100,44721.2900828632,4055.947043736921,59.0,117.6771453982762,8.0
14101,43843.189711067265,37184.794709917696,41.0,114.81725271126282,8.0
14102,43947.24580162059,8682.683417511382,44.0,118.01058957557167,8.0
14103,23622.616053909387,2943.0835431023443,74.0,111.09966696686996,8.0
14104,19495.15203416247,736.0523785555544,15.0,112.31400644968656,8.0
14105,51130.50383053857,3699.3373283906444,142.0,114.14270413066765,8.0
14106,44988.87658601581,15384.356391582041,320.0,115.81223169112823,8.0
14107,42447.93253960538,13034.964332297875,179.0,124.92579763447029,8.0
14108,22568.62090004384,5963.708869406107,193.0,119.91193214073431,8.0
14109,22307.9489992898,14871.945860934291,-131.0,108.75431226675599,8.0
14110,56236.651757720574,30279.90428468239,88.0,120.21748636428006,8.0
14111,38806.03202407307,18425.953997200315,88.0,116.43143663435254,8.0
14112,29550.588317154667,21974.144500729377,-84.0,110.96063382510177,8.0
14113,41584.57142766896,37561.18391314791,-41.0,112.10471148734501,8.0
14114,23738.748058484445,6695.898697337364,113.0,106.92692899196555,8.0
14115,43498.03656302384,7399.946504434967,399.0,130.4808584131335,8.0
14116,37691.4677449913,1735.3634633164882,24.0,116.28431795181581,8.0
14117,24525.787566499268,6963.22364001004,122.0,113.03729862616505,8.0
14118,38315.452056502094,736.3194793316991,115.0,125.35271283721133,8.0
14119,13450.689501497647,8246.403511488115,77.0,96.91929024097193,8.0
14120,40768.70344661886,1181.7024865672704,329.0,127.82599814208552,8.0
14121,25687.468346129597,4795.989144350742,51.0,111.24654268501489,8.0
14122,63675.36931902208,22979.848784794507,63.0,121.5782702187622,8.0
14123,36690.54245741374,15921.667675848745,488.0,130.36340584877144,8.0
14124,49773.6438024617,1184.0408592855047,156.0,130.85319202948395,8.0
14125,41462.78292793319,1734.7525566952877,128.0,126.24563203136535,8.0
14126,32186.337432281016,4305.879575476363,74.0,115.83942526399838,8.0
14127,22709.1286897064,20747.567034167336,91.0,106.19577404236264,8.0
14128,59629.173275573885,924.9303240038291,228.0,137.66794472805583,8.0
14129,23251.47477778895,2391.7816231420506,125.0,132.6614587197557,8.0
14130,27020.235190792988,5480.230706667618,99.0,109.15423949095005,8.0
14131,14355.284247310883,925.0011768849733,18.0,106.37598525464236,8.0
14132,33062.1966169308,2396.825878230975,198.0,126.40168081026403,8.0
14133,28312.973676508056,734.5627829972732,61.0,120.04142434503254,8.0
14134,48933.8269723753,925.0235772349907,15.0,118.01972151117107,8.0
14135,20165.264643705887,5217.03370410778,21.0,108.15693028620933,8.0
14136,39702.72123296197,7719.6805084908865,317.0,129.31345877450994,8.0
14137,41574.30989728949,31376.55171291031,116.0,116.57758528538582,8.0
14138,45840.086900137794,29004.38064867935,99.0,122.39034042162999,8.0
14139,31763.261674440644,6402.221754314013,85.0,119.29109799750904,8.0
14140,19411.08173102567,1180.8569057099755,45.0,118.39351824937911,8.0
14141,51004.7669358028,7435.96569748345,236.0,127.26123231181515,8.0
14142,36055.4541077054,11727.250344272115,139.0,114.35103709249788,8.0
14143,20541.534130900814,2397.6128882093817,91.0,112.38254899635733,8.0
14144,43098.752299202315,6698.778987678213,90.0,116.81257397206377,8.0
14145,31714.057662176587,12706.310410686818,371.0,127.43732628976055,8.0
14146,55784.51296557735,924.7327958815355,16.0,120.83949144322516,8.0
14147,44218.62719963383,10410.166320244058,14.0,120.04816173447615,8.0
14148,21996.195028001795,1183.7863841222875,96.0,123.53869669610559,8.0
14149,45415.07516451907,4624.14086612486,138.0,111.72909952717552,8.0
14150,59187.57250695153,739.8276448807,22.0,130.88146023857072,8.0
14151,31673.31246238929,2209.6565852096305,413.0,132.82609793211168,8.0
14152,45571.74712280336,33470.85760045169,168.0,111.67735446481805,8.0
14153,49451.73869854167,32611.92824037235,487.0,132.12836249314938,8.0
14154,30602.521216124347,924.9240687653528,74.0,121.55004895241336,8.0
14155,40309.74527883266,4783.080970291008,34.0,110.49810232219401,8.0
14156,53726.8875807474,6474.72969632411,121.0,121.1868624315658,8.0
14157,29912.82500122395,1990.3629961111458,9.0,125.30297323638095,8.0
14158,26188.89205607375,6691.4606586537375,174.0,119.79063364811222,8.0
14159,25785.831477733405,1741.7413424429276,154.0,120.39939147410712,8.0
14160,52274.757423567324,1732.9562475436971,59.0,137.41290068115296,8.0
14161,52954.65715977455,10925.913910378904,208.0,124.2204027081579,8.0
14162,42798.76223130659,4304.385911449734,56.0,119.8706485255714,8.0
14163,59743.370349065335,8733.62255521733,199.0,133.35619493735882,8.0
14164,42812.295834940356,924.898262016257,43.0,120.32479106095542,8.0
14165,20654.610417895714,3799.7487931077644,24.0,108.3078718064875,8.0
14166,51857.95245844207,924.8847638292939,140.0,131.39860362406782,8.0
14167,45803.37529850043,3771.9218428600516,59.0,121.60392760014065,8.0
14168,65761.57358814905,1179.134678615827,97.0,141.5206608840894,8.0
14169,49219.72683608564,7435.921410674161,114.0,125.18478490633147,8.0
14170,36499.30889926882,3541.865160882113,193.0,136.97028798910344,8.0
14171,38197.37940374273,12244.633145059417,88.0,109.31650145929997,8.0
14172,63206.51799087012,22510.20961242248,63.0,121.62049267969782,8.0
14173,58748.38537606577,9414.891136415705,40.0,120.65022429389259,8.0
14174,65074.67274879155,3136.684348573915,371.0,136.72744985101264,8.0
14175,4514.9359084990965,2395.373514991316,1.0,91.24799055490575,8.0
14176,13970.553454328772,13476.649481149196,-88.0,101.66588243278355,8.0
14177,25630.967405417323,13393.89656119677,67.0,107.93642617542888,8.0
14178,33409.35496940297,1991.974925217517,55.0,124.80031061682391,8.0
14179,60899.42451489077,50661.838902757234,204.0,125.96301248737541,8.0
14180,40883.55561910285,2875.447287748324,108.0,127.8422107315404,8.0
14181,45578.420235973856,1181.19415253977,130.0,122.7429010092645,8.0
14182,47175.65017738417,11098.528107166847,100.0,115.01523537761588,8.0
14183,17433.337134588008,8554.25267822048,332.0,122.56416949076498,8.0
14184,27361.245220646393,21196.062135552966,11.0,111.49880758186013,8.0
14185,31805.32103507468,11827.903096988148,68.0,112.87082502426735,8.0
14186,47531.67366420828,1184.4913314980076,55.0,131.33960761680973,8.0
14187,55819.887003778174,2873.4791256306285,589.0,114.67092387402295,8.0
14188,57362.06229259653,733.7554475763968,64.0,127.85449380422321,8.0
14189,29813.934822077877,12803.216412892627,183.0,118.45197579671454,8.0
14190,27052.557718355,734.2378978000734,163.0,129.01566513475223,8.0
14191,36675.17680461562,1989.922034674932,50.0,117.50334069834527,8.0
14192,31319.249823208604,11076.525259772148,73.0,119.17288156434404,8.0
14193,10312.215002719211,2946.1734079938055,10.0,99.4164070576088,8.0
14194,27207.21789192935,1183.7659058228126,109.0,126.64811782338647,8.0
14195,55016.8876631867,1734.3558296987794,42.0,121.24296822047617,8.0
14196,34644.457969523326,27297.124813586695,17.0,111.55746485648685,8.0
14197,67148.06441442165,9476.764462395198,142.0,118.72040475822305,8.0
14198,52017.9941782776,924.9880174826615,64.0,140.4525482861212,8.0
14199,34696.07207933109,736.9044784451306,67.0,121.83961745708565,8.0
14200,53856.37212957222,2359.61500513405,102.0,122.37775461735828,8.0
14201,50850.22685318059,24447.391071523376,115.0,125.10420686703937,8.0
14202,58303.42019211393,8625.044985663633,46.0,118.96318927319403,8.0
14203,33996.816638483506,14760.02169189805,181.0,105.97009542973034,8.0
14204,32673.0511760431,14963.452882079018,316.0,107.4639653192243,8.0
14205,26632.629439918834,3544.0874639080525,21.0,111.44254004806936,8.0
14206,23170.364540326937,1849.9407971978774,64.0,116.22534220215167,8.0
14207,48736.26493781411,21637.943768066107,99.0,118.46373652375206,8.0
14208,18990.125730666077,3798.178541850064,1.0,105.7824114257808,8.0
14209,42468.2419832863,3794.4589474612576,176.0,125.95094883855182,8.0
14210,31019.707580545004,11075.496622211349,133.0,119.09221385522747,8.0
14211,45906.38834242039,30878.256193416062,87.0,119.13530116882792,8.0
14212,65369.59069971923,2359.617397543246,118.0,128.1697591692247,8.0
14213,39381.202638452385,738.2823505222125,126.0,129.17224207158685,8.0
14214,18731.768013127163,17819.040921915966,-283.0,98.9846645476174,8.0
14215,43801.475820795495,28955.242300831436,198.0,111.27316790967902,8.0
14216,18057.748683322872,2394.9215785758506,166.0,120.0284200820372,8.0
14217,31104.149900969165,3800.044533274503,34.0,107.70342718192379,8.0
14218,41525.65262500686,22495.279511217224,60.0,121.5520692813638,8.0
14219,47008.206966987185,925.0124841387236,131.0,130.03034274535364,8.0
14220,50098.58920046489,40603.69567237528,349.0,129.65389531917725,8.0
14221,46376.12796625635,25038.45786337134,318.0,116.01507828894015,8.0
14222,42056.668210398406,1736.3947823719914,221.0,111.6137439732303,8.0
14223,42536.03837972505,17716.125371825903,16.0,118.55274445486542,8.0
14224,25991.51251530207,1182.7624612118889,43.0,117.55865376007338,8.0
14225,65676.60027666065,924.9046501478451,100.0,131.60232185950267,8.0
14226,21437.563266689005,736.9337607638157,37.0,117.4772255632231,8.0
14227,47981.17683098603,3485.62184972375,121.0,121.5406505011535,8.0
14228,26661.279160319373,7422.780608267073,180.0,119.90614733145333,8.0
14229,18782.80710700281,1183.3104349249486,214.0,120.36379359367893,8.0
14230,25564.50334835893,8083.22805317073,334.0,123.404511152156,8.0
14231,48793.43669876932,5489.388107504116,193.0,113.48271920721223,8.0
14232,41687.58930634387,13458.57359634087,275.0,114.99354657479911,8.0
14233,67758.34778766012,59480.6461689909,153.0,112.99092892314603,8.0
14234,69364.53611895739,5490.858638885424,128.0,120.63969922282391,8.0
14235,47918.55935186906,924.8881008154391,14.0,120.24791491928626,8.0
14236,42571.18766380296,4624.448815964195,103.0,119.18830947207348,8.0
14237,50962.357249969726,3984.621957302403,68.0,122.80936922480164,8.0
14238,52541.45679804995,11844.917642358347,63.0,119.12478897627287,8.0
14239,44919.821939066744,736.8867237388467,213.0,134.92675697607325,8.0
14240,18731.582099059044,5598.20949570797,10.0,115.5364551829285,8.0
14241,20467.785722086664,3699.547732530294,41.0,107.66986613431493,8.0
14242,65841.84549658999,57563.406160306644,153.0,112.70431505649233,8.0
14243,49699.87310178789,1744.3660190727317,89.0,129.14908221594368,8.0
14244,40309.264170973765,1180.011592029978,242.0,145.76021305552072,8.0
14245,42250.477780414294,8082.043408496943,96.0,120.71601116807491,8.0
14246,43247.90894695309,924.8994345996242,35.0,125.49549593022516,8.0
14247,22593.60057771786,735.5333195118758,20.0,115.18090760502892,8.0
14248,36259.97794351569,924.9555988288326,12.0,121.11308843476064,8.0
14249,50159.06316610832,18471.9889274627,96.0,117.16831951624444,8.0
14250,43581.22008049279,735.6177600276108,79.0,126.0578667827074,8.0
14251,28823.99077426833,5767.5604482445115,124.0,119.09003622178913,8.0
14252,69837.2036181584,56831.03350395776,99.0,120.76592602403011,8.0
14253,39840.44137319194,4110.785154251721,45.0,115.43195958872167,8.0
14254,52218.05223977725,5121.271026446924,87.0,124.14696266763872,8.0
14255,25319.312635889724,5479.707463054565,111.0,117.38100200586419,8.0
14256,55384.80639792768,25157.15397042992,178.0,118.16602340151451,8.0
14257,64654.63164090229,24880.889182504074,61.0,119.30597350995058,8.0
14258,51961.294840542425,4035.4217113669156,264.0,143.45900225382107,8.0
14259,14976.447056101042,2363.656560262252,14.0,111.98966105191982,8.0
14260,24294.91856152523,1183.7659058228126,109.0,128.93061903540683,8.0
14261,36199.84020380659,16965.948584527614,181.0,107.639563118938,8.0
14262,45109.51709294957,2361.0774054766316,92.0,122.87652723057298,8.0
14263,38300.446912004816,736.822648031903,91.0,126.9162597352134,8.0
14264,10643.941996513711,2365.3609255768793,143.0,114.56019875776991,8.0
14265,45535.45724805295,3772.7694266669578,94.0,123.12219017139422,8.0
14266,23886.321917013065,6520.291327142702,203.0,115.08577344974404,8.0
14267,41986.50337000186,32478.209009899212,311.0,128.10163817467875,8.0
14268,23108.24136110964,6952.396363858493,47.0,109.69845116216457,8.0
14269,55902.15575120016,1184.750824078016,66.0,132.74915306996965,8.0
14270,10346.503809389074,7418.211295992313,15.0,102.21684484367952,8.0
14271,5741.722579470577,3772.3116504010336,57.0,94.22859613030946,8.0
14272,46946.63023466031,6638.077048060554,537.0,135.8503638943069,8.0
14273,21170.59216884285,19197.476211619392,73.0,104.39524478602172,8.0
14274,51618.629136582495,925.0274218357558,37.0,128.81207000312773,8.0
14275,45102.895628633385,28091.707957105853,436.0,133.87142539363342,8.0
14276,59629.61954301518,3984.926918541536,132.0,131.24694460602493,8.0
14277,40322.812597688906,2877.603855953134,88.0,129.4084809785318,8.0
14278,33926.38583272497,22110.75827197086,-97.0,110.30840700465944,8.0
14279,31848.760191361573,924.9825714349739,37.0,121.56710587767262,8.0
14280,44339.82394547112,4041.3580754496356,228.0,127.98789843240598,8.0
14281,57122.74689575632,4850.602395269988,237.0,131.94492919511833,8.0
14282,27606.28630313206,6279.268943704947,562.0,130.59463254724668,8.0
14283,9102.569589366742,7113.265498636808,29.0,94.36467998168695,8.0
14284,30042.267910150385,17750.11008952576,64.0,114.07241209709224,8.0
14285,10587.782372778316,924.8653925115381,119.0,117.40664764611024,8.0
14286,23413.663924415116,3771.932721276438,237.0,124.76633756613299,8.0
14287,23932.402561330073,17278.75176517727,58.0,106.96745751698353,8.0
14288,40488.82241349881,7358.55352013297,358.0,129.39418346504544,8.0
14289,64182.55490391567,924.93784953426,173.0,135.7898273089791,8.0
14290,52949.72844717566,8626.52317714341,404.0,132.58642774892726,8.0
14291,47195.675179062295,9249.75106719945,117.0,118.01105824023698,8.0
14292,46643.20453874438,925.0235772349907,15.0,120.33926678800191,8.0
14293,34058.896635409445,924.8394944552796,58.0,128.57464568088798,8.0
14294,53647.99964848094,37002.06116280111,299.0,116.77288447007948,8.0
14295,59498.85163741869,46702.443513158025,87.0,119.93551942790687,8.0
14296,56629.76437467062,11955.180373602412,43.0,121.37943388314903,8.0
14297,57535.93139897123,6669.898279269131,121.0,127.42106769583421,8.0
14298,35921.9391020136,15669.769005099493,73.0,120.32676479161628,8.0
14299,46656.27495582775,4041.012063966422,49.0,121.51478035529799,8.0
14300,7186.131758700664,1738.7375858530852,0.0,98.35136852022707,8.0
14301,52062.769682633894,2869.6736878241104,165.0,128.48065292873534,8.0
14302,37633.157703788704,17251.89121598631,88.0,114.77909495040807,8.0
14303,27989.60971470405,1183.108278945561,76.0,120.42802458654913,8.0
14304,31066.36557672254,9418.718538465226,309.0,122.64417608873296,8.0
14305,27561.17856205086,1741.157121269638,47.0,105.33185170039252,8.0
14306,41177.371145565325,2396.282997403699,41.0,118.52466022638912,8.0
14307,49045.18030068847,12024.871601719935,224.0,118.993345412124,8.0
14308,42131.8551181333,924.8689120205964,190.0,132.59558101638518,8.0
14309,37354.80216601085,924.8218957910044,32.0,115.82608702819402,8.0
14310,16956.969645545116,9614.409638800586,35.0,106.72993666243948,8.0
14311,5853.544832206074,4120.210345193294,79.0,105.83285768483385,8.0
14312,18494.063545576228,736.5670834193722,39.0,113.08206611177074,8.0
14313,56056.873616309895,12113.798970300131,37.0,123.7857913462011,8.0
14314,3679.7742735327874,2943.9911580694347,-92.0,86.04156242922315,8.0
14315,44695.68428955082,6516.488956276867,51.0,112.98001804359164,8.0
14316,41232.47321153118,1989.88434927082,73.0,121.54930613934556,8.0
14317,60303.14778580119,1179.681053470481,40.0,128.33546116344675,8.0
14318,36712.005277408,15205.787428050451,139.0,110.43012196206581,8.0
14319,11619.088123450076,1740.1527224116676,65.0,110.09573304954647,8.0
14320,31867.399374836466,23414.710887503603,364.0,127.01196720843313,8.0
14321,13351.644610211544,1474.189231511665,71.0,112.69993094741625,8.0
14322,33452.16002746512,21347.724386610567,183.0,115.2853049084043,8.0
14323,9936.808191316613,737.8706062464614,68.0,114.19436411534167,8.0
14324,35637.585759242684,16103.37774876982,77.0,120.25974178950153,8.0
14325,43180.729299938415,924.805353863947,42.0,119.02957493887801,8.0
14326,31158.55349534585,30480.124327608137,-306.0,106.50893158487717,8.0
14327,26739.44977591023,2398.5372713092734,134.0,121.29157048388225,8.0
14328,33370.29538904696,5598.307769401574,113.0,120.86051945897437,8.0
14329,23951.103166815235,2367.1977468601854,40.0,109.05624812885847,8.0
14330,64479.18028977055,924.9218200987615,55.0,143.59296848293243,8.0
14331,37235.87237474955,15889.09516349073,-14.0,112.07521084620785,8.0
14332,45034.00796173941,35090.62054433187,445.0,130.93871599259032,8.0
14333,26115.504566201987,10449.272655580346,433.0,127.26233762646044,8.0
14334,21352.5461662224,3797.6729390673677,179.0,117.23371525430133,8.0
14335,49527.285361774666,1180.82852714522,66.0,138.38454177982456,8.0
14336,52405.50938088594,3552.6622453713785,289.0,132.16437822207104,8.0
14337,43184.84950090799,16884.263130078623,44.0,114.79823836721593,8.0
14338,32272.382198693474,12341.900597844182,249.0,135.03244442146723,8.0
14339,62411.67469489543,5492.649296514154,211.0,131.44637075788313,8.0
14340,44140.77485212165,18308.551853208395,147.0,115.43189846891232,8.0
14341,28649.514929131157,14558.635126354884,163.0,116.22310083568252,8.0
14342,4309.136650892078,3546.856482341678,-43.0,86.4442647868694,8.0
14343,41058.759710750666,39337.0751413086,-146.0,119.40471798816088,8.0
14344,59665.68043607389,42651.13956436036,183.0,124.63490578603349,8.0
14345,35002.555532412174,1849.778138548927,97.0,130.0268559995586,8.0
14346,54925.151435385,15860.84027104461,63.0,121.23089494485875,8.0
14347,16097.577552941042,1183.1327759732646,10.0,104.23255736795493,8.0
14348,55246.647477281585,6909.786377015148,388.0,123.84763146887913,8.0
14349,44351.0698712199,18051.982686720443,44.0,115.00902363433038,8.0
14350,51984.276212251105,12970.36604897955,159.0,119.12096858056672,8.0
14351,27117.877847311018,1183.2105402097734,78.0,117.64531024679067,8.0
14352,50412.841417860436,925.0073478269871,43.0,121.79367440849495,8.0
14353,37537.8393142786,8258.115057750721,196.0,133.9812580259251,8.0
14354,58709.43051610479,924.8321349182654,47.0,135.83788124726863,8.0
14355,24206.293471686273,3794.980367639497,236.0,123.71453143005027,8.0
14356,44033.458053071045,32474.03465626248,120.0,115.12308221769474,8.0
14357,48654.661654966854,2774.879953704471,285.0,132.3646127326267,8.0
14358,54816.84730638941,739.2585163905779,55.0,131.09423719451945,8.0
14359,51845.04343799416,15741.98698544646,394.0,116.6178085563293,8.0
14360,40005.97587231299,1990.286258404755,16.0,114.56249719167708,8.0
14361,40177.47300640271,8161.667827676153,210.0,114.99550997376787,8.0
14362,62420.48770750254,42046.90684564164,88.0,120.3148726682992,8.0
14363,45820.852129491526,9005.94005412656,198.0,135.28069240267345,8.0
14364,36394.10162543611,2210.633772342508,490.0,135.4673102043197,8.0
14365,34508.82257751927,736.822648031903,91.0,126.69638365240652,8.0
14366,22198.644125809824,924.9205350314269,91.0,120.50226316378593,8.0
14367,20295.311875143074,3771.8734284834263,206.0,127.35069893889977,8.0
14368,35889.091742916185,3081.824331713618,127.0,122.3543911557844,8.0
14369,44419.60695491006,10173.6163727018,40.0,123.2097092069375,8.0
14370,29507.95129941088,6400.7661477117,179.0,121.72658500831477,8.0
14371,28852.462680968547,734.5606152628428,175.0,130.40283346893105,8.0
14372,51796.28935652266,8077.001573747273,56.0,118.49631830407309,8.0
14373,39023.01453163224,1181.0918245557607,66.0,120.74813746689428,8.0
14374,52801.9461204019,732.8688950544764,293.0,140.44082308129245,8.0
14375,64644.30352834449,1185.2904776808166,97.0,129.09681267126618,8.0
14376,38655.42785012918,4619.41272050862,119.0,121.13162228789211,8.0
14377,57716.92609512194,11362.38350703991,33.0,117.65533977120283,8.0
14378,52391.272458628155,8063.07282626949,416.0,132.8771591635489,8.0
14379,18861.869023860538,5598.289676529064,130.0,110.20347488034953,8.0
14380,36185.10323598123,9097.64261885022,135.0,109.5017655007681,8.0
14381,65854.4549702041,732.001396831517,177.0,138.2801467382713,8.0
14382,54485.32765241321,1184.127547473889,138.0,131.41445787694232,8.0
14383,30493.628864292357,14055.110481745627,73.0,112.00125139111805,8.0
14384,14044.818790150119,3799.120129002627,23.0,106.12658438922524,8.0
14385,31343.048823212455,8319.229801595855,45.0,118.96512339094141,8.0
14386,30953.741713317188,5597.9749529119445,349.0,110.04442500488149,8.0
14387,48329.13124006403,22170.766086934236,27.0,111.45696501425269,8.0
14388,20678.929136904702,12225.526871256981,309.0,123.62570213520505,8.0
14389,19497.731595576246,2395.105421525153,155.0,120.10979894507909,8.0
14390,35054.80646997428,9106.620196936767,88.0,108.02137275837448,8.0
14391,14083.894360607937,5213.287376464996,322.0,119.65086822499646,8.0
14392,24766.437254687255,16699.874570588865,61.0,116.1529248644716,8.0
14393,13995.11636425269,11785.376980702817,-26.0,106.57785888837668,8.0
14394,33046.2412168268,17052.973240392403,20.0,110.41084595293046,8.0
14395,6639.806789880456,4853.502516964423,-52.0,92.86494433486583,8.0
14396,40806.222368038296,12571.171820398738,281.0,119.48167925446415,8.0
14397,9458.480046380437,8276.037538715862,-94.0,94.07929361178742,8.0
14398,42704.545194483435,1849.9758404502368,26.0,117.73855958367815,8.0
14399,46600.63583247935,3468.1491782507637,145.0,124.97263066260348,8.0
14400,27636.042833921816,1472.6015187238943,17.0,116.59508673427572,8.0
14401,33041.11238381922,13277.81997296603,342.0,112.58920447807208,8.0
14402,49631.921651805336,40805.113029472326,-78.0,109.28441489439231,8.0
14403,45810.24779819532,1179.702463744276,117.0,139.22274826486802,8.0
14404,36223.2768706095,2367.611320640493,154.0,120.68742881557219,8.0
14405,50536.373120145676,8615.748434053914,81.0,126.26952297639984,8.0
14406,30664.566599400496,20468.313729791087,171.0,106.88260838457934,8.0
14407,55837.591745434176,7437.723843212209,201.0,121.95475244042933,8.0
14408,63599.52962101263,5922.468589112585,256.0,118.97315934113873,8.0
14409,37988.99524371019,5969.669039255885,210.0,124.6053094322233,8.0
14410,51301.905371294255,1849.6757653177235,45.0,117.35524039961925,8.0
14411,39246.19520782444,1180.86931398803,120.0,125.20167136348223,8.0
14412,20745.367989633076,737.8727159387493,39.0,115.59938005090437,8.0
14413,9823.894970713462,1182.52214112067,49.0,100.71031491178317,8.0
14414,23033.37658737334,2396.7319347034763,39.0,111.68794882492644,8.0
14415,41736.25827528135,1737.6859310770394,7.0,119.03725856587079,8.0
14416,51628.522845672465,11314.65396901884,536.0,132.9894469741629,8.0
14417,44448.39026822989,4602.438100661807,333.0,131.54269171464566,8.0
14418,51079.05282964717,4721.57625076136,108.0,117.38071982207585,8.0
14419,21686.77266247101,1474.3879980594545,57.0,114.71857718237504,8.0
14420,24680.80204814776,8612.430624734949,485.0,125.44858404406384,8.0
14421,60890.74890779227,740.7931791696552,86.0,130.8621795674305,8.0
14422,42981.12473356598,739.1567257790047,59.0,124.66961593367824,8.0
14423,53332.453719885634,5490.145931296655,122.0,124.41007472410791,8.0
14424,10470.114778761552,5235.280210976665,126.0,100.10574436769451,8.0
14425,39580.86764817214,29789.88243433228,70.0,116.78832120034106,8.0
14426,18630.172248568062,2870.5107605677417,20.0,122.00492427152906,8.0
14427,26070.796784256952,1741.5656035638372,134.0,122.34242941046102,8.0
14428,57879.76284335282,27955.38028562485,332.0,126.74228957451344,8.0
14429,60091.09674254001,733.3274197085921,160.0,147.10801157643226,8.0
14430,45234.670071436354,924.8759766178229,38.0,123.31440611460872,8.0
14431,24360.707633772254,6654.382691973428,385.0,129.54835312134523,8.0
14432,53647.80625565984,16647.285577577262,169.0,119.98670631739314,8.0
14433,50737.06647000027,1989.3575558146256,18.0,123.31101345054135,8.0
14434,48750.49810498253,33083.05865144975,178.0,130.12403359430013,8.0
14435,31420.613895785384,736.6489011759782,200.0,131.2596466305366,8.0
14436,22462.56014968624,7484.727668298734,22.0,110.70714354487842,8.0
14437,45408.67135729698,10953.031904036796,133.0,119.50111935875837,8.0
14438,59163.96894212379,4055.9076367528155,280.0,132.409120073419,8.0
14439,44957.00046370083,1989.9878011041737,120.0,125.97806802821931,8.0
14440,45544.45124149541,1180.9753199448799,53.0,113.48127780052077,8.0
14441,20232.205282046998,5239.616856572161,17.0,107.67761035417824,8.0
14442,8558.289136129688,2393.6153164546363,25.0,99.3466353512469,8.0
14443,25455.098055850056,16848.921848118465,-5.0,114.28236483447017,8.0
14444,39800.941025887296,738.3096322637568,39.0,122.41005387475407,8.0
14445,24315.427683126854,5850.908870753007,118.0,120.05996469233745,8.0
14446,52266.79622983377,6410.627810319845,33.0,120.2872202912767,8.0
14447,34713.02574013508,8259.63340768915,122.0,110.01369706711627,8.0
14448,21285.775101459014,9249.064327677585,79.0,109.35043057054935,8.0
14449,45605.47042324066,27158.328493640343,-159.0,110.60346216188351,8.0
14450,34652.060051126646,1184.5844931216648,22.0,113.86300594872526,8.0
14451,39300.52463169332,8149.939304053546,390.0,129.6414047243744,8.0
14452,53323.38766275994,6910.858038466069,43.0,122.61284033018393,8.0
14453,21396.651366313352,8088.09229965724,333.0,123.75608075424486,8.0
14454,52520.05955328371,41706.379902780805,312.0,130.0879436696202,8.0
14455,43308.04631912114,17952.788086886445,300.0,127.65383766837996,8.0
14456,30107.608988600336,736.6817236666943,95.0,125.12061197398522,8.0
14457,21145.361897005427,1474.5464970922674,66.0,113.62168141558897,8.0
14458,15043.077758777965,6349.701077817496,-17.0,103.8178943728758,8.0
14459,32536.167014826362,15501.919437730518,74.0,111.22209076073321,8.0
14460,58141.49727679924,15358.240247251262,18.0,128.06076222360664,8.0
14461,37530.91428109387,19084.064120357627,163.0,120.6965819486617,8.0
14462,53085.949326963775,35794.8622365816,-70.0,122.62995082383055,8.0
14463,20882.46500610371,1182.7462534644224,46.0,114.78849786106467,8.0
14464,48002.457869149555,1182.7345475182708,152.0,131.09717522670365,8.0
14465,11407.961996034172,1183.3946947757813,153.0,118.42432244533627,8.0
14466,29634.991417130124,3699.854191718487,134.0,120.91867470357695,8.0
14467,47065.784738755996,1181.1354762489568,181.0,138.88314248985216,8.0
14468,7873.546811267101,7188.194729293309,-51.0,95.67278420304316,8.0
14469,31150.613850301514,736.8131450827376,-2.0,111.003070408515,8.0
14470,45212.48577480997,27754.094402858158,109.0,118.71150929126148,8.0
14471,56519.25547085703,1992.1336026080776,197.0,131.59577015401942,8.0
14472,19030.545238765957,1181.6829806283497,24.0,113.96667538200276,8.0
14473,17326.656101098546,735.51417512393,77.0,117.91183829598515,8.0
14474,38309.69615788239,17682.0536027552,32.0,120.11655662695864,8.0
14475,35004.29595072761,1850.0463247902494,29.0,118.63221143772999,8.0
14476,42986.056589801716,6384.179052795286,38.0,116.04452290950003,8.0
14477,39902.65802788811,733.7263725556111,135.0,142.09112919006745,8.0
14478,44194.13767268344,13043.232125165596,177.0,115.7182328338466,8.0
14479,32518.582384826408,1183.316134572449,42.0,127.33418375587263,8.0
14480,46619.713689606,2774.9887806638867,92.0,122.63485695776471,8.0
14481,41897.641903235235,924.8534277953532,72.0,125.34809420132538,8.0
14482,53648.06476752626,2774.9970483234993,13.0,121.64637264478328,8.0
14483,54043.38215729731,6638.5856241588635,52.0,114.35714749564666,8.0
14484,26404.036081489347,9977.799328179173,73.0,111.83623109776819,8.0
14485,26515.17475065303,8832.907400599917,31.0,111.72921813575391,8.0
14486,24505.55386828344,924.897661099837,15.0,116.67195699255333,8.0
14487,57289.66013117566,1183.9539969818288,95.0,131.07317225073646,8.0
14488,20524.023316465806,736.5753040137245,14.0,114.46179857146464,8.0
14489,40043.10817092753,1742.7100698563584,139.0,123.3352506864733,8.0
14490,25355.52539439676,2883.3842804739606,74.0,107.8969462837362,8.0
14491,30776.284126622126,7861.90269869588,46.0,110.07387588995516,8.0
14492,43525.76843417145,2774.5417987602696,46.0,119.38551535566349,8.0
14493,27991.752572822144,924.9829869628041,23.0,112.88148473519732,8.0
14494,38065.50194574913,13739.649216957552,149.0,127.11955473731854,8.0
14495,42604.16684812489,733.2170111443826,73.0,138.40603509098582,8.0
14496,25360.140023339292,24449.741982171643,-499.0,104.42850863735075,8.0
14497,47995.68602030105,11318.740687088333,49.0,121.80612196631913,8.0
14498,19579.225881537488,12924.323939019063,51.0,107.88669451118078,8.0
14499,32661.2844698685,3980.341326605999,127.0,125.34691237200596,8.0
14500,38090.35577040827,2361.966941024828,42.0,110.22538256178204,8.0
14501,44774.98593686554,1179.5940729242607,69.0,126.07722191712776,8.0
14502,64172.91258189117,2358.8897255110164,209.0,132.88879150579555,8.0
14503,25377.29961241018,7722.945274502082,208.0,122.77695076796842,8.0
14504,56339.85948221131,48070.59036454398,153.0,112.2280477614112,8.0
14505,55068.92092022008,3144.7270893044797,67.0,128.98407548038077,8.0
14506,41817.876396906584,1180.707833414835,12.0,119.864819471769,8.0
14507,53737.48922031509,2869.740576974585,348.0,127.4278808402778,8.0
14508,23978.197906130135,4312.116470465299,23.0,107.47035641420442,8.0
14509,34221.535526683634,10173.843822783794,311.0,112.80594049941813,8.0
14510,41978.56685015042,925.0833237164046,63.0,122.80730892031167,8.0
14511,3087.680692006283,1472.414330384757,51.0,99.9550981640487,8.0
14512,50079.6927186525,2869.7524852158754,197.0,129.76004101783957,8.0
14513,17456.470718834153,2397.1263070687746,51.0,111.2536203829554,8.0
14514,50647.95248009393,16086.048651293802,36.0,117.3823366113848,8.0
14515,26477.117759809717,5213.719817987319,225.0,131.80747466178906,8.0
14516,42802.59274451726,10244.59467066148,38.0,114.93843411150803,8.0
14517,19976.550510517034,2946.9297060646322,109.0,106.39434953897478,8.0
14518,12349.880514143017,10675.859309592988,56.0,110.261191432215,8.0
14519,5741.457175382722,4853.3055834184015,15.0,96.39724480801408,8.0
14520,36374.881700467515,2886.329115702426,213.0,123.31289433991516,8.0
14521,29426.511351241115,5122.6216332768445,282.0,128.7873258121098,8.0
14522,56001.52013792074,54010.45813432058,-308.0,109.31909677655433,8.0
14523,44773.42146637764,734.5417318939957,160.0,128.6218728101929,8.0
14524,55399.17286041279,2869.6562492874436,154.0,139.31306643672718,8.0
14525,63531.4166678754,53335.86043916544,116.0,119.30549346941264,8.0
14526,42191.7036503115,2401.137912575312,179.0,130.0206604584574,8.0
14527,14662.86262223224,6400.02145583585,46.0,99.858555892574,8.0
14528,35422.483160633776,9039.309247430458,45.0,109.35190554684561,8.0
14529,20526.04006093294,924.8784710965045,102.0,120.81405754668423,8.0
14530,17502.347565719047,735.0946309479976,110.0,130.73513725510657,8.0
14531,10201.083447757312,1991.3046946279815,133.0,99.07391316938013,8.0
14532,52312.13206103912,925.1577435236683,3.0,121.69262536074797,8.0
14533,52497.65938817322,1179.573262688284,19.0,118.92230512935954,8.0
14534,14486.320979301663,2365.3906326734477,46.0,112.63955591356202,8.0
14535,52052.231703540674,41856.26785452598,181.0,112.56108546469456,8.0
14536,39227.24706245191,26540.870632358346,32.0,122.02409977558226,8.0
14537,38680.437334371236,3138.3676703566925,158.0,125.43469069267005,8.0
14538,35226.324802526615,16433.443191362814,144.0,123.88105354869488,8.0
14539,41985.074215821485,737.1117403088139,40.0,116.0591331062133,8.0
14540,36169.690864766686,21259.05482117652,71.0,113.38343470326193,8.0
14541,34148.38967105736,3550.2236896390523,141.0,114.38460129733733,8.0
14542,56643.369145689394,740.4619007072167,108.0,132.03946040609026,8.0
14543,33552.85743597377,3979.897850720289,30.0,110.45749221937092,8.0
14544,23645.579698768717,10361.579919886684,179.0,101.772022224154,8.0
14545,37079.64332366458,2206.6777690146223,75.0,129.85021198131764,8.0
14546,41316.33284176982,8882.345540511096,455.0,130.88605650741454,8.0
14547,13442.718691016904,11706.342774460294,61.0,111.03489427356084,8.0
14548,59725.63377996361,4033.6919146411205,230.0,143.76400490239058,8.0
14549,36720.2397115332,12381.95826287359,139.0,114.23573096222759,8.0
14550,40953.73548786452,28854.752704954626,183.0,110.365643427553,8.0
14551,30008.91526378896,5214.40592147784,43.0,117.77445185282735,8.0
14552,60213.959907142445,18873.3977857752,95.0,125.87467076101368,8.0
14553,52517.45223756712,26578.594511362313,139.0,123.54675639682482,8.0
14554,55815.70284721904,5746.487880620536,420.0,134.63589377301562,8.0
14555,51389.47316917505,924.9888957528185,25.0,126.84700592808916,8.0
14556,25976.948486109708,734.7316881537238,191.0,130.29780519768047,8.0
14557,23642.52949534248,1991.278387782443,79.0,111.79934737136317,8.0
14558,41199.833105714155,1990.180925247308,8.0,116.51738380242915,8.0
14559,47365.683548750276,1184.262068516475,108.0,127.95232916092937,8.0
14560,47580.4934954282,20486.406387322262,143.0,112.04656940063211,8.0
14561,22313.851001771684,5475.659089442383,20.0,115.11820803050176,8.0
14562,51455.429063867356,1184.4733358859387,18.0,129.64665833504245,8.0
14563,30196.074433272453,13777.7376193924,73.0,111.96402282688544,8.0
14564,26484.637549359923,3980.379422069041,290.0,126.33294377109664,8.0
14565,27925.6578900698,924.9798184834596,139.0,126.32255870878892,8.0
14566,47221.76748920686,8629.988345445405,145.0,121.53704973794635,8.0
14567,45941.14287465296,3092.931552625387,27.0,118.53256551364038,8.0
14568,51131.813836461166,8356.903140314233,64.0,119.00070790273196,8.0
14569,44076.6408698783,35526.57150154264,-467.0,114.27552267438747,8.0
14570,30945.1131981153,924.865307276413,41.0,123.07750671653946,8.0
14571,38937.75521812416,1740.8588094543054,144.0,117.82836839021819,8.0
14572,22593.13673442983,3476.0447208377486,142.0,119.61860409300601,8.0
14573,54148.5259705062,45702.16615541174,375.0,131.07864146347987,8.0
14574,24498.10010518547,2392.4770679036715,20.0,111.05908565140628,8.0
14575,50849.77019204746,10408.746986401608,456.0,131.96039443061292,8.0
14576,47460.86183004564,1180.588895162433,70.0,123.71215991218433,8.0
14577,55440.79910148176,1745.4013766876965,142.0,129.69053254948093,8.0
14578,50291.28532238395,4683.088630982754,38.0,121.31592884852859,8.0
14579,49021.44711864572,739.3386141781781,234.0,137.36676505322717,8.0
14580,24595.819680896937,737.3715144922512,72.0,122.91069600370865,8.0
14581,26832.305878416548,1473.856658456617,216.0,128.0341417061865,8.0
14582,40568.72945034952,2207.1409310882937,305.0,132.21629855645423,8.0
14583,40164.965866145096,9950.83943958335,53.0,117.16073331214606,8.0
14584,18911.537105753858,5908.563575141346,79.0,113.37481975219669,8.0
14585,7870.158116536141,736.0822751433338,103.0,114.43296805899894,8.0
14586,54694.9787478266,3469.321169887097,28.0,117.82699971158483,8.0
14587,50210.4820252075,2774.532571161512,130.0,115.70843546038557,8.0
14588,19019.813635671697,924.8493812136048,99.0,120.03568135786084,8.0
14589,30719.74283258985,925.0890686079462,47.0,118.41664699312244,8.0
14590,42704.31966316192,738.7047272761723,71.0,126.24621723062114,8.0
14591,34159.968147201034,25894.64586895137,153.0,106.90803968523241,8.0
14592,34505.95867063753,1849.8754155636202,20.0,117.11864917485636,8.0
14593,3478.408925375527,1738.7375858530852,0.0,96.5388298126706,8.0
14594,45988.087726596226,3145.193125471285,41.0,123.79943154571819,8.0
14595,53487.97045738728,924.7426645188071,24.0,119.9542559056768,8.0
14596,38714.93400090958,13088.638163548756,189.0,115.66518979640571,8.0
14597,47744.46820699762,732.5563408688267,169.0,134.87781439759593,8.0
14598,65242.81491234808,23985.99920383585,76.0,112.91337603259738,8.0
14599,16613.6101873211,11386.956380952039,125.0,107.47891978143988,8.0
14600,47768.006790786356,1179.573262688284,19.0,115.37614658270313,8.0
14601,11945.526210519494,924.8872634329485,18.0,105.41500862997403,8.0
14602,64898.56129419301,741.2808687832794,67.0,130.55153358658777,8.0
14603,22473.587243331283,734.4158754909632,128.0,141.06700490973932,8.0
14604,29444.175759072386,3143.4204850473757,40.0,113.34696539826527,8.0
14605,41029.341026747075,7859.200349152515,282.0,127.27320132874478,8.0
14606,8241.42908393733,1181.9920973101425,126.0,114.84646935810835,8.0
14607,35384.22124507528,22107.34828363922,-25.0,109.36744405844577,8.0
14608,36140.15818369912,2212.0788470299553,30.0,111.99937929339819,8.0
14609,39296.8891628605,7497.177683971536,128.0,121.54102312275919,8.0
14610,33257.429880940464,2397.0948009854897,137.0,122.83800561563532,8.0
14611,31839.479842921188,737.2544314511478,38.0,118.62256135491236,8.0
14612,58759.73474577099,924.93784953426,173.0,135.1281363203983,8.0
14613,52124.95898975034,33060.43715342584,47.0,123.27101060747826,8.0
14614,49032.646529300735,9950.37368108103,209.0,128.13508369937915,8.0
14615,54888.31258652429,733.7409766582791,40.0,130.95591061724338,8.0
14616,34044.40625833128,1183.8594449290229,156.0,127.90777198671567,8.0
14617,39791.174788787226,2886.329115702426,213.0,129.41865188951158,8.0
14618,53772.86059030875,1849.9205017787312,71.0,129.05023479324848,8.0
14619,34283.41916960625,17147.096225213736,163.0,109.88920447168611,8.0
14620,27866.68039283152,5970.42960558579,156.0,127.0622293333726,8.0
14621,52977.376226722845,2369.1370293971167,46.0,130.22676103627396,8.0
14622,33317.13913335016,7453.069302025913,328.0,127.81136641828513,8.0
14623,36621.48809747348,16779.251604178502,113.0,120.4894874521874,8.0
14624,44443.58408107755,1180.4464636431594,6.0,125.66085469541505,8.0
14625,57617.41064929313,5206.530134604759,220.0,133.10432912586995,8.0
14626,17880.305120656314,14978.525556539984,-26.0,107.18817987867473,8.0
14627,35779.69524208679,18621.22627044953,176.0,109.91506312170038,8.0
14628,38227.213484188855,5244.080881026212,148.0,116.41650132388462,8.0
14629,58739.58974676674,8605.328751013738,441.0,133.40694736145963,8.0
14630,24048.163635859804,1849.9222527143625,-6.0,108.45758213513419,8.0
14631,33877.13240001865,3799.604079425498,165.0,115.00039648842645,8.0
14632,62619.264494513314,924.8230937875454,139.0,133.63618585616103,8.0
14633,55429.24503108927,3978.6841902999176,281.0,131.81376710764863,8.0
14634,20103.27696447036,1182.7601858415874,36.0,116.34479329228955,8.0
14635,59638.11008420903,38455.04307415281,75.0,123.00032472148747,8.0
14636,60835.97758325948,20139.634635639217,63.0,121.15325761306637,8.0
14637,22505.683552847677,4615.371419997872,169.0,112.19779720271953,8.0
14638,52260.64444131448,3139.0131873058226,44.0,122.11786963762596,8.0
14639,32584.797209902168,1741.0750704236434,186.0,123.55505502412221,8.0
14640,41542.50239418833,11950.675300125484,361.0,124.23953038222908,8.0
14641,27813.616338374963,18119.224567898687,-13.0,106.31061778716796,8.0
14642,14977.303367277307,7587.408036700247,223.0,113.57110862603037,8.0
14643,50857.09993860893,6641.055971559225,49.0,118.25888068063627,8.0
14644,37043.348203101414,3983.9199935627576,112.0,129.70513847411962,8.0
14645,33701.620095642575,12938.317064275865,111.0,108.22755941172983,8.0
14646,26708.28899247091,7191.573862770589,141.0,110.27433561316377,8.0
14647,25664.488308051117,6871.7997131754255,123.0,117.52372148230687,8.0
14648,34724.3905983899,9365.329140711947,223.0,125.43633350268883,8.0
14649,25907.946974391383,3699.539298351624,53.0,108.897766930123,8.0
14650,38856.4938804758,4517.644879932457,168.0,120.5732420751893,8.0
14651,23854.223274704334,2208.7419117388113,9.0,109.94299590353975,8.0
14652,40693.013356552525,23653.571605153735,113.0,115.13021937633191,8.0
14653,58306.13731238551,13710.369365823144,350.0,136.94951110648785,8.0
14654,55982.69703553537,1180.15780997568,46.0,134.47777575810144,8.0
14655,64778.52830216848,1179.3004883995186,91.0,128.49133728242987,8.0
14656,51302.96712313838,8625.510558075028,337.0,120.6098752323893,8.0
14657,35957.66021489939,5242.345848588484,228.0,120.00997667533477,8.0
14658,55239.55775377893,44419.152130972965,92.0,112.63402594201665,8.0
14659,25621.641503404924,5123.36800722584,14.0,117.29283903957236,8.0
14660,26277.15692343739,4052.1544368837767,235.0,116.59260801415421,8.0
14661,29269.62126614998,1990.035150367909,275.0,139.2350459236069,8.0
14662,34489.13287745043,10972.498610950497,350.0,107.9971413672643,8.0
14663,57937.965641814466,1989.7319811072664,304.0,135.83998930452313,8.0
14664,56729.19582216682,924.7477907868856,77.0,128.5099520159929,8.0
14665,9804.674265236841,1738.141385659358,59.0,108.50110511201807,8.0
14666,50087.61103435988,2869.7524852158754,197.0,129.7509376554142,8.0
14667,29096.695135302627,8082.339368871375,27.0,119.50030215656787,8.0
14668,60890.9170680389,3984.9488804341304,212.0,131.25561325043623,8.0
14669,40959.88392938472,1180.5576775172467,138.0,140.94826249954338,8.0
14670,50328.36073364998,4039.0790236408056,75.0,122.1641697360321,8.0
14671,41855.408344025906,924.9276917386092,48.0,127.57712765606279,8.0
14672,51115.60209266531,14562.208142713205,55.0,115.16324766457375,8.0
14673,13083.99391323962,2870.918592591227,447.0,125.58935450708577,8.0
14674,58988.348567292465,1745.9712214095637,239.0,134.47963319418528,8.0
14675,19353.08156957284,7114.593128182423,68.0,105.9019570786415,8.0
14676,36835.70894687272,1473.0607742408938,290.0,132.67589059556366,8.0
14677,45456.1347252512,924.8950814705034,4.0,118.26765973603528,8.0
14678,17824.151572897383,12348.682915432322,53.0,100.84614641757874,8.0
14679,45614.30592699486,1850.0561625701366,60.0,122.80672339790685,8.0
14680,27848.594095408287,10447.238615257704,16.0,110.01276664731665,8.0
14681,14027.06066031499,5893.109301472083,12.0,104.87816797494601,8.0
14682,54261.49129951277,44017.885519556774,204.0,125.06907258569652,8.0
14683,58802.65136587063,18834.037468162947,76.0,119.64103802458781,8.0
14684,37729.39412568104,8613.709109867757,172.0,114.68601402033453,8.0
14685,49858.02203872734,41594.79082166669,153.0,110.45571828211415,8.0
14686,49141.62988151712,28893.42049620652,73.0,122.98133160310914,8.0
14687,54181.258768754895,30494.757997790573,107.0,120.86953504121456,8.0
14688,39263.9445160538,27737.571133627727,81.0,117.69533760668769,8.0
14689,51972.86398652366,37788.17293355054,424.0,132.29090122100322,8.0
14690,38112.15326378793,20953.46443950798,176.0,110.42846828187808,8.0
14691,41498.583742297866,3772.894438759778,73.0,113.97959337439815,8.0
14692,19219.470819395174,1182.7516798326142,58.0,108.35970045041596,8.0
14693,57142.18375223735,38089.90042835374,-110.0,116.7426125502279,8.0
14694,56356.21825853247,8606.063808455918,467.0,120.54380921569279,8.0
14695,24913.51062176106,3544.3619582169613,267.0,112.89422511070579,8.0
14696,5763.083261017828,1739.2717005297839,-4.0,92.81046407362955,8.0
14697,57136.376293182664,40133.38440396641,38.0,129.51248233799376,8.0
14698,52848.62303380556,924.951085018384,22.0,123.41851426092953,8.0
14699,46875.49073365592,1991.883813727652,95.0,125.56108496268139,8.0
14700,39262.596837503654,19064.60044610719,66.0,116.63534124936963,8.0
14701,21475.733914588942,3772.008933156705,240.0,123.44594117652534,8.0
14702,49949.93096083683,13873.132845528939,120.0,115.287850421792,8.0
14703,35849.51147612997,1474.8756766714205,111.0,121.37095292720421,8.0
14704,52706.91218459198,1180.6722280581844,53.0,122.56210798871793,8.0
14705,26823.487094303542,924.9266387532232,82.0,121.2371230635276,8.0
14706,45857.31909396654,1184.4164836137024,13.0,115.1435094432643,8.0
14707,35774.91158192023,739.030521918057,81.0,129.49738423485064,8.0
14708,31399.630225838526,924.9334802530764,47.0,118.37819461001868,8.0
14709,45743.30105246666,924.888722517267,55.0,128.67927263099202,8.0
14710,51228.20464864224,19642.39398253651,135.0,119.10751127175232,8.0
14711,13893.411689050567,12969.91624231327,15.0,103.8209153047881,8.0
14712,48989.27648637844,1184.9087386785677,20.0,129.02591361596023,8.0
14713,27147.219896890452,15556.650433204079,16.0,111.51641137723874,8.0
14714,41370.981817414664,5465.86138705341,326.0,125.99245684088221,8.0
14715,13015.113105292756,2392.7428144650603,209.0,122.0939587156516,8.0
14716,5960.886471717182,3085.824830220852,23.0,98.0869083000373,8.0
14717,26350.506972558946,6515.40967669052,113.0,117.72748081761735,8.0
14718,55143.88554556009,3979.1657432025036,93.0,122.53907205421356,8.0
14719,29515.57742268989,4417.956708878152,20.0,111.34282614529063,8.0
14720,44982.42891757318,27973.369955880964,183.0,122.23001087218536,8.0
14721,63984.98749381219,731.865398625932,5.0,122.99523863931194,8.0
14722,43141.69462723506,16050.461016539035,163.0,120.14853053130493,8.0
14723,54489.17468797353,8452.317411107548,525.0,134.2203519275967,8.0
14724,43151.86080170718,1470.0687343835923,152.0,125.51008813102325,8.0
14725,3699.601453114435,1849.742789101633,-1.0,87.85200304041166,8.0
14726,37372.772093200285,12244.600885154403,172.0,127.51993100420674,8.0
14727,27652.45196132921,12680.413917164742,22.0,113.12073652575816,8.0
14728,33216.31405754468,7178.795233776305,154.0,110.38949710061733,8.0
14729,51915.384678526425,2876.6384608560124,254.0,131.64069339972534,8.0
14730,30480.22030891338,12672.25830662561,-88.0,109.97779277569761,8.0
14731,51902.60049389563,32887.88731804728,84.0,123.44647417776079,8.0
14732,28444.067655244016,1990.5259259345316,134.0,111.66077614219566,8.0
14733,36053.024947171354,1180.6081894924641,46.0,122.60443658289182,8.0
14734,40987.5772770281,28294.78307330765,32.0,120.79440157780091,8.0
14735,41302.41392927731,22520.99619184833,182.0,116.26466423424394,8.0
14736,53851.26071559599,2873.509769188234,73.0,129.52125655198415,8.0
14737,25632.92841735866,1183.9272029836766,89.0,125.99687276420376,8.0
14738,30607.57387332666,9964.35754204871,38.0,112.91553452285886,8.0
14739,38498.53592047845,14049.640174642334,170.0,119.9443712106441,8.0
14740,40855.35315914934,14908.391465999552,88.0,115.76155856088558,8.0
14741,42335.895954138934,2367.417800943992,231.0,129.96520115638182,8.0
14742,33387.69572542608,3471.287609713454,24.0,111.66113247229644,8.0
14743,28968.861335469617,2399.203306440919,121.0,121.25285217570645,8.0
14744,48098.02487492017,6474.990535457221,405.0,114.3841355245892,8.0
14745,65323.89451831674,4059.5300262685782,104.0,127.28557892553059,8.0
14746,42545.17660528769,16146.06648523137,296.0,124.46917690224205,8.0
14747,39216.86394856014,3081.550851770362,512.0,135.31133725290198,8.0
14748,32381.688414635715,924.9370973686861,34.0,116.47172864264701,8.0
14749,55543.915734427865,1744.778083249552,67.0,124.02418511537707,8.0
14750,40290.85769991301,21671.499334826985,198.0,108.2540187451077,8.0
14751,54296.02207571946,4850.923494492376,48.0,124.41727049762551,8.0
14752,64494.56376989353,3145.929487418958,27.0,118.24785056654576,8.0
14753,7838.2496343614475,2364.4240416135613,14.0,101.65801353776514,8.0
14754,54148.42522053052,925.1056708962103,16.0,122.84168246165963,8.0
14755,31759.611618196384,9448.468984505449,526.0,130.11278766934717,8.0
14756,48902.69108839385,4683.152472316202,49.0,116.95699879908521,8.0
14757,40185.61038507025,17372.801062209244,310.0,130.06628356007258,8.0
14758,26272.041566725344,1849.9986328700618,34.0,114.66134016175208,8.0
14759,6281.640044259977,924.8872634329485,18.0,109.88488649484859,8.0
14760,25320.23056669184,8267.307172219094,419.0,127.0446961194761,8.0
14761,58813.67787387855,1992.217151271263,175.0,131.09793743021496,8.0
14762,51745.218710232286,10600.131087922931,253.0,130.03150818073482,8.0
14763,55279.700437283325,925.0023124542709,64.0,125.40402536738097,8.0
14764,53769.43109463742,4624.070649676369,96.0,124.97312338504659,8.0
14765,47157.352259962274,738.2850502985636,201.0,135.1997877065457,8.0
14766,19372.19079185424,1735.9071964390873,352.0,140.5623381323462,8.0
14767,27960.432379533344,15163.78450273012,87.0,113.67916867369995,8.0
14768,56008.036828232296,9779.698895129539,32.0,122.82805830746152,8.0
14769,36054.912022892124,23258.27141210453,87.0,115.12846873183673,8.0
14770,61031.56655188781,1178.9165203192351,147.0,132.21116350002092,8.0
14771,35164.15627420287,924.8867509591994,107.0,126.22695221313344,8.0
14772,60168.20985534486,6411.012666604691,56.0,129.32098135070385,8.0
14773,32155.69296900996,735.2751716766072,98.0,125.65544244899414,8.0
14774,16705.364230651216,5759.956502429544,199.0,118.69926665773707,8.0
14775,5973.612718712927,925.0056916807507,35.0,103.11171056995755,8.0
14776,41939.39068248464,5598.16924589776,40.0,119.8327764369151,8.0
14777,56406.523651230535,6648.4322486392575,150.0,123.13855615494265,8.0
14778,8612.464984626266,7721.999539807002,-69.0,95.81746138991946,8.0
14779,54753.0881328178,36641.20431403656,132.0,114.8882313246899,8.0
14780,60507.90434064753,11641.641492658127,315.0,132.41023579799165,8.0
14781,28787.44692643184,8154.771444276428,186.0,120.47848367119701,8.0
14782,30130.617167527766,1736.8971307116735,40.0,114.62360842313808,8.0
14783,20990.493581312247,2870.515312075456,54.0,106.38138152842582,8.0
14784,38271.183038839335,736.4665601801918,71.0,118.26481979600067,8.0
14785,39800.43912567123,1850.0119296534976,207.0,121.64585988198428,8.0
14786,31690.721987244884,3471.3510473963033,294.0,138.44386518656094,8.0
14787,38724.91500341314,1183.4987191445296,77.0,121.23217473442497,8.0
14788,30677.80972881107,1471.6799197469306,60.0,111.65133887272832,8.0
14789,37930.32424739771,15724.555144711061,21.0,112.26760095368658,8.0
14790,68211.60797388288,730.9541078652265,126.0,135.65610355349156,8.0
14791,57290.305712117064,46700.07653669167,209.0,130.14114141493855,8.0
14792,26700.51621700678,4115.300885098197,58.0,113.52106178609984,8.0
14793,48303.322154053414,18050.896911961085,107.0,117.36483167076334,8.0
14794,28205.919545911504,924.8015364049865,24.0,119.98371614465349,8.0
14795,41475.22845167527,32660.991132929426,34.0,111.38666202159267,8.0
14796,21896.253547338205,1180.83184442731,18.0,118.55256207908718,8.0
14797,21493.041445461033,15647.514920143447,-17.0,107.51653306215476,8.0
14798,19415.946747499296,1183.6728894410226,39.0,110.22878917180029,8.0
14799,9707.390833688163,8830.721571667875,-246.0,93.69121425136969,8.0
14800,21344.979895258446,4616.371829905212,18.0,117.40686019975922,8.0
14801,57328.303563585316,10575.137860796023,284.0,125.23068114956554,8.0
14802,46323.58520168799,1992.1147978384413,29.0,124.46427254194532,8.0
14803,45584.74933994233,1741.7577994498336,234.0,127.15805161074633,8.0
14804,11381.852783965027,4731.0519649177595,45.0,103.21680620327368,8.0
14805,52396.15989392565,6941.427792153759,38.0,123.52706499816864,8.0
14806,61850.809776532784,1184.392533133069,159.0,133.18024348083105,8.0
14807,51061.62654912305,924.8276154739447,13.0,114.46548793515522,8.0
14808,55096.01236217904,17959.06954039333,60.0,121.99163616032482,8.0
14809,39153.45717549783,734.3241276999073,64.0,124.09573429265998,8.0
14810,45376.80368323506,9278.919875638516,403.0,130.13073525858564,8.0
14811,53836.98026700657,924.9982336288551,22.0,134.57554025144375,8.0
14812,33157.7533094354,1473.2248167447203,88.0,121.85974374930878,8.0
14813,38805.528915137664,1183.9087798821165,63.0,127.59514214797346,8.0
14814,37546.61348119065,24854.965206161534,32.0,120.10597189388724,8.0
14815,46533.308130221965,25021.40477927697,139.0,113.34964621981285,8.0
14816,35449.49482262328,17768.718585796738,45.0,117.0450384097327,8.0
14817,21740.321031717605,10635.155371975341,-22.0,107.73887526681133,8.0
14818,37890.08575608129,21561.455227765797,15.0,113.5299509592974,8.0
14819,45260.245824348276,3979.7567658519038,24.0,117.6550460468486,8.0
14820,45408.522088531856,1180.5179539201804,112.0,129.0229201668166,8.0
14821,42570.877250271296,924.8312247573087,35.0,121.54127577519071,8.0
14822,25126.774075597736,924.9319243435472,29.0,118.2492807480679,8.0
14823,41369.9418104453,8550.863171445013,276.0,127.58668107950524,8.0
14824,31425.01735474999,11925.289600308148,176.0,111.44353127162881,8.0
14825,19342.49177292677,2209.1669187286484,160.0,120.53145277721887,8.0
14826,50315.99871668411,31247.39027513556,94.0,123.1295143111646,8.0
14827,55981.27745844221,8262.533134226855,60.0,122.78730323241115,8.0
14828,50224.15667114804,2875.603723208392,76.0,122.18870865556303,8.0
14829,41026.02496185434,4114.736158492843,140.0,124.38539239892732,8.0
14830,31706.68004071771,1181.1868189481295,78.0,121.44871922616272,8.0
14831,11927.616324140583,1472.1621909651553,130.0,116.89671254483082,8.0
14832,7590.342254750152,6956.848126267654,-120.0,91.30141454976511,8.0
14833,38461.04604102604,4517.186871121945,448.0,132.42646571267247,8.0
14834,54913.67288553582,924.8245434128089,101.0,139.13010140466892,8.0
14835,48913.812261285944,3539.296914201899,386.0,134.1014528635677,8.0
14836,46408.850402244476,5130.2261653416945,45.0,122.54070330156851,8.0
14837,23739.918187674393,10432.329724903335,257.0,122.89837801126782,8.0
14838,43605.042963254455,735.8962745199391,64.0,124.7439807427551,8.0
14839,48263.30012100319,15695.561636694045,69.0,117.0878550699199,8.0
14840,15926.573884905445,2870.4550347133104,-25.0,112.64912070395545,8.0
14841,57877.86368898886,4036.987087635787,50.0,123.36387375182984,8.0
14842,14490.577099603146,738.0344515302796,116.0,116.6116918097035,8.0
14843,14733.224029795976,4514.210509817618,79.0,105.71538026552089,8.0
14844,22590.16957643808,6932.012252287437,437.0,127.06693733620921,8.0
14845,26688.22425280935,1472.116857044728,17.0,109.57726916410707,8.0
14846,54178.012007263824,924.8941446201261,201.0,134.885949327043,8.0
14847,17659.2179853512,8829.075845972036,72.0,104.05772874676586,8.0
14848,50599.41556462194,42146.79620057611,369.0,130.52373079940395,8.0
14849,16302.040226903124,13379.988645626367,-33.0,106.40767229430708,8.0
14850,43461.636649046704,8100.40979306579,67.0,120.45759545958751,8.0
14851,42551.73398911545,30530.353836827977,106.0,110.74307343259296,8.0
14852,48164.51029342643,2876.642959525477,50.0,120.5227161956318,8.0
14853,37568.836857261565,1473.7226874008115,42.0,119.5535428368265,8.0
14854,50596.04144446959,4682.436086776651,271.0,130.25958897692635,8.0
14855,32672.19988788194,5598.102410941751,37.0,115.5307168298861,8.0
14856,25821.970741007473,11721.084742746916,163.0,115.97562737403135,8.0
14857,51926.53545409535,5549.770978562655,353.0,131.85342664708924,8.0
14858,52280.5314338904,1183.8240700007516,55.0,134.2381337282381,8.0
14859,38280.12047646975,5467.068878997479,114.0,120.17523992298891,8.0
14860,27910.007739476347,11813.96731589908,495.0,117.3332231183229,8.0
14861,41282.234821832775,19644.190613682473,60.0,112.8680962563249,8.0
14862,23863.63315218583,2879.929620004157,107.0,104.09927864611707,8.0
14863,21651.648885001323,1181.7749668512156,15.0,114.46069558912102,8.0
14864,38706.422304802436,19178.980118907268,77.0,120.95716929048456,8.0
14865,55338.73163424979,13820.791536826766,159.0,115.01227758206959,8.0
14866,50915.16449026887,924.9631778312752,175.0,133.6261543828176,8.0
14867,60383.54802717702,20404.5415580952,76.0,119.56837343650733,8.0
14868,19656.480915013824,1991.377822774311,94.0,118.46425331170623,8.0
14869,43919.85695468687,3772.433728205908,56.0,129.10603731850955,8.0
14870,41640.89225795645,14180.961992882494,267.0,123.30439546664627,8.0
14871,20094.120396434602,17729.228941191115,13.0,108.57881824365833,8.0
14872,54634.43955593531,1180.034591404477,78.0,128.53427317231024,8.0
14873,62769.114269211896,924.7826756511871,25.0,130.1046606508953,8.0
14874,42876.05833082147,27390.34679287745,181.0,111.5850189763272,8.0
14875,32468.550460864477,1474.0094017942733,54.0,117.89802327342073,8.0
14876,36046.279226172075,18420.927642632043,64.0,116.48327825742379,8.0
14877,33163.34646863248,17705.112379184782,79.0,111.6531420798684,8.0
14878,62336.55923090758,15339.835189887492,163.0,128.26167687706845,8.0
14879,16148.406417952916,14182.532977365561,46.0,102.07909673964137,8.0
14880,36936.699623149856,24244.3385979313,32.0,119.97910564625252,8.0
14881,44098.63116220519,2211.31085042762,82.0,124.4785054907853,8.0
14882,36364.62036833274,17914.936254012733,163.0,120.43009002033122,8.0
14883,48281.8706794021,924.9983309098567,16.0,120.6927588047579,8.0
14884,38311.19059013166,6628.12286214532,143.0,114.25458966211929,8.0
14885,31104.12128268051,925.0655063000355,54.0,119.14350199421717,8.0
14886,38989.86713421216,3793.1101373745523,258.0,124.61565514298428,8.0
14887,44005.984318346775,7456.64025510829,55.0,112.84440171200175,8.0
14888,41571.19307570452,924.871944648894,21.0,128.0453274823856,8.0
14889,32683.018092860606,10454.287616729314,44.0,111.58635307866408,8.0
14890,26939.84833446472,13466.168012496619,90.0,122.50772967137661,8.0
14891,34186.70779970615,17040.49080123039,176.0,108.89638244417874,8.0
14892,45599.36772812775,733.2170111443826,73.0,127.69909378379138,8.0
14893,32880.13421389026,4722.832641213275,30.0,113.26232584960992,8.0
14894,38328.698087150704,26037.46957035972,64.0,116.6589145320844,8.0
14895,33576.17067389974,21970.13224383773,39.0,112.68223663608242,8.0
14896,17915.803530047822,5971.3698163170075,110.0,118.04849516937159,8.0
14897,35927.27140812903,735.5994785957791,114.0,127.821995604835,8.0
14898,30557.035343793916,2389.7010652315175,188.0,136.17067431944645,8.0
14899,36907.9241306313,17878.791284939445,60.0,120.55524772657034,8.0
14900,34836.965199979,9008.732809900213,56.0,111.31620097449196,8.0
14901,44786.78862523665,924.971698638479,23.0,121.3536890036509,8.0
14902,53858.26448502205,8263.592522169976,3.0,122.52819513451152,8.0
14903,6516.314532121584,925.0139440620882,4.0,96.16083612153088,8.0
14904,24367.23253863228,1181.618991117705,89.0,126.27307467314077,8.0
14905,26167.729351796203,9104.435346723185,378.0,126.54057206312459,8.0
14906,39744.85293469935,6623.710903286904,278.0,127.62340888774457,8.0
14907,44794.81461955245,924.7798436404526,17.0,116.26145114732635,8.0
14908,23163.90373238436,21181.502611621352,18.0,102.81618780781558,8.0
14909,51312.64839584176,1850.015907200706,88.0,118.11159442338436,8.0
14910,49814.97766756886,14185.844157360667,109.0,122.23613792046581,8.0
14911,52848.74411407928,2774.6325635672993,51.0,119.61839809306835,8.0
14912,55885.25155096806,1733.961920859163,272.0,135.98268180920041,8.0
14913,58026.44389789847,47066.59751765768,67.0,117.16749523203697,8.0
14914,15427.793637746174,5472.444924396154,14.0,107.67805938111375,8.0
14915,7593.969663239623,6882.216337766138,-79.0,93.60378192802938,8.0
14916,42269.14203978594,33815.61565526059,370.0,129.13773484478182,8.0
14917,54952.951683593456,925.0416727564761,65.0,125.85809529182565,8.0
14918,49511.15580695198,28170.265400974655,329.0,115.99583355241433,8.0
14919,30512.800199976038,734.2248272254285,5.0,113.54621384948808,8.0
14920,54588.003917526,5119.725452219473,29.0,122.36079804711525,8.0
14921,49425.445208785044,16857.330324930117,46.0,114.90722079421906,8.0
14922,50873.44735882584,5474.4945239955105,341.0,139.04792033593722,8.0
14923,41550.74819806015,21353.07215358078,29.0,113.88303871473525,8.0
14924,45980.24369426988,6936.701742028007,82.0,114.19024771809376,8.0
14925,47996.39957174693,10281.257478795977,49.0,114.41270295231486,8.0
14926,62818.09859059914,3540.3240091213697,39.0,123.9797796352725,8.0
14927,60308.49039458905,40654.43290164835,-146.0,128.17323193716277,8.0
14928,36432.02800602202,12578.549788423865,132.0,118.5307474753441,8.0
14929,19529.206979197334,2397.335005420315,146.0,112.98275920517676,8.0
14930,51371.450168851916,9240.685198282776,432.0,132.00658597055417,8.0
14931,39188.11336938359,1849.8053613213249,71.0,113.15540441568847,8.0
14932,48457.05099261114,5774.302814619821,382.0,132.08437165647473,8.0
14933,30732.276622532187,5127.95058448174,99.0,117.57978551393546,8.0
14934,28705.266728101018,9568.631432425065,208.0,117.81818664185096,8.0
14935,21315.086727958307,6341.088583998724,22.0,111.4502716368728,8.0
14936,59261.32268963533,732.7606095471434,110.0,133.14388031388904,8.0
14937,67581.35409216394,3144.9882055885714,56.0,123.3686414519679,8.0
14938,47719.096473752485,39107.287079348884,-110.0,116.17298837380261,8.0
14939,7489.116303096532,1739.4980278819596,36.0,107.14952524138926,8.0
14940,49279.37207378622,3471.8951269575814,200.0,121.2113196252182,8.0
14941,36451.1238418959,15693.356324322669,44.0,113.23278855143234,8.0
14942,55440.72914770673,36390.21785370659,66.0,120.07945238103571,8.0
14943,23860.08555802812,925.0590742634338,35.0,113.86441912375383,8.0
14944,16106.026179039533,5913.611475660806,28.0,107.72907937927982,8.0
14945,16445.896444138838,8158.7128267254375,106.0,100.91336009528976,8.0
14946,10819.744962944616,1181.7825968295663,78.0,112.15479476163156,8.0
14947,48778.60857564304,924.9013460331381,14.0,126.09530370065104,8.0
14948,37954.54442056363,924.9067875809968,55.0,121.06672609204179,8.0
14949,40540.989724004,6355.206957893998,205.0,125.13179428591027,8.0
14950,37016.21054438371,5121.666836003367,138.0,124.45051615783332,8.0
14951,44063.726091024335,5207.802229717465,285.0,129.74869822893726,8.0
14952,46336.15202595916,11770.826822865574,33.0,116.48405502468273,8.0
14953,43038.95760476564,9916.021312221153,169.0,129.9119094678289,8.0
14954,16907.15547203304,3772.097055324787,-2.0,112.65900647874139,8.0
14955,43127.11269226259,13706.157158991748,139.0,124.11281681019528,8.0
14956,30654.656428652703,28954.605437768932,-9.0,117.48283318511145,8.0
14957,56396.59544436938,13710.83172338681,523.0,133.10904682025534,8.0
14958,32945.92185382085,1182.7062483820212,63.0,120.62866415738834,8.0
14959,59046.36855365409,1179.5894462984227,66.0,125.30024782486379,8.0
14960,54616.141717984035,10201.062339804383,204.0,129.63686192108568,8.0
14961,61781.57988118481,53507.63755951428,153.0,112.51572313520005,8.0
14962,27138.715546384294,924.8242988668464,20.0,111.15908816556903,8.0
14963,27268.15835090996,5892.198714511607,89.0,108.3298515938529,8.0
14964,43058.15640871899,925.0308333074131,36.0,128.31118457289443,8.0
14965,42124.81542174985,25108.94141129227,183.0,121.67342622847981,8.0
14966,51061.473274432654,2774.5348115590155,27.0,117.3676188558507,8.0
14967,37903.193553493904,4734.568617906801,292.0,129.30002872750748,8.0
14968,24092.656433481763,5549.341320334223,330.0,125.38149059453725,8.0
14969,12925.912764566401,1182.144415762039,115.0,118.16721445429471,8.0
14970,47315.11212203358,8356.872205169706,120.0,123.89471757962984,8.0
14971,67163.76268584884,12162.339291592141,122.0,133.11847509742657,8.0
14972,35572.41448797071,5975.114196910501,385.0,116.10448238374451,8.0
14973,40824.51001907015,925.008259264717,15.0,127.47443569733058,8.0
14974,61458.72052726582,39917.08022199807,-41.0,119.5253978064882,8.0
14975,61244.81441132473,16132.450302793826,61.0,121.62596899345787,8.0
14976,29593.290908150513,924.8867509591994,107.0,124.7269287037378,8.0
14977,13893.328496134183,12969.835760619668,-36.0,99.87229394760509,8.0
14978,24765.829653369274,2390.8429873140763,35.0,112.67233217078004,8.0
14979,61707.85379374581,4315.76806402391,245.0,131.38424389481452,8.0
14980,28347.69766366811,12700.611570499777,298.0,126.06981318062876,8.0
14981,60963.879919447056,27087.51832270007,59.0,117.95203719909993,8.0
14982,26968.54844346966,2885.6237835050833,165.0,115.98725220991406,8.0
14983,17311.311909953954,2884.0245771595532,58.0,105.74907433593555,8.0
14984,53579.77962914903,1184.3204116966447,69.0,138.8654694799041,8.0
14985,55263.01448806193,31750.189143211424,61.0,125.48201106270912,8.0
14986,35631.47385092989,736.9964967826121,132.0,128.8632552721508,8.0
14987,41417.60360756811,734.3589500226697,10.0,113.93731410937629,8.0
14988,49523.89759199516,3144.6781902404273,94.0,118.01453487213904,8.0
14989,42334.80710520639,24947.219808547634,38.0,120.32927739194568,8.0
14990,36437.14707961681,7543.704682778583,193.0,124.60636247118826,8.0
14991,33871.35391339545,1472.4124863525708,74.0,122.03982319201951,8.0
14992,31912.91136604822,24330.445652898692,-218.0,107.644323261277,8.0
14993,32341.466210026552,17586.147069962208,183.0,107.47327687071154,8.0
14994,18998.740920685304,8635.965822321657,443.0,117.77409659925758,8.0
14995,35666.33927483643,14909.002684774483,56.0,114.94663289928835,8.0
14996,48306.194282550496,1179.6151715322512,174.0,132.0439058687557,8.0
14997,57984.9544240777,924.9872749345162,42.0,145.45865376794708,8.0
14998,38717.91011855307,6698.614767131647,210.0,124.36787596195613,8.0
14999,38718.35626835557,28467.440200953766,164.0,122.12162085463598,8.0
15000,41883.22800433203,13953.62124621304,-12.0,116.99403767129132,8.0
15001,16100.736364977749,13737.712132847853,16.0,107.88333239387771,8.0
15002,12695.741020752746,737.7886502968164,43.0,111.7395044461811,8.0
15003,54576.822650082606,9249.825208356762,173.0,123.53992122334085,8.0
15004,25473.029313595132,2367.111846129878,41.0,118.21779426185182,8.0
15005,18213.050362909264,11063.736327642762,53.0,102.83240930478898,8.0
15006,22241.155238530195,9465.450576212543,81.0,110.02438714260823,8.0
15007,62257.04334739704,5922.243812887626,66.0,119.64490486798678,8.0
15008,30532.21486026213,3699.842296517425,83.0,115.84156584221195,8.0
15009,32464.356898087048,11821.84176479868,186.0,109.60970170978305,8.0
15010,54439.84401111835,3553.4390476961485,217.0,130.01060191096929,8.0
15011,30962.80811539626,10208.643188499584,111.0,107.04434099477382,8.0
15012,16763.55055765041,15049.652530551062,52.0,112.75189274319695,8.0
15013,40692.5236542102,2361.5636325438254,28.0,115.97127130228708,8.0
15014,23645.7224343218,924.9163306404658,113.0,124.42642023993078,8.0
15015,51464.28090283284,1992.011071664306,86.0,126.70414353848861,8.0
15016,58534.68519733193,1733.9586987456614,47.0,121.46603315330637,8.0
15017,20361.487616182894,10174.068515790008,179.0,101.65292067667265,8.0
15018,30295.51696154344,8281.644023873447,474.0,107.92251174478358,8.0
15019,13282.809723445716,10346.903878501962,16.0,106.28060718260204,8.0
15020,32490.184161724363,3793.410446125159,52.0,114.98690575279977,8.0
15021,40324.23432910048,8547.610553790097,26.0,113.44538905192525,8.0
15022,23633.78491047644,924.9401759091174,24.0,110.87379908441055,8.0
15023,17066.576026091836,5126.9740839713995,72.0,107.31712199178978,8.0
15024,64047.38803365532,924.7751508553813,94.0,141.17612661145748,8.0
15025,27677.537836639727,12113.338456762938,181.0,122.02799100858334,8.0
15026,43548.21293778345,22909.082434248077,186.0,108.98369319189365,8.0
15027,38034.3961435959,6278.690496175345,73.0,117.61280304362255,8.0
15028,25137.090228185854,19675.479666843738,31.0,109.91756414291844,8.0
15029,32447.482986376912,22246.872868366816,201.0,107.8242088955395,8.0
15030,13984.7639653011,8096.8023986342005,229.0,118.52788140343972,8.0
15031,34461.27015121302,12919.643227475823,72.0,110.04038081161173,8.0
15032,55238.353187233726,1180.0606619685782,12.0,122.95503168781501,8.0
15033,28149.959232459518,738.1044083705746,42.0,126.78963141072109,8.0
15034,51232.08463045863,17351.2922730021,165.0,115.80967443757439,8.0
15035,37090.180563188536,1181.1592598122804,22.0,129.34547061672646,8.0
15036,22588.723596477255,734.6560474794318,65.0,131.89203145137992,8.0
15037,28218.603669005155,13310.836646802438,57.0,111.4672776204688,8.0
15038,12814.319058751154,3084.9507466472674,124.0,119.6627208365692,8.0
15039,26878.890526665804,5213.688975428463,82.0,116.8502350732665,8.0
15040,40619.98053243368,9443.29803900539,204.0,134.907343179656,8.0
15041,58581.90293007787,925.0586113396372,105.0,130.1381182652677,8.0
15042,37124.773133208066,23025.150707859524,163.0,118.31127270926672,8.0
15043,44549.091306225426,2774.914421903804,161.0,132.18643610250882,8.0
15044,52719.025969237315,2774.5870395741094,71.0,123.68377540722787,8.0
15045,66407.0019479002,924.7949313231653,55.0,137.01706349467432,8.0
15046,47616.04434304875,7850.18274130734,61.0,116.2923322941203,8.0
15047,61587.30924483132,4739.390898338515,130.0,128.70469543224186,8.0
15048,41254.60990234822,925.008259264717,15.0,122.89703587413902,8.0
15049,16172.322309505305,1741.093190354852,50.0,109.46050966829623,8.0
15050,28002.178770937382,2209.227612513265,7.0,112.00728966901092,8.0
15051,29128.303513407333,738.4908721383113,52.0,120.4987194622876,8.0
15052,62229.977317695695,7105.743957832794,295.0,125.32103575537838,8.0
15053,59886.84952811004,2359.400538812888,85.0,126.67299428610262,8.0
15054,46432.138919477446,12556.127894975363,164.0,112.92880930746887,8.0
15055,38036.62431139336,33427.62521469033,-276.0,111.52859311669181,8.0
15056,61699.5956323834,8733.768387197817,104.0,114.42889198409743,8.0
15057,32201.593586916497,1182.702826805461,125.0,111.780368796119,8.0
15058,46147.28897351255,20514.471149528887,187.0,120.69193725365346,8.0
15059,41499.07023135295,3773.015517609265,50.0,111.86203674755996,8.0
15060,34351.64209556905,14277.984215197448,133.0,108.40756045346212,8.0
15061,9424.48524806312,3982.167458468559,46.0,104.11725483527776,8.0
15062,35524.498295679135,1849.738824925391,67.0,118.31237457308868,8.0
15063,33364.84096529493,12563.007464800796,77.0,111.95571479546292,8.0
15064,31664.18191720347,25778.98490093512,-20.0,108.35906581631363,8.0
15065,44230.05382463924,1736.5368417767538,53.0,124.03889360506615,8.0
15066,26288.982970313915,1181.6478053025037,17.0,122.4185487917312,8.0
15067,40159.240428801895,22434.196321385487,400.0,127.94119452321377,8.0
15068,30280.355326326553,734.2445119557794,81.0,126.98889575188446,8.0
15069,48190.08131112454,8257.189817676855,78.0,118.58424852117223,8.0
15070,31976.23398406455,735.2772284123843,0.0,118.90017219884362,8.0
15071,50857.54511003877,3542.2920448695586,69.0,122.26909049012104,8.0
15072,46178.382563697254,4683.359012920391,46.0,127.12961118043393,8.0
15073,6397.6425171490255,1182.421964170917,16.0,99.58221795461459,8.0
15074,25095.98982467045,2885.3307857554346,246.0,120.68716764171722,8.0
15075,58979.07401287316,13502.205560464998,38.0,124.53610348935797,8.0
15076,26303.29467273759,1183.8884705087157,87.0,124.32144222213113,8.0
15077,43558.27778788738,2875.2975980502424,243.0,130.38466412304632,8.0
15078,48810.572065352084,39305.02051837035,357.0,129.4910318219836,8.0
15079,47081.36923226784,1179.692311977315,16.0,129.52890824832897,8.0
15080,41081.123346050284,14350.845592424255,315.0,119.97731271870637,8.0
15081,61680.14548287897,7851.66817264481,338.0,121.70154383605856,8.0
15082,54342.868310136975,924.7244495856139,23.0,118.26560345064838,8.0
15083,43171.40186367977,7577.872240828662,363.0,130.6049984267784,8.0
15084,54187.77743375345,41183.48510951527,158.0,130.61379816631478,8.0
15085,18439.711494314077,10354.797114331746,-28.0,103.0395198060793,8.0
15086,42170.93022515769,1184.2258367889158,16.0,114.33600294112627,8.0
15087,26928.102152231713,6640.818345937867,70.0,114.10084368289995,8.0
15088,33171.61232487203,8761.071574586731,58.0,116.03403324633992,8.0
15089,50080.36197294109,2774.591523362542,37.0,114.40965037811574,8.0
15090,45298.819096476385,3474.428027193814,46.0,117.19714753061069,8.0
15091,27837.150265902732,7597.5172046872485,67.0,118.14747596972278,8.0
15092,19548.396794232496,9278.251349885308,207.0,107.29772821689093,8.0
15093,50030.485209071725,9277.9627030421,121.0,122.77906131923638,8.0
15094,49213.20294329871,21910.20426840443,362.0,120.34098737790363,8.0
15095,36707.871846414964,11097.845599270064,111.0,112.82071298181012,8.0
15096,45018.05960117469,32917.02432125808,183.0,118.59601712118952,8.0
15097,37062.15454391305,1180.5899344990833,33.0,116.75458107290245,8.0
15098,28484.78471857238,2871.1708417493196,87.0,116.75120749582602,8.0
15099,45745.57247332033,4851.655006293165,73.0,114.8968244383162,8.0
15100,42807.223875479125,27765.05000570563,87.0,116.91070377689175,8.0
15101,55649.899804037246,1179.3564841487337,45.0,141.99878173305882,8.0
15102,59179.04249304377,2871.5296876808457,118.0,123.55878994738754,8.0
15103,47177.74184189804,924.933826241323,119.0,129.6021425633345,8.0
15104,36315.04301269312,1181.8782333495217,2.0,115.51867299215984,8.0
15105,68928.45790264747,924.6592089983831,148.0,135.17494315511124,8.0
15106,32427.196875084195,16969.718077690573,79.0,111.10807254973024,8.0
15107,16558.849694493216,7097.89909506417,47.0,107.94562399922577,8.0
15108,48187.96570934068,7436.1737829081285,114.0,126.67819364006075,8.0
15109,50777.2548211813,738.8555048291618,90.0,129.22052943647648,8.0
15110,46433.102912980605,38157.11964692139,153.0,109.64007884110738,8.0
15111,50890.87597340407,924.8329121461234,16.0,122.94998860766104,8.0
15112,38827.04799141294,22732.227754312877,282.0,128.4349264834853,8.0
15113,55067.054409787226,925.1049926132432,19.0,132.33903612532623,8.0
15114,45536.63273237809,7436.080824662368,74.0,116.11196726146459,8.0
15115,26934.21050227005,5212.8475224758395,23.0,121.26102068616439,8.0
15116,55950.31785442602,3136.813222364023,220.0,145.02606257741553,8.0
15117,11201.973972650285,2946.3917448553225,66.0,108.45612277835124,8.0
15118,28247.43455795004,2366.6737195084856,267.0,128.12488335428938,8.0
15119,20908.587096757175,16429.264233240043,106.0,106.20264648433816,8.0
15120,37134.516734127676,1849.8823416090115,218.0,129.54839894040907,8.0
15121,25193.906099941734,10351.016691781559,198.0,104.23412285697691,8.0
15122,14871.939270464158,13951.90612359384,-83.0,102.94219498743928,8.0
15123,32673.788464366196,24396.679836821157,153.0,107.05139746569574,8.0
15124,35286.98251170334,11765.696703776855,190.0,126.74356878449113,8.0
15125,41689.98404547461,10590.039590664175,158.0,112.46465239686452,8.0
15126,21642.730814555765,11695.77871336194,275.0,124.44491601894121,8.0
15127,39942.656584474316,2774.9887806638867,92.0,121.34357101484244,8.0
15128,32245.689437494286,9106.039567896783,361.0,128.73538406334023,8.0
15129,58288.42381442242,1744.828241137873,93.0,126.59956618172335,8.0
15130,35175.39515592538,16152.042945235662,342.0,127.60785421318252,8.0
15131,37983.85400107943,1180.1625724616301,20.0,130.55257641596097,8.0
15132,41200.08616350193,1180.4464636431594,6.0,120.3226232528645,8.0
15133,61550.42976654714,3553.9498903008284,157.0,119.48078488207791,8.0
15134,37228.517166537975,2361.825645983457,31.0,126.52338541289005,8.0
15135,22600.307303675996,1472.418075716368,22.0,108.28029414260803,8.0
15136,11654.24816533424,3799.0834599595964,55.0,104.58800850092582,8.0
15137,27387.736974312775,2208.7419117388113,9.0,112.09650608125818,8.0
15138,8324.418703333762,7399.4141798189685,-34.0,100.73121982471704,8.0
15139,58818.69651346841,54234.24935639763,-94.0,112.1864608707344,8.0
15140,23506.9792196028,6886.66261919073,126.0,105.14317249122139,8.0
15141,34874.737522213196,9783.749801702976,75.0,121.70277652372246,8.0
15142,48966.85027686623,1184.2220965159643,35.0,132.77442998490147,8.0
15143,26522.78576733835,734.6582745923265,121.0,126.6096337389811,8.0
15144,42508.449794618384,19001.99159230534,-55.0,108.62959009667122,8.0
15145,58773.997281381584,7078.798024204423,168.0,126.79600307988821,8.0
15146,19908.553745560836,924.9476358670694,78.0,118.49692763631018,8.0
15147,45443.2113234073,1181.3723390131436,221.0,133.76800614507246,8.0
15148,16790.175524736816,7963.04322070269,57.0,102.00448566461812,8.0
15149,20402.019199058737,15792.839215644935,16.0,104.11143495888196,8.0
15150,25779.977160581522,24046.298167823465,5.0,108.21199993382815,8.0
15151,32381.122513268,2774.8683319638826,48.0,113.73784834296188,8.0
15152,25484.781993401357,3482.9748107301302,107.0,118.42322613027818,8.0
15153,14407.671647367224,737.453600308054,3.0,109.36532296628974,8.0
15154,65965.31578910547,1184.5513944874347,60.0,131.9995495919748,8.0
15155,48060.71517342156,30320.714478078164,-18.0,114.233266945894,8.0
15156,27784.97173526405,734.6944040031434,7.0,111.71605044722854,8.0
15157,52372.452133092425,4038.20532494669,367.0,125.99576255868789,8.0
15158,20095.083133417796,2870.7268566054668,33.0,107.63480966637951,8.0
15159,7185.915847640835,6512.992743940421,-220.0,89.57742576169623,8.0
15160,25126.798041165217,924.9545415423837,16.0,110.93431795317252,8.0
15161,52351.086519779405,2871.4082438972914,37.0,116.78999600064556,8.0
15162,52316.13972427542,23310.126370012862,47.0,125.38070359276713,8.0
15163,24842.287846323652,1737.6292001080096,28.0,109.16108046020123,8.0
15164,39798.3320891176,1849.8053613213249,71.0,112.94962366154641,8.0
15165,57177.79975230786,5474.369971805621,142.0,126.32952515274381,8.0
15166,43290.484492975134,924.8655051860424,163.0,131.586454905264,8.0
15167,20733.692220246703,8076.499335392121,37.0,114.60487194842857,8.0
15168,25565.96749611941,924.9353139421257,31.0,118.98589861304394,8.0
15169,54075.318397684365,4302.953436050825,104.0,123.634072358289,8.0
15170,36441.73468406153,1182.6694154629545,216.0,119.35225352247598,8.0
15171,27747.91183258255,924.9111389086845,211.0,129.47661371587856,8.0
15172,64227.729548218485,51432.385504181555,-18.0,117.83581099184033,8.0
15173,23330.49029837358,6284.841391213435,433.0,109.18238534165704,8.0
15174,55633.35719053842,7106.081671478726,154.0,122.90239331902735,8.0
15175,65670.65084884252,7824.596077371872,114.0,120.19994078677078,8.0
15176,52272.22539472323,3979.1035185277747,19.0,130.10334668731105,8.0
15177,12573.84753434603,925.0037658251412,63.0,115.186235759675,8.0
15178,44138.70634635932,925.0116624802502,113.0,128.35255006287542,8.0
15179,32131.63353092617,6967.6419647562525,32.0,121.33332095978972,8.0
15180,17504.460761133585,5909.684021738942,18.0,108.66792365357226,8.0
15181,50900.368476014184,739.5248925589004,70.0,128.6652073652539,8.0
15182,59178.25878997663,1184.5850564851569,42.0,131.53154841955742,8.0
15183,27830.193229325272,12933.839497110706,46.0,116.65019916934715,8.0
15184,19423.25937447442,2774.7184271876436,37.0,106.37395613132026,8.0
15185,25866.169201449964,5127.95058448174,99.0,107.03758047109628,8.0
15186,39719.3845065059,733.9673150305033,24.0,131.03665313433387,8.0
15187,48918.780424410616,4039.1114576527298,65.0,121.14420730273977,8.0
15188,44625.66997804012,2210.5622876741286,253.0,131.71686763724236,8.0
15189,44178.16551790995,734.2171872670206,21.0,120.97260408649231,8.0
15190,32709.93138273076,2870.5124053391974,69.0,116.78911427862407,8.0
15191,38237.00459512164,29934.029145925408,116.0,109.39795918687335,8.0
15192,53504.934137489676,3466.42507200286,510.0,137.52548107156855,8.0
15193,55837.72406529233,9783.274961706033,461.0,124.54153844739143,8.0
15194,46655.43375291913,7584.700822997771,131.0,113.75227161398985,8.0
15195,45606.39431346932,17829.272244565975,-64.0,118.05730121108672,8.0
15196,56006.854935293915,925.1476322163687,33.0,120.97199987601064,8.0
15197,58470.137174948424,37306.250931661045,72.0,117.09667719500018,8.0
15198,36512.92353457371,5753.570051907142,235.0,122.93687043848956,8.0
15199,14404.723896921285,3476.931308592246,29.0,104.98736697634726,8.0
15200,44299.01022154667,1992.3641112097557,7.0,116.50752786957992,8.0
15201,41584.00989102535,5921.463433636868,36.0,113.4948072378773,8.0
15202,19665.07971860002,6279.978816072872,55.0,101.90684045100772,8.0
15203,44998.86423792348,3145.1579351878645,61.0,123.62828543171146,8.0
15204,27300.99959573552,1990.1067142682293,50.0,108.71908070381518,8.0
15205,19593.076638685096,736.9033829007501,31.0,114.78622337456105,8.0
15206,29404.57416106851,10381.638569664623,415.0,127.74003766186775,8.0
15207,15268.263738856476,1990.4193190686492,76.0,115.87488586498296,8.0
15208,53773.81260706687,17636.014247649542,299.0,117.32040353020297,8.0
15209,61457.00519560071,21119.95605043069,232.0,142.81136706322454,8.0
15210,37569.706434044776,1736.1955367937542,14.0,118.55681385155485,8.0
15211,54278.24413307055,13031.447807798335,76.0,110.43818069899481,8.0
15212,22147.124678014352,738.2170018081194,88.0,121.587288779387,8.0
15213,20405.066879718725,11073.872991856006,-138.0,104.01715477438523,8.0
15214,51546.77966335503,3137.4396521833946,88.0,125.13863384008663,8.0
15215,42657.58319413948,1736.2065591825415,91.0,116.00440621285561,8.0
15216,15443.6093280565,4853.0569521741945,27.0,111.1643104291949,8.0
15217,60523.13455947508,732.2790070261053,179.0,137.43117731383353,8.0
15218,34602.950339697505,1471.1969256712857,155.0,135.72247037378384,8.0
15219,39328.85461427025,924.9590737499128,17.0,117.98493191689586,8.0
15220,35302.113827630914,1181.3347449101334,75.0,121.66005221008805,8.0
15221,33366.89516479367,17037.008047843356,191.0,109.24782809985243,8.0
15222,29659.776035115843,13057.687627653973,198.0,122.85506864316551,8.0
15223,45900.87151604832,26375.306624947432,77.0,122.40159205825198,8.0
15224,45199.85900934172,1184.1722746630508,33.0,121.42846093822533,8.0
15225,27648.17404676172,4042.7590330576354,133.0,115.54796099291264,8.0
15226,42141.29545278967,8259.692845309155,152.0,121.93226484502824,8.0
15227,56545.049023845844,4055.806679300753,65.0,130.70686622751685,8.0
15228,41051.65575787715,739.7321475088019,38.0,120.66071880268348,8.0
15229,43129.19167035881,9948.359357283221,207.0,129.56407625088679,8.0
15230,53153.09870024417,924.8755226211732,47.0,144.73798693600193,8.0
15231,57760.25538540931,45067.38181414956,32.0,123.89206103411489,8.0
15232,12046.704114677312,5549.634116609726,24.0,107.12169594558381,8.0
15233,37025.444366614545,12046.119999898974,362.0,113.32388590268675,8.0
15234,35966.672663542726,12578.076336984954,208.0,127.60957678479032,8.0
15235,19912.96090348639,19176.510388553033,-65.0,103.19721656966765,8.0
15236,54123.20703285085,12071.393833073316,195.0,120.37927219768711,8.0
15237,58089.52916327691,7456.327507461765,179.0,121.31555664933681,8.0
15238,13822.868304998421,3475.3019481795577,470.0,127.6671540397358,8.0
15239,21566.873521678637,6656.023452105671,87.0,112.31228587048437,8.0
15240,26693.037037282164,24970.05850983798,2.0,108.7639218082965,8.0
15241,64848.50010782184,8775.301001631928,48.0,132.47760055317735,8.0
15242,55349.83372763918,8606.063808455918,467.0,129.65265511702185,8.0
15243,63646.04939990184,24150.003405316835,6.0,119.62024146784633,8.0
15244,46409.01916558975,27624.291566469994,187.0,116.71850002381262,8.0
15245,9424.294078334406,8618.41140502528,-2.0,100.12652132041606,8.0
15246,43322.09261868149,13397.182905812158,367.0,123.22817277167303,8.0
15247,17346.693456084955,734.676451521507,111.0,132.90026355770533,8.0
15248,40191.97932739132,1180.984421655172,7.0,126.6184068430471,8.0
15249,45586.14477592437,734.1852349354351,11.0,119.379741657919,8.0
15250,33315.96774994433,13460.913846117794,13.0,118.99644604403316,8.0
15251,65144.12222174888,732.0843960454074,67.0,148.65229033890947,8.0
15252,47492.091812585655,7106.911215732053,15.0,119.69380523900008,8.0
15253,38636.2848080821,1183.8520501470473,139.0,128.97807352382642,8.0
15254,23103.031040799262,14492.766260558166,9.0,114.12051228886186,8.0
15255,13442.860776218131,5216.1615027397265,54.0,102.57152417820538,8.0
15256,48281.2236915216,4682.73435619101,29.0,119.69138617535754,8.0
15257,53049.19797527449,35339.72469808526,325.0,112.98631024967668,8.0
15258,23135.40247095613,925.0358891715622,53.0,116.71021599683154,8.0
15259,20082.592204222805,5239.071961924788,47.0,110.79681074720366,8.0
15260,47378.03267975394,9278.540468884963,48.0,110.44917428110185,8.0
15261,28431.530108144565,736.1890505669784,21.0,117.16612162229727,8.0
15262,37260.11864752326,7436.164386880749,53.0,118.82394915229693,8.0
15263,28473.323635864523,924.888453373486,75.0,135.61296229260515,8.0
15264,43854.763025347194,24817.133544251978,60.0,122.01460639541762,8.0
15265,24471.83254664749,4306.899030826043,48.0,112.19134400865626,8.0
15266,54642.331189325414,6325.730685395534,246.0,140.38152645617927,8.0
15267,41176.20373030258,1181.1377944393269,110.0,134.38218036236515,8.0
15268,47615.64661350337,737.3753764352509,82.0,127.83570376459892,8.0
15269,35272.853986566595,14512.880807714666,44.0,112.85015957897195,8.0
15270,13974.970201229382,1182.6507262888658,139.0,120.59166320674856,8.0
15271,44375.77568601009,8066.870210985179,-70.0,114.78314569973611,8.0
15272,47549.51032853137,32798.220208406885,183.0,112.53948810307836,8.0
15273,28853.565811858134,3681.520266744833,20.0,116.7725317752302,8.0
15274,19437.659427062197,1849.826269766005,37.0,111.40954371139678,8.0
15275,36920.05859673839,7501.471428058153,238.0,113.71429549388243,8.0
15276,37527.93122224453,15695.948213775111,154.0,110.88956951696977,8.0
15277,62731.421612396065,5923.754462047744,382.0,134.01734950826528,8.0
15278,21678.245763019517,735.51417512393,77.0,120.19759255670913,8.0
15279,33890.431697659005,22848.800137258324,-44.0,110.5197897052602,8.0
15280,39009.591933277676,5902.816786663832,182.0,132.61731821865334,8.0
15281,12046.547395830714,11123.53371459268,8.0,102.47932275471277,8.0
15282,52919.71919367867,1992.2151060607885,26.0,125.85571598615147,8.0
15283,50388.91087781311,924.7421166075128,26.0,131.8274938591525,8.0
15284,38065.84093883239,14907.727032016479,282.0,127.11738710747699,8.0
15285,22392.787148559713,5598.251254359534,79.0,111.96592896850754,8.0
15286,6877.540009860706,735.641610675808,10.0,98.14413663248047,8.0
15287,43329.74073795353,35051.81730325074,153.0,111.34137589800292,8.0
15288,28786.61736054843,17836.842622750726,203.0,124.26433668759834,8.0
15289,32627.174898543155,2210.633772342508,490.0,134.54094431562018,8.0
15290,21060.284752350934,12802.709847577866,113.0,99.79829793249674,8.0
15291,40152.15993167147,4795.722210894812,240.0,127.3235018686042,8.0
15292,56034.52780893118,5968.359133571502,421.0,133.89886277914468,8.0
15293,19621.99665434068,1740.851897054245,150.0,118.3303978934686,8.0
15294,54369.190621825015,4599.628817638508,61.0,120.34346496026426,8.0
15295,37622.57437642838,19596.22955997916,87.0,116.5499298536893,8.0
15296,32817.925057269094,7479.822813084658,11.0,114.80514882526967,8.0
15297,25991.65920538339,2774.6647550532066,209.0,124.76263093584699,8.0
15298,20865.9972591066,734.5189988279074,2.0,110.30127609356715,8.0
15299,14664.078892127778,1741.4452656409837,71.0,108.051536571628,8.0
15300,38993.65041255652,1180.680177134217,13.0,113.08530786675229,8.0
15301,43393.4280609571,2888.003034340162,38.0,115.14217959538237,8.0
15302,13032.449059032295,9278.478442285845,19.0,103.2256218979815,8.0
15303,57709.667003817805,51051.61337642573,80.0,116.43289115656661,8.0
15304,18313.265570178723,1181.851153811115,38.0,106.76024669858134,8.0
15305,52345.46216549077,924.8234648815027,123.0,131.32379331820826,8.0
15306,11317.120733204993,5598.187028185916,-3.0,104.2188021803832,8.0
15307,59015.591501724,17771.50012515664,76.0,111.64429435068828,8.0
15308,11405.237949205217,3141.1168797063765,8.0,102.98376849354734,8.0
15309,43543.56842745209,31934.908105124552,416.0,129.70282973819133,8.0
15310,42668.16680379764,2360.783960868504,84.0,121.8909123358295,8.0
15311,25839.430529409,2871.37218546669,77.0,124.65056103326634,8.0
15312,45884.70297281873,1991.9099131906826,115.0,128.79613829763105,8.0
15313,56240.01256267569,3978.5308014704124,191.0,132.2926740237213,8.0
15314,56121.48009441524,45531.11331936267,291.0,130.33966730622143,8.0
15315,33538.653056548625,32845.216900157946,-356.0,107.27632817167616,8.0
15316,51927.32519719424,15792.602069243865,150.0,123.61443577294183,8.0
15317,26572.952957884227,10674.12577956736,73.0,109.55514503374698,8.0
15318,13316.388903345129,737.0700900987996,171.0,124.01784220941846,8.0
15319,43293.79148692969,1184.9858193746873,64.0,122.37547816580852,8.0
15320,22791.85599578683,6180.143391449443,126.0,116.57682758740012,8.0
15321,48334.23537767847,7108.456065230822,30.0,123.96388048327046,8.0
15322,52063.61761870118,3984.775767320544,65.0,116.69174230260715,8.0
15323,44227.3285138295,924.9567433022031,202.0,146.4967509386209,8.0
15324,58547.38257594874,2871.3596946672014,288.0,136.80775625766913,8.0
15325,36072.77598190468,17957.716053899418,129.0,112.65567797844743,8.0
15326,55380.99357847682,14688.244049433044,63.0,119.78126391987661,8.0
15327,50203.01607703322,6970.130778980425,287.0,112.97629686708294,8.0
15328,24236.31709349644,6340.302897742154,19.0,115.94669418671627,8.0
15329,32217.658172746545,3549.934631456884,229.0,120.70316699328681,8.0
15330,50428.03006551861,7105.445347858222,102.0,119.66059015693772,8.0
15331,22914.639007869773,15732.255897603101,-60.0,105.82954236020552,8.0
15332,27062.541085710473,9023.495836007272,80.0,113.22759081429196,8.0
15333,52375.72914300173,7472.380702299962,72.0,115.83338012838935,8.0
15334,45476.858001434935,1180.5519986010672,207.0,133.04992781824006,8.0
15335,33310.31411653088,9796.615997764724,342.0,109.48289985508495,8.0
15336,34266.5328452934,26694.4111640343,-234.0,104.88531859535594,8.0
15337,35289.828910877775,14112.713694666478,63.0,114.321218363011,8.0
15338,61253.07885834063,18063.074838826793,65.0,119.74059400820002,8.0
15339,40753.11652962899,39025.84006285227,-101.0,110.10621116422278,8.0
15340,21359.984606620023,10311.622980761977,31.0,106.84254871100428,8.0
15341,39719.09648952117,924.8950814705034,4.0,121.41846526436129,8.0
15342,8081.303770956292,7489.520165578926,-158.0,91.24186574767467,8.0
15343,40111.433596723466,924.7798436404526,17.0,117.41159094192065,8.0
15344,45053.54532695347,20203.22341826777,51.0,122.24341823055032,8.0
15345,32112.99010479098,11720.071642002495,71.0,119.38309553344617,8.0
15346,12046.490652588103,924.893426176025,4.0,103.31140665812791,8.0
15347,52768.65433435402,14817.76132435965,190.0,122.31599133438263,8.0
15348,8273.090758168244,7091.1657112441435,-53.0,110.29936660755246,8.0
15349,49995.359123447386,2774.9016625125873,128.0,127.14741187943596,8.0
15350,19413.062010196252,1181.7749668512156,15.0,111.15146332796586,8.0
15351,52542.1723956747,35635.79541820514,-1.0,113.741756322975,8.0
15352,42604.900155870164,9278.817239793292,326.0,118.95397051616506,8.0
15353,46764.451022324094,2388.3745059660178,356.0,137.48495594781804,8.0
15354,38910.78759889251,3699.9114315524694,87.0,122.11800471972535,8.0
15355,57850.64372241427,1732.1063294139622,216.0,138.5295398702528,8.0
15356,51458.39109986915,1989.3515673631314,216.0,131.98421442556378,8.0
15357,65079.0324311206,39606.97928695198,250.0,130.7543311685054,8.0
15358,16706.38643384497,14975.45813823165,63.0,112.8530750106181,8.0
15359,21285.70889443201,20361.398943210184,-121.0,106.06845060801713,8.0
15360,30720.489455213796,10484.843227461315,71.0,108.65076152999983,8.0
15361,48946.14872382363,2360.4210069982432,56.0,119.53393684445939,8.0
15362,46951.28795789878,924.7986827452559,17.0,121.23484653657178,8.0
15363,25012.03767838326,7877.92969781625,155.0,109.61335691230643,8.0
15364,31669.81756024422,1181.053119057981,31.0,122.3410676738203,8.0
15365,41320.28928701711,1475.318501759103,129.0,127.29200149628457,8.0
15366,16334.341565861694,3548.7292291467393,283.0,123.32567411041684,8.0
15367,26158.121555344,22392.58946544439,-254.0,109.0321094631346,8.0
15368,22210.220471504363,10174.041766330038,79.0,109.19954629622066,8.0
15369,8356.889009947023,2774.8235013035646,11.0,99.99297151076395,8.0
15370,13389.914749556234,2364.9648354343544,49.0,103.68535142038886,8.0
15371,43160.01180301231,2941.226455092369,197.0,128.26294112252273,8.0
15372,62865.38724148429,2369.3676781098056,241.0,142.98707963077806,8.0
15373,42158.78607253181,22623.405432333417,77.0,121.6802563408618,8.0
15374,27018.55889346195,1470.933031124095,15.0,116.83627037058962,8.0
15375,59167.58419770535,7588.079107787478,156.0,122.94407349035865,8.0
15376,29431.582773544505,11318.113325883452,132.0,112.8321190844314,8.0
15377,35327.216542828246,9710.072462666545,111.0,113.10832039348996,8.0
15378,54814.83177103998,3771.750446915845,13.0,126.30360368776513,8.0
15379,25566.56644441274,3543.724383857403,10.0,116.0914611457348,8.0
15380,51322.669964448025,33376.239671863565,314.0,109.33187045602263,8.0
15381,6346.810292663452,1182.3759934754721,73.0,99.50560036486971,8.0
15382,39919.62778076926,19969.407211744743,133.0,121.21817382988344,8.0
15383,14962.736705104115,12113.918677809503,-12.0,104.70969702746157,8.0
15384,39125.90356286733,27757.738988096302,-73.0,112.11094117718406,8.0
15385,42760.268877539165,5227.460365354305,250.0,128.3027797047544,8.0
15386,33428.003319038886,8357.07437490508,23.0,115.54007034154196,8.0
15387,34068.74020329215,12310.691700317302,88.0,110.49488202723528,8.0
15388,39229.7515015243,3685.848562523284,161.0,124.61311220417906,8.0
15389,34681.80653835012,9319.283071774984,56.0,113.33008190648701,8.0
15390,40016.073330951105,1849.9628402261137,86.0,128.8670364953141,8.0
15391,36416.44415542142,5127.9000524246785,250.0,122.75371843961496,8.0
15392,61374.83365377695,20039.593775623976,95.0,126.02377920052987,8.0
15393,27649.6903892841,2878.538399258935,52.0,116.8913828787473,8.0
15394,29566.164307724586,5915.806919989013,249.0,124.41617672826735,8.0
15395,58267.97129563901,14448.98416373153,37.0,132.45947582988296,8.0
15396,27648.41645290367,736.6062516892555,120.0,125.78737309654045,8.0
15397,27807.214213523384,8759.857819458897,98.0,118.10653108561634,8.0
15398,15825.454383797425,735.6730987293305,4.0,112.31773607572302,8.0
15399,34510.68485097351,6965.736296729407,134.0,117.72058057140585,8.0
15400,14751.660411695342,7589.341372919738,52.0,99.90825388303065,8.0
15401,55691.02173326198,35309.37071094902,88.0,119.13768308506242,8.0
15402,29598.905507396757,28865.758707521167,-363.0,103.0885476318706,8.0
15403,27835.231433783654,924.9585836555328,107.0,124.61045755075986,8.0
15404,34760.96268066602,2391.0029532991753,20.0,115.00002781191229,8.0
15405,22716.528474702263,11108.810010517587,17.0,109.83768557278187,8.0
15406,44857.709373499885,28249.525134843563,198.0,124.45249167751967,8.0
15407,41939.049081427205,924.9246533671959,99.0,126.627499421271,8.0
15408,41468.8235398567,2877.02860040528,145.0,124.92472816329641,8.0
15409,38097.04857432042,31448.890237638694,86.0,113.75805116904759,8.0
15410,45031.06889828604,28247.27194447438,438.0,111.69724339499585,8.0
15411,18833.408852739612,3090.7003588539787,187.0,120.45527537743922,8.0
15412,32126.807198807386,2943.371358333429,70.0,117.12018739602128,8.0
15413,51393.254093544085,1734.213509832106,53.0,121.02511360309096,8.0
15414,48044.85763723855,739.3685375698719,66.0,128.40749437135895,8.0
15415,44489.56725024064,3144.6781902404273,94.0,123.56252974094387,8.0
15416,48211.752633971446,27447.107302586224,111.0,115.26150378881732,8.0
15417,29784.653683113014,9027.13480032836,111.0,106.99535519637931,8.0
15418,32187.0817564266,19403.108500315684,87.0,112.97752087124752,8.0
15419,41013.99815295221,26181.98763807761,198.0,111.64902072316414,8.0
15420,38095.645913396314,19056.911146229657,60.0,120.82274609349614,8.0
15421,46663.32727562058,8081.790257282769,145.0,121.27690267012764,8.0
15422,38498.79355836716,2871.5524118889607,109.0,120.23764937356324,8.0
15423,21589.262381062483,925.0290888600418,33.0,108.69879019911586,8.0
15424,57276.8978987701,16773.19809647798,38.0,123.6718135714409,8.0
15425,46047.609472520286,31286.73343500541,183.0,109.40974456357944,8.0
15426,42072.01441956941,1180.226802356359,45.0,121.480739819669,8.0
15427,29010.166499725114,9365.329140711947,223.0,124.54255421844732,8.0
15428,34592.999675064835,1183.5487164981516,57.0,120.10420323787652,8.0
15429,38273.9380491809,1736.494860515982,334.0,137.30289864711295,8.0
15430,40196.66209337522,924.9090950793453,21.0,116.15630478568087,8.0
15431,24574.769056566136,5962.8321784293275,128.0,120.74233532100676,8.0
15432,33808.87824841936,5904.470115233213,58.0,114.55939676381347,8.0
15433,22248.982191168074,736.9534842722545,40.0,115.4034176695652,8.0
15434,16624.268062331343,1473.1177882010215,3.0,104.07351859805416,8.0
15435,38660.03690659215,26558.162360719194,183.0,116.92132985106042,8.0
15436,25397.654020254573,6351.784756903486,310.0,115.32908241033356,8.0
15437,60416.14471480425,39249.57032132111,72.0,117.2888501732965,8.0
15438,41950.99681422399,925.0275090257805,17.0,121.63378837702855,8.0
15439,38200.092342656026,2399.523225242548,240.0,129.4457878512826,8.0
15440,50306.147572687834,732.5242818412422,29.0,121.02432421808822,8.0
15441,55896.02212748605,20740.731859477284,79.0,123.10260722791791,8.0
15442,40998.9381583146,2884.018312785624,187.0,126.15254372272517,8.0
15443,34196.572783245225,1990.1278641579222,82.0,133.50419598788304,8.0
15444,17916.34590831157,3139.7243759304392,84.0,104.20677013979189,8.0
15445,9249.43421445818,925.0155113113233,24.0,103.91838607159552,8.0
15446,30672.701299829816,23271.438882081486,-102.0,112.73863242045636,8.0
15447,39761.823216393335,17749.616419045422,245.0,108.60111310634676,8.0
15448,42231.5188563602,27387.21741590175,198.0,110.85476746973501,8.0
15449,37408.07921968163,30768.321830223256,80.0,112.98188695324086,8.0
15450,28282.440727555404,924.9155826205932,50.0,125.19527760496825,8.0
15451,38774.835841594926,1989.7997924570152,24.0,114.59542474699845,8.0
15452,9278.634218752304,1849.9104147518094,28.0,106.59315172766836,8.0
15453,41302.359889002706,29363.243206206167,2.0,115.33055537165234,8.0
15454,33654.44659424059,7196.065430576627,155.0,117.54288712435913,8.0
15455,10475.594975743974,9751.83208384909,-223.0,93.2424540942704,8.0
15456,37875.58407645708,11098.006656745925,43.0,112.02752899798755,8.0
15457,55260.298999650106,16230.52887165795,43.0,120.97884509797444,8.0
15458,42021.76821998671,3984.0877293983876,51.0,128.26505697450992,8.0
15459,31964.677688782074,23887.221178215736,57.0,118.28532085236073,8.0
15460,50568.654188285574,39608.209159942766,67.0,116.05573678447523,8.0
15461,26492.665587600004,1183.7863841222875,96.0,119.54202912484934,8.0
15462,59881.56731359566,18535.765594608998,95.0,125.8315197630491,8.0
15463,33702.54887144567,14480.14323374875,103.0,119.34569906873676,8.0
15464,15074.799397231553,4853.863402929026,430.0,124.9768025502022,8.0
15465,40775.55153200081,925.0324299119005,43.0,120.10456565572814,8.0
15466,19759.363802368196,4611.517443653578,16.0,114.07480339973812,8.0
15467,44677.594814047276,1181.494392239857,42.0,124.21625628624886,8.0
15468,36627.370643404305,3083.4394789879047,231.0,128.02085699004795,8.0
15469,29783.7436786516,9026.471920869817,44.0,110.70494547991876,8.0
15470,30204.886846065303,9827.808721017882,65.0,118.8337975545023,8.0
15471,52832.16523694465,6276.306676226468,63.0,116.41056236730924,8.0
15472,17052.016002158696,1991.8709171410194,44.0,105.62824129865098,8.0
15473,24838.186017683067,7498.741053266076,286.0,115.86048304566137,8.0
15474,43062.048000600706,5598.521017138617,77.0,117.50001628587543,8.0
15475,30934.09274558703,5892.198714511607,89.0,111.42978174850285,8.0
15476,55623.20926147972,8610.395747178569,14.0,121.54501672638682,8.0
15477,56070.79776118206,2869.96842837972,231.0,115.39494950169482,8.0
15478,19648.497616155168,10818.447764220673,59.0,102.57532954966348,8.0
15479,17899.570362625487,6696.292958707542,46.0,100.60246904137377,8.0
15480,46826.83068271897,924.921756214351,121.0,129.41679096203976,8.0
15481,12379.858109365101,1991.2397714006884,240.0,121.63289654398741,8.0
15482,26817.260365297483,7595.755510755573,186.0,120.14699871295142,8.0
15483,49416.69231103347,5488.613637367073,199.0,127.12938976077471,8.0
15484,29820.12196136235,1742.831955226908,61.0,125.21956773455602,8.0
15485,37386.8553031349,20229.120517373103,176.0,110.55468550001011,8.0
15486,13683.992201147197,4785.720180982683,329.0,118.55180160902665,8.0
15487,45374.7864302283,5864.387497201212,249.0,113.60364540884291,8.0
15488,35007.29727539239,26561.66811379836,329.0,127.49567738029552,8.0
15489,64963.42766896136,1180.2453652970964,59.0,125.20794772296571,8.0
15490,34625.51177860414,13997.862023039006,32.0,119.32697113332861,8.0
15491,30669.222949347986,13284.535731833757,71.0,117.65734803405869,8.0
15492,25782.66788815734,8098.918223549687,41.0,111.30300987280637,8.0
15493,46283.58168468703,26747.062979744314,77.0,122.47210188163322,8.0
15494,35371.84249875441,15432.900418255853,133.0,120.1966353816681,8.0
15495,49519.84875797231,32729.069511885937,452.0,113.82337602936576,8.0
15496,35459.130326166516,3681.784901982734,338.0,115.16162346861505,8.0
15497,25404.415596536863,6176.78888521953,184.0,120.24964990451156,8.0
15498,49784.462165702585,924.7139042585884,31.0,131.53912814020265,8.0
15499,39324.44324085925,20256.03532336537,109.0,121.0911059579071,8.0
15500,19768.819077575354,2870.3880181877403,94.0,105.74343552700239,8.0
15501,39711.329831124705,4724.084311898673,10.0,120.70925566352682,8.0
15502,53522.800727947084,3136.8202412972373,460.0,136.7362712272947,8.0
15503,19546.928676685144,1740.7791371641285,115.0,113.01468544322654,8.0
15504,22715.768931638,14651.13914993349,60.0,115.41778523108894,8.0
15505,30443.12444605284,7177.897383510954,60.0,115.38755110711938,8.0
15506,41533.50333303431,20763.621771985534,308.0,124.0362999502222,8.0
15507,18523.661263278304,1472.493678374628,225.0,105.07419031084655,8.0
15508,14748.714035528383,7359.31099557071,225.0,109.83907555462386,8.0
15509,44547.773087137095,1741.5203342454536,46.0,120.79302031566782,8.0
15510,56377.84740443399,732.4443436221796,158.0,148.9716025283703,8.0
15511,55417.5434399362,1992.2682902996598,68.0,132.83036495447345,8.0
15512,29442.181386750664,1181.7560904963518,28.0,108.65646040505561,8.0
15513,37462.41636139799,1850.0424617115048,92.0,122.10253680654898,8.0
15514,49788.67988275268,739.2644921410455,13.0,130.38480623343435,8.0
15515,55067.635610505225,36440.986833018884,140.0,116.12615068848176,8.0
15516,49073.327903349236,30622.208161741808,163.0,122.96950336884157,8.0
15517,14028.615567182651,5894.421647322093,76.0,98.76643883849964,8.0
15518,19057.844585756877,7115.386159826521,40.0,107.66325515553096,8.0
15519,38042.58086510725,735.1679244385346,168.0,129.58096357091597,8.0
15520,60667.55642592034,11360.270359752913,-21.0,119.63298016316723,8.0
15521,44710.39354805077,7106.393236452908,55.0,117.51034872460748,8.0
15522,33130.807647207024,13294.06278538542,15.0,117.40946050098638,8.0
15523,39907.826764635734,736.220006526427,156.0,139.65467842108757,8.0
15524,28908.33480310645,9366.110398032011,253.0,123.950511775784,8.0
15525,49025.09391726869,12948.191822356657,115.0,115.53532131561381,8.0
15526,33506.22726848635,5207.547747331451,281.0,135.1852455761001,8.0
15527,41399.72125010129,24372.554285691032,77.0,116.77016250715178,8.0
15528,13463.32065077706,11484.019611309419,-67.0,99.11171148614245,8.0
15529,66731.77244881191,2369.3806853889637,103.0,130.77966614343433,8.0
15530,32465.43120031797,6843.226485322706,92.0,110.983952117339,8.0
15531,49702.66436751625,1742.739402773568,102.0,125.51726526340151,8.0
15532,50140.607414785896,925.0617058223324,83.0,127.25790977968501,8.0
15533,32448.101886293916,14817.458580846973,-27.0,112.26205579968268,8.0
15534,49071.344195244834,1849.9702116474077,129.0,129.6613857526245,8.0
15535,28031.153406027694,10346.249215142803,30.0,116.22338703063403,8.0
15536,46669.533782540835,17071.24612903508,351.0,122.25627232616763,8.0
15537,52918.84035898032,11770.192780061401,199.0,129.97683973616984,8.0
15538,48237.42317995211,9278.720847350989,121.0,123.53023993896758,8.0
15539,24502.091169913514,3475.8289919439308,81.0,115.84434902080991,8.0
15540,23732.247555488666,2396.965388947117,68.0,115.24834313473818,8.0
15541,48199.64567186612,34098.05007752221,163.0,118.86864252998659,8.0
15542,46524.707919452165,4618.648612033583,3.0,120.68003988610904,8.0
15543,25835.11372149221,4852.116313539435,17.0,105.50648612897496,8.0
15544,53234.40229834463,3773.092611312778,53.0,115.3418350870256,8.0
15545,58459.281056509106,1184.750824078016,66.0,130.64431811859671,8.0
15546,16699.280466720735,12090.59052426777,58.0,102.08053512887652,8.0
15547,40721.61850649709,5549.135055533197,88.0,122.38747077252265,8.0
15548,6661.315673270219,5913.073375124848,-93.0,91.21453952319541,8.0
15549,54538.63256619889,26727.5158233777,-7.0,122.0187959013914,8.0
15550,52561.90995610165,1744.3660190727317,89.0,125.4198643855244,8.0
15551,37607.580150492424,20584.567820825956,183.0,120.71381718166961,8.0
15552,62867.426501782975,1179.300555080083,288.0,138.19957430615563,8.0
15553,58909.05349000894,4056.8123560389045,196.0,123.20626671160989,8.0
15554,21907.95445829834,6351.784756903486,310.0,104.47434406376689,8.0
15555,50118.613332264336,1180.8333646522617,100.0,127.2054989614102,8.0
15556,57287.38627374944,50627.410366601434,80.0,116.39166950552647,8.0
15557,47843.83404886837,2368.362923108131,38.0,122.75378674901626,8.0
15558,25939.56703673768,4624.56269257015,27.0,111.66790823766046,8.0
15559,19142.71076471013,4614.124363744195,52.0,109.19983393045527,8.0
15560,22001.10576750025,7088.011262752282,75.0,111.58424923833748,8.0
15561,27939.10915619832,1184.08510297876,22.0,114.60093615913095,8.0
15562,60279.35657469897,1179.2322022646035,140.0,144.40692383393798,8.0
15563,65638.15697393578,731.7788955514944,20.0,124.89670931777395,8.0
15564,45660.21553024416,2870.388944896927,13.0,113.74729808117002,8.0
15565,58966.27671910721,924.8589610803537,218.0,136.68689001222046,8.0
15566,43695.62815276216,925.0615306534769,154.0,130.73797279879966,8.0
15567,29186.56499419623,6876.008180751068,133.0,109.31294435310339,8.0
15568,20096.302576949147,1991.370878475492,233.0,130.5792452206861,8.0
15569,39799.55093834351,32447.00870570327,68.0,115.01717860071224,8.0
15570,47550.619676730166,735.308973648726,140.0,131.93047902953688,8.0
15571,5549.5951941498515,924.8985815823257,76.0,107.35836761000508,8.0
15572,11946.456894256367,924.9713286212881,84.0,114.76220877803271,8.0
15573,24263.381194085123,1180.6848302564003,132.0,136.15243166896514,8.0
15574,27207.465166853002,9466.02554530592,270.0,111.16074113685504,8.0
15575,19126.03311468171,1737.603638204116,78.0,115.73375024223161,8.0
15576,8092.862393409876,4046.050227948083,2.0,97.40399404027929,8.0
15577,52278.64515737919,42036.950720556655,204.0,124.78414206112012,8.0
15578,35236.13328423147,20203.57954049129,87.0,115.82304875022835,8.0
15579,19052.81360172656,14475.325528947009,58.0,104.46459593483883,8.0
15580,44616.691282237574,924.9687765068059,32.0,121.45601604653271,8.0
15581,16128.138229358565,1737.5531360901145,31.0,109.95554341217797,8.0
15582,42022.09737626955,1992.179750319568,99.0,130.53923883571872,8.0
15583,55011.49952047672,2359.4072908140333,22.0,117.88372818754512,8.0
15584,45131.57461638926,26408.465844531787,129.0,110.10812519320893,8.0
15585,31866.980403953083,925.0659315437821,17.0,112.75300041134058,8.0
15586,30438.21485799536,21881.907018373775,-41.0,107.99655181454335,8.0
15587,51888.838822498175,9472.11796563677,213.0,124.01740427592455,8.0
15588,44347.16023744276,735.0869636471725,178.0,133.06488622144934,8.0
15589,36102.98065007262,1849.8640360698046,40.0,117.09756294284392,8.0
15590,25615.088836508905,1182.6667337113267,13.0,117.35284210667466,8.0
15591,30373.65228350181,10443.532025974375,133.0,118.91564437400419,8.0
15592,36116.16478768028,3680.9846523920296,285.0,129.32418493362826,8.0
15593,61886.7019385877,1179.8426819366807,129.0,132.97970539677493,8.0
15594,67672.0856732212,4057.719571856109,253.0,120.37967809757994,8.0
15595,44572.117811748445,3772.5053319594176,116.0,120.08669392389291,8.0
15596,40188.28006195061,924.9874188073331,10.0,117.57606233024175,8.0
15597,45539.25382686732,1475.5571562279097,37.0,122.17835729031349,8.0
15598,11196.564285643684,8306.055111975595,17.0,105.06715685390886,8.0
15599,57186.62198202284,10952.932097163764,46.0,123.13063639778977,8.0
15600,9025.70650575619,6879.003946919275,7.0,98.5251957364701,8.0
15601,52104.382877813136,1180.2413721791054,242.0,135.18410289317023,8.0
15602,43798.12785562882,734.9026841532467,143.0,131.8217197373591,8.0
15603,18457.698151379744,924.9775581564089,120.0,122.9677272465239,8.0
15604,50485.156025394346,924.98979389077,9.0,124.21904683942833,8.0
15605,17134.244791247715,1474.4708263759471,164.0,121.59259348718177,8.0
15606,46833.52637697681,37326.563189912325,355.0,129.16641670270553,8.0
15607,53524.78444028419,4314.627297620404,33.0,124.64968919163373,8.0
15608,54327.13490816835,2360.223839336442,61.0,118.87382103218003,8.0
15609,44909.48194992257,8082.7081772159045,215.0,121.00455876507007,8.0
15610,14085.48554941851,12353.420215748385,12.0,103.16439230915394,8.0
15611,60065.86698542127,16131.545734674804,158.0,131.98158585446419,8.0
15612,41158.34520436783,16450.485997237723,78.0,123.66230970680284,8.0
15613,45405.17590810782,1989.8197133961971,37.0,117.02895278248353,8.0
15614,47375.64137561395,19915.65370225138,33.0,123.92835690801587,8.0
15615,65239.57618906888,58595.2685472642,-87.0,116.2374801667519,8.0
15616,49452.79963388497,25089.406454564323,131.0,126.58574634260047,8.0
15617,39861.212464057,738.0670050872533,51.0,134.0729903295901,8.0
15618,25399.452434945775,8559.883887824388,42.0,116.39610907575835,8.0
15619,57142.0595288877,23880.044277750545,70.0,114.0697877565857,8.0
15620,47882.01049822588,28848.565420825493,60.0,122.76056598686,8.0
15621,38896.869464207615,736.220006526427,156.0,125.10595962854966,8.0
15622,39852.48702658789,27761.729628708497,183.0,117.25144663723168,8.0
15623,53578.76234429657,7542.973475920977,497.0,134.08323682320196,8.0
15624,20784.436878862165,2398.3290210665145,105.0,114.74924766848179,8.0
15625,22123.108865475708,9966.707309601665,55.0,109.70877532890589,8.0
15626,50527.058195557205,2388.8662169981567,472.0,142.01401657297072,8.0
15627,23274.67695809472,3084.1915434463076,135.0,114.80763040848866,8.0
15628,26008.318320358132,14498.429547996215,81.0,113.66695173071535,8.0
15629,42573.625350829556,6474.990535457221,405.0,118.34116205483527,8.0
15630,54805.29263941169,52838.3563866103,-19.0,113.77678126220796,8.0
15631,33365.82345343517,11629.730340169883,159.0,125.26293794110597,8.0
15632,52528.05285324858,8109.474804523027,119.0,130.3746792585102,8.0
15633,52533.33747035178,39525.72910656314,181.0,130.45218635439196,8.0
15634,25908.481444792364,1849.8223147617116,142.0,103.68553902690402,8.0
15635,42384.35978240312,1180.4302929677042,98.0,113.76907135142172,8.0
15636,13302.071796732296,2883.1624165397297,142.0,116.20238192273618,8.0
15637,23610.20755502906,12677.816269308076,185.0,120.44559416159944,8.0
15638,20396.398672971984,18658.974223795736,5.0,114.87964849361249,8.0
15639,47224.14135851463,13893.983631978073,354.0,128.35370168682692,8.0
15640,50965.90052577651,924.9007059191007,69.0,138.87183799188844,8.0
15641,41073.11467472209,733.6418241736709,164.0,133.05903109401595,8.0
15642,28445.38912745427,7109.749455004326,465.0,129.2581540463066,8.0
15643,40321.473625010694,1849.7363554477454,59.0,110.39309037334857,8.0
15644,12565.849114976712,924.9652443949841,26.0,107.45940623446042,8.0
15645,54952.164754978425,27595.52140291175,330.0,127.05347572991423,8.0
15646,17455.16089784884,5480.4709961181015,31.0,108.82369092768747,8.0
15647,46271.51836214131,924.9596391488982,72.0,128.2999413728818,8.0
15648,30664.275144451924,1849.8394409405917,93.0,121.43786733229808,8.0
15649,22022.110255928492,1183.6157188942814,87.0,118.77896190582499,8.0
15650,36984.560036381416,17072.63148011292,98.0,113.14078826875517,8.0
15651,22894.383605478608,4417.063539202022,113.0,112.47677246313728,8.0
15652,45252.32957041031,3542.7292686164124,14.0,122.97371085126139,8.0
15653,41988.79742415169,4414.768713210846,164.0,124.49202436151654,8.0
15654,45412.609830642476,8609.026671973503,204.0,125.82867382293333,8.0
15655,36336.81838832412,3800.3924996478972,188.0,114.97001274451591,8.0
15656,40803.778424576005,924.9325836774979,212.0,132.17669160317294,8.0
15657,32779.304235401396,4682.5998420913065,112.0,120.61768551872481,8.0
15658,17888.727377952277,13284.792793927576,59.0,102.70693916077951,8.0
15659,46092.258408561655,1180.4330342186038,49.0,124.04271246521195,8.0
15660,38708.689299346566,5771.175526767789,183.0,124.64083832493777,8.0
15661,56060.17805455839,14913.664591101548,110.0,130.0771006938804,8.0
15662,45702.979662016514,26158.91722982743,291.0,111.70348534017408,8.0
15663,29090.751788585483,12994.908435187814,419.0,128.13881492813738,8.0
15664,59862.35576336676,4736.762461594331,301.0,132.46953625296024,8.0
15665,30077.547287072157,23927.22639919373,-33.0,111.07900358019452,8.0
15666,27508.38398558112,2390.8016856364343,138.0,135.55305179306163,8.0
15667,28980.931130088622,924.9953253889558,13.0,111.36396336281982,8.0
15668,32869.1983428104,1990.1940616745749,48.0,116.57292801550803,8.0
15669,49428.598833937365,1180.6722280581844,53.0,122.00934141856038,8.0
15670,54502.3231269929,7850.346457426138,173.0,131.61598122914086,8.0
15671,20195.721987800218,3142.112906393572,432.0,128.29584888996362,8.0
15672,40704.063083333975,925.0423547243324,73.0,124.37696829303772,8.0
15673,33212.57785225214,12816.3072467945,71.0,119.66617508161266,8.0
15674,66047.70085263025,57771.17407396721,153.0,112.9285309013996,8.0
15675,39284.59778514663,3093.735821802844,290.0,116.03031949622682,8.0
15676,50606.75264806566,924.8717919067882,295.0,137.89518340163065,8.0
15677,41886.01173914457,5476.80431910006,101.0,124.86822815424091,8.0
15678,43176.16146828033,925.0292499714358,201.0,143.1519021093651,8.0
15679,19698.68801029469,11610.096392885654,68.0,114.30300965110533,8.0
15680,3772.324485503686,925.010289577691,13.0,93.18175999560685,8.0
15681,59532.80804982424,8259.56468121514,104.0,130.65901430573325,8.0
15682,32887.52571011705,20196.312656518134,32.0,120.67535415720975,8.0
15683,50201.874531808004,1183.7112696164543,92.0,130.21096678102015,8.0
15684,46641.78112767307,14087.04174528669,57.0,118.67947253116003,8.0
15685,43006.11988632197,1992.0209174138374,59.0,130.83426288730635,8.0
15686,49077.00430891855,1183.3643305847506,89.0,129.92650602731226,8.0
15687,45407.53083973412,1734.6448629939698,82.0,116.8564044412152,8.0
15688,57160.37815947868,9909.837567306635,248.0,139.402627370084,8.0
15689,26749.18457489931,1183.8830392409639,81.0,119.03317805628267,8.0
15690,20233.068589237686,734.7450313517534,38.0,126.61398392439759,8.0
15691,59161.218659201084,3552.9807816148787,153.0,125.96956256339853,8.0
15692,44611.73764958275,1179.7127559360192,9.0,125.19385652235547,8.0
15693,33041.16796014686,17377.439823800152,257.0,126.65455895970013,8.0
15694,37306.955844788055,7579.270656073393,48.0,115.34255685267594,8.0
15695,34710.32441435488,7959.7981965757735,320.0,128.38986713874823,8.0
15696,30270.895129277113,733.7457363688187,47.0,132.2814064651942,8.0
15697,38133.98398296304,30547.52179012927,-233.0,111.46099822537408,8.0
15698,42128.59454455344,9236.536566394881,84.0,117.01826810321599,8.0
15699,51618.27794611009,4721.898939310323,47.0,118.17830998503003,8.0
15700,37922.45914944167,11099.458482871234,74.0,119.6297307052466,8.0
15701,42175.03960814953,18318.872794371473,127.0,119.35979739270942,8.0
15702,43828.967600246564,1179.850121961955,138.0,138.44433690887416,8.0
15703,14659.433458835478,1740.5556367932843,70.0,112.72364603798788,8.0
15704,56515.07520774545,1989.5315073745937,52.0,123.49365880154369,8.0
15705,41432.9388669041,733.596033198061,11.0,116.00484304153512,8.0
15706,52825.27410418456,10948.908919986006,283.0,129.2868085519394,8.0
15707,57786.18848876836,1183.9507911249439,103.0,128.65877728540337,8.0
15708,27065.358934163516,1736.461529740947,122.0,121.9843374251391,8.0
15709,52215.328675997465,8290.935951082809,217.0,131.12624119106601,8.0
15710,29837.299863585915,9759.356270079406,133.0,105.83176957243651,8.0
15711,41497.502476657806,1849.6107070852058,47.0,115.40115216152603,8.0
15712,33322.47753463746,6387.948262311436,242.0,127.09754587474683,8.0
15713,32681.882963190492,19888.252325184603,87.0,114.25452460374419,8.0
15714,12802.591636289953,11063.813657055107,62.0,110.65098949038972,8.0
15715,40179.004843285256,23053.69086903237,163.0,111.843589795152,8.0
15716,18629.81591590673,2774.694038503835,144.0,118.65923679652094,8.0
15717,47167.2664895023,1744.149419400785,38.0,122.63275923393458,8.0
15718,52655.10784396164,4719.289253579769,229.0,136.10828994764017,8.0
15719,24313.82910782584,17683.73413196743,47.0,109.7318271327961,8.0
15720,64194.377834057916,4737.171448757813,157.0,127.7755408890593,8.0
15721,46289.913608710325,5842.021048335258,173.0,127.07017346681798,8.0
15722,53529.91927493293,1992.352434979679,122.0,129.4360592966061,8.0
15723,47292.95321037568,28266.443886109984,60.0,122.65537040076613,8.0
15724,33442.51678043367,1735.879460180731,19.0,118.63512394537642,8.0
15725,32193.491562206957,737.2418379457774,82.0,123.36628694667691,8.0
15726,36484.1339049379,34303.971439524365,-155.0,109.5792765863708,8.0
15727,44504.47260171604,36240.72403556364,124.0,110.06382807824755,8.0
15728,27801.72123697,6688.679853407325,138.0,110.86139960384607,8.0
15729,40206.50606313195,3772.7694266669578,94.0,117.08954879936547,8.0
15730,53651.852132975095,8324.770564698852,154.0,122.27682931239127,8.0
15731,44025.922575886994,739.1814273542012,231.0,135.9638044853887,8.0
15732,34912.20803450651,9026.46310157265,331.0,128.15224852095614,8.0
15733,44975.20213502066,25965.275562891202,84.0,122.22864727162701,8.0
15734,32467.75742224148,13686.628243486592,185.0,118.37296676704308,8.0
15735,46496.17807666449,13326.771771816715,3.0,122.5757421048426,8.0
15736,38448.98751919248,24357.7261419444,163.0,115.31642549823593,8.0
15737,56534.22276604115,32675.62207983657,132.0,121.07057414096943,8.0
15738,67291.64962686444,21325.172263418433,63.0,122.53553937080562,8.0
15739,60718.06968365297,14478.113946704618,7.0,123.57431057517555,8.0
15740,37626.71064262187,3084.264537620634,172.0,134.77510768587044,8.0
15741,54573.029227826,22199.69709368375,91.0,124.81877234434376,8.0
15742,55671.55738519804,9506.677087648484,478.0,133.25805929921543,8.0
15743,52378.636366463645,7542.849215887163,126.0,124.88965660521569,8.0
15744,19585.87933557622,1991.423648080171,55.0,109.2936883868019,8.0
15745,51260.67016767541,1180.8602598422483,100.0,130.12176926426946,8.0
15746,37616.16211076565,3473.3661232989334,127.0,119.88089309271298,8.0
15747,61622.93064651932,925.0938803077925,80.0,129.0942234688133,8.0
15748,58046.791020114986,42117.87025910086,108.0,120.96487715067586,8.0
15749,39834.270730551725,21724.05832968495,142.0,113.8274488301836,8.0
15750,47313.56867337891,4624.313159802765,46.0,125.60074304461868,8.0
15751,36677.707045705116,19541.52293800976,163.0,110.73143789333557,8.0
15752,41410.50043571025,6498.587162162763,255.0,127.9880864760949,8.0
15753,37355.37782791135,924.8671515927814,31.0,121.05048694075286,8.0
15754,8644.315934261216,4609.60208271708,4.0,96.75973042883743,8.0
15755,56290.190769097215,925.1510425981991,26.0,123.38783146470655,8.0
15756,29481.593943722317,2877.652253564771,149.0,126.63352642658742,8.0
15757,42770.741775614515,3082.3837480694983,312.0,120.27887962943132,8.0
15758,24313.5819501053,1181.535946504781,47.0,116.04919583336891,8.0
15759,39455.24781195614,1734.629388339259,20.0,120.08049162910196,8.0
15760,42770.40714452165,10315.746634824476,31.0,125.74306476447096,8.0
15761,50772.46494883652,24046.54926727663,141.0,121.44951481746844,8.0
15762,43140.852217072825,41414.07367578116,-175.0,110.1341198113974,8.0
15763,34763.87793241934,1183.7332937366873,36.0,116.99108452479595,8.0
15764,41692.08293665747,4313.100327626872,169.0,125.32852287939005,8.0
15765,34773.309121569815,1183.487116922556,57.0,128.53950553597923,8.0
15766,41356.697830546924,1989.8912960625012,63.0,131.60659059978997,8.0
15767,28227.48463854223,1471.8779875049659,18.0,114.11943769057447,8.0
15768,35085.42281051509,23706.46237454704,27.0,114.46648157987175,8.0
15769,43159.77205335957,38368.32459180062,-14.0,111.10726092831605,8.0
15770,24227.799678993764,4682.921299973985,335.0,126.06706357877127,8.0
15771,58809.926706164195,48616.59651900098,116.0,119.08079332955103,8.0
15772,42800.069809755696,7361.816223875807,293.0,118.17546378410158,8.0
15773,54432.61901001208,739.2705575716117,53.0,126.34876117684028,8.0
15774,32386.90028138721,1183.0103102112346,19.0,114.86347440468714,8.0
15775,48417.7913357344,1180.888378479318,43.0,120.31413956768512,8.0
15776,26497.29213384256,7360.654067211961,244.0,119.66945095109992,8.0
15777,10969.01085835064,1991.2296253725642,74.0,101.43012686360855,8.0
15778,8324.310563488723,7399.4192929216515,-23.0,94.68523723105734,8.0
15779,37353.24520534496,925.0308333074131,36.0,120.91610801595255,8.0
15780,23168.851800524386,2871.121378888525,20.0,111.90985372147635,8.0
15781,42957.7831068137,17072.69350072925,62.0,118.43537441566055,8.0
15782,38430.378480364416,4507.518669090619,181.0,125.30616216433539,8.0
15783,47091.09360457907,38816.109054428365,153.0,111.40289275908975,8.0
15784,52052.94593480972,13032.690930300765,63.0,116.42570070032629,8.0
15785,64470.111186985494,1179.7839574726318,104.0,130.74746269816387,8.0
15786,18614.42993677176,1473.0697748697417,153.0,121.40738321702386,8.0
15787,59014.38247498519,20431.702377052014,37.0,119.82594355833157,8.0
15788,43918.313118202,23674.704089512066,73.0,122.0268884785745,8.0
15789,27497.08833050536,925.0469565109427,22.0,115.75839980761876,8.0
15790,15671.923228731957,4854.129737049542,58.0,109.3560904314164,8.0
15791,36551.48249763661,924.8534276207344,53.0,120.46547428492957,8.0
15792,12111.360508781096,1474.1544515620628,49.0,103.41095819720736,8.0
15793,22329.741322570022,1474.7435617588185,25.0,113.51376256963792,8.0
15794,45309.74129055807,1470.890034867177,307.0,135.06051168802924,8.0
15795,41049.726516493596,3091.5239656148865,32.0,115.53616982306038,8.0
15796,30430.336933268773,3684.36874703946,138.0,108.19764335324786,8.0
15797,43317.383645250135,31791.961321816958,81.0,118.70514327248651,8.0
15798,42256.31808872544,8315.082510918517,437.0,121.25882325594759,8.0
15799,45606.5160076462,29516.023897295483,466.0,128.07250422682486,8.0
15800,17868.428295488295,6350.178627679898,30.0,103.39008501934966,8.0
15801,4046.698905419013,2364.171990161757,59.0,101.9581029470033,8.0
15802,55134.40453651946,4736.724051338771,127.0,131.6806599922536,8.0
15803,28385.476869798138,3549.898240596199,38.0,119.11903051327944,8.0
15804,36319.520276813964,3089.100523921141,95.0,121.30809931301785,8.0
15805,43054.42776249365,924.9023344408058,111.0,127.9238676871527,8.0
15806,9707.465583443556,924.8677826307136,3.0,99.36059435106596,8.0
15807,42137.35512885641,740.0498754568637,36.0,120.86542208624843,8.0
15808,46637.69262670158,733.8412272649805,90.0,145.01876037016,8.0
15809,10200.72690694488,9278.493160473672,-217.0,92.62040563835036,8.0
15810,21934.697140242995,734.9872373750615,282.0,132.26893472364105,8.0
15811,38264.31347478443,1733.9143988449878,81.0,121.9291681103357,8.0
15812,23541.943345202384,924.8267452512896,31.0,124.31019203247138,8.0
15813,49710.47623075436,8111.96350543629,9.0,126.95460222318164,8.0
15814,59211.81436166191,924.6995259224126,23.0,123.79355613670303,8.0
15815,24366.691822091023,2884.475560895522,133.0,119.86789536384985,8.0
15816,38032.286742814525,19995.250068778783,87.0,116.51424541382916,8.0
15817,30976.34210553102,13285.449811704913,45.0,113.23099548878169,8.0
15818,38391.95775282277,1180.3271217101812,73.0,133.8046465639838,8.0
15819,37000.775326782416,1741.686519871652,79.0,129.20237492940657,8.0
15820,34302.632358360985,1180.4172237895698,159.0,129.37457143959662,8.0
15821,15367.853356894499,7091.731533344078,20.0,105.69454483375024,8.0
15822,63048.69713067248,22712.46562963534,269.0,140.91027924274158,8.0
15823,63567.52166366812,732.2373315564121,131.0,135.06502496282553,8.0
15824,24279.144069128357,1181.1967515450326,31.0,109.25609134913259,8.0
15825,41290.913817389985,8103.1811717259025,275.0,128.14264311067183,8.0
15826,28763.7253146292,7179.960223923578,123.0,106.9229153288595,8.0
15827,54638.47262498745,6844.991147731061,43.0,124.40638688061384,8.0
15828,34246.16869848272,16788.370541563047,109.0,116.79422788322672,8.0
15829,53124.54652493082,35173.14896695121,310.0,110.23895843406564,8.0
15830,40186.394213905325,7082.965231446581,186.0,135.0381989594216,8.0
15831,32150.797284298435,13541.97810488932,198.0,109.45796360872286,8.0
15832,14561.665660284358,3772.41622625706,68.0,96.67663458007748,8.0
15833,36521.402485309496,14885.568830648026,350.0,126.11086730425536,8.0
15834,15052.998038797708,7869.193265257219,54.0,103.25180402683995,8.0
15835,53827.26093119094,2774.6387099201047,33.0,113.45430351384553,8.0
15836,50622.20921002208,1734.593194089709,62.0,118.70407097606754,8.0
15837,33578.52637032603,1740.345081487347,179.0,123.01526284478534,8.0
15838,54255.153298069745,3772.8997018348705,72.0,118.79101961025955,8.0
15839,49710.93518426199,2359.6600905412606,115.0,132.33130959341867,8.0
15840,39883.711964946524,27195.023220852858,32.0,120.57847629560376,8.0
15841,50356.695947825676,1180.124822686839,169.0,131.94096265979616,8.0
15842,10820.25898024887,8830.365257692878,-20.0,105.47713599215876,8.0
15843,19025.666619547123,6351.620669377989,27.0,114.93362135209284,8.0
15844,53692.93000688385,20362.816651534577,311.0,115.95232356187286,8.0
15845,33575.244465612785,5970.42960558579,156.0,121.95810130905043,8.0
15846,27639.058198573723,21265.840165557413,-61.0,110.85228538581646,8.0
15847,12969.710793377468,1849.8355743711995,46.0,107.58880118956489,8.0
15848,12138.96977083371,10194.046224556429,80.0,98.88453431341514,8.0
15849,14926.992865676204,6662.7024489103605,-16.0,104.32304061653186,8.0
15850,23103.229833499543,10434.256682454443,50.0,115.6272503394861,8.0
15851,13911.416535204793,4119.193765341744,24.0,107.45954021240784,8.0
15852,35630.370800796176,21913.386454558153,143.0,126.86207531474096,8.0
15853,35828.680778664995,7960.373087618416,85.0,113.52667823440206,8.0
15854,42647.39232306471,24092.27691188587,292.0,108.80200552383698,8.0
15855,33345.15883881629,2208.660262743853,325.0,131.4146147777014,8.0
15856,21924.978327295565,9829.69798426556,172.0,110.72614610375467,8.0
15857,43060.08010372464,924.8096293525548,13.0,119.20995155288443,8.0
15858,43859.68514778736,29766.177316605164,163.0,118.32420463199907,8.0
15859,24527.315356631952,2398.546339174547,41.0,119.37935234031471,8.0
15860,12559.855374511322,1182.3542296179685,9.0,103.39074701363991,8.0
15861,5973.046217840436,3982.042457215669,1.0,95.82154721950951,8.0
15862,37580.69577191342,6887.067297627776,230.0,117.02253064922692,8.0
15863,51100.14667197856,733.2621898582298,24.0,138.7310769302427,8.0
15864,58273.14260990317,1179.2558902982912,172.0,142.24157882778488,8.0
15865,34489.73123464167,10975.764560966467,232.0,126.85095449045353,8.0
15866,48772.74588940457,1850.089273817772,8.0,125.02074746016022,8.0
15867,26459.29100808869,15186.051913969695,-8.0,112.90398040023753,8.0
15868,34101.513525668495,6403.020756547216,47.0,119.88848384063527,8.0
15869,52475.839779810536,1183.5326399953985,201.0,142.8338546085004,8.0
15870,43466.409897536025,21136.57330441821,471.0,129.93156094165843,8.0
15871,24368.999888146358,9339.867133775098,79.0,110.7379546325968,8.0
15872,42971.06237525729,16205.023332096238,-3.0,118.1105098722679,8.0
15873,37540.11250306418,17919.22337003199,96.0,124.15577139087847,8.0
15874,54438.02258221905,3539.3973801377515,75.0,129.57601741415988,8.0
15875,32474.483860812612,1736.2270709506881,171.0,126.78719448427165,8.0
15876,29231.140393783044,7414.799671601299,99.0,117.36081863161105,8.0
15877,67053.34819492984,2359.118063975638,45.0,130.94908576209758,8.0
15878,43974.74317903952,1849.6156131107045,94.0,110.6368746569553,8.0
15879,56454.12428890308,4737.542428694999,187.0,129.52530830374428,8.0
15880,40520.064664220045,20629.73296288214,-18.0,120.08477101183834,8.0
15881,36863.233921837214,32841.92646234534,-4.0,111.47196180640039,8.0
15882,47175.16609201229,740.0910873864768,76.0,128.20733568852378,8.0
15883,30429.73132439044,1180.3200917729419,48.0,122.40369041613316,8.0
15884,44486.41732887813,2888.2261572802995,9.0,123.89857195321126,8.0
15885,18860.852730119757,1990.3498900704615,153.0,101.79741598972072,8.0
15886,51747.78602381886,924.9888957528185,25.0,123.83078638487429,8.0
15887,22790.562288955403,7545.242430482191,54.0,112.21167767073347,8.0
15888,36934.959481556165,25405.555183049877,81.0,117.2369346866675,8.0
15889,44653.722832352025,11397.761867608366,145.0,115.86026565411439,8.0
15890,27686.295244600904,7859.698248659529,10.0,114.64211952452624,8.0
15891,36573.843887356976,8107.723064944456,22.0,115.84830925131658,8.0
15892,39226.68285046957,1991.6980441356368,40.0,123.536481662737,8.0
15893,41350.754281315945,8547.62267541976,86.0,113.88730168506734,8.0
15894,33427.01609162227,14871.77854876347,303.0,106.47397357081584,8.0
15895,34608.367609875306,739.1185394787032,128.0,129.12670452333975,8.0
15896,49430.48501942149,30899.132043454512,161.0,114.47119258158676,8.0
15897,28007.083319706617,1472.697677731304,10.0,110.7491742206817,8.0
15898,60704.25334868941,18533.734874115078,55.0,117.28614389676244,8.0
15899,36408.98501013267,14088.607722375751,513.0,113.7176883569715,8.0
15900,29877.86088833153,1470.2922180360667,19.0,113.40410815660208,8.0
15901,42684.67679957958,32729.069511885937,452.0,130.56803443330224,8.0
15902,43875.0006518611,31182.292241534564,32.0,121.33768320150625,8.0
15903,42572.743746329215,8255.02869732968,38.0,121.20995132276752,8.0
15904,15713.043495545598,14265.36695081027,-174.0,100.3478613130278,8.0
15905,24025.289986168154,737.5014309287749,4.0,107.51851664940999,8.0
15906,52721.9746117659,7399.852511002246,179.0,132.32072109867482,8.0
15907,9278.438143850162,8356.78917449163,9.0,100.25436078587897,8.0
15908,4118.907706577151,3477.1608014068775,-18.0,91.26922727037363,8.0
15909,7722.019915517049,1182.455381459982,63.0,100.83272658833111,8.0
15910,13388.670151482487,8889.013163398991,9.0,110.05936893840102,8.0
15911,35034.88544773947,925.1121204654115,73.0,122.82803263943373,8.0
15912,46268.28793697439,1849.651918825376,87.0,123.42638245980137,8.0
15913,16427.96010636002,6881.329091332966,189.0,117.62760007704621,8.0
15914,24339.63834659125,6951.214199655124,115.0,119.76602550121815,8.0
15915,32296.426251712073,1849.8934145640108,54.0,124.30295082278265,8.0
15916,42759.62076249788,7172.063842652948,395.0,131.21874302839086,8.0
15917,29422.372946864692,17321.190339663324,183.0,113.72785861425288,8.0
15918,68225.60571511684,7553.204134031934,152.0,120.4207503851367,8.0
15919,30241.31995066268,3139.434185378173,153.0,106.32593463569802,8.0
15920,36434.40452010967,4852.483078746501,139.0,115.81448976173104,8.0
15921,26232.6375527467,17618.138636455962,5.0,116.99695266795808,8.0
15922,39511.240932229404,6384.490727783934,184.0,132.12710726632054,8.0
15923,36818.231796280634,11368.738361411757,5.0,122.65811742131443,8.0
15924,64674.51655737095,1179.5800617869284,27.0,124.49817258370769,8.0
15925,40392.65513301469,1184.2779006310402,18.0,122.86063446753687,8.0
15926,32403.692875954883,31788.165863235266,-326.0,106.98057108208404,8.0
15927,24218.563070623793,2366.6706479939407,29.0,112.52429862647064,8.0
15928,54081.333549932766,3138.4698319719123,88.0,128.01297840165648,8.0
15929,42704.98032736586,1849.7537909774737,77.0,121.5672958731047,8.0
15930,43498.391535317045,2209.8365302181905,164.0,122.15999096194481,8.0
15931,57873.395613324516,18883.132415687203,258.0,120.93395731565263,8.0
15932,37877.00023477753,12244.492854167089,190.0,121.26192353837581,8.0
15933,26922.67187436659,26197.436911971556,-315.0,103.00624301593966,8.0
15934,44560.72220269127,3551.5143076216004,47.0,129.18155511390268,8.0
15935,34669.97945711414,1473.5650277505592,191.0,129.14816787187928,8.0
15936,41598.04058971428,4781.623795090681,446.0,119.13878455892917,8.0
15937,41546.113625902326,1183.9860809549655,19.0,116.55103680282707,8.0
15938,36504.724997674064,2208.1438335305247,310.0,119.10080635699866,8.0
15939,46924.16942929776,2360.5907338780216,29.0,116.95232355720069,8.0
15940,32125.28712321634,738.4710867789983,34.0,117.90207742807758,8.0
15941,51343.15927143922,1184.1817016732416,8.0,123.35421346014789,8.0
15942,17291.340388003777,4310.853401358681,432.0,126.22163478121355,8.0
15943,42650.38153692189,2211.5390195612813,415.0,135.40358423172182,8.0
15944,13257.881117983876,4049.1313385129556,-4.0,106.37564406768116,8.0
15945,47305.60138990692,4622.379408476271,30.0,120.22428021961422,8.0
15946,41858.88049926949,734.5237813067704,20.0,120.52563531912175,8.0
15947,22760.415598896914,5123.25698866842,153.0,107.69274520967068,8.0
15948,37300.710134066154,31131.03939251679,-48.0,114.1694034675997,8.0
15949,47346.04915265474,1180.394041673803,134.0,130.94974748274657,8.0
15950,10280.04566735891,924.8995381447132,82.0,113.16040101142279,8.0
15951,46690.63405024922,5227.232773044682,319.0,116.91798376594802,8.0
15952,21173.971851915656,12562.821740156201,-2.0,113.96900105312542,8.0
15953,58054.230614081556,1179.3669117057639,69.0,143.10314914796595,8.0
15954,8356.860602744251,924.8991012214505,7.0,100.9343996447526,8.0
15955,42440.43466401812,1184.7259741299547,76.0,123.2985494296403,8.0
15956,39853.0053961275,30650.206716378303,-394.0,117.95812992124374,8.0
15957,41511.33004492132,22496.728353464492,84.0,121.54914750946065,8.0
15958,20835.524847835743,2367.047146788881,87.0,117.823599805951,8.0
15959,55616.667835442044,10586.907116473452,166.0,136.67787744782788,8.0
15960,61883.13624162861,1989.7319811072664,304.0,136.34524132665888,8.0
15961,39791.96317670211,1473.9049535671866,125.0,126.00860725825953,8.0
15962,43303.61556685132,733.8606598467111,92.0,128.35257483298957,8.0
15963,53982.40115753775,3144.6005405555666,209.0,130.16811162333772,8.0
15964,54630.06019718227,46177.80376956916,363.0,131.1053968505508,8.0
15965,40802.36153397272,7435.995014774155,119.0,112.22736854528557,8.0
15966,59699.0325561651,9946.157612980289,114.0,128.40858456630266,8.0
15967,14192.326799697814,4731.854838884631,99.0,103.01636550667479,8.0
15968,37615.86125669812,18550.111171776007,109.0,120.71567681428405,8.0
15969,47243.73468176717,1180.5425969932912,226.0,134.12170473274304,8.0
15970,58130.31448826845,4314.772023026665,411.0,130.56531278739214,8.0
15971,31068.72318109278,10583.509897880584,9.0,119.11896987955387,8.0
15972,25787.639100243036,13488.10685285702,64.0,113.13021649626258,8.0
15973,47300.26193106022,5129.701013761632,55.0,113.94485094301076,8.0
15974,39755.04952563336,30542.444550132503,118.0,130.39468805326933,8.0
15975,48164.588168517046,737.6223813910755,130.0,131.6187168690659,8.0
15976,28096.835467552617,11196.307223692898,127.0,109.84066328006463,8.0
15977,51300.30757736309,7436.066455258383,126.0,119.89215992395911,8.0
15978,60833.8643271619,54174.557406817294,80.0,116.74379589925381,8.0
15979,56466.3865504692,14001.959547077526,63.0,116.33795222077416,8.0
15980,27957.945961294798,1742.5028512604524,84.0,124.721592508761,8.0
15981,37227.75896525753,5478.180512924023,73.0,117.78609565758339,8.0
15982,46472.4164502413,4850.914367156012,182.0,117.46504764265663,8.0
15983,47691.09819617016,734.9026841532467,143.0,132.70466642307713,8.0
15984,35037.26849302805,22030.465622055362,402.0,110.50043258724547,8.0
15985,62542.17844537695,5490.685232707286,216.0,118.82093501105615,8.0
15986,34178.064134590946,1470.3741582064883,95.0,122.82030962978266,8.0
15987,45113.379204979916,1180.3669775501587,200.0,132.55455810477102,8.0
15988,59475.67111565421,17079.22916135117,65.0,123.97232620604342,8.0
15989,63375.304158822124,732.1080080911577,167.0,137.35445589574874,8.0
15990,28467.310306580373,4126.741785214393,139.0,120.11252881779578,8.0
15991,47802.02144309571,1179.8535104242012,47.0,129.3328899166496,8.0
15992,31920.839571271175,737.4200598117138,130.0,127.91873111960135,8.0
15993,40594.39075819194,2877.4621926527234,430.0,134.2543176715799,8.0
15994,12513.999913723308,5152.498269007502,53.0,99.35271941083407,8.0
15995,33917.2439922811,16225.4689918537,45.0,114.12531207135306,8.0
15996,51922.920545706256,5749.6133367722305,421.0,128.4989393408507,8.0
15997,17557.584052175705,1739.188749262092,42.0,112.9598189539508,8.0
15998,41939.08354188532,924.7992624881726,24.0,119.42060343871421,8.0
15999,45070.7659418854,924.8405611562778,28.0,131.84631712798912,8.0
16000,41089.50765060962,3092.1452602036416,95.0,122.99537155402739,8.0
16001,48279.90431350319,34842.31538330376,78.0,119.57374104711707,8.0
16002,29821.097865652748,13488.693838694135,175.0,124.05625125250242,8.0
16003,28266.827995223586,9229.491506742692,60.0,118.3136509657742,8.0
16004,52720.59642182466,5968.0651235172545,207.0,143.71846157739122,8.0
16005,56164.73610403987,38043.833241402004,147.0,112.98595631588108,8.0
16006,42282.47331141726,13069.142853343685,323.0,112.35159228193731,8.0
16007,61998.68936773753,55346.49179178161,-36.0,117.10603399216774,8.0
16008,52414.621737154455,13827.877108389452,145.0,122.55312773703089,8.0
16009,43812.34447629644,2870.331556671295,23.0,130.61768204426104,8.0
16010,48936.66458950132,35469.096829216105,70.0,128.20036764651974,8.0
16011,12692.88106713918,5222.86468571972,-14.0,100.33435991121526,8.0
16012,36080.060192410616,924.9252342786516,82.0,123.72789754679391,8.0
16013,23601.722754711376,735.4735267815515,13.0,110.1680605993566,8.0
16014,34156.65713418346,12814.152614092709,142.0,115.95998383472981,8.0
16015,36692.733295044854,1990.0345424057655,13.0,112.72523002323526,8.0
16016,39424.024312088426,18541.550251433928,85.0,117.25307953892735,8.0
16017,27711.513027351135,736.6062516892555,120.0,126.02955033472685,8.0
16018,16865.225607670367,3980.7888759919574,45.0,117.31059981264897,8.0
16019,56021.56147245227,14552.364820711538,399.0,130.54613315573272,8.0
16020,58354.10351481092,924.9379629700518,133.0,142.02467013046603,8.0
16021,9365.698112915637,1849.7844994909626,32.0,94.42587293555634,8.0
16022,38765.17415135328,4305.879575476363,74.0,115.86485301991262,8.0
16023,41311.22458847271,7442.2960543167965,159.0,122.36684525840954,8.0
16024,16648.614998838828,924.8964522162182,60.0,114.68541547874553,8.0
16025,53072.054931356535,924.7134430430038,37.0,125.1184388996395,8.0
16026,28238.378397755463,10590.709405811105,-4.0,117.20546205743095,8.0
16027,33401.025659105726,1181.3341912090448,50.0,118.58357358188847,8.0
16028,32746.72554189818,1473.328059001486,196.0,128.28789317671047,8.0
16029,40105.3474457462,24228.52666715173,161.0,113.39821691830146,8.0
16030,20992.181165805174,11484.272217105008,306.0,123.25734435236149,8.0
16031,40478.867065771585,5971.019940237467,42.0,123.45835215016459,8.0
16032,52452.1804844584,5206.530134604759,220.0,140.3582825672664,8.0
16033,53782.94293793198,13094.023497119557,95.0,118.57774072965199,8.0
16034,46948.69984183512,1850.0497723835208,59.0,119.60130561417148,8.0
16035,23886.963468484166,2877.5297940635237,19.0,117.57788759035913,8.0
16036,53340.89868919418,2871.906671288807,80.0,120.8963303729887,8.0
16037,51308.11957596007,4682.153262502473,111.0,132.9294445764666,8.0
16038,40322.09368894958,4683.15723637401,127.0,117.39845198720165,8.0
16039,39970.892673239265,3551.016796326957,248.0,128.72456312870122,8.0
16040,19201.932822368166,924.9886602177594,68.0,120.95963466572093,8.0
16041,11112.864195479255,9456.856300662124,70.0,109.64568365458621,8.0
16042,25332.573001744408,9589.159822984064,3.0,113.15064234817888,8.0
16043,53893.2253925805,43696.12162357478,185.0,112.70196235476939,8.0
16044,41401.5994350259,4782.602011174849,68.0,119.40618979654784,8.0
16045,36895.048214382085,10969.958876285958,139.0,120.55230229977023,8.0
16046,55424.131702343584,18870.970699614543,55.0,116.60380135686475,8.0
16047,64183.128587584295,57527.21800122994,-219.0,116.82763479915806,8.0
16048,59127.57797382008,1179.8412670724933,66.0,128.4063158026701,8.0
16049,17029.67314255884,14106.134167116634,-8.0,107.24214564740248,8.0
16050,10962.625489312164,924.99098544999,123.0,118.06899958331886,8.0
16051,17233.457299453978,3544.9461291563766,335.0,124.53729535910948,8.0
16052,39842.96206680558,1992.0817903247785,12.0,125.85854025407086,8.0
16053,48428.123541606124,732.4736908487347,160.0,134.5912533242168,8.0
16054,13309.470660093282,5217.836738803361,56.0,110.92346752761861,8.0
16055,6958.713510793025,736.660749022051,39.0,105.29000065363745,8.0
16056,42144.47529228407,4619.378113938799,304.0,129.73278066966267,8.0
16057,45417.902937019644,7605.82497229582,146.0,124.62389609693629,8.0
16058,33088.54076451982,9704.448711009989,18.0,111.43258623758561,8.0
16059,43660.008437647004,33077.567619935195,347.0,128.66170881867762,8.0
16060,43491.511849098075,19596.75886153552,118.0,120.09394784138212,8.0
16061,41855.286528543016,3699.5048771651154,138.0,122.96402935585296,8.0
16062,10174.33995376663,1849.9212508440028,-4.0,102.81804832009857,8.0
16063,23185.932776146994,1181.1242791783425,71.0,122.25046240617831,8.0
16064,51817.45907258415,10345.086730482502,409.0,141.8537857076197,8.0
16065,20200.76545821678,2393.75343713966,33.0,114.15006886785288,8.0
16066,24732.229967869265,19497.68261014892,82.0,108.90424459183967,8.0
16067,45917.42500809457,4040.2572917144407,34.0,123.72815327834097,8.0
16068,58341.64199423434,1733.3138354862724,96.0,126.65363632190578,8.0
16069,16216.480211845741,3982.498550657568,39.0,100.49583514797419,8.0
16070,37848.5799779807,11397.761867608366,145.0,112.79761428531432,8.0
16071,27937.041416271753,10205.351679672114,275.0,110.15129829289964,8.0
16072,33683.903730525046,12341.466444802709,100.0,107.80266004503933,8.0
16073,26788.930716586066,8269.708093920299,126.0,120.02897913600005,8.0
16074,36917.751511416296,6165.465230456798,33.0,116.33322050153966,8.0
16075,29470.527171197817,733.9083861135832,42.0,130.77812517595444,8.0
16076,19919.008392615367,12378.790951455761,63.0,103.33589143412887,8.0
16077,35167.26069052152,2365.6589997144815,54.0,118.27699199070264,8.0
16078,16334.893758848835,15845.355103362337,-483.0,96.7101095058006,8.0
16079,42500.36624195198,924.8598100437088,108.0,130.68340854782073,8.0
16080,48362.52814448008,924.8682457938037,20.0,121.25529862119606,8.0
16081,19956.94745650072,12544.925051334238,158.0,119.35151803736682,8.0
16082,52907.061607310214,5208.647099500483,67.0,122.31146929163438,8.0
16083,53721.87642331908,8258.00670737547,226.0,135.1787817658211,8.0
16084,39787.53546257221,2946.257090085605,33.0,116.30827689138955,8.0
16085,37512.581198084335,1180.3249838275924,59.0,118.57486607606091,8.0
16086,48387.72975417642,11537.24071948659,-4.0,121.44043159578713,8.0
16087,22003.73662629449,4615.076876379313,221.0,121.83456305012781,8.0
16088,46316.346609120694,19915.80112925706,237.0,123.69125942968475,8.0
16089,46338.720255493325,924.8201187602057,62.0,133.2929807681511,8.0
16090,11821.251991272004,1181.6912976304325,41.0,108.99463283303413,8.0
16091,18653.164729463722,2393.683359918711,4.0,108.3421723521928,8.0
16092,37951.47339417268,4624.891037663456,337.0,114.90590212642736,8.0
16093,10196.969314018033,1181.7490574437816,32.0,108.97810693236417,8.0
16094,22485.55387856042,18441.259707614045,23.0,106.88040679475196,8.0
16095,36043.79388723701,19724.308928943625,120.0,120.35532917785744,8.0
16096,31799.869781899513,1473.8887753180725,210.0,128.73195043607734,8.0
16097,35263.023785287354,1181.3159173270565,107.0,124.80867926979721,8.0
16098,38803.90996211654,27194.822104076473,39.0,113.51208881611888,8.0
16099,14654.842574671666,13002.5762548622,70.0,111.86539166094646,8.0
16100,23413.56187650114,5597.951455149911,63.0,116.72909262934891,8.0
16101,53537.169882530296,2875.673791648082,74.0,132.47814678956271,8.0
16102,34907.80825254788,16868.78533536915,87.0,114.94047084354288,8.0
16103,27491.17787813134,3143.16041418411,31.0,116.31937123497067,8.0
16104,40744.90257573692,1992.1342996721382,42.0,113.69648835450916,8.0
16105,25060.367431739644,736.2850695476831,28.0,113.57987972218642,8.0
16106,11695.0996604364,5742.241512641501,-15.0,102.73518558249532,8.0
16107,31993.517395946034,1849.8807037287515,39.0,107.3021042820683,8.0
16108,64131.97815470822,47109.09759570515,183.0,125.25156491938048,8.0
16109,49229.77663429629,7603.906405001987,117.0,120.10553947060292,8.0
16110,57493.76720288194,11102.103469390278,95.0,119.62931263180323,8.0
16111,9018.02172465926,2364.391493833694,66.0,97.24886360157097,8.0
16112,34254.73482982532,12970.31276321177,-48.0,114.79526080868017,8.0
16113,23884.598624261704,8083.752362392901,367.0,130.80238422737045,8.0
16114,30234.726436233457,11697.525147989518,156.0,113.74343904462685,8.0
16115,41283.986906524944,1744.2664093597016,9.0,118.227595051592,8.0
16116,54932.16630413163,39846.97112769239,39.0,118.95299908105726,8.0
16117,27043.75347195709,6181.216841152702,16.0,115.84995880881996,8.0
16118,22473.279132109757,2365.595891151826,76.0,116.5297760768718,8.0
16119,41123.490877835015,13715.037137900606,1.0,117.36356823046688,8.0
16120,35800.77655487888,737.6212382649121,54.0,122.54345749970697,8.0
16121,24741.85958796093,7193.586741435136,55.0,114.60745292239739,8.0
16122,42131.86650900981,1744.0919279774225,183.0,129.42208428775137,8.0
16123,53956.86521761913,8072.150555647131,196.0,136.12685989854842,8.0
16124,41543.38103496945,20778.327758308962,105.0,112.691935297891,8.0
16125,22940.759446522923,5915.4547165118,235.0,123.1979900137872,8.0
16126,17621.77263196138,3544.934850265925,174.0,125.63419934716694,8.0
16127,37407.772911848624,24617.696446270187,87.0,115.01130757676876,8.0
16128,28672.204620086693,4624.512902494672,291.0,126.26689303060141,8.0
16129,42679.73092007376,27118.68142675878,10.0,111.61246920708602,8.0
16130,55827.17945339627,6913.014582246648,115.0,131.3337187830678,8.0
16131,16324.227300254384,1182.0716126487998,63.0,114.46381337971803,8.0
16132,28233.08778842179,7591.041696100873,40.0,112.51525121032557,8.0
16133,47377.17787290797,23687.53600115001,24.0,115.83795837148489,8.0
16134,40873.73652597528,734.844282009485,27.0,131.62587118536123,8.0
16135,27407.62591338193,1990.8230113664104,13.0,122.91659641450465,8.0
16136,33401.14779197564,25329.477488232424,35.0,118.53075826716328,8.0
16137,32277.898605166065,735.6408243881591,5.0,113.40182881908689,8.0
16138,41708.81346609062,30100.2610976567,326.0,130.03336066487282,8.0
16139,34110.568666569336,18018.211371605004,274.0,127.36906536545293,8.0
16140,48959.98295833408,3469.321169887097,28.0,119.01308921570194,8.0
16141,37697.85495440029,734.2020760761477,98.0,133.09636457731108,8.0
16142,28594.95104138055,2390.5674378095614,197.0,137.74634721602402,8.0
16143,44355.9013230792,8555.618744113839,201.0,124.29050983615234,8.0
16144,31583.59477295591,13465.555723818328,132.0,108.66282143509312,8.0
16145,52138.74520691166,924.9687833110781,12.0,121.07463561858025,8.0
16146,38592.4690547871,31952.895122069163,33.0,110.7955817502223,8.0
16147,43323.10625286456,2876.7353574567137,350.0,133.31827006656067,8.0
16148,34229.554454105266,2774.6694501013417,60.0,119.78621820367132,8.0
16149,32353.715556561878,6916.823900762613,189.0,124.7495815839755,8.0
16150,29743.915013686237,924.9178882586278,70.0,121.14537828336994,8.0
16151,34429.911158372044,9958.816179648953,172.0,114.91010833019213,8.0
16152,9460.694191107552,8278.497402011202,-95.0,94.08084737535465,8.0
16153,52766.353731733114,37523.52712307731,370.0,115.9070266451102,8.0
16154,58849.92582448088,733.2446536911408,142.0,137.46756973723984,8.0
16155,45778.559073520184,924.8636492911688,102.0,131.20546964042086,8.0
16156,36856.053894270575,10975.321158216422,334.0,128.54981501573448,8.0
16157,26065.236526587734,25146.332989454564,-79.0,106.59544824719441,8.0
16158,14477.501304953477,8088.293203126096,18.0,106.33735451386607,8.0
16159,42993.00946147619,737.2936464361842,54.0,121.88758196161393,8.0
16160,51275.64062945585,1180.6538898398499,119.0,128.70895021041747,8.0
16161,52654.242354648304,12581.18739946555,24.0,119.43392637662515,8.0
16162,47024.359622471435,924.7543364688617,22.0,131.2018878380886,8.0
16163,45511.93794373954,733.8587025724433,161.0,133.47368605957422,8.0
16164,32526.865048960324,11766.286537131555,111.0,107.74642620310632,8.0
16165,33304.92457902069,1849.8178450197315,63.0,122.41328016502014,8.0
16166,38011.79237283687,1992.1428850778207,21.0,119.06813528100074,8.0
16167,17897.948831202237,1738.5045766341573,45.0,110.15002508190875,8.0
16168,49220.11727361736,3699.8536650304654,134.0,135.04453265093971,8.0
16169,9753.975266550056,9031.987350711886,-20.0,96.16188875192321,8.0
16170,44681.038669257796,4737.850019411238,20.0,116.44939551324518,8.0
16171,39185.526652636894,735.2910379050769,63.0,123.90255717741653,8.0
16172,23839.75224548494,2207.4912836619333,25.0,110.12600733986983,8.0
16173,34284.45026410131,28436.4312283033,-32.0,112.14852650580222,8.0
16174,42513.595217074486,1475.5571562279097,37.0,121.9583142949177,8.0
16175,45343.93809013842,924.8265667546218,83.0,125.59380981775486,8.0
16176,18522.08208338861,735.7332489207031,25.0,110.26468466311125,8.0
16177,36810.92774440703,925.0242058306668,35.0,118.31169451803,8.0
16178,10818.96519006954,8829.075845972036,72.0,99.46711068643248,8.0
16179,39995.91585616074,1469.3741407423067,12.0,119.45889953676647,8.0
16180,44910.59542976784,733.2995212351258,131.0,132.27806967268018,8.0
16181,41495.07697626062,4722.7700494756355,93.0,119.80531080405383,8.0
16182,48623.72367827039,22170.846267977624,66.0,117.05562231993572,8.0
16183,54355.81908317347,1989.4778420970772,185.0,130.83676690620473,8.0
16184,41701.23307902308,7170.077081210254,299.0,131.1897946216418,8.0
16185,17565.981865530353,736.7079165380435,44.0,113.52875924591984,8.0
16186,61533.84788751598,44697.948791127994,99.0,124.89818451099106,8.0
16187,9580.392446225882,7869.0779473154935,59.0,108.25464337982227,8.0
16188,23169.99963256043,12046.607075351334,-92.0,101.92282745242453,8.0
16189,29656.38174676403,9964.496104799993,74.0,106.28670954667481,8.0
16190,11707.489384646182,4119.601982964962,50.0,99.01270022074067,8.0
16191,33588.189356079565,4682.676661082819,180.0,131.11959182081478,8.0
16192,33146.69846994985,3683.04537181518,442.0,131.76402834285972,8.0
16193,43963.28129971474,1180.7797821963607,17.0,122.4143812775884,8.0
16194,62722.35682612265,2370.315337712421,48.0,133.24552023264633,8.0
16195,30953.199610244355,1989.807788834552,119.0,113.42135062685254,8.0
16196,34206.379852511134,3799.1702923180274,514.0,133.18611657833358,8.0
16197,24180.324021628887,1736.8971307116735,40.0,112.6723140777004,8.0
16198,49373.152910082186,5598.001222611389,286.0,124.75956857926245,8.0
16199,28180.119798313106,3476.4230046726957,62.0,112.3720248510904,8.0
16200,41566.94474536597,20793.044832277046,-184.0,111.26298351197433,8.0
16201,60347.6467539268,10574.051367022683,222.0,125.20447718604822,8.0
16202,52588.15982240025,11137.204816235608,61.0,110.5212789728398,8.0
16203,31584.6651018237,5597.938179555756,171.0,124.02794629784535,8.0
16204,43868.23767732871,925.040470219566,74.0,125.06526715056233,8.0
16205,37029.34814684623,1474.5074584892925,182.0,128.64552716967813,8.0
16206,47253.253545366344,8262.941699126426,143.0,114.73255912523885,8.0
16207,48551.210990199856,6516.046715623671,109.0,114.54690178565829,8.0
16208,33664.00452133234,3542.0627989273808,36.0,114.87758550763556,8.0
16209,44579.619834109086,38187.73604451995,-129.0,112.8556716629978,8.0
16210,12649.764852313483,7419.303719381917,127.0,102.55437315840767,8.0
16211,31394.575936568923,10409.670059305727,327.0,126.15880525713317,8.0
16212,29679.432318033236,11123.199119977695,343.0,104.49871716673063,8.0
16213,33213.866061500456,2392.537183568718,68.0,118.67581715979364,8.0
16214,44243.035317002046,7442.359364933692,97.0,120.45161383520362,8.0
16215,59654.373709765874,1180.0378103974251,23.0,119.12786778308964,8.0
16216,36516.52212404394,2362.5624736827153,96.0,121.29129067114536,8.0
16217,28738.07807633194,737.6523262442516,26.0,111.41254621930618,8.0
16218,34733.281462388746,6388.74173282768,21.0,116.62340724441684,8.0
16219,47965.273207098646,1184.3346982796122,18.0,129.27501201259147,8.0
16220,65132.03308789185,1992.2204190242776,111.0,129.93438694029967,8.0
16221,46160.83588337092,34067.359336629714,148.0,122.33481687956284,8.0
16222,57568.733982371894,16231.193304929815,95.0,125.52544243883939,8.0
16223,36087.12121684244,9799.180029946467,44.0,115.77133259510792,8.0
16224,25632.846991268943,13395.018957057428,31.0,111.1800585178693,8.0
16225,9268.297013150594,3548.0789044464186,28.0,98.79532250767471,8.0
16226,55130.760813955516,43521.97311369781,290.0,130.59047572832586,8.0
16227,61070.63498818182,58715.367906809865,-110.0,119.54445140729794,8.0
16228,60362.55110163985,2358.7952002622224,222.0,132.86479778547374,8.0
16229,24180.98309331841,4854.8401564103115,69.0,119.3413081781231,8.0
16230,31643.893057125533,10622.510279719636,108.0,110.77179652841667,8.0
16231,37114.03036008783,26913.6908767084,109.0,104.48524882980348,8.0
16232,37956.62806192266,1184.2506485296847,11.0,123.28973643351624,8.0
16233,40825.47673459662,32562.466946838387,144.0,109.0029704723812,8.0
16234,32252.759167284716,1736.6484168928716,187.0,137.09323176847877,8.0
16235,43843.62201017769,2871.278050359314,63.0,130.99724771005555,8.0
16236,63677.63853833396,55401.226820204785,153.0,112.70026180218315,8.0
16237,27045.94482292538,737.1747976921757,1.0,111.39698154574099,8.0
16238,40293.63599722408,10353.28547717999,98.0,125.92982426937323,8.0
16239,20732.142596110927,9799.60809487845,224.0,120.22285735107795,8.0
16240,41419.58774800621,8157.120382272233,175.0,124.6024188672288,8.0
16241,39001.09627973204,19497.31732997639,176.0,111.95501740095219,8.0
16242,8750.71674927776,1738.0336879404863,20.0,103.38469098618111,8.0
16243,42077.65836461502,21440.650274252293,186.0,108.54248288846576,8.0
16244,43473.793452372876,2871.967144752138,29.0,123.20765508602844,8.0
16245,60789.20041251698,924.8160175531675,131.0,132.61817431909162,8.0
16246,9423.946737309234,3981.6304738160056,50.0,95.60721396063572,8.0
16247,45437.99882370984,13458.031763976658,254.0,129.98682589111974,8.0
16248,63040.029761355916,3137.4908174794946,216.0,131.8935696499112,8.0
16249,18498.879555476637,2774.8575316913957,49.0,114.1880865066151,8.0
16250,42020.24918443305,17833.025074225498,-28.0,121.90186882459236,8.0
16251,23295.18283461198,3796.4796178129136,172.0,120.58732351272631,8.0
16252,12299.553625883416,7578.415525571859,-29.0,102.05579046242057,8.0
16253,36911.00396113459,3680.501357960345,467.0,133.1349002800656,8.0
16254,53693.467746983035,925.0835416887218,29.0,123.84224765497171,8.0
16255,32108.369916164505,6654.504373060691,224.0,124.39355976115786,8.0
16256,54729.05250015553,52750.03123323812,-76.0,110.50749005949636,8.0
16257,67031.40229266089,1179.5755081886614,33.0,121.86490536987559,8.0
16258,30851.567281326865,9341.824454793807,139.0,107.91281962243653,8.0
16259,38801.60641010029,5230.182101217615,147.0,131.25006320153918,8.0
16260,53245.85292152751,1180.5298576511434,134.0,130.1143063503127,8.0
16261,64457.718987469976,1179.3352886180776,51.0,133.88575043924016,8.0
16262,32961.28556545053,735.9591885991176,26.0,115.37601141107122,8.0
16263,39189.705544718,924.9721549858954,156.0,130.43589264553583,8.0
16264,36728.54304753527,1992.1614486721048,17.0,111.75403817792187,8.0
16265,40755.61605107185,15740.25042449902,180.0,123.34931881687126,8.0
16266,63273.08389339564,5205.47913967517,110.0,117.48385325976616,8.0
16267,47987.64067730849,924.9010999059848,21.0,130.31792746949992,8.0
16268,30743.351545018217,20467.441255828115,242.0,109.85715179386652,8.0
16269,48462.199691155845,5776.484615540908,38.0,126.12195461629919,8.0
16270,31482.835326729673,9278.902426360753,53.0,105.83603729448922,8.0
16271,41812.99344736704,924.9746095757346,18.0,123.61075381688244,8.0
16272,44515.377246699754,29273.399252070703,338.0,113.20756389623705,8.0
16273,48984.402227136445,1179.294505449162,66.0,141.06737316312783,8.0
16274,55645.228595601555,8627.714238048049,147.0,126.68867457069919,8.0
16275,48147.25498546314,924.9289934629165,119.0,129.20008132667238,8.0
16276,17277.837265786085,12677.40262842018,57.0,102.65611343745303,8.0
16277,42172.88694681314,26928.74133876625,352.0,114.01046094912212,8.0
16278,34970.963023965145,5121.860893076004,68.0,121.80238305566701,8.0
16279,6689.226257476007,1472.577145372882,97.0,109.97780623061493,8.0
16280,33363.21809996702,924.8484637742152,23.0,127.87439496861484,8.0
16281,32981.99534698072,10816.052387644448,305.0,128.86665469893015,8.0
16282,47481.17809469523,1179.6323612794895,28.0,117.5329681188412,8.0
16283,64673.32944149342,2359.697133032764,114.0,127.62731226842327,8.0
16284,42934.42620905321,12805.799734570002,63.0,121.99496357246217,8.0
16285,23134.596102436066,11098.907001339703,53.0,109.79657266018683,8.0
16286,66343.03597132917,1731.9263073507655,5.0,124.25040337200647,8.0
16287,29578.469390183232,9337.005680703616,73.0,118.69328870572502,8.0
16288,46546.211836803624,16779.353671650275,-58.0,116.16259721334174,8.0
16289,42785.49289580231,734.928470577173,119.0,128.7503452625644,8.0
16290,23167.59908854306,6842.091270508133,316.0,124.3052829762162,8.0
16291,59314.76950923029,1180.061363189711,5.0,119.74049787218331,8.0
16292,43845.497292275046,1735.0763204711475,61.0,121.64585938354983,8.0
16293,51510.28454530156,738.7584267960901,165.0,134.35137570248546,8.0
16294,25926.68267470004,11085.316215758126,198.0,104.68805167870215,8.0
16295,43059.72899634541,6650.4590507981875,-50.0,124.97487387982927,8.0
16296,40188.7465230536,1184.2856901451432,7.0,112.83750757235934,8.0
16297,29986.62441014083,8656.241022083781,37.0,116.80651135832187,8.0
16298,34426.11729682093,3143.4772821845913,244.0,128.63885684014303,8.0
16299,49671.646375570206,30633.98847361584,60.0,123.07257476490908,8.0
16300,35622.601206106134,1473.970553287777,126.0,127.87516013688969,8.0
16301,19913.388215805106,8831.583026370272,197.0,119.33377664628996,8.0
16302,45402.54673236951,924.8443206472671,207.0,148.85297138016654,8.0
16303,24058.93730005079,23134.49907779575,-258.0,106.03454950144216,8.0
16304,49427.81219194899,5490.145931296655,122.0,130.22756809653674,8.0
16305,30387.629295163533,738.4646700001205,78.0,123.31865828224494,8.0
16306,50207.08821171073,4737.031509255993,38.0,123.1637899401902,8.0
16307,45697.580245750134,5922.049961310524,53.0,115.54225799655948,8.0
16308,31445.357794468506,11210.907171323166,71.0,108.28671780581963,8.0
16309,54011.065877495246,924.821971663989,157.0,133.4210686115434,8.0
16310,15737.76284655894,8560.21760242511,186.0,117.34429111468665,8.0
16311,49252.0593264089,40973.91674969844,153.0,111.14218538250338,8.0
16312,44728.56522401033,29970.71577482546,183.0,109.0834138672235,8.0
16313,19520.1477188528,10621.622573703475,-65.0,117.15249410987226,8.0
16314,17348.322576837192,12784.6266497146,55.0,103.79271708336613,8.0
16315,50741.234121050664,19642.251789731603,95.0,117.7780698474583,8.0
16316,31161.35181387694,3798.44570248207,93.0,111.21095191367039,8.0
16317,61213.28374377243,59541.18572615613,-22.0,123.58348299349954,8.0
16318,61240.82966243414,1179.4379099781756,57.0,125.23847759119057,8.0
16319,33812.49604939395,5597.8585596489675,283.0,126.93494889160537,8.0
16320,18630.00525378597,2774.7504616703213,135.0,107.9565580422799,8.0
16321,50656.208702627104,2871.39981074146,60.0,123.25649452428596,8.0
16322,23228.72813327699,1849.974205412238,48.0,119.57720971957932,8.0
16323,28153.849995791454,6404.408831393971,85.0,111.4072596388076,8.0
16324,36543.8780756841,16299.07513587698,73.0,120.47158379810904,8.0
16325,50645.47354153571,4618.788368827606,161.0,127.10796630820204,8.0
16326,20760.850051912144,3142.296933738728,55.0,107.94741545616172,8.0
16327,42334.06259219344,6277.1190674752015,110.0,125.90215801980888,8.0
16328,30369.950981308168,1183.061244604583,170.0,128.11568134240235,8.0
16329,21397.461520921814,20872.2609322177,-422.0,99.24386363871987,8.0
16330,29012.236332865396,10280.83321794965,187.0,115.15124206783933,8.0
16331,33201.92177331392,8454.398607699852,80.0,121.471978537622,8.0
16332,66130.22877795355,732.0596120553574,19.0,128.3818935483609,8.0
16333,45774.790129907655,16502.235025513364,146.0,113.43276107362908,8.0
16334,55979.50632751921,2869.62060169317,223.0,143.09450166436133,8.0
16335,9101.6558484835,924.8701854271017,158.0,118.12910614663156,8.0
16336,56540.56016300872,1184.01353216947,115.0,132.68936198623945,8.0
16337,37556.93804707323,5970.719802263375,172.0,116.91775992024324,8.0
16338,48079.12161660561,35853.85389397993,5.0,118.69736875391871,8.0
16339,36633.09449104558,8614.416949412722,46.0,117.87649998510342,8.0
16340,28278.559170516684,16182.76782842295,183.0,114.20776906489436,8.0
16341,33691.638986069156,3542.239921994613,101.0,119.49267447670614,8.0
16342,63074.5820964285,3138.2704037494123,22.0,125.70241025451644,8.0
16343,38781.15087505039,924.971698638479,23.0,115.64654671295342,8.0
16344,49064.32810520346,738.5356395282647,270.0,138.696689683648,8.0
16345,35349.42310178206,1849.738824925391,67.0,119.3073307312625,8.0
16346,35213.716481771895,2398.688014734239,111.0,122.75043816733441,8.0
16347,41746.16258547972,1473.9049535671866,125.0,126.45436173794359,8.0
16348,18473.999368857247,924.8110308760116,107.0,121.65996424373537,8.0
16349,37280.96974161237,1474.4658868335223,27.0,118.393607767531,8.0
16350,48088.81495386608,4623.62003711081,36.0,121.827655058334,8.0
16351,34897.08130591952,735.4996222454174,2.0,120.46504531335978,8.0
16352,37392.1510308449,1742.784667586672,158.0,127.25117108904712,8.0
16353,15089.46450548174,1991.432117016365,51.0,110.68601644198466,8.0
16354,27991.453648157494,1849.8578740746007,93.0,122.96071822510447,8.0
16355,49880.89777033344,3979.1265300234704,80.0,117.17249305279525,8.0
16356,60077.59304923702,4304.026722567748,13.0,121.2632725263119,8.0
16357,40268.69393633139,738.9965929500888,12.0,121.73152529911525,8.0
16358,51002.71880566029,32446.609164611662,339.0,111.00739191407179,8.0
16359,38572.88118527996,23726.61231793375,198.0,109.78188663284793,8.0
16360,40846.09719924213,6885.6489262281975,413.0,130.86524045879764,8.0
16361,29806.78805104705,9430.541663831718,88.0,111.72943036069746,8.0
16362,29482.136223011516,738.6346549057849,48.0,120.03532183165015,8.0
16363,57190.922720099676,739.500546767222,133.0,133.86927602958843,8.0
16364,65471.11810083037,4314.893181577219,215.0,130.73082033899507,8.0
16365,57883.33031053632,2360.540884307476,23.0,123.078978648938,8.0
16366,53535.95543856249,19655.168620613076,138.0,121.40600341960834,8.0
16367,32670.28891829672,1183.926168724954,15.0,115.96665577038677,8.0
16368,42705.12151755236,18556.863063360317,283.0,126.58214959864358,8.0
16369,40382.64822464812,1180.1485100009386,17.0,119.63507660993162,8.0
16370,16429.12581348957,14735.787080838889,44.0,113.37678943630124,8.0
16371,32871.6617524044,11542.418506798267,37.0,118.00803764681162,8.0
16372,38862.24002913126,5845.547998652492,75.0,119.9710736983766,8.0
16373,40669.552539597265,2885.688869073083,278.0,122.709861248798,8.0
16374,55257.589432236724,733.3274197085921,160.0,162.17055936518125,8.0
16375,26637.757024238785,19221.85779665133,218.0,115.83840720228514,8.0
16376,43044.4866794971,16798.692963860543,70.0,117.31611003142332,8.0
16377,32167.884694725708,15724.49026113195,22.0,116.11197922180892,8.0
16378,55359.40875825294,1989.5360179380248,303.0,135.22642591169642,8.0
16379,41741.948819335325,26907.66244501703,198.0,111.75654879861554,8.0
16380,50198.710377721516,924.9266966423496,75.0,136.99289835566205,8.0
16381,36860.59016511928,35127.89749435662,-41.0,118.95494734954607,8.0
16382,54411.936391914605,1992.0054349538466,52.0,136.5093359468524,8.0
16383,39000.804624532095,17675.775485304384,501.0,130.17875334263755,8.0
16384,20576.035140593165,8281.649777134811,55.0,109.43735608971869,8.0
16385,39340.26715161131,27740.329669082384,39.0,114.16904966475124,8.0
16386,32343.04468244818,7496.864788115968,51.0,119.4430869166269,8.0
16387,63079.54328604452,4036.272961707317,74.0,119.21489526639911,8.0
16388,27542.88849340838,4519.350133379002,45.0,119.42021769133049,8.0
16389,24744.344633506724,1182.9038035125955,67.0,117.09188997506952,8.0
16390,45257.39420098457,9702.985886063,185.0,128.60309302432887,8.0
16391,35930.9006682436,4514.784186011032,179.0,124.02540204750329,8.0
16392,16753.906248994994,15040.85796678371,6.0,104.51253185109323,8.0
16393,38876.02853780127,924.9498541344288,186.0,132.17086954856194,8.0
16394,36861.484769193994,734.6918333775208,242.0,135.8842482037154,8.0
16395,28908.192007737176,12114.044386576163,-4.0,115.63601113594856,8.0
16396,29118.046687468326,20294.632973420765,35.0,106.44937566606232,8.0
16397,62782.53753515553,924.9658785685929,28.0,121.05757250951717,8.0
16398,12568.115678804106,924.9639901204911,40.0,113.99247955659499,8.0
16399,54881.99004830137,34117.932291743746,111.0,116.4657778899867,8.0
16400,37751.01157777341,734.5292590047005,18.0,117.07371720770293,8.0
16401,45680.386171414386,739.280866754019,23.0,118.47405346736015,8.0
16402,5477.412450100455,1473.2289925973903,21.0,93.2166531716799,8.0
16403,36501.30844319193,1471.3610584720657,210.0,130.08757607265449,8.0
16404,22234.577346856655,5223.700195150675,165.0,119.02651868705111,8.0
16405,30664.401209157884,4682.836567027714,195.0,108.20430101452293,8.0
16406,19347.251641197585,8884.144144854137,178.0,118.161740487921,8.0
16407,19948.633869619647,4792.003532585858,30.0,114.04059925051641,8.0
16408,54484.32072740131,32164.01114197085,505.0,130.6883081132967,8.0
16409,43848.822750650485,1181.0563010389642,5.0,120.9124349248005,8.0
16410,41934.42326474098,739.2818525604084,115.0,130.310536847882,8.0
16411,52801.37744348635,17587.9956173658,177.0,113.95269884658539,8.0
16412,22568.408814558294,734.9050151280588,166.0,128.14475741814084,8.0
16413,49291.58969168934,6516.39966129294,298.0,129.4604798579819,8.0
16414,44671.70543191671,7585.895644528634,181.0,126.16337624304674,8.0
16415,29491.495283482698,22322.263048982863,134.0,121.00229577446501,8.0
16416,16447.017337116948,5481.43164091199,48.0,108.14845451900753,8.0
16417,35680.16511627149,14512.75292727628,26.0,112.27357232345459,8.0
16418,43868.36798631736,1743.7571399136118,131.0,127.11079721596121,8.0
16419,12797.111118208739,2883.4924500056395,43.0,106.71698650284323,8.0
16420,25999.279584081683,11814.547507992482,438.0,127.73798668966171,8.0
16421,48628.71585616102,20762.450962846007,26.0,113.22627922593455,8.0
16422,59475.671572392566,17079.275028682474,81.0,125.77854611788746,8.0
16423,42200.14526213776,6868.551233074601,538.0,133.157985004017,8.0
16424,54483.38323814902,4851.704195200535,45.0,113.56331379046593,8.0
16425,52101.92863715933,50129.64946075647,64.0,113.32934162914634,8.0
16426,36651.36622934517,19278.566445480934,117.0,119.46696963963805,8.0
16427,58532.57076861735,2360.9577218694862,32.0,123.49349565915101,8.0
16428,64340.655170653314,1179.8404208000618,154.0,133.4357687322601,8.0
16429,20297.834930654062,924.9542257788412,87.0,113.54191626839426,8.0
16430,4682.982764284233,3772.4333099650676,-27.0,88.34001876994947,8.0
16431,20220.85974599544,3087.2534960202256,169.0,120.07629989342817,8.0
16432,21547.08306853269,736.6712002571171,76.0,112.51820177777478,8.0
16433,30952.79215659193,925.0880893622262,18.0,116.88401064823096,8.0
16434,55792.55692270873,6325.182981095297,397.0,144.91874685883167,8.0
16435,23951.325909143423,737.4194360797524,12.0,110.56795231996763,8.0
16436,54893.95372029201,34138.50186819126,111.0,118.7151137113824,8.0
16437,24678.08171125506,22339.430105243286,-15.0,112.0473982129991,8.0
16438,51364.81768078332,2368.1097983035565,122.0,130.5754334095179,8.0
16439,58794.99182542477,924.6895813480893,37.0,136.83413711954412,8.0
16440,52424.14635480106,1850.100665911701,107.0,126.35968106458766,8.0
16441,32294.551933757477,11315.435221484444,350.0,117.27998519127672,8.0
16442,36671.49156481202,4040.979981990726,9.0,119.4874940706037,8.0
16443,42774.797006316876,6516.16015943743,110.0,119.15295111087809,8.0
16444,38935.302010181775,925.073232734695,30.0,126.01085089620202,8.0
16445,41372.709101607936,2942.2278574160364,226.0,128.88159594022645,8.0
16446,41733.9974384925,736.4665601801918,71.0,130.51490142001418,8.0
16447,35779.09308915073,924.9332840561314,8.0,110.74780563744966,8.0
16448,47583.876774087745,3541.437028179211,40.0,123.95748187237814,8.0
16449,28982.65367906277,7443.766712497527,517.0,119.34280899481395,8.0
16450,32920.544201085075,11399.001731998744,450.0,110.66441364036888,8.0
16451,51005.405391685315,13283.327440224832,50.0,114.00644096756687,8.0
16452,4682.906632901177,924.8905653156689,24.0,97.5698109299669,8.0
16453,30414.333418677197,13383.865668384531,77.0,116.02257492752165,8.0
16454,28252.150755668972,1474.7328389525128,102.0,113.25714496061515,8.0
16455,60669.46183789457,21587.30290940368,86.0,129.2775648512932,8.0
16456,47634.58283389657,924.9820521078653,39.0,120.3611420115949,8.0
16457,31145.82800421867,12111.206647922565,60.0,119.12626956615384,8.0
16458,17741.89654086396,8280.946254400173,53.0,109.25280655622629,8.0
16459,40446.15329288336,23539.96056539056,65.0,111.49509282988711,8.0
16460,45503.16937516761,735.1441837255262,212.0,135.46392136672003,8.0
16461,35546.91159593672,23258.996627368986,75.0,112.92483818406414,8.0
16462,38618.38154392693,924.8750345751778,48.0,120.22185184933772,8.0
16463,27112.139833231337,11538.177496987479,229.0,110.83762484285705,8.0
16464,27196.72697756739,2392.4000497088805,11.0,114.27854840703273,8.0
16465,67584.90326932418,5897.231258766227,420.0,135.50461809346473,8.0
16466,8239.31730019629,2394.830023257556,17.0,99.84274062591454,8.0
16467,24687.56574745189,924.8139533476414,34.0,115.52643768160235,8.0
16468,35138.01916360973,1183.2278160524897,178.0,137.64327087040382,8.0
16469,46652.862184509606,21181.12116691758,190.0,129.4671241844817,8.0
16470,42124.8190090248,736.8713292766129,131.0,142.66933995606695,8.0
16471,37656.686836336296,1180.4312165139404,125.0,134.79662544896306,8.0
16472,38910.355498744095,6516.161601186656,144.0,116.51837965199371,8.0
16473,8356.7928882578,7435.948075320264,4.0,99.222872859205,8.0
16474,44885.81725559939,8263.207300264314,94.0,116.52158307189546,8.0
16475,42603.587122537516,1181.0507336827275,26.0,120.31584275043298,8.0
16476,53433.29645467726,1184.01353216947,115.0,131.34165976598976,8.0
16477,51400.256813162356,7543.611658770431,100.0,120.93094884393082,8.0
16478,55173.73633437005,2358.598535814307,195.0,145.92726037649936,8.0
16479,19700.065947200663,8089.770971007037,21.0,107.88165385078273,8.0
16480,47169.840992853315,23122.14933617428,278.0,117.02093306884431,8.0
16481,5219.23421524937,1740.1015062679435,-26.0,92.14624641130611,8.0
16482,25062.75890559219,736.3562346420597,31.0,112.34410965957719,8.0
16483,28097.276164042945,14962.745864336412,-25.0,117.44535174246275,8.0
16484,53235.15603134097,34508.17092392112,162.0,117.39489246505971,8.0
16485,24365.965430219745,6964.605334149489,163.0,119.77431107891991,8.0
16486,45912.84534322482,18729.77121390527,165.0,127.57993077253855,8.0
16487,49042.17621415382,40591.22603337599,374.0,130.29937548160356,8.0
16488,60024.42122048837,1179.593316531348,86.0,130.51209482236519,8.0
16489,47426.674584072505,3144.0523080230937,92.0,130.38611162167513,8.0
16490,49118.67398541976,9301.857580938722,639.0,134.98002789677452,8.0
16491,30176.269492427047,1990.1102047989475,266.0,129.22778147370343,8.0
16492,17153.620472261213,3090.3337521636913,155.0,108.6563280863279,8.0
16493,26252.000057237827,5487.311678035825,40.0,109.36591820424346,8.0
16494,33236.69144540972,15482.921658129042,54.0,113.42616489224224,8.0
16495,54568.67058651366,924.8217085091301,16.0,120.40015490588905,8.0
16496,41949.14102797533,8766.859865870358,262.0,129.7402024883629,8.0
16497,7593.373147583488,1182.8976918301853,39.0,107.94527359737953,8.0
16498,26561.165266724267,8613.701512570822,276.0,123.65030120053754,8.0
16499,43694.78546031647,7435.740285564314,116.0,118.8355852078287,8.0
16500,48114.18953316392,31781.672626041418,281.0,112.58786712323624,8.0
16501,45346.17377423021,2360.4210069982432,56.0,122.25397408135962,8.0
16502,8612.84982780494,7722.6377539105815,-27.0,96.22266521058155,8.0
16503,27990.334352169986,8356.793417520887,325.0,126.22082608260317,8.0
16504,47377.07642045664,924.9187665835047,247.0,135.55031540856635,8.0
16505,12140.82329954902,10440.021292676975,15.0,110.33144644040823,8.0
16506,48939.32848756687,30165.15023035879,187.0,121.47669405166565,8.0
16507,57670.006508855615,9412.584653074975,538.0,113.93357126429508,8.0
16508,9268.012506184185,8756.089870533673,-81.0,94.45832871863861,8.0
16509,8612.090827127986,6639.492046662828,53.0,95.53754143382685,8.0
16510,33906.95231854528,1183.0774967691634,158.0,126.51783765061424,8.0
16511,48985.150100130435,13829.284946870932,79.0,121.97560890703227,8.0
16512,31910.691496921372,1991.5736253439857,212.0,127.93018536541086,8.0
16513,41679.26462193273,1849.7687546618442,70.0,122.0244504485791,8.0
16514,34856.53020185124,1989.8987025151682,36.0,115.37164961699143,8.0
16515,55573.23828715929,13402.826133790937,55.0,117.15372647751668,8.0
16516,36931.316888122616,3485.3868073292906,212.0,117.67425202581168,8.0
16517,46718.20529716457,13032.690930300765,63.0,127.08785605414135,8.0
16518,48203.72326104363,33448.3342800593,183.0,112.6894112410816,8.0
16519,39029.30726179108,31669.959474724234,68.0,113.71188581270997,8.0
16520,56335.09508702662,1185.5070992634246,38.0,120.71330044912122,8.0
16521,8311.824051291293,4515.800711735469,1.0,96.60835657030775,8.0
16522,35868.742077110095,31821.836120692842,5.0,111.75155646186714,8.0
16523,42026.42283339753,736.3194793316991,115.0,127.0809106343038,8.0
16524,35633.598363413155,5477.664879968657,98.0,107.69767692717004,8.0
16525,21585.451799835988,9023.424392166884,335.0,124.85029250471065,8.0
16526,16720.053990123506,2365.6359904848396,61.0,103.47305385970957,8.0
16527,65080.75916924286,1745.7706193907118,106.0,133.46012093005936,8.0
16528,35229.48449767835,1183.1060082760855,106.0,124.97450001642164,8.0
16529,24451.300310504565,2871.1849551380715,146.0,115.95322958234752,8.0
16530,45643.77926840647,3541.8859903107414,193.0,120.32687387556552,8.0
16531,30568.61888650194,18464.705036435662,183.0,114.20353870783576,8.0
16532,52315.942642732676,8452.971267934561,50.0,117.90523696392526,8.0
16533,27923.66918366479,1180.4709939743943,213.0,128.8384365968575,8.0
16534,36977.73612023023,2206.9242193788036,61.0,127.85980869476289,8.0
16535,61827.00725304788,3137.651636918847,105.0,115.82262497845161,8.0
16536,4309.618911181063,924.8971311976628,9.0,94.14708488484303,8.0
16537,26738.230628214904,10448.192164236856,50.0,118.16077102866535,8.0
16538,39844.25041512111,924.9914528310026,19.0,114.14737124189064,8.0
16539,48725.53803239767,1184.3816279003902,67.0,135.89639798191763,8.0
16540,53397.70191868272,9475.278278333171,167.0,131.07099380986764,8.0
16541,38190.30185554898,2393.531540540918,180.0,126.87196614099747,8.0
16542,41648.67034125211,28369.42857146326,108.0,117.46544274983583,8.0
16543,49247.068783796116,1990.1361091226918,16.0,129.22729705247224,8.0
16544,37224.99316498416,1989.9208835785475,95.0,130.47132292486185,8.0
16545,10438.349564933334,735.6720049714717,55.0,112.48397358670965,8.0
16546,10589.375065230979,5125.695691870075,20.0,102.92351053608844,8.0
16547,58992.477352941874,18497.46729457602,38.0,124.0527760500762,8.0
16548,25057.585169892278,14023.300020303077,-11.0,105.84910960928076,8.0
16549,48730.27667174791,8286.095149922263,211.0,126.46707207071935,8.0
16550,42076.05371635166,924.8614694703291,132.0,130.02789849366064,8.0
16551,56448.90772039029,17865.60556904605,145.0,123.18676142055679,8.0
16552,40775.6230345543,1182.0993991419007,66.0,122.43282406928913,8.0
16553,52499.504394533295,6360.893844276299,270.0,114.54145051020525,8.0
16554,4787.749552168294,4119.001551564653,-112.0,88.79265561149123,8.0
16555,53258.9523995441,36242.21737180657,183.0,123.6661763492695,8.0
16556,41154.08846531798,1184.7259741299547,76.0,123.08136119435616,8.0
16557,48137.81069195071,10413.505308322174,60.0,117.7639297362303,8.0
16558,55764.08058544542,1992.0027238244513,361.0,128.15075535443717,8.0
16559,37862.82966535676,1474.5431888180378,83.0,122.24912762995996,8.0
16560,42172.264131099015,1184.2220965159643,35.0,130.57994213513902,8.0
16561,24027.91144198749,7428.568347111657,133.0,105.39413158589366,8.0
16562,52209.90351944522,924.8945170777081,89.0,129.25908655287222,8.0
16563,58020.98172945045,7957.937987074652,433.0,133.63789272309197,8.0
16564,36450.47931245052,924.903277281418,7.0,117.80651869344086,8.0
16565,59338.10064689559,6380.992694808692,58.0,122.24638283814531,8.0
16566,18779.75600127636,2870.6193129509174,178.0,122.77554458993356,8.0
16567,53825.96645865867,3699.3350058336173,50.0,123.51823903599916,8.0
16568,23729.604899685764,4515.8608931522,186.0,120.78144455099142,8.0
16569,43812.65797290271,1180.7163599468856,20.0,124.61483675009327,8.0
16570,42781.55785523928,16747.7151620065,108.0,109.35916873473973,8.0
16571,65102.60271960684,7108.973339630988,211.0,125.48553618616148,8.0
16572,43819.48880757374,3144.6781902404273,94.0,116.1703936512063,8.0
16573,20884.176094829934,9337.56294672673,25.0,108.26495295876244,8.0
16574,51809.566153747175,1184.5020435316726,65.0,130.1321931354366,8.0
16575,31731.497961648907,7451.609967635131,196.0,108.91569337831947,8.0
16576,30139.877726623057,28413.2816612468,-51.0,107.71546554477504,8.0
16577,59179.792926834816,11102.310606404735,65.0,119.11054021578475,8.0
16578,25455.533406068556,736.1167925907716,21.0,116.37544459626942,8.0
16579,43201.78748595927,24579.531753949348,198.0,109.10924745802009,8.0
16580,35104.43957008672,34458.56044116538,-467.0,107.52316398142531,8.0
16581,68193.30557132543,58010.563035466774,116.0,120.67580817376647,8.0
16582,51761.98543752409,1850.1095975637777,27.0,117.53962691530035,8.0
16583,24389.2851899248,17746.719820430717,80.0,107.93979382770843,8.0
16584,48119.640729484156,7399.741561634821,212.0,126.251364956351,8.0
16585,44383.718282282935,3472.677890061908,102.0,122.0724018569307,8.0
16586,65559.86740732362,48542.46774866598,183.0,125.43982825437678,8.0
16587,23624.871226112155,1180.6443554766588,260.0,129.20925897118113,8.0
16588,66836.86440061055,1988.8466354835286,163.0,143.1617102336816,8.0
16589,8617.837700987926,1182.4437413924131,129.0,115.35003396256897,8.0
16590,50198.44441590568,6288.92550703986,188.0,129.8585742947288,8.0
16591,21335.927927361146,6931.629075266629,17.0,105.01586817976116,8.0
16592,51790.43147128702,40681.499358838126,-442.0,115.42003710729472,8.0
16593,13345.925914715237,11648.502905165931,61.0,110.97565379031597,8.0
16594,33051.47066834856,27102.561902362628,-113.0,107.6430212145794,8.0
16595,29945.6206795741,14967.797738727428,15.0,112.9682872802476,8.0
16596,29596.597791797612,1849.7854575200329,86.0,119.74631768062213,8.0
16597,41327.75987479534,33025.69193101287,116.0,109.81036646052478,8.0
16598,57369.19872843541,732.6764815592586,98.0,146.56282849038638,8.0
16599,34717.18230733697,924.9798184834596,139.0,128.12187663841786,8.0
16600,54929.69915014696,36975.356888921204,309.0,110.69468782192008,8.0
16601,23708.59207397414,19112.523006777927,67.0,106.76505140778409,8.0
16602,19548.388841521883,2397.417655492721,75.0,111.73444247523702,8.0
16603,40010.004421964244,31787.77796581488,-329.0,109.60601772666153,8.0
16604,41127.475639322096,26384.891304784363,84.0,114.26615863883092,8.0
16605,53446.407310272814,925.0517080393846,52.0,124.3711672736935,8.0
16606,28606.864109836668,734.4025503179118,75.0,123.57152575577769,8.0
16607,38173.05563092457,4305.4451545603615,137.0,122.49460163360646,8.0
16608,28346.49890775189,2885.3307857554346,246.0,133.97932320856913,8.0
16609,62703.566507606825,1180.163341179763,98.0,142.1959085980942,8.0
16610,13388.570839197842,924.9933653257078,79.0,115.57770871387612,8.0
16611,41057.203733563765,1992.29902547965,26.0,115.38811770692698,8.0
16612,45481.490604285806,29152.0277669273,72.0,122.13585201092681,8.0
16613,30992.2585037136,1990.0911138931235,243.0,128.579072759751,8.0
16614,60387.38829512388,1989.9093909361848,26.0,128.56501887300095,8.0
16615,29011.777020140933,12226.115088771092,305.0,123.92531774215925,8.0
16616,43791.54122848533,9617.64722502193,279.0,127.04048315512381,8.0
16617,48775.08686822441,1184.566983666476,29.0,119.54316227269533,8.0
16618,41515.44281329129,17173.788188883456,139.0,113.82194868598525,8.0
16619,42572.77024995599,1180.172580669843,30.0,117.85948542812247,8.0
16620,22393.901744654067,3796.1734569071755,131.0,118.3408116653984,8.0
16621,42153.64382411951,1180.2020901448982,26.0,125.44013242571634,8.0
16622,44422.22815794672,23391.384918869222,97.0,113.70422095765619,8.0
16623,52777.98843611782,740.5733934719593,115.0,132.54333765007289,8.0
16624,51626.181026284234,1733.255026011088,277.0,132.09440212971379,8.0
16625,44865.62061193625,15072.837590231617,29.0,111.1724872479837,8.0
16626,17426.86909806296,15442.78621080613,86.0,102.32532180570736,8.0
16627,48992.04051084992,1989.6471857008812,94.0,124.48813860884364,8.0
16628,45122.78987724446,1184.5725228087867,171.0,141.5141028961611,8.0
16629,49619.58385478416,8273.550674611506,95.0,124.38769851345609,8.0
16630,39834.94532756441,1471.7235299750112,277.0,122.02122624690273,8.0
16631,38034.95655904436,924.9242788792141,35.0,121.34286820845644,8.0
16632,24051.040608233605,1181.2362654743363,169.0,141.45485995706812,8.0
16633,52847.65984031389,9278.158020819295,116.0,121.28231106793723,8.0
16634,36951.90958797382,1740.975334290844,68.0,124.54907744346056,8.0
16635,14030.295557423344,4117.3849954015095,13.0,107.02125932700442,8.0
16636,37929.51198242349,2774.8719955949778,114.0,127.28827239946605,8.0
16637,35163.46114121002,14180.96173069299,336.0,116.34735644114267,8.0
16638,43835.046367400224,739.432476685799,17.0,128.9087860327724,8.0
16639,10174.069967899068,924.879093815251,54.0,109.92668549303613,8.0
16640,49545.19030752625,28037.699811796516,139.0,114.07115736995651,8.0
16641,41473.499310838684,1990.1021382216068,34.0,115.44475496105149,8.0
16642,29131.371159734874,3771.932721276438,237.0,126.2803441796247,8.0
16643,34641.97431138927,11537.362319243524,-95.0,109.24284293936006,8.0
16644,28236.294677429174,9032.305794261574,186.0,120.09270657242202,8.0
16645,34156.870209583954,1184.13345292591,71.0,122.66327544998575,8.0
16646,50919.408724252826,3699.8343421384884,164.0,119.24786669333054,8.0
16647,35612.526029714994,21526.820973523063,81.0,121.309033552277,8.0
16648,45032.172070510576,924.8516463763385,142.0,131.10211308403254,8.0
16649,45441.11945143924,14556.361485491076,75.0,115.42272758862092,8.0
16650,63441.38181580848,41431.65319000535,257.0,115.50436553771871,8.0
16651,41106.81727819785,733.6474557722889,18.0,116.44523534445544,8.0
16652,67950.09294293,59672.184811630665,94.0,112.24913964701605,8.0
16653,36457.62498807823,24854.782105208804,39.0,113.59095551147466,8.0
16654,20789.732775034456,1741.1587943428444,9.0,118.65280790457493,8.0
16655,18682.90589301309,17016.234918779075,65.0,113.80311925900406,8.0
16656,54812.56571414074,3699.31328693716,75.0,119.1445762092485,8.0
16657,19526.78806845463,3090.067073780754,62.0,112.22411045173408,8.0
16658,22806.05955145902,1181.0740643321762,249.0,128.53104890245285,8.0
16659,37726.05651067538,30181.306508059715,93.0,108.23830489753196,8.0
16660,25319.204611337693,10478.576451326016,-7.0,110.49793147877614,8.0
16661,54682.12350871842,1989.6197373933742,101.0,126.07814367265277,8.0
16662,34231.13565172252,16649.29855049156,-66.0,116.80836509271936,8.0
16663,17124.587598128837,15437.293722638868,37.0,113.65692922455017,8.0
16664,29998.06363303402,8610.592507013136,268.0,124.44224758514548,8.0
16665,28680.618960635667,20410.93809781575,153.0,107.07173674858767,8.0
16666,51402.02473634462,924.7943729847858,80.0,126.35012346878392,8.0
16667,35954.342130045836,1474.3803089990402,234.0,130.68157697356688,8.0
16668,36970.73124444363,6355.206957893998,205.0,123.45799334377642,8.0
16669,36497.686022114554,1181.5751061647202,10.0,113.84294956687731,8.0
16670,43711.576635211255,737.445510038454,200.0,133.9326378437953,8.0
16671,50768.54675981321,1184.262068516475,108.0,130.37967541725024,8.0
16672,42712.22397161825,24762.721369028834,310.0,109.66727534237634,8.0
16673,34698.22273057781,23092.755597743246,14.0,114.32356150653253,8.0
16674,18452.173760167956,17869.062883244813,-368.0,99.69770654637331,8.0
16675,37940.30714626488,1990.112017144684,38.0,113.1158382678389,8.0
16676,52781.72861886087,2368.502667905178,81.0,131.11548774315966,8.0
16677,21985.364729557343,924.8741738182804,39.0,114.68608994698258,8.0
16678,15655.952763320023,736.214605314519,19.0,111.82808012915528,8.0
16679,30192.500596112106,11777.054301584034,205.0,116.98097772791158,8.0
16680,44237.46155069109,27800.676100698493,71.0,111.9966005648368,8.0
16681,20064.545721187314,2207.6965537447436,3.0,111.31790486864315,8.0
16682,26664.484453159203,5487.440767276098,61.0,113.9714360663699,8.0
16683,47258.10829664979,4722.104389006457,48.0,122.00621217230358,8.0
16684,25644.869190412966,9030.299794549037,194.0,104.42942816334049,8.0
16685,33852.75823491368,13458.32991777665,71.0,119.82684372454551,8.0
16686,19548.87245329444,3772.050363210119,15.0,118.03493665290947,8.0
16687,16440.285523681294,1473.7880134817085,60.0,113.19622669530267,8.0
16688,29708.064457443907,8689.339090716074,54.0,117.5906372099522,8.0
16689,50956.02030580705,21351.191827043058,279.0,130.93957099173053,8.0
16690,41680.82150185802,2774.923568109423,43.0,120.93548205428237,8.0
16691,55284.85299897394,4683.426038726239,31.0,124.15561313014177,8.0
16692,25016.250843275255,3699.6969821023354,28.0,111.65795805999208,8.0
16693,9791.039034229976,9018.036129465698,-42.0,99.54291949609082,8.0
16694,43212.317582612945,1179.908220506499,38.0,117.43482939421295,8.0
16695,33005.9751979593,6943.791716098901,128.0,124.64102445077575,8.0
16696,35423.44542663804,924.9191074716399,170.0,129.76707089924906,8.0
16697,61177.161276150364,4058.122684415927,124.0,132.54224580465723,8.0
16698,37250.50104291828,5467.551582229515,44.0,115.0107910629034,8.0
16699,38698.25528799867,20254.855566467762,163.0,120.95538547305753,8.0
16700,38005.35354511909,735.2171348118384,73.0,124.96538695770775,8.0
16701,53139.30646270348,4055.806679300753,65.0,121.01750632551754,8.0
16702,50500.276849525115,4131.45403151914,137.0,126.73898794002912,8.0
16703,42602.823897250426,2774.595816230028,73.0,119.50378324343902,8.0
16704,53289.826993532864,1183.6549619896093,246.0,135.35557838863608,8.0
16705,48298.068898564445,29743.57021207501,360.0,113.17033499748541,8.0
16706,56654.23740791939,43963.515330509166,32.0,123.75664478682202,8.0
16707,11069.679117560121,1739.6764566635977,97.0,95.69367343935389,8.0
16708,46247.16878459601,925.046643697039,31.0,125.21484598031381,8.0
16709,26104.448672398114,9259.053909666201,40.0,116.61120553507565,8.0
16710,45269.59530909304,36818.66987317617,354.0,129.5935271042274,8.0
16711,52128.330611409285,924.7101826352434,32.0,126.53124871600986,8.0
16712,42849.4002753261,12366.477930778043,-132.0,111.0626349814466,8.0
16713,50724.803867601746,4738.974245061406,12.0,128.35536278038825,8.0
16714,48968.148068201794,27436.102810231983,-9.0,112.96497976882934,8.0
16715,34164.83821503607,14467.979441406744,77.0,111.70746421552666,8.0
16716,26810.262206716634,9962.452813736252,110.0,116.3505316598919,8.0
16717,29446.53883580277,1991.5636742090107,126.0,128.04340848962454,8.0
16718,30152.062846244695,3983.8139200470278,40.0,110.20765929073407,8.0
16719,49558.056186963164,17864.115246476038,96.0,117.00903605920179,8.0
16720,34294.01963898116,925.0392864498932,100.0,126.58989187781827,8.0
16721,34727.17383773137,924.8558522418572,47.0,119.00776889313619,8.0
16722,46679.29270739683,4315.130099952522,23.0,123.39777013412231,8.0
16723,56183.62973645778,924.7045006494226,24.0,121.28703339058276,8.0
16724,54930.36686128279,7719.122400890033,2.0,112.07829089943833,8.0
16725,42671.08196505282,38084.23382484425,-17.0,110.67243348646984,8.0
16726,21334.750272794765,9230.586903833615,170.0,111.00126576029288,8.0
16727,35340.97563369537,925.0865597123335,23.0,115.11501552812014,8.0
16728,45881.896745980855,34929.32911785632,60.0,115.20831379815196,8.0
16729,46194.55777237553,1735.6074229581181,178.0,125.87150231994944,8.0
16730,22501.509134360575,1849.871502856706,11.0,123.35951540538663,8.0
16731,41902.18077909357,5122.31248081233,73.0,118.26627238949567,8.0
16732,31140.637139256873,12652.435389738934,124.0,119.10546327526677,8.0
16733,19437.408568962677,8324.41781899756,-2.0,101.95944834474767,8.0
16734,43613.49224367136,924.86460250101,49.0,125.44768040982237,8.0
16735,56059.37280589529,49398.78073603819,80.0,116.05789803631379,8.0
16736,53435.4606420726,4056.5442470304724,104.0,131.27240405696116,8.0
16737,48091.62369591369,924.8661318267232,153.0,131.91744742705444,8.0
16738,31456.214508919074,5549.681478129494,361.0,128.54133516069865,8.0
16739,13823.566942015555,9214.579246909954,59.0,100.7612807487043,8.0
16740,35889.33801302063,14233.269811335262,324.0,129.33235466936497,8.0
16741,45127.31019224045,4682.596985035819,47.0,113.33148123944854,8.0
16742,44299.65324883372,6669.087289323387,55.0,114.59581769504118,8.0
16743,43503.92914067301,21977.362491163378,82.0,118.95316495840463,8.0
16744,14988.44553487471,6691.849852814516,45.0,108.15422930772681,8.0
16745,6347.0166436163945,736.6631420038676,49.0,107.12808890879563,8.0
16746,24583.056313988713,9750.041042221066,196.0,110.25155663270804,8.0
16747,31068.197768363167,10583.000219040334,31.0,122.66821753269005,8.0
16748,29261.46783843608,8234.39032367788,114.0,108.27391588727001,8.0
16749,37235.41456104614,3139.7362489014754,86.0,112.438115710579,8.0
16750,43960.77845948406,1992.3478270799162,70.0,115.04327443066438,8.0
16751,52563.028991621264,925.0652973779727,39.0,128.5174959588287,8.0
16752,62334.743813611065,41569.740521616026,111.0,115.32386450992433,8.0
16753,46378.20696580567,25609.13330000633,230.0,122.43303460426002,8.0
16754,42880.131132672475,3144.7372557409685,32.0,118.28469451756695,8.0
16755,29743.929620025167,12114.105548177075,168.0,109.35985017937058,8.0
16756,48523.57580015057,1180.1572326442372,113.0,128.40240124072898,8.0
16757,55059.94192356591,5475.027054709104,207.0,130.0144142407293,8.0
16758,50384.98180644457,33593.419216207694,440.0,112.28709190009924,8.0
16759,46720.42661344792,739.5894778625519,60.0,129.24503083700415,8.0
16760,41781.13962346315,737.5445852661804,131.0,130.19836672019449,8.0
16761,46888.859719032276,5846.36008440331,97.0,121.35025014766909,8.0
16762,56187.00650043635,9917.540491660702,43.0,122.99852451816383,8.0
16763,41705.627868268224,735.0869636471725,178.0,132.42149129725857,8.0
16764,67782.29941286886,4035.497918428327,80.0,123.6432638084613,8.0
16765,51612.09898424878,38603.60746106134,150.0,130.13272644316595,8.0
16766,36679.83228323201,27218.89540142024,53.0,114.84843326149436,8.0
16767,26729.47968991495,5740.569111436335,324.0,113.52649247260956,8.0
16768,25922.068432846132,10947.356137578901,22.0,112.63886282675057,8.0
16769,33955.66638515359,2393.6969146386273,10.0,113.42806166229765,8.0
16770,23127.46430148939,6402.352834290923,25.0,119.09458856282123,8.0
16771,51366.63404000333,739.1751832249716,56.0,129.35509806299072,8.0
16772,39333.96389077181,734.7759989069716,211.0,133.96539236212772,8.0
16773,8264.498064389949,7447.947398493287,17.0,99.48018504999712,8.0
16774,25361.578553782278,3772.5505163974917,154.0,110.8430552282571,8.0
16775,59543.6612537275,5901.745165275907,75.0,123.62390010933476,8.0
16776,41360.35273387435,4683.4304168805975,82.0,118.58123954314516,8.0
16777,42398.94617443664,14180.774754664666,276.0,128.67130682331486,8.0
16778,37054.153428905774,2397.0948009854897,137.0,124.72801267725431,8.0
16779,53636.530309836584,925.0760184574686,7.0,115.41780572124426,8.0
16780,8093.331678548288,2364.925942415614,34.0,107.71562197367251,8.0
16781,30449.321877631875,1738.2842378529879,67.0,110.14358771830481,8.0
16782,45413.858737998766,3542.564432960389,22.0,114.51382756678579,8.0
16783,38628.49144461448,1850.0577166595488,22.0,109.03132805624442,8.0
16784,56559.111019712574,13884.572513193745,38.0,129.24960374241667,8.0
16785,42705.24864626576,35346.264650228186,68.0,114.7831748128549,8.0
16786,12823.435352577142,2394.7913349776245,171.0,117.84982898063231,8.0
16787,9278.46295009199,4624.547574800974,-19.0,97.20233762632185,8.0
16788,31737.048909960948,10963.69816820741,-47.0,108.71688587572258,8.0
16789,58798.384764985014,1180.1360808436757,80.0,131.36610067839922,8.0
16790,41976.40388106077,924.9976532713806,42.0,128.4005673143989,8.0
16791,46659.16424703068,9031.85005624877,46.0,113.42601565480281,8.0
16792,47645.63333746343,3470.2973631823907,407.0,135.18556637204705,8.0
16793,69135.4174213499,1185.3370740852176,37.0,122.00057760859173,8.0
16794,31006.52963877731,1183.6387460583653,28.0,121.72487559615138,8.0
16795,59298.31804629221,1178.8892299441345,253.0,136.57648699483096,8.0
16796,60075.579336710536,53418.085067575084,80.0,116.66769033885879,8.0
16797,50879.83826703355,5921.620023970912,16.0,121.45982724922018,8.0
16798,15908.324689912506,9755.89085884987,-1.0,115.34690229304555,8.0
16799,56483.16732766155,10982.624122000012,76.0,118.60253337936858,8.0
16800,35208.09816554894,738.2430657598704,93.0,126.9696642528648,8.0
16801,29534.901197794657,11809.839797899673,408.0,127.32104875344955,8.0
16802,31777.436243994714,1470.4739008901686,29.0,115.21167264186252,8.0
16803,40903.163596276056,34262.74436803448,60.0,113.68717321198031,8.0
16804,23041.687287760535,7483.513904182705,135.0,120.6639367678782,8.0
16805,19653.0202395326,924.9906744555398,50.0,115.46922905286041,8.0
16806,39833.566516833394,924.9363000268617,43.0,119.98939349501836,8.0
16807,34279.12784014474,1181.1333660479652,237.0,131.72672012364723,8.0
16808,11975.890515609588,4789.759639559043,47.0,101.99863559862207,8.0
16809,35891.872052790066,25639.87824663689,195.0,121.92401381888781,8.0
16810,11818.89046964822,4727.257127573002,13.0,102.01426586791143,8.0
16811,43130.502834646715,36474.17486266994,-71.0,110.71188615140183,8.0
16812,53232.073147679905,24228.032970122887,22.0,121.28627737801969,8.0
16813,6282.524664760924,5482.804877795268,20.0,97.32186050578682,8.0
16814,17447.13179627672,15739.91637859068,58.0,114.03953238292402,8.0
16815,38931.112307083946,17420.393760938863,139.0,112.84324812957037,8.0
16816,37996.27579693562,1737.6859310770394,7.0,119.60957872615391,8.0
16817,55247.78639859879,1990.0736798260352,35.0,125.08896248486607,8.0
16818,47366.873384567014,925.171475987328,23.0,117.90909090440874,8.0
16819,51126.57996284247,1180.423700336337,30.0,124.80938270323246,8.0
16820,45579.92128827135,31160.407645044335,64.0,115.4262274964865,8.0
16821,33577.10849748443,3139.5152577718222,34.0,114.99587377684368,8.0
16822,12566.603626862097,2365.5278136755396,23.0,105.55279792850332,8.0
16823,13937.5283453119,2870.8420766451636,42.0,104.31100972844956,8.0
16824,12113.66038324928,1849.7084771742652,160.0,118.17972845605834,8.0
16825,50704.80602009567,4039.783366096891,341.0,130.98474146336943,8.0
16826,32188.593074213906,12668.72282013957,77.0,119.40285614680721,8.0
16827,35083.56536916135,15155.96774529818,46.0,123.50389859527255,8.0
16828,23299.629967890687,5478.549755306096,82.0,116.6817737709189,8.0
16829,37261.875082102815,16883.77395262903,74.0,113.06952588148637,8.0
16830,6692.943034221531,4514.890589502848,-9.0,93.96460695784778,8.0
16831,15738.271941108216,14038.756044735224,58.0,113.17183496250284,8.0
16832,35228.97749883619,2392.0686067426677,335.0,123.64424732881903,8.0
16833,33589.22005497832,13398.121606811595,72.0,112.99824784029647,8.0
16834,41545.66583018988,27119.820695810347,64.0,114.81391080416329,8.0
16835,56437.83987806895,3467.2594720058887,187.0,129.76601413813654,8.0
16836,35579.08609912275,734.3707757428097,232.0,133.91375430031786,8.0
16837,59873.74163295269,42851.29547898894,183.0,124.66462531419592,8.0
16838,39666.744886044966,734.7503890572432,22.0,119.14041704486925,8.0
16839,28486.052915040353,7967.372372927745,75.0,110.99879402171683,8.0
16840,20788.82983575659,9272.943760697193,75.0,112.56559563289969,8.0
16841,8566.025403491418,737.4386459736133,39.0,106.84648202778706,8.0
16842,60697.3918168954,924.8458992423755,112.0,131.52320612526913,8.0
16843,39939.41731099607,23317.455564865584,133.0,115.11290079404775,8.0
16844,52305.52779065027,44033.20735533737,153.0,112.41298037026145,8.0
16845,43607.779360643646,15247.675879301914,43.0,120.83991025524645,8.0
16846,29605.782833124827,5742.7569470304525,121.0,118.40594930902117,8.0
16847,30892.549647014668,4854.744667985543,25.0,120.9600320674323,8.0
16848,55589.25723032011,4719.093053950761,126.0,129.62171525779334,8.0
16849,45327.99591248786,19424.07824852324,271.0,127.44194338787892,8.0
16850,45895.1833231337,2400.8631961251517,130.0,126.45720765358627,8.0
16851,15836.20860822393,14184.815256092901,66.0,112.44773305695232,8.0
16852,31482.571988443608,13893.745608771178,-10.0,116.79149335689992,8.0
16853,28239.836201517064,736.5935144778589,112.0,115.83497000948213,8.0
16854,22789.34493685903,4682.897916160914,225.0,111.69674432275188,8.0
16855,14559.576686371169,924.8745283626067,275.0,126.80374300398535,8.0
16856,4788.6136620668685,4119.68327280521,-45.0,91.56721664178258,8.0
16857,35934.03791294085,1742.3458912649662,220.0,119.38827971892283,8.0
16858,27464.557740805907,1183.626866960559,74.0,120.22268105154791,8.0
16859,31784.84294119504,1183.148410410235,147.0,126.99646932991448,8.0
16860,41022.25697934863,2870.1290452597336,45.0,121.38369279217521,8.0
16861,50610.05544772392,1992.352434979679,122.0,128.03344520796225,8.0
16862,16793.76106077878,924.9911101265087,19.0,105.12923458791236,8.0
16863,41030.735367362286,15208.46362315156,47.0,118.31337074185763,8.0
16864,25861.32014399228,10971.519992384834,53.0,116.89427517967462,8.0
16865,38036.77774916902,924.7491702485943,7.0,118.73981460829388,8.0
16866,31662.51054379127,1850.0087751223684,92.0,120.85989041435522,8.0
16867,29704.53336131216,2391.753153400912,45.0,122.25277037503126,8.0
16868,44294.066539461106,4314.5634739476845,76.0,113.7618871095747,8.0
16869,36668.86596160884,6890.056319029292,198.0,124.6814642937068,8.0
16870,35389.282466637764,2368.102333718508,137.0,129.5050079009064,8.0
16871,25325.315261011845,5241.930786948256,126.0,117.71629024397433,8.0
16872,39542.7276931397,19152.679609909766,71.0,121.13792394260689,8.0
16873,41108.78343152416,1738.3069438227087,3.0,115.56023044028427,8.0
16874,31461.490032057074,23395.618038285775,56.0,118.1441613660167,8.0
16875,35936.32985145027,16434.137348783206,140.0,119.31506693874871,8.0
16876,29491.733525589923,28793.128953234747,-327.0,107.16610715557825,8.0
16877,44971.156438969985,1184.326331825492,7.0,121.89610686848033,8.0
16878,52708.1316434598,3541.230505107459,25.0,119.83707861378053,8.0
16879,47009.84341564234,1989.4723566162784,64.0,129.28721800235417,8.0
16880,26263.764095757862,5223.045964995647,215.0,122.6398974903732,8.0
16881,31396.767342041894,2870.3523045819124,37.0,114.18186544395543,8.0
16882,30761.347534700053,22482.7754415242,153.0,119.06504272389897,8.0
16883,41943.288619715735,924.869119871727,48.0,128.1855626867594,8.0
16884,28459.682002346603,2871.12551909794,178.0,123.84387630512809,8.0
16885,60443.05049173437,40066.95497009638,88.0,119.98416851978803,8.0
16886,18779.93133785191,924.9976859103807,104.0,123.04081284556733,8.0
16887,28823.0892010554,1849.7991519414848,204.0,127.1317643475046,8.0
16888,33586.99606750605,16451.303168027804,163.0,109.6412670347435,8.0
16889,41199.53396963723,736.8867237388467,213.0,134.05432829663704,8.0
16890,20791.49405315972,735.4735267815515,13.0,115.64943207495624,8.0
16891,8619.593612587518,7840.161018042833,-112.0,92.63340819898751,8.0
16892,21589.58680075702,1849.9800657025623,84.0,116.84569080025382,8.0
16893,30995.4313039536,9965.670339710163,117.0,107.71687709914167,8.0
16894,49765.22862700245,1179.9524590696803,79.0,138.74793335029483,8.0
16895,44635.4360668543,11398.032425547088,95.0,116.2861404852813,8.0
16896,34556.35568607622,2392.556002582104,18.0,118.94917469691083,8.0
16897,58564.23670250189,732.213649373998,24.0,133.24054290007788,8.0
16898,42338.193229370954,4605.116280989246,114.0,121.55358985313964,8.0
16899,14471.984347114301,3086.548657725263,56.0,103.39902591281971,8.0
16900,16859.00236644724,925.0279950181764,23.0,113.08742257454387,8.0
16901,13951.90175290243,2774.7184271876436,37.0,98.98957159877368,8.0
16902,35376.052060248,736.5611193849537,42.0,119.16652973684988,8.0
16903,15378.423309224949,5126.62678520045,437.0,125.07621680546941,8.0
16904,43537.45570729441,2888.7624234454206,46.0,116.46367432517675,8.0
16905,38112.601026774195,26020.20208449452,183.0,116.76425579489032,8.0
16906,46701.32264082126,738.9126578498973,81.0,127.20096569579768,8.0
16907,19876.472991092865,7579.561140006517,136.0,119.92508914124791,8.0
16908,47840.553100743426,1180.5394957155127,218.0,123.68249302039915,8.0
16909,44229.36256766129,42490.64763489259,-105.0,120.31074616489124,8.0
16910,56770.642635209406,54801.955706769244,-130.0,109.59378887407748,8.0
16911,31455.263107432223,6655.846295149038,50.0,116.18664310425403,8.0
16912,37585.79780300485,2947.1463347752933,95.0,115.90637245169796,8.0
16913,63373.5676865964,3539.233608105168,63.0,130.6979903308672,8.0
16914,21643.57620066903,1183.2893478629524,19.0,106.83093646185975,8.0
16915,36477.65746950021,734.844282009485,27.0,130.29898665045675,8.0
16916,38585.5523846308,26288.387186635995,173.0,125.86606593789105,8.0
16917,31086.423970112584,8269.574128367676,350.0,128.3906936114911,8.0
16918,51780.057038464955,8061.132532896117,59.0,117.86544255865991,8.0
16919,46620.842925180594,924.951085018384,22.0,116.94736586577517,8.0
16920,51600.18568941475,1992.107080816753,37.0,129.89523035776364,8.0
16921,23896.750393401147,1183.010446089212,15.0,112.9200381336004,8.0
16922,16861.411412557,3549.052640616859,348.0,125.72940174623571,8.0
16923,12558.438054484926,4420.5795481384075,69.0,97.83051290606615,8.0
16924,44171.62582055705,3092.063822849093,77.0,121.467261460511,8.0
16925,33325.86574897862,734.1396182823197,16.0,118.65777508146529,8.0
16926,47782.35665790069,26446.725809114985,104.0,130.18154834791153,8.0
16927,24058.681949908918,6951.914754271098,85.0,106.17767385902611,8.0
16928,48619.332828713195,5119.740791072511,0.0,126.35490939361415,8.0
16929,43144.20758088336,29416.66119862009,113.0,115.22510294257702,8.0
16930,45245.61590440155,8614.440987814065,41.0,122.8928018223705,8.0
16931,53240.27877528041,31955.468418950342,42.0,112.83664242792298,8.0
16932,35771.84987432855,23685.05530143744,183.0,108.87330483212587,8.0
16933,57406.9908516907,47163.54471933126,204.0,125.50364658156438,8.0
16934,61058.40882533395,2359.3140174031487,101.0,118.97146279491602,8.0
16935,47835.129649181355,2360.4675028687802,145.0,127.10404832615714,8.0
16936,48929.76876604808,42274.06813974032,-104.0,115.77236936607501,8.0
16937,47252.14426737165,2389.7668059566868,178.0,128.495953660451,8.0
16938,55529.67240523969,11592.080085021693,330.0,130.77820867448077,8.0
16939,55418.763020876395,5230.372515505038,173.0,124.65543540775239,8.0
16940,61853.35760917871,4717.398284006934,417.0,135.56149110286393,8.0
16941,28728.46446117505,11786.246045791477,186.0,106.54800121742306,8.0
16942,29896.52567173123,13049.273364687799,45.0,117.78805330961659,8.0
16943,16874.820962693033,4310.922221479948,285.0,123.25245295747654,8.0
16944,24795.43716582662,12113.429401583006,32.0,118.00613306181981,8.0
16945,49255.159211000115,2388.3897346641047,99.0,119.15888195290535,8.0
16946,40689.26157898072,1474.004860329836,223.0,131.42318185345988,8.0
16947,38249.35727418122,16420.265556209128,167.0,113.76886216032403,8.0
16948,14849.64268006602,10355.940770722278,5.0,110.82444253001397,8.0
16949,49011.236840185265,32224.880830370126,409.0,113.56625951999735,8.0
16950,30743.974441771545,13032.600776462856,320.0,124.79947804370752,8.0
16951,37763.90302226024,3090.8946738887776,210.0,119.88483129232229,8.0
16952,57496.646577122454,925.0726553553184,210.0,136.17103181695114,8.0
16953,21387.649269890528,924.9111389086845,211.0,127.31642260221557,8.0
16954,45476.54739507942,1181.0431609065704,265.0,148.29889368488392,8.0
16955,25391.694526847376,13864.566924642577,81.0,114.49319386261607,8.0
16956,56730.42976657752,2370.11083219341,177.0,132.97845641298804,8.0
16957,48226.57309666059,21195.839639306952,160.0,128.83284675147934,8.0
16958,24178.46676463272,11949.010941822,75.0,106.64304953420195,8.0
16959,19769.907322120784,5860.192187037632,-42.0,106.03637893943926,8.0
16960,57025.016994965714,732.2808936340997,223.0,138.48463450270185,8.0
16961,32896.51949710733,20798.869301549734,183.0,115.0901579161889,8.0
16962,20400.673116340793,3792.795252944465,39.0,111.03440088224772,8.0
16963,29829.644678131204,29102.286729122454,-362.0,104.98358335641971,8.0
16964,55901.24915874716,29944.122139390318,88.0,115.58808951969513,8.0
16965,22634.529765686053,4682.985698149111,231.0,101.07416939962289,8.0
16966,49135.659258590786,1733.334802748169,115.0,127.5076333062538,8.0
16967,26240.837668206543,9253.389682730636,519.0,128.8582473767319,8.0
16968,27617.157265362406,924.9229521377481,24.0,115.56987434412756,8.0
16969,49996.242840231345,924.9491422856698,24.0,121.86473372827024,8.0
16970,20262.709083207894,2883.8377939986713,218.0,122.65268702399248,8.0
16971,32110.93010538013,2361.8735125850926,18.0,114.12980576010675,8.0
16972,7436.003198689848,3699.695200844408,-46.0,96.68727456268506,8.0
16973,58781.97821106444,5900.087803198646,40.0,126.10212242774692,8.0
16974,48872.427956082334,36075.62801523598,87.0,118.92195786298186,8.0
16975,44615.92445740967,1850.0132847305192,244.0,131.91069835984564,8.0
16976,35529.74966772209,1180.0696699409011,40.0,133.5265833738824,8.0
16977,37278.69234644788,30620.202712702634,80.0,111.07323862337905,8.0
16978,54886.298832357636,11196.334410736059,115.0,121.65038818549286,8.0
16979,26158.23663700985,2871.1055625027584,50.0,114.80199874969708,8.0
16980,14533.28511417568,9965.97809232276,61.0,100.43511689310635,8.0
16981,11316.716452422119,1849.7918270260689,-3.0,104.13798466080608,8.0
16982,51751.65077087738,925.175112210177,23.0,125.84912777259956,8.0
16983,57279.31489002278,1992.1614537697508,142.0,129.61302463932654,8.0
16984,29294.236163716272,1735.7265709504563,86.0,119.82012243019446,8.0
16985,37135.05594589389,2870.1414258274617,63.0,117.68084560902706,8.0
16986,42902.4733410105,29606.046250436208,-339.0,111.11359035693252,8.0
16987,30743.964011844066,1849.7854575200329,86.0,113.74100379201549,8.0
16988,8617.737168946698,924.882370161793,43.0,107.28658791972002,8.0
16989,41842.426945102896,15811.903395080519,105.0,119.17284886750573,8.0
16990,24149.084599485104,5598.239878320167,326.0,125.289680604876,8.0
16991,60103.07304980332,13821.267603459102,45.0,123.59114978571937,8.0
16992,27525.637807475123,8311.968534114812,186.0,120.10838285069272,8.0
16993,52973.27951422183,41288.72464248311,183.0,112.00176936151408,8.0
16994,21588.75295585304,924.9983478942354,54.0,119.06195134795654,8.0
16995,22476.026642553563,14197.449612196475,100.0,115.86541336836771,8.0
16996,48042.88319734991,23701.092758452425,139.0,113.8897629865445,8.0
16997,38818.393633554384,17422.40769719752,217.0,124.91337980485875,8.0
16998,32661.901895233772,10648.518842793797,474.0,129.00946731055294,8.0
16999,51743.8974057276,25460.278621439607,79.0,112.15943860848152,8.0
17000,28680.037221663875,1992.196775183917,22.0,109.07755689905558,8.0
17001,14923.756722003773,1991.269228061368,57.0,111.17241445335287,8.0
17002,24270.25133452532,13463.808742383859,105.0,104.53782332543675,8.0
17003,5973.595496219153,3982.2073009759592,-9.0,93.17100982460246,8.0
17004,38407.23082879512,9958.738625125123,380.0,119.80296352037362,8.0
17005,14871.91269049312,1849.9210749135068,22.0,108.24223679779813,8.0
17006,18539.398279689907,5767.812458242553,155.0,109.4966010752615,8.0
17007,54191.23703449846,38942.213685645795,360.0,116.07322421979546,8.0
17008,53891.65703030188,6516.046715623671,109.0,120.373516134298,8.0
17009,39967.4242345155,734.2884680149174,185.0,133.35725462945035,8.0
17010,46655.745330429214,36851.67377018019,-270.0,111.70548412121816,8.0
17011,52302.57775178102,2361.435443676619,48.0,123.25140921490326,8.0
17012,53735.42287054687,1184.4284248754395,147.0,131.00504041633948,8.0
17013,64938.79974388801,1179.454420341075,182.0,134.8950157904377,8.0
17014,32871.57306430717,11122.968193388953,117.0,121.05426724031481,8.0
17015,53585.1964166836,1180.778157594034,39.0,123.45686712656506,8.0
17016,68418.65836019523,741.1621574709701,15.0,119.74131723251548,8.0
17017,55663.31610601739,49004.37570605637,76.0,115.92783723763755,8.0
17018,56329.12241165219,3137.524772111862,85.0,118.68365153344511,8.0
17019,51376.464230371574,38684.765972915564,32.0,124.19565336916557,8.0
17020,45470.306581999626,1180.5576775172467,138.0,129.92160055779817,8.0
17021,15250.870254740115,13463.405324746489,-63.0,101.72732446823593,8.0
17022,57603.9280206677,925.1060724971468,13.0,125.88696042634412,8.0
17023,10442.444865152574,1182.512167642547,0.0,99.77751417826038,8.0
17024,48856.18297556782,34755.093633108874,163.0,118.94957854886654,8.0
17025,52782.62191198665,6906.069587716349,196.0,136.76196603791576,8.0
17026,53661.02709099373,35544.269701622165,144.0,113.47363344648468,8.0
17027,43262.132465267096,24229.071161853222,60.0,121.89922830083644,8.0
17028,46587.36771297875,32219.792918349365,-5.0,117.01608884219877,8.0
17029,29976.860392757586,10473.502563674663,176.0,105.75977594098063,8.0
17030,44058.39971300364,924.7399773310133,74.0,127.64555889405032,8.0
17031,52562.94933936746,924.9986895908206,46.0,122.48574758921531,8.0
17032,50243.56390125761,2869.9678582940955,110.0,128.9272158854391,8.0
17033,42321.13391028222,24701.15614459411,64.0,117.65426563885184,8.0
17034,50877.166021331344,2388.3745059660178,356.0,128.5438728663812,8.0
17035,67756.89040520483,27980.639995478723,61.0,119.51247573080974,8.0
17036,29415.37135896037,21829.614163498023,156.0,112.58250596196326,8.0
17037,50763.58930842197,19598.265499518897,95.0,115.16421254396074,8.0
17038,35821.09774150459,16135.734920244606,77.0,108.0037750149104,8.0
17039,16280.657932729135,1182.3069004973518,23.0,122.18274754678794,8.0
17040,38679.84514815149,10815.822262866091,64.0,112.58199503862801,8.0
17041,33814.05267730334,14048.528377571956,8.0,112.05425149247046,8.0
17042,20197.708770225945,10254.82509432785,15.0,109.72620168173512,8.0
17043,36108.1363581266,2207.423040964571,70.0,119.24321751218982,8.0
17044,55462.30905066825,14216.218653767062,76.0,110.7493969303368,8.0
17045,28711.060409410096,3699.90603965911,63.0,113.25819204698843,8.0
17046,54240.033523143546,35204.82950727828,60.0,123.82170179033368,8.0
17047,41855.616979673214,4520.9825447117255,125.0,112.87583719059188,8.0
17048,64119.167055389276,739.9881263704825,183.0,138.25477549650267,8.0
17049,33633.70406317144,4794.474530252904,116.0,115.23351699472235,8.0
17050,24758.404693158594,1183.9385120583686,80.0,126.21652737838363,8.0
17051,58149.83074868962,3539.3380355920604,102.0,132.79430247300624,8.0
17052,42148.46261145059,4683.356122271082,67.0,117.21450698872148,8.0
17053,56581.98918207185,925.154469303104,40.0,122.34790398646231,8.0
17054,43681.57056071231,736.0659186437341,48.0,134.3555943118174,8.0
17055,22513.082690680094,5742.126339433363,433.0,107.46266472698544,8.0
17056,38781.57432670776,2871.83470790429,13.0,114.22209629228178,8.0
17057,48904.69097358059,24453.408919428988,187.0,115.64620010644191,8.0
17058,31881.985262230002,1181.6128943091499,60.0,131.52924547172802,8.0
17059,6693.6586617403245,2946.2690620707526,1.0,94.79158081896362,8.0
17060,48658.76412741148,31869.55534791366,279.0,111.65539848425874,8.0
17061,16856.349829712937,15444.344790714807,-69.0,102.90895396264942,8.0
17062,48744.086665287534,739.4498783442594,23.0,130.68727111673152,8.0
17063,15739.640026866042,8561.88182851505,53.0,103.46158881571361,8.0
17064,36382.63507601435,3473.1667517595533,60.0,123.25005076245635,8.0
17065,54593.49511974709,21325.123670566925,121.0,114.04831879063866,8.0
17066,54819.18971549638,12538.717043515087,78.0,115.87499071401116,8.0
17067,10364.129979471334,1181.5851287636544,45.0,114.10270368533598,8.0
17068,34292.826377170546,9278.293496976436,210.0,123.53866093111864,8.0
17069,11483.312220464537,10592.083187364298,-2.0,101.87307860205965,8.0
17070,43106.18520228565,19595.647111951945,240.0,125.91934770677717,8.0
17071,47805.72253810459,733.9949748730887,27.0,119.62199497090255,8.0
17072,48668.86756911664,31385.43790114435,-83.0,119.34937348676445,8.0
17073,23859.22698017173,925.0093980222509,182.0,133.68571148384626,8.0
17074,41440.64414299666,1181.5552653176958,36.0,120.12438032828742,8.0
17075,28977.179816955813,924.8656871175546,88.0,123.08589615822257,8.0
17076,30016.81784340929,17923.259368020335,183.0,113.98229407155979,8.0
17077,17818.74206675174,9365.834322153152,346.0,123.17193307165981,8.0
17078,32807.16707614256,2877.105236627527,14.0,112.58744590003096,8.0
17079,43629.80477339463,26594.05106842481,113.0,115.1195769159919,8.0
17080,15740.776047892912,14816.965938298672,-92.0,100.05787040096831,8.0
17081,14817.338635457914,925.0186352981078,10.0,112.1959276544643,8.0
17082,16713.67076272889,15792.609474728379,-92.0,100.20346466353658,8.0
17083,25881.953341488734,7843.085966109839,78.0,111.5639519202911,8.0
17084,46298.14527243396,8356.76249397155,41.0,112.74940701635151,8.0
17085,7963.969602225924,5124.973600372541,5.0,101.82582986112986,8.0
17086,18818.988692283077,6172.2840156312905,44.0,105.99834762688553,8.0
17087,36674.06067101072,1989.807788834552,119.0,108.37772628657291,8.0
17088,33755.0393697298,1181.1565382595245,45.0,111.92779412740661,8.0
17089,51274.86349284525,4035.6593314661914,256.0,132.8819291233852,8.0
17090,25908.0747516095,2774.7022959283827,23.0,110.06758974984443,8.0
17091,38030.99730683051,17266.510025809228,-25.0,108.77128597957544,8.0
17092,52063.82542089858,42109.34079440128,423.0,131.96669945507205,8.0
17093,50920.4247055543,12970.443209438918,181.0,119.44061236774827,8.0
17094,41223.17889809799,3138.579317737831,28.0,115.16238524168283,8.0
17095,32405.29614661289,14725.317609928377,45.0,113.72336971011191,8.0
17096,20640.025777225535,9259.367363612062,-50.0,105.10468788740002,8.0
17097,33169.08177725867,27292.92084083452,24.0,103.51196049537707,8.0
17098,26734.646799118844,8613.672837810318,139.0,106.91947755121738,8.0
17099,27604.697114678336,1181.144980246773,66.0,119.06099888591189,8.0
17100,50089.410107778946,925.0014997323724,24.0,124.77548274507946,8.0
17101,37520.14205734569,12118.844256354514,331.0,127.36293111747418,8.0
17102,64030.64715978198,47936.868061349334,1.0,131.1905466347717,8.0
17103,32868.60912607047,737.5899516050523,80.0,124.93071193027464,8.0
17104,45124.581513340636,2360.9666464535962,18.0,120.57418787552264,8.0
17105,46641.359061845964,1849.778681252023,106.0,129.12252691731874,8.0
17106,36223.6204991016,27674.085922532096,-345.0,115.61590647607792,8.0
17107,41122.69848164015,3772.9752244908886,30.0,116.46399938661328,8.0
17108,31106.51972969819,1736.6523772662529,3.0,109.14694255684309,8.0
17109,33090.68572131325,1990.5259259345316,134.0,119.03056957057416,8.0
17110,53322.04941200354,6669.213712390469,172.0,131.44522074262537,8.0
17111,32521.424938315078,4725.044232487624,28.0,116.25967911032494,8.0
17112,39024.956831273405,31666.431463721125,68.0,114.38408425115259,8.0
17113,44643.18107973894,22313.132110889892,459.0,129.66314374424007,8.0
17114,38136.25806922781,27943.074420280318,116.0,115.13357664886989,8.0
17115,53470.20636004883,4850.779123536306,108.0,128.19341305713377,8.0
17116,25474.175116199698,4733.824588190817,38.0,107.93974674994793,8.0
17117,16862.160164546716,10202.77499878786,64.0,105.99678032911213,8.0
17118,26250.83800259293,8611.202063834144,99.0,105.67981372553713,8.0
17119,50507.00617959912,29000.11379019532,139.0,115.93033054181289,8.0
17120,51521.05852889623,739.9314468812322,29.0,120.34206575616652,8.0
17121,47826.2114024407,10352.428619346712,96.0,118.7203035615454,8.0
17122,23893.785249672066,15831.66366266628,58.0,115.82662525134518,8.0
17123,56406.52796152339,14238.640389972436,55.0,118.70328462957204,8.0
17124,43794.29358167108,2367.397227004763,140.0,124.1693228015163,8.0
17125,6881.853328186175,5237.2923181721135,63.0,105.787930438178,8.0
17126,33366.84790686662,4682.470322906744,119.0,125.45198642272376,8.0
17127,47799.284400810204,21523.497058261248,96.0,109.70512989839119,8.0
17128,23200.611137746433,6663.362336615568,44.0,115.48472236099501,8.0
17129,19606.881669417766,15562.18284251073,28.0,105.96982437968339,8.0
17130,25396.60172341453,3085.130715753429,148.0,120.89644967360941,8.0
17131,34211.222246259626,10823.649569271118,215.0,127.3149044480082,8.0
17132,65963.35507199554,924.7973154041888,22.0,130.5990954953193,8.0
17133,30762.767633698855,12244.279817997585,132.0,120.99008853859986,8.0
17134,46882.828443346414,38604.76234723897,153.0,111.37933662488541,8.0
17135,29090.47365233319,13382.402143740313,176.0,111.76409130855046,8.0
17136,34569.484528588175,10255.948722808302,231.0,126.98064413373305,8.0
17137,20709.924912952993,9621.601171965931,16.0,108.01834505799441,8.0
17138,20654.71259115988,3800.071773112365,66.0,108.94177446051265,8.0
17139,33066.49524440261,3142.9039786161825,260.0,128.14933115710193,8.0
17140,41546.187966933845,29457.254150296485,183.0,110.52802875305933,8.0
17141,34420.24040667516,15792.78095157305,118.0,110.61652866669759,8.0
17142,54638.52391816025,33296.22753316593,281.0,114.81056024822406,8.0
17143,52446.383434548196,3470.4599525901194,124.0,125.16824174110161,8.0
17144,49807.101739516176,1849.916896450485,63.0,134.77874502176297,8.0
17145,56505.582114116434,924.7058595742886,50.0,127.64146977143128,8.0
17146,30565.17004431636,9832.611967320998,209.0,116.83089507390815,8.0
17147,50314.04450843175,38622.71425143156,183.0,112.83429663373687,8.0
17148,52470.45458946615,2359.8968497120068,346.0,135.43115302349162,8.0
17149,46502.49070550276,5470.316151225357,273.0,128.76670270105757,8.0
17150,25162.29501734468,4517.892340187387,10.0,108.61728409640544,8.0
17151,27293.927863172183,14500.04315935967,87.0,115.1011239444036,8.0
17152,31692.668206739443,14669.811089979186,183.0,118.61651482207307,8.0
17153,36791.43101846982,2396.8946932779554,85.0,123.46530609317075,8.0
17154,36525.26072341412,28257.92714265534,153.0,107.07080712677522,8.0
17155,40020.07872447983,6910.556847230912,182.0,130.93376423055224,8.0
17156,55784.60118969322,924.7177107558732,95.0,129.76229304352796,8.0
17157,38173.02711653585,3980.7364679971824,93.0,119.6873134037693,8.0
17158,40032.40913737841,8882.321534071118,220.0,113.54704622796106,8.0
17159,16906.548640553265,15169.70506409179,7.0,104.1670221639706,8.0
17160,39714.607332724365,10593.826779510013,193.0,116.92306664444925,8.0
17161,19987.082765729476,1183.5767913536533,66.0,121.584245705353,8.0
17162,54650.57080630169,12046.889040706486,143.0,116.79631820614742,8.0
17163,43553.23366283291,4420.615876876832,232.0,123.86013739441323,8.0
17164,29436.92546790377,12818.275197036524,104.0,109.501392120454,8.0
17165,20380.50658721851,10971.103367790605,75.0,120.01708630259716,8.0
17166,45069.33692276613,5472.621384077691,174.0,108.44167894934255,8.0
17167,53828.0119899379,14872.015946995907,357.0,116.91385521907856,8.0
17168,41849.41246737038,1992.048300082233,116.0,127.9827403313268,8.0
17169,34673.03098822721,15445.547783479227,-34.0,118.84677113515687,8.0
17170,48187.95140733256,1850.0464421731945,57.0,123.03440011681779,8.0
17171,50488.11983164906,7436.22325562379,66.0,123.05627260046595,8.0
17172,42162.58600714136,1180.5974901024622,46.0,128.45800112633248,8.0
17173,28465.232021409254,7599.585690910762,51.0,112.96322708479612,8.0
17174,48991.53035632067,12571.125276688614,11.0,120.98661580246858,8.0
17175,31352.825028585245,10596.905783712155,111.0,110.24606152680767,8.0
17176,57449.80803918284,925.1653110783195,110.0,130.58384160699927,8.0
17177,21272.968132481932,9249.032645559,121.0,116.48202080899537,8.0
17178,58383.8259649352,8257.653225617478,63.0,124.02855158191832,8.0
17179,36326.57149103453,1183.3716539008242,152.0,128.3683491473319,8.0
17180,34216.960163758435,18551.85080969425,150.0,125.79435595842838,8.0
17181,31616.074866973242,2396.6470967095092,261.0,112.73280185605302,8.0
17182,41869.75934333193,24851.663249610545,183.0,121.62197287216893,8.0
17183,15908.601747478575,4517.027235141389,5.0,104.59373904454871,8.0
17184,19206.84363943493,3139.9812838789207,240.0,121.68905656225857,8.0
17185,25146.177186048746,7436.021599121321,265.0,102.74292741368474,8.0
17186,54252.766823401,37354.0720331021,34.0,117.51424281271122,8.0
17187,38935.79604769779,20821.09129703861,46.0,116.14207651782633,8.0
17188,53547.185512910866,12068.869447154006,139.0,133.96558056679825,8.0
17189,13739.462301267073,7091.983749720519,68.0,99.6762098018714,8.0
17190,40872.49074749555,6691.971167352259,329.0,128.7209142879874,8.0
17191,30348.212746750785,1181.6357747007962,16.0,117.77975909174381,8.0
17192,32752.899334298374,2883.281673259756,195.0,120.76300316301776,8.0
17193,38123.05042336677,6946.618563093816,61.0,119.84297409196085,8.0
17194,38231.86035067722,30161.64736197978,-323.0,106.473142107089,8.0
17195,52083.31257496352,5743.768254592619,31.0,124.5955238809296,8.0
17196,27819.551517776523,736.6881387741868,9.0,112.35937165549274,8.0
17197,42173.68148115147,30238.932034078476,-6.0,115.30597999744722,8.0
17198,30143.22524347426,22577.408593095155,18.0,106.11107380213798,8.0
17199,46338.76648664156,924.9382908829962,20.0,114.88209123642761,8.0
17200,42791.89506800079,1179.9211193257397,33.0,130.2038927758304,8.0
17201,58030.08028535192,925.0903196855444,29.0,125.30440705138932,8.0
17202,60706.13809864817,925.0986288870612,148.0,133.82987781606218,8.0
17203,46589.35446424489,44913.385195171584,-4.0,121.23326656359988,8.0
17204,37972.00071080963,16435.03853278622,467.0,121.33387723723649,8.0
17205,26095.982249111898,5859.295108073742,70.0,117.62625491928844,8.0
17206,33723.64315181817,3142.6986773207973,147.0,117.56521971624011,8.0
17207,30603.060937348488,1849.8807037287515,39.0,117.0610961669895,8.0
17208,44515.941183110845,11993.220385833449,35.0,118.7940434820565,8.0
17209,61481.2375623466,3539.757458092979,52.0,124.64012607451991,8.0
17210,37659.74431424235,17825.900395175813,113.0,120.72552471325287,8.0
17211,43605.86502573589,925.0188977388925,14.0,117.15915446204528,8.0
17212,56954.9536144791,50299.30546026256,80.0,116.92455867913225,8.0
17213,28830.21034586954,11698.640616424467,78.0,110.30632045232728,8.0
17214,17360.342677043827,924.8812221205745,3.0,108.34648995063858,8.0
17215,50086.44028517047,8066.453374279568,129.0,122.09857099229836,8.0
17216,12696.347403653746,737.8566308538138,115.0,119.51854611477356,8.0
17217,32894.601580984454,737.7765733293913,32.0,116.61998926970995,8.0
17218,42181.48277292342,27429.19904331968,84.0,114.41931583587497,8.0
17219,28038.104033397154,8231.551954660925,8.0,113.1188026718214,8.0
17220,52439.16187663737,7474.456721088399,446.0,133.35753199209762,8.0
17221,40899.54346116464,6696.389402560369,345.0,129.75719231298928,8.0
17222,44152.594544013395,9948.302206116196,191.0,129.59465322663536,8.0
17223,15792.5488318851,2774.8279505170385,47.0,112.88322613513131,8.0
17224,32851.648006959855,3793.4988439996378,39.0,119.3571397486487,8.0
17225,28229.816897789282,12345.786257995753,70.0,117.25728861934775,8.0
17226,51480.94184063588,2869.6736878241104,165.0,134.9271802870507,8.0
17227,41529.33912770489,1738.349317777396,34.0,120.54173450373091,8.0
17228,37356.43844831606,924.9353757608847,19.0,123.43321235980216,8.0
17229,38434.834467184904,18039.403957413953,71.0,120.89765286128264,8.0
17230,55142.86641011602,42352.120610682774,87.0,119.98213141282022,8.0
17231,32339.10045408936,738.2256220236942,99.0,126.1539413997049,8.0
17232,37567.64013977571,2877.149314239259,77.0,119.71851094230357,8.0
17233,39435.16007039151,22601.06383510751,99.0,121.11488415049797,8.0
17234,9257.311448295677,3085.208332489131,25.0,99.3952513167136,8.0
17235,14181.032160611112,2363.089848311125,14.0,113.50141340428675,8.0
17236,40137.2682243758,2211.837549466559,81.0,120.29412161177972,8.0
17237,58827.435928574865,16365.16745258277,63.0,116.90326452456183,8.0
17238,17711.953758232346,925.0358891715622,53.0,114.55006296935265,8.0
17239,29434.2876828911,9023.69400350333,233.0,117.83283942349948,8.0
17240,51018.521974490635,1181.1169177220143,155.0,131.16665982199683,8.0
17241,27606.205103888526,924.875661743144,46.0,118.20110870910051,8.0
17242,30042.136118383954,924.9087058467184,120.0,122.6895077947174,8.0
17243,47362.39400790503,5922.049961310524,53.0,111.49323299153355,8.0
17244,39772.31204643366,924.927064857055,41.0,119.92581408826995,8.0
17245,51682.3280494534,924.7556008594563,10.0,129.78721863811683,8.0
17246,35258.40604052378,2361.471051751704,15.0,115.31343383091534,8.0
17247,17391.8608839027,3479.2632501905505,15.0,115.208479761868,8.0
17248,49528.12242414428,8835.48382216288,95.0,118.38130946589939,8.0
17249,43473.04140341842,1850.0070384424844,176.0,129.22119812508083,8.0
17250,49151.98338971925,734.0831969368263,116.0,140.1132894096565,8.0
17251,50221.910921505994,37427.82349627743,87.0,119.85082463037544,8.0
17252,39033.53662244651,27952.667793000113,22.0,111.91611758769308,8.0
17253,63426.25422377056,46403.50943803821,183.0,125.1569894281784,8.0
17254,51765.6823246735,35768.51226277481,232.0,117.80601873367502,8.0
17255,55374.44640410415,29434.651986455367,139.0,123.99813287788643,8.0
17256,22591.44830885757,18002.77741004632,67.0,106.64239364316248,8.0
17257,38386.59085482654,1737.5471445299959,26.0,126.08354944430167,8.0
17258,17634.936417345874,15792.328255327033,-263.0,99.60534470731879,8.0
17259,21149.280519680367,3543.773056078682,20.0,110.56524300071221,8.0
17260,45547.96477586518,1180.9821066951783,52.0,135.44296261163439,8.0
17261,29960.896811806895,25918.942058619825,-41.0,107.97731885765427,8.0
17262,45272.13839427987,3979.604674426008,18.0,119.84908962339138,8.0
17263,57768.771209381885,17078.87005522006,95.0,119.60694233272744,8.0
17264,42734.191466500604,17248.769940614464,159.0,116.15610839097697,8.0
17265,35737.49867663961,5740.8469160987215,39.0,111.26026870175983,8.0
17266,18132.757564430543,16430.861627670787,47.0,114.25417562805924,8.0
17267,32582.002764905475,737.0866392398065,72.0,123.53142153485146,8.0
17268,12225.34865131497,924.8505582647333,148.0,120.43981963583306,8.0
17269,44474.630511039875,29444.551120298824,87.0,117.31683906696271,8.0
17270,44851.98916448289,9244.38678923833,325.0,129.77926882999415,8.0
17271,42009.0444603197,3090.9698290745755,90.0,121.65010905311107,8.0
17272,12567.786307225051,2365.5421783790525,449.0,125.9474316583387,8.0
17273,27986.890743750322,20631.264484447674,65.0,111.93131055347885,8.0
17274,31776.489582452683,19086.81730664376,32.0,118.84665168395553,8.0
17275,48185.59770783563,4624.448815964195,103.0,123.2431883942724,8.0
17276,14549.837960747953,4311.069995401087,172.0,117.04261200722013,8.0
17277,54054.8148223562,38179.534605823545,168.0,118.62611509519608,8.0
17278,20873.017001334258,12786.871093831243,62.0,114.72685864079988,8.0
17279,54535.52957257373,3771.3867298721693,207.0,123.36133072822342,8.0
17280,23885.675347038148,15268.793761949119,-3.0,113.80641587001985,8.0
17281,43192.936850535414,1473.3492400880825,60.0,118.61257412535777,8.0
17282,29797.78607985084,1991.6979858377738,48.0,125.66322027250763,8.0
17283,48012.857922937364,737.7497894147357,97.0,128.72947482353325,8.0
17284,24434.92986919058,7589.445158867602,146.0,109.85164774296396,8.0
17285,43836.067170534065,2399.23934795275,61.0,120.76447934195582,8.0
17286,32568.18492345912,27102.768295117214,-20.0,107.54799771994232,8.0
17287,31760.17538808347,924.8357719736094,72.0,136.43289810646502,8.0
17288,34722.00311632959,736.8131450827376,-2.0,111.65954708033435,8.0
17289,25328.56185125388,3472.8500121633274,42.0,109.09147526634287,8.0
17290,33560.3273733391,15251.891035366429,228.0,126.65114170892596,8.0
17291,35372.11572712613,14732.699997381338,180.0,105.20901988234345,8.0
17292,46760.95839871158,1179.4025815114992,35.0,126.25181322012648,8.0
17293,54687.760429300164,733.5487543696245,51.0,125.14145364949292,8.0
17294,60799.87454179468,5130.332159399752,91.0,131.2507371941702,8.0
17295,17763.731433035915,12549.219356554515,27.0,113.58528904613294,8.0
17296,45416.47668296229,1849.8053613213249,71.0,120.35972957065559,8.0
17297,35154.02829542198,23134.155591638442,92.0,109.43597900702774,8.0
17298,34200.1815667558,7441.346142553328,300.0,127.015337333123,8.0
17299,23160.08433633174,11409.654285293598,219.0,123.1302531832007,8.0
17300,67140.62090261879,4717.398284006934,417.0,136.2394686623271,8.0
17301,36681.27745621938,28402.710298064972,153.0,120.34830941175125,8.0
17302,40863.2346780325,1849.9972585454234,98.0,123.50465954371319,8.0
17303,19046.95698424848,738.1702957264811,67.0,118.52570783425492,8.0
17304,58706.24684018617,19423.773070317267,44.0,124.03742680079247,8.0
17305,51318.6835367138,2886.3949616541645,153.0,127.75550554303051,8.0
17306,4309.226161466135,1990.968046227511,11.0,93.10318174343058,8.0
17307,39235.01967224492,17911.400096103138,461.0,130.45117057147777,8.0
17308,28481.232105630355,6169.911810039169,123.0,108.6111042785949,8.0
17309,24170.09392339346,6279.724470128434,126.0,119.53353293437219,8.0
17310,33202.66966149044,18123.616194748825,33.0,112.70921298768012,8.0
17311,51311.063850554434,49342.79974961456,-16.0,112.99940951480266,8.0
17312,9808.87454609642,4048.437195315562,25.0,97.49260179741002,8.0
17313,53254.110635352816,40244.99501232364,217.0,130.75151772591516,8.0
17314,64149.872146856076,23464.020139867946,63.0,121.66741079028715,8.0
17315,53870.09784286619,35914.2447605371,316.0,111.58712469296972,8.0
17316,39945.54441717726,20704.69306088831,181.0,107.98101276900712,8.0
17317,44655.79745068391,29616.880165967093,87.0,118.84575660262438,8.0
17318,62685.966659094745,1179.4099717147546,29.0,121.08158721911654,8.0
17319,32456.659795842625,17416.77311125326,87.0,113.74103032285127,8.0
17320,52293.476158622776,30253.24677280885,-386.0,115.29758030355727,8.0
17321,28208.295142084495,10593.729865840833,64.0,114.10385031077543,8.0
17322,67598.62066309189,2370.4627672421766,65.0,131.10336499568243,8.0
17323,35710.052283712226,734.1425779147502,91.0,139.7531059956462,8.0
17324,39832.208760553534,4624.387678309455,89.0,120.08262617394986,8.0
17325,6474.317466420596,5549.44301832136,-110.0,90.55358083272306,8.0
17326,30174.98926550667,736.7635831493213,28.0,111.97216401330917,8.0
17327,37986.692250450935,925.0448495381127,38.0,125.19024774817382,8.0
17328,52385.48364335364,33600.625814190345,187.0,117.21606587564746,8.0
17329,45359.64571499374,41351.28244972977,-13.0,113.24039554192973,8.0
17330,48367.161677485325,1184.4353643697964,9.0,121.80001684956005,8.0
17331,38716.259586260414,1737.0511019388327,109.0,142.42369204782995,8.0
17332,31577.229395627593,13460.46176198912,69.0,112.84877598133154,8.0
17333,38639.23027287735,31050.788858282678,-151.0,111.5807048653984,8.0
17334,37720.83777184322,1180.329109560477,15.0,113.70032607753704,8.0
17335,52880.30473099736,5475.372749049936,82.0,115.76414394281781,8.0
17336,42857.23104472109,1849.9615296913896,31.0,123.08006338147723,8.0
17337,51840.35642538598,16663.732213097588,75.0,119.80388237829835,8.0
17338,29825.49446090418,2871.17535632559,53.0,120.01991445749434,8.0
17339,39925.469862620266,6690.512275073309,454.0,131.39164739182286,8.0
17340,48981.844213869415,47246.242091211774,-69.0,121.4100849196456,8.0
17341,32223.632386557827,13686.5801629083,136.0,112.88787662612947,8.0
17342,8643.580256533554,1182.745065025592,23.0,98.6800648021227,8.0
17343,41545.53521172945,9031.897278492524,341.0,129.19223453545584,8.0
17344,54512.97056387231,12581.612792901451,81.0,123.43012857347284,8.0
17345,39020.28024879648,2877.8451131851075,401.0,119.83321150822609,8.0
17346,43941.532183121686,17867.981527906457,36.0,119.5574182218383,8.0
17347,15015.6800571376,10968.468459322132,28.0,104.05186650069528,8.0
17348,22180.723319108227,924.8653378684179,91.0,122.20864819894736,8.0
17349,63922.62926050984,2359.8852972561476,104.0,126.76083849283008,8.0
17350,22775.21795247392,1472.3250223035927,238.0,126.98285713044356,8.0
17351,63527.38454370078,42770.59180032619,109.0,119.01858654552832,8.0
17352,12361.366455829284,5216.593063082407,191.0,116.4000668600961,8.0
17353,40185.74218390762,4851.485330832785,228.0,127.91532528543385,8.0
17354,39351.61168078648,9430.146434604623,342.0,127.98891831237533,8.0
17355,33762.61478534075,5742.957953391192,46.0,117.69877453829277,8.0
17356,13682.528198909831,2870.9584495220142,65.0,109.73607451822781,8.0
17357,24504.63134678806,13684.64371228926,42.0,105.56926720636515,8.0
17358,39182.55739900795,2943.2636014112513,130.0,123.78244888267302,8.0
17359,51803.32051841031,924.9638819269718,18.0,124.12606806574593,8.0
17360,38066.27105451125,739.1185394787032,128.0,129.7940218587635,8.0
17361,47346.48609191937,45620.33590486718,-21.0,122.25877442089332,8.0
17362,43169.323393237566,6685.549485310129,161.0,111.32550722263942,8.0
17363,50356.367489142685,11035.896704338713,289.0,141.10263294129703,8.0
17364,36811.592763514505,11402.645533789862,396.0,128.3107551885729,8.0
17365,25939.130548687557,7435.771099325806,196.0,121.83183681870658,8.0
17366,28847.628148064057,11817.82418713747,77.0,112.56514358238013,8.0
17367,25022.110567948002,7110.288575698962,126.0,105.72096543236843,8.0
17368,46953.20052145896,3772.8143901921353,67.0,124.16893665473012,8.0
17369,28300.111465134945,19105.59191109905,235.0,127.92340835048878,8.0
17370,26383.250856234743,3086.5771309731863,11.0,114.34986154522478,8.0
17371,52422.99801196001,6516.0275199217995,340.0,131.0589298197892,8.0
17372,15370.699388011053,13006.87782070575,-61.0,101.27497605771931,8.0
17373,27813.210538114166,6339.09967093224,43.0,112.60337323657015,8.0
17374,34909.16188616405,18287.375101339298,133.0,110.60394193181685,8.0
17375,40704.49110984865,20203.895148750897,365.0,118.5188483831758,8.0
17376,23690.196135984435,4852.574715988094,40.0,113.71887243556358,8.0
17377,22045.84353720524,6919.447143055738,370.0,125.12911387140825,8.0
17378,31222.77019468708,2367.2031096960122,122.0,127.88507168230882,8.0
17379,35857.064607632565,7574.685201432355,126.0,129.86628211670083,8.0
17380,4624.555164351251,3699.663893674089,-12.0,89.66740950206469,8.0
17381,42777.602037455144,2207.1409310882937,305.0,132.74283923906617,8.0
17382,59308.49515997358,13340.296058606975,63.0,120.9595799285171,8.0
17383,9365.98071911112,1849.8855098452202,87.0,92.69589408765127,8.0
17384,34827.518937890374,6916.625672970433,25.0,114.7721409157388,8.0
17385,48030.84362782939,7585.468247704683,249.0,127.65872825881604,8.0
17386,65679.51197576578,4316.981995019372,27.0,119.00544529526687,8.0
17387,23066.93518627152,1740.851897054245,150.0,119.82106164571343,8.0
17388,38540.39783626441,5957.318807795143,22.0,122.33753440139881,8.0
17389,40902.65894819159,6638.559104938984,220.0,128.20201095182995,8.0
17390,14976.344931422238,735.4938231379082,16.0,113.50110191356994,8.0
17391,47540.55595829866,13276.987924946368,135.0,128.86326876631557,8.0
17392,53566.487839618814,2367.562323404134,98.0,138.6885122142387,8.0
17393,61872.685614499605,1989.5467957991748,222.0,133.7343023149699,8.0
17394,15023.145928200438,5847.89708056304,546.0,126.45389673664636,8.0
17395,59628.89759286352,2369.5479170331055,129.0,131.06638901911379,8.0
17396,36654.49808393542,15638.570434352589,33.0,114.6450438251311,8.0
17397,24228.022167849616,8356.922048289623,172.0,119.07627683597916,8.0
17398,46583.741902279835,3094.7942819745685,195.0,128.114847884535,8.0
17399,53692.391402048495,12970.357235482983,265.0,126.88962005433018,8.0
17400,51014.327427368014,4037.712531388586,265.0,131.50624802199832,8.0
17401,43103.533406262584,7430.805348525706,45.0,113.02945119612009,8.0
17402,39150.51023812073,6334.163823750778,212.0,125.50385141008206,8.0
17403,53342.13576819802,37465.953797519076,182.0,118.60383764442543,8.0
17404,34810.95183732679,1734.9821977188487,173.0,139.83389274473183,8.0
17405,54229.59439724324,11550.63417658709,260.0,121.04805483502014,8.0
17406,3981.934189567813,1181.7825968295663,78.0,99.05016438311652,8.0
17407,37800.9052522316,17410.58626155251,71.0,120.75712761261303,8.0
17408,41732.313307054246,734.9445284234149,-2.0,119.6015557542582,8.0
17409,40905.03384897059,22786.757453569036,32.0,115.12371235068827,8.0
17410,35707.5407844526,3980.905759854832,64.0,119.4348810831415,8.0
17411,38551.86296667371,5205.003934472919,241.0,125.531472571406,8.0
17412,18505.567989194038,3681.7661180682903,191.0,119.87028575006318,8.0
17413,19204.625765871442,1183.124200140021,130.0,103.11587555131089,8.0
17414,62723.50569090034,3145.459301993124,124.0,131.427601388885,8.0
17415,27103.524925131962,1183.4602390718458,117.0,123.16950649562538,8.0
17416,17435.449790361854,11291.404850555822,23.0,107.2080934348378,8.0
17417,19548.923568478123,924.9874669636037,120.0,121.64697066204853,8.0
17418,14759.856722218718,736.900692437931,69.0,116.28215472702891,8.0
17419,57563.06329133631,14875.135519494645,538.0,133.21813869394438,8.0
17420,57915.31048194599,10179.870544353726,345.0,123.69965124806772,8.0
17421,43519.78453311679,924.8838733374176,34.0,135.72519995671917,8.0
17422,36881.23969400032,16935.088264601483,133.0,120.54914242745961,8.0
17423,46602.56872277129,2400.4055217133437,102.0,121.6359274057882,8.0
17424,42224.91281716364,5842.021048335258,173.0,126.49539711413345,8.0
17425,47011.259301233884,1183.3925251356277,103.0,125.65549758724316,8.0
17426,35829.789300013144,924.8809157986447,17.0,118.45439095721667,8.0
17427,27402.288233740735,1180.8020330310849,12.0,109.86798984619861,8.0
17428,41728.22413081047,734.7601578684339,18.0,126.51827039403831,8.0
17429,12688.387644318807,736.4753363580114,82.0,116.98053305795234,8.0
17430,51594.280859669576,739.6062096301295,170.0,135.67423173146202,8.0
17431,48657.09885239144,4735.766325025912,183.0,127.18413943874384,8.0
17432,61245.48484813207,2359.400538812888,85.0,132.6220009793405,8.0
17433,39361.256919550615,17539.314759896573,70.0,117.86568833273395,8.0
17434,29016.351570758903,9107.00337259064,111.0,110.44650968616038,8.0
17435,40861.743227045066,3772.7013301943025,20.0,115.67115552676019,8.0
17436,40263.58874330589,1183.61207701889,200.0,149.563584463285,8.0
17437,15878.141929176756,8453.477530350883,64.0,109.63399803636196,8.0
17438,9973.299981330118,2394.3767319794433,74.0,97.71011836750591,8.0
17439,13744.906079563985,924.9548665301544,166.0,123.13760706486022,8.0
17440,60544.97434103792,37731.5279578813,364.0,133.49163770674534,8.0
17441,47797.19025833854,739.5248925589004,70.0,132.38758441632586,8.0
17442,46268.60615305364,8323.91945541191,53.0,120.61692117258643,8.0
17443,42147.852448479716,2869.787200450542,119.0,139.2710178261394,8.0
17444,49526.52006219399,12383.192099310207,52.0,121.17169456463013,8.0
17445,32765.994000699517,15918.010885168647,71.0,115.20782177378804,8.0
17446,53110.408720625484,11478.938048697199,266.0,120.22871528897433,8.0
17447,42034.88112007835,734.082505743828,23.0,117.4989748716318,8.0
17448,45789.51840297868,925.0523589470356,38.0,120.79755156705974,8.0
17449,11386.597430520547,6879.817032702283,9.0,104.82074327929013,8.0
17450,47393.56201261401,14399.244979239094,57.0,118.22984956145734,8.0
17451,6509.909985369192,1182.047996669283,66.0,101.69685229595629,8.0
17452,33701.21819281102,13332.62239822582,70.0,111.29482755373411,8.0
17453,9619.457533102137,5237.950445925235,11.0,107.1324001146659,8.0
17454,54749.72441547816,15792.647979139014,63.0,122.2740393608375,8.0
17455,48116.60332099568,12969.122811357121,141.0,119.42677770363268,8.0
17456,19697.416741207377,6392.2024433993065,320.0,123.44564579603804,8.0
17457,57057.753089840204,21905.25393015486,79.0,123.27850027272346,8.0
17458,36256.35874942607,10451.976722376075,47.0,122.0265906173799,8.0
17459,23881.252798457495,925.0847686775356,10.0,108.46396532148214,8.0
17460,22104.11203746191,4417.389592079912,39.0,109.28159584538005,8.0
17461,31396.589594356723,924.9460984377431,82.0,122.47078432901272,8.0
17462,16954.771149812947,11079.90455876556,225.0,119.6628820142025,8.0
17463,40336.18941875711,736.5691044890232,89.0,136.99456963618516,8.0
17464,11482.471926199547,1990.4179469899234,45.0,109.91749148807195,8.0
17465,29295.050331654442,1740.8525548263904,152.0,124.6612473952331,8.0
17466,30529.934777570616,1180.489349430943,66.0,135.940544506474,8.0
17467,41104.290225243436,21577.529173302853,77.0,121.46569953079663,8.0
17468,12651.364858036897,9747.286914316692,11.0,105.57391358980385,8.0
17469,42890.63032938745,3684.5556240015226,357.0,132.06307787109574,8.0
17470,55063.59915386332,924.9328286918534,55.0,131.26656096023015,8.0
17471,12293.322074459329,11821.543188084555,-274.0,94.48897933675474,8.0
17472,49104.947301265034,7850.838524616685,76.0,108.66279322385097,8.0
17473,37024.77557848338,1849.642572535628,59.0,123.09602836112828,8.0
17474,53252.28237779906,34467.98690953372,187.0,117.29246074965623,8.0
17475,32870.022539184734,20766.139436431073,183.0,115.07820368522181,8.0
17476,23134.90184442198,11099.260441491506,-49.0,104.3414127397412,8.0
17477,50109.28081593204,2875.5620233771015,192.0,139.21098863103896,8.0
17478,28119.673421882642,1180.9516205249,298.0,131.52564823271547,8.0
17479,57340.603590336956,4721.117453769823,129.0,115.97152166103126,8.0
17480,31703.24002091136,2360.8378247331475,70.0,132.2142332969607,8.0
17481,54469.205240524374,924.7190478922575,59.0,137.95245771594008,8.0
17482,19500.354361617297,9026.942295226596,92.0,115.9633985414682,8.0
17483,44483.35931329169,4053.2352954552116,302.0,130.58773408023308,8.0
17484,45641.90022073335,733.3840565713774,122.0,131.55789033480187,8.0
17485,38802.91249064908,1184.433310308791,18.0,127.11661817054178,8.0
17486,55608.2603392187,2367.993661945105,35.0,118.83809464358778,8.0
17487,42274.51114904269,14636.64705221512,25.0,119.50084934968794,8.0
17488,44192.6624946372,38715.918229086215,59.0,112.06849645871742,8.0
17489,45378.11305873987,738.0305260011216,65.0,125.20047584978026,8.0
17490,45413.95812478916,1850.0577166595488,22.0,120.39946648484961,8.0
17491,17632.02322826807,8622.024118282292,62.0,106.04661178589491,8.0
17492,40543.49948454927,738.2115300312903,131.0,130.45561795935245,8.0
17493,27990.70504728373,19548.287679000205,351.0,126.00811634255561,8.0
17494,57083.51925657762,5922.468589112585,256.0,122.86884532211656,8.0
17495,14048.360071418512,4682.75592087875,-19.0,111.11771077211942,8.0
17496,50302.58644626879,1179.8072981169244,91.0,143.02994120659798,8.0
17497,33337.20940162149,9959.253127980828,213.0,128.79914870645396,8.0
17498,22339.53199814899,1181.6693045483248,53.0,117.45955364324728,8.0
17499,50635.223189251206,37631.58732595274,306.0,130.7667002713798,8.0
17500,38908.83140534724,3699.5569689672348,128.0,122.8254820618367,8.0
17501,28758.245748354755,925.0505363784642,18.0,125.91792865927493,8.0
17502,36018.27253392994,734.7503890572432,22.0,119.361594802627,8.0
17503,38271.602713701075,1849.7330919131277,38.0,119.74021258041262,8.0
17504,53452.07228757553,13134.2034509695,531.0,132.7434256422893,8.0
17505,44429.175577544556,28855.920865123164,42.0,108.89654093221014,8.0
17506,22501.165191601143,14962.559272133076,-59.0,100.96175976751485,8.0
17507,38972.18279744984,17146.39950725573,168.0,113.15132067066023,8.0
17508,28582.971662474592,21923.93152422927,43.0,111.29595828871176,8.0
17509,23311.393761686697,3800.168710784127,184.0,121.36590603720967,8.0
17510,58313.086671341145,1179.2489384557568,277.0,143.55310236859705,8.0
17511,45837.449288501804,3145.2313777023905,42.0,123.51678933496258,8.0
17512,38667.23323069475,36945.30991265621,-27.0,119.46301727990075,8.0
17513,12555.157034236296,737.0433144864767,59.0,112.88845684305224,8.0
17514,25306.334628237273,3549.8507998862815,137.0,125.89722838334811,8.0
17515,30565.42791830581,18469.88557828376,183.0,107.01405301898288,8.0
17516,51145.32871131685,8609.29948920925,218.0,121.51795551694231,8.0
17517,16148.683451203546,924.8964522162182,60.0,114.575154192765,8.0
17518,50078.62127547061,6329.469515185477,50.0,114.12173776230364,8.0
17519,47928.62277431893,1735.4853825242128,51.0,117.85075980529685,8.0
17520,36973.53098297678,924.992394039687,6.0,120.96838387160273,8.0
17521,58036.0635444458,18061.20862697425,76.0,119.05809597157533,8.0
17522,67448.28313592455,3137.013257020059,63.0,131.51279110937222,8.0
17523,23267.811995166623,2393.6051879252805,39.0,115.57762969450535,8.0
17524,46201.65712254362,1989.980210460495,121.0,125.96350573386277,8.0
17525,59096.72522644876,1989.7496305644336,15.0,126.1613944614244,8.0
17526,25460.79972524806,3795.724139718237,38.0,116.72222407847687,8.0
17527,24376.02815756467,8886.564775264525,181.0,105.24153843752424,8.0
17528,43048.15739684499,3551.016796326957,248.0,129.26740066698102,8.0
17529,41049.77901076472,8313.324675467486,173.0,124.41504412371731,8.0
17530,38840.149498528415,1180.707833414835,12.0,112.86609443113035,8.0
17531,63726.00786106967,41709.81317650774,232.0,117.348569566039,8.0
17532,41703.323481149906,924.7879305546008,65.0,123.26011266885625,8.0
17533,36435.845371837546,14676.811099745522,88.0,110.45277274885372,8.0
17534,14354.190612155873,13462.4135692182,-111.0,102.15029479470793,8.0
17535,15926.016245179999,1181.2044037329024,77.0,115.35971169595203,8.0
17536,27121.76154155429,7453.562475592482,24.0,109.48630635341482,8.0
17537,35958.08805860186,738.3641604363384,160.0,130.5203326670736,8.0
17538,54889.478610353915,3980.0830547647843,72.0,121.07683605960838,8.0
17539,39049.3221363304,24261.47780921969,70.0,112.8053884280556,8.0
17540,51791.174910688365,3468.676940910279,398.0,140.18823728014166,8.0
17541,38606.158016832174,1989.9289894985945,23.0,113.13136382805313,8.0
17542,41400.59016178604,1183.4623935180748,86.0,124.56075795223065,8.0
17543,42181.54285984232,2388.241224305375,295.0,132.68513558215454,8.0
17544,36623.85099181933,2392.5027354016306,182.0,126.70287302791724,8.0
17545,50938.72761729483,1179.6956789461856,41.0,129.56221113865902,8.0
17546,56581.64654770401,9946.587023661428,172.0,140.43298795588106,8.0
17547,47748.19044309808,1180.3647580015195,14.0,118.915467953247,8.0
17548,38307.111130257195,3801.1948755037015,42.0,113.32962322512041,8.0
17549,40426.45265802262,738.6294479952569,65.0,126.3368309460399,8.0
17550,45880.88537530387,1471.274468699349,44.0,116.20785899716991,8.0
17551,45230.07226528181,2871.455021283779,79.0,122.26657407766514,8.0
17552,16968.399359387065,14762.314475016403,-26.0,108.42429984476948,8.0
17553,42011.34357568479,33336.26081956532,-251.0,127.15370188563443,8.0
17554,51814.942120261265,7398.800493484264,84.0,116.16819954361534,8.0
17555,22246.835452313466,4624.698105079193,7.0,109.20713131560446,8.0
17556,47221.55396997511,924.9329956498465,75.0,129.53835499963012,8.0
17557,7864.868458984914,3085.020275583227,6.0,95.18626488871313,8.0
17558,30261.244164852178,4312.147670673232,83.0,116.6358264011948,8.0
17559,43125.12838319185,6652.315559939675,197.0,126.15593591146575,8.0
17560,25612.48858880944,19764.51133664024,-4.0,112.21191317935055,8.0
17561,58821.95901366152,52160.64753061678,80.0,116.40243443154766,8.0
17562,26984.10462757703,9278.504022524457,338.0,108.56870605150736,8.0
17563,42160.76802863882,25723.28359172499,73.0,114.4064203227875,8.0
17564,25371.916341895554,1990.2223498287449,54.0,114.4730297928316,8.0
17565,51508.43662036216,11195.574191611558,499.0,132.5280393993656,8.0
17566,27631.362772461554,3772.552164475186,123.0,115.28308579335034,8.0
17567,13390.666165208037,1182.52214112067,49.0,110.56592303565677,8.0
17568,44586.44736005572,1737.3330164252732,76.0,118.88004186952062,8.0
17569,54022.297258889856,925.1715871184638,49.0,130.3203829735382,8.0
17570,51426.26302428341,2368.4914386813157,9.0,126.4592699603702,8.0
17571,29679.847613467617,19479.16587793526,204.0,107.0961357896616,8.0
17572,55224.38890190832,5746.864107894365,432.0,127.80486978610077,8.0
17573,38298.70920805025,4128.759411536894,251.0,127.72596123816285,8.0
17574,28766.26391031741,11313.009555511067,109.0,111.16887092090818,8.0
17575,49691.94596555543,1182.9343482999057,53.0,125.06040246053756,8.0
17576,41100.687145423784,735.0869636471725,178.0,132.46789678415354,8.0
17577,52558.719622857374,5210.209759974505,62.0,122.52510149512592,8.0
17578,28163.10476134432,26430.454242344156,2.0,108.94486785604161,8.0
17579,12145.624199844942,1182.7348630986942,19.0,109.18468877985197,8.0
17580,33339.10339562612,12815.301843744866,70.0,111.43244905828116,8.0
17581,23044.49590372918,1737.0687565803432,6.0,115.50462537630699,8.0
17582,6639.677261668116,5741.492161531222,12.0,97.49568841826508,8.0
17583,53840.86227932611,1179.5801168439118,30.0,115.4059824945013,8.0
17584,49718.08754828229,1183.983579614314,33.0,128.54247012012706,8.0
17585,31711.86828575617,5769.428710383083,139.0,119.87722861056298,8.0
17586,13461.513825419155,924.9873055283034,118.0,119.60036307954752,8.0
17587,54255.06218947656,12115.255195142256,512.0,118.35589989442855,8.0
17588,60882.1597432875,8772.332057085268,52.0,124.80724571510831,8.0
17589,37541.162911040046,4052.753059640139,221.0,120.54306922194836,8.0
17590,31000.094126960004,10356.86415326683,112.0,112.51243072441525,8.0
17591,38501.20127648174,16858.855311031053,157.0,116.9346663604412,8.0
17592,16917.456430288537,1739.2122317497222,27.0,118.96622370804921,8.0
17593,30180.19709259124,4607.153063352425,16.0,116.15578488734727,8.0
17594,41092.84931211146,15072.837590231617,29.0,111.62330560621214,8.0
17595,27183.58356227832,18907.468844728875,7.0,109.96742323891365,8.0
17596,31153.551427442282,14029.755025699504,17.0,119.63553969287852,8.0
17597,65387.739046239876,57110.14280569108,153.0,112.63553045253131,8.0
17598,8264.839084220204,5972.979674640349,15.0,100.32638808827186,8.0
17599,45477.222579162895,43545.65764658431,-131.0,110.87017317358531,8.0
17600,45359.67878210274,25415.32009374063,133.0,122.30089783840887,8.0
17601,22482.64115707847,1182.8962763277632,157.0,128.6851062637116,8.0
17602,15714.462779546086,9751.53105094078,0.0,107.29907781456055,8.0
17603,21725.975782243622,1990.5239018852187,258.0,122.89073394945375,8.0
17604,19768.92691481222,4682.75592087875,-19.0,109.19309598312566,8.0
17605,18257.19434232289,1737.603638204116,78.0,115.479159368331,8.0
17606,27406.37792427401,737.1856107066332,14.0,112.53379638035727,8.0
17607,36870.432999117955,5122.615569586953,73.0,117.98411569810622,8.0
17608,60535.92112825629,10259.088185841214,136.0,119.5039756569135,8.0
17609,43475.75157263319,6474.065254481154,155.0,123.77488991405738,8.0
17610,49614.31765745638,39037.428036510406,292.0,129.35598458164384,8.0
17611,35912.04230294193,27464.257913671267,350.0,127.805987223604,8.0
17612,38873.43153203247,4624.387678309455,89.0,121.75678923711433,8.0
17613,37013.02417023773,17772.557455648217,181.0,107.06674004227493,8.0
17614,65433.96785018259,2360.265581655469,131.0,128.7416078421169,8.0
17615,53515.42952434208,5203.1358851724,371.0,133.65738005619417,8.0
17616,37819.58484359677,17055.416404428004,398.0,130.06092265221005,8.0
17617,20956.60143347187,5965.972965344567,21.0,108.29588543581099,8.0
17618,50326.21454759475,34235.916934775574,415.0,131.28177915239397,8.0
17619,43571.85082519627,4624.897260480799,174.0,127.58835955524906,8.0
17620,57745.97579826375,2888.727473715918,278.0,133.4213277145414,8.0
17621,33635.493583478354,734.3241276999073,64.0,122.47427128999385,8.0
17622,16059.911825733849,924.8771461274765,45.0,116.74010093772438,8.0
17623,15070.42765507064,1181.1677289964773,22.0,104.9639485285332,8.0
17624,46834.02390972446,7724.740424177466,46.0,112.05427591420673,8.0
17625,29519.579945569763,13865.911081559052,219.0,125.36854188330193,8.0
17626,59401.38822715266,1746.1961198253,118.0,133.23325084756047,8.0
17627,17703.421104348716,9620.712199859014,-21.0,102.93956609902826,8.0
17628,61895.55010330029,1989.863980750223,2.0,126.29371991637116,8.0
17629,50296.740938185234,13746.041682201281,55.0,115.0356633494101,8.0
17630,45939.086780344056,36433.570537228734,354.0,129.01520858653427,8.0
17631,41932.93598772538,31744.15046709476,116.0,115.47998128885956,8.0
17632,52786.506642839806,8773.275084029927,33.0,125.65520202644345,8.0
17633,52289.28888473249,35266.23941955888,183.0,123.50967781985185,8.0
17634,26025.412744068344,16564.4668344695,53.0,112.33085873219082,8.0
17635,28098.519006636987,9366.495637636468,187.0,115.01255528947874,8.0
17636,41854.39248888006,2871.278984324019,44.0,123.41395608459672,8.0
17637,27063.88403100596,4785.126154870456,7.0,114.60052435391461,8.0
17638,21986.409124973976,924.9619865125422,7.0,112.71827984230532,8.0
17639,28705.3724046116,3771.7483517136175,18.0,122.67318177381148,8.0
17640,8356.899041523237,7436.060771696983,10.0,99.38477627270575,8.0
17641,17284.489896702482,736.2077185030274,29.0,111.30839852268487,8.0
17642,38569.95457314676,2390.9631625087486,526.0,115.18421834815297,8.0
17643,20401.442089443193,1849.8310110181326,173.0,122.95963855083082,8.0
17644,43401.07693440957,1180.628417556102,102.0,139.33284839757124,8.0
17645,41604.170416025394,20206.84960007315,-17.0,121.56627451336558,8.0
17646,16194.659170330255,737.2966571770191,170.0,125.79776203414639,8.0
17647,38303.985219403454,12834.153089523048,292.0,111.53880014020332,8.0
17648,40497.220739400735,33138.49495584273,68.0,114.52709734859654,8.0
17649,13378.98695781964,8150.82323373075,128.0,102.13168593417372,8.0
17650,28275.563203850204,9231.111554657786,310.0,113.79676003842383,8.0
17651,49039.67063853103,6384.476237978562,64.0,119.17505233265061,8.0
17652,61530.48269010424,6409.564075610466,302.0,131.62119765315973,8.0
17653,33929.632558332225,2209.1462999838013,308.0,130.84025042567612,8.0
17654,55194.759331548674,4855.595154312283,68.0,122.88332006322406,8.0
17655,27012.356419565276,924.8815543755939,83.0,122.23107129807646,8.0
17656,24188.43249381621,14969.687879892423,-121.0,114.88246284984059,8.0
17657,35154.1946958254,7399.05913743925,112.0,117.87918533590442,8.0
17658,59326.34219438912,740.7991179779406,26.0,129.4930499598862,8.0
17659,51818.6242133745,17589.859265460473,238.0,123.88017219341373,8.0
17660,32299.426242078316,1849.7547535513304,73.0,107.97117998067624,8.0
17661,51878.61998909575,10200.536913879327,67.0,118.4315844032315,8.0
17662,20519.62801058502,2870.4891818239066,-2.0,118.64333591764415,8.0
17663,35553.77797281201,1473.8887753180725,210.0,129.67762823684566,8.0
17664,63928.482444536894,24645.57582068054,44.0,122.05211824312653,8.0
17665,34314.1410086265,20858.12445476486,209.0,126.11656410035935,8.0
17666,29386.663431484598,9026.041431602302,162.0,121.71731450681884,8.0
17667,39136.869546873364,924.854392992699,62.0,124.12842737212077,8.0
17668,40365.253054567365,737.1359647914039,94.0,125.72509438341041,8.0
17669,38197.34696143611,3093.1316480186265,64.0,124.92737351260453,8.0
17670,43315.37534255977,18600.488725697305,79.0,119.7137870865677,8.0
17671,6346.028922657892,2394.9179533907954,21.0,96.95453343723122,8.0
17672,63150.67933106904,1179.576162922114,216.0,145.7803648071559,8.0
17673,44089.575818686964,3772.0744751325483,50.0,116.96739115177839,8.0
17674,48367.8391520005,12803.184521876463,171.0,126.62729001016716,8.0
17675,54351.93631301655,1989.6674470089183,219.0,132.31304362413874,8.0
17676,47524.2628027247,5130.303008992602,65.0,119.84078317366213,8.0
17677,31502.247244468388,9278.700754487352,44.0,111.43677594678778,8.0
17678,28014.457196426163,6638.666900372627,246.0,124.04641067902217,8.0
17679,50385.818086637046,31758.356114397506,130.0,114.95910030139653,8.0
17680,9425.74720728602,8620.032725607593,-389.0,91.93409898328817,8.0
17681,37870.76247895832,3771.955712789453,48.0,115.62890910854932,8.0
17682,39490.73243275648,1181.3805954298882,15.0,120.07834333713481,8.0
17683,26271.566209749442,9365.546732778828,117.0,104.04634171215734,8.0
17684,33968.71204311694,10816.245620947502,33.0,112.738440602985,8.0
17685,29744.008267680278,11123.4373961267,161.0,112.61102662405867,8.0
17686,39948.055951613125,733.7902130786413,49.0,136.89898933456138,8.0
17687,24177.51075511472,2877.6609837068067,407.0,129.57370981486602,8.0
17688,39429.44576532395,4051.846758578409,44.0,120.54776618758055,8.0
17689,46401.58878499792,2871.278984324019,44.0,113.41674709299728,8.0
17690,36341.013570514144,15877.38320152415,38.0,120.23630653524145,8.0
17691,25442.910702837857,13842.169047677897,19.0,111.10614727330794,8.0
17692,38940.90131496436,30503.60004714502,233.0,127.79995781630696,8.0
17693,22340.646946842648,924.9476358670694,78.0,119.70464789837739,8.0
17694,41788.242718333124,24951.71156742417,99.0,121.605463862845,8.0
17695,17049.808401955863,15088.234955103897,-260.0,104.96393749543405,8.0
17696,28728.06791244375,7108.8351376701885,102.0,121.64481062941601,8.0
17697,29833.63590103117,2362.1752354353102,20.0,117.12848489497007,8.0
17698,38428.83335436622,924.7550095552267,75.0,127.39296816889899,8.0
17699,21422.3192664269,735.5534217892872,53.0,124.34425199214124,8.0
17700,49041.54696852477,924.8227077175916,23.0,121.8430522274324,8.0
17701,41519.314419311704,8654.392207326384,57.0,116.24740847027338,8.0
17702,40386.448084809934,1474.4658868335223,27.0,121.31655447317313,8.0
17703,26093.3326907413,737.8292735534139,4.0,113.92726580130144,8.0
17704,8453.490822065241,7544.473055042032,2.0,99.26964683695923,8.0
17705,47221.201730786845,3699.409962426626,54.0,120.40905282707944,8.0
17706,34429.944605380886,13087.922542672364,374.0,120.2795865841176,8.0
17707,33202.79765146586,15090.840096963033,117.0,112.14815557118388,8.0
17708,38760.9585511533,1989.8972979083069,186.0,128.2732995432054,8.0
17709,14995.149184081545,6696.197181963526,110.0,101.61493327281288,8.0
17710,30665.5789782377,2391.2560467095536,137.0,122.87288682344865,8.0
17711,56205.41865341373,49552.93243571863,80.0,116.86067485068695,8.0
17712,66764.2647752557,58486.36675917195,131.0,112.66446997389352,8.0
17713,26284.024894320944,924.8578868286179,80.0,134.06051225977984,8.0
17714,54902.42056995344,41894.71726691232,167.0,130.7756721938403,8.0
17715,23741.771961379123,15651.440204595337,61.0,115.79744532649383,8.0
17716,23040.124304691417,924.9222156251915,127.0,125.33848654920907,8.0
17717,57949.01144616802,925.0914764362724,23.0,125.402520475047,8.0
17718,15817.873857134418,14084.296098250503,13.0,104.16064525703499,8.0
17719,38269.364287045646,9365.165713617243,206.0,125.07317446787803,8.0
17720,39022.81364577765,735.0794379159637,165.0,149.2521580955192,8.0
17721,30525.88381966841,28793.99101411083,52.0,117.84256230230592,8.0
17722,33480.18745298278,15032.095000264093,163.0,119.73369903279875,8.0
17723,37717.12231588394,924.8949283292924,28.0,132.61040242263556,8.0
17724,36409.58268909399,10956.755874942322,101.0,122.72495928554295,8.0
17725,26535.55783110129,5892.591344424855,180.0,120.57857446756731,8.0
17726,11394.25711712601,10681.45868429235,-43.0,96.73182346701992,8.0
17727,31286.326773160632,1474.077601760667,140.0,106.8316169044543,8.0
17728,35740.82375169487,16728.417875357904,84.0,120.2841350167802,8.0
17729,62754.50780650903,2369.4387162565304,285.0,135.21496372755377,8.0
17730,16866.27316064738,925.0578089891435,6.0,104.28882212294621,8.0
17731,9818.364084602506,5762.240579599438,-38.0,97.94678117954807,8.0
17732,10250.065226267396,9102.03912623517,2.0,101.29401362460824,8.0
17733,32354.45672884078,1735.6147118032743,102.0,118.6987896574669,8.0
17734,27803.475352463996,25858.833361144658,53.0,105.67741519584753,8.0
17735,39212.437913272595,19971.495910740043,181.0,107.76382006146399,8.0
17736,37461.274257091376,17817.320034902797,225.0,126.18165465252986,8.0
17737,29476.795235867376,27748.051559153715,-19.0,107.83886946536457,8.0
17738,40362.402882587434,5121.510393514423,180.0,131.64419986720927,8.0
17739,58656.02230892635,24458.510155303888,38.0,121.8978237160217,8.0
17740,53909.4545292601,924.7328148946772,45.0,134.6921732686448,8.0
17741,44620.73922885699,924.9439090301437,10.0,121.01286306655116,8.0
17742,42882.44304593912,924.9067875809968,55.0,123.43658239560783,8.0
17743,50170.92231212568,24239.670835830293,139.0,123.15765893919531,8.0
17744,40448.7262623552,24451.5531405641,216.0,112.60597834894068,8.0
17745,42286.15043753415,1475.478191094453,75.0,121.89339500149204,8.0
17746,43135.597457629236,1744.6521028207053,54.0,119.65412791910282,8.0
17747,42864.05297481209,3143.127315359835,114.0,118.42781516370249,8.0
17748,36655.42405684646,734.7841529961639,201.0,132.96039508702773,8.0
17749,29269.35377488307,1989.9607686768188,72.0,111.82800741522432,8.0
17750,34592.89785719956,18155.40148806743,73.0,112.23789418290536,8.0
17751,43840.81142318612,737.9072100348701,27.0,118.39353429742553,8.0
17752,41646.60790310086,16664.246139468527,196.0,111.66832325641076,8.0
17753,48550.43970758223,40104.07297480364,362.0,130.1725771530347,8.0
17754,44217.66581542928,3771.767779435345,58.0,118.0101629693099,8.0
17755,18006.174595118453,2879.401753753837,66.0,109.71360659031957,8.0
17756,25062.31542261977,1180.800915579733,120.0,140.03139230242553,8.0
17757,34008.09937532751,14033.107303685403,24.0,111.29984825170222,8.0
17758,45472.03330631845,2775.0077810063917,47.0,125.5997272327314,8.0
17759,41247.964786693825,11784.331106397856,335.0,128.0765512500438,8.0
17760,17573.962821758578,1849.9407971978774,64.0,114.14238664537967,8.0
17761,62878.450483608394,6650.039504457213,78.0,123.71170748083546,8.0
17762,56737.33179522151,15392.31140847433,95.0,125.41284640683374,8.0
17763,42573.32355896701,1849.9921638182302,59.0,125.94790058848065,8.0
17764,37264.21127635907,5975.282067748091,248.0,124.45289167011435,8.0
17765,53513.069574789646,34728.87350448059,187.0,115.65648401806195,8.0
17766,39508.02890340658,26501.416787948736,329.0,128.9338843215117,8.0
17767,25659.45233438417,6506.987598223479,141.0,120.50963708825309,8.0
17768,50512.1532132999,19408.302348084588,124.0,117.59490228859721,8.0
17769,10479.302515842512,2210.524101459987,82.0,110.62699708864247,8.0
17770,35348.37306414391,11485.536315809351,132.0,125.33690524236566,8.0
17771,34263.944099671826,13277.37464675408,334.0,118.10512377324388,8.0
17772,23507.349802625835,2362.735815488111,107.0,113.82555022320666,8.0
17773,31137.164321830118,24968.50953139441,-5.0,113.25512649055784,8.0
17774,46073.35281995812,1180.5137065216259,28.0,135.70463329638926,8.0
17775,54186.77818588254,4600.320491202663,79.0,115.99796610099192,8.0
17776,42601.070115542956,33140.13993927499,21.0,115.57180881096686,8.0
17777,14993.801189947286,10479.706927058574,8.0,111.44162312836005,8.0
17778,47821.84786136646,3144.4933000423553,42.0,118.0198871933043,8.0
17779,15574.118964661297,2883.5017226551095,123.0,110.55784493129607,8.0
17780,53202.33251398154,2871.4518979298614,88.0,126.54671721078171,8.0
17781,27636.26612297604,6335.727628393917,296.0,133.4208487219073,8.0
17782,43844.379955604665,22508.99959352907,37.0,121.27722726347471,8.0
17783,10626.348843303507,8900.109747043041,12.0,100.81963260862204,8.0
17784,42349.00736488844,1744.4054806466204,85.0,131.84553954501467,8.0
17785,47186.54822127909,1179.4350059755618,161.0,131.36018007020806,8.0
17786,39607.505828039066,1471.5553030180458,224.0,142.01810981094866,8.0
17787,33990.71536941599,2208.9002691052506,240.0,117.04540418319215,8.0
17788,23145.4181543784,1990.3629961111458,9.0,110.83735221902748,8.0
17789,37739.30556611794,6690.512287275562,346.0,108.4520305669466,8.0
17790,57423.22311200437,924.8702980357564,171.0,134.31914291421614,8.0
17791,17573.391873072487,5549.456382950243,129.0,99.38177747592812,8.0
17792,54972.46233504544,37260.78179415048,338.0,114.63055348023941,8.0
17793,49368.80485277839,45354.31845005759,-127.0,112.80078280840378,8.0
17794,38531.59410367386,36862.93283731434,13.0,119.6389550949928,8.0
17795,9583.582414033392,736.5812300394621,62.0,111.22789870146553,8.0
17796,33071.27560272697,7453.919284802795,193.0,126.61352101990099,8.0
17797,59053.01744000236,1179.6299789273492,20.0,122.67079718039545,8.0
17798,16768.9714175685,2393.3783719412063,95.0,114.97390529741111,8.0
17799,14496.637361383491,3545.6337357158695,58.0,109.24515358687523,8.0
17800,53558.49504803562,8672.672007140409,76.0,113.17782218268442,8.0
17801,40151.01043172856,5482.585677388352,205.0,125.14066999793127,8.0
17802,15378.377059950599,1991.370878475492,233.0,122.39226759630017,8.0
17803,19300.921237369406,17565.679202140465,63.0,114.93942463354361,8.0
17804,14224.888506502317,1182.016689453109,-1.0,105.60869193206976,8.0
17805,40592.48742530316,735.1679244385346,168.0,129.32498025221318,8.0
17806,46294.12169428444,2368.02396670456,183.0,128.84671508233154,8.0
17807,18417.525894011236,10313.979172984857,-7.0,107.03901308659292,8.0
17808,35934.66004424461,3090.882707101061,164.0,126.27963770293316,8.0
17809,49046.17105995434,4601.661395216957,547.0,124.17296586581914,8.0
17810,60190.865864199106,48582.73565507948,-65.0,130.74666972747258,8.0
17811,39420.02650096868,1473.970553287777,126.0,129.70602862961582,8.0
17812,35908.26146655448,1850.0504158003919,62.0,119.04744782191088,8.0
17813,15705.340360762775,7111.92638955915,14.0,110.5813095034294,8.0
17814,55019.42027801928,925.1612092692915,16.0,119.55622042727057,8.0
17815,43533.264602391515,1184.4549888012014,72.0,136.3867602902089,8.0
17816,21323.870766562974,2774.676141249714,273.0,125.33664752080001,8.0
17817,5484.325200553351,3547.8063806930104,-3.0,92.79615978286857,8.0
17818,44221.986704647,1992.4796791836488,32.0,113.95240198864268,8.0
17819,22312.69244493405,4512.10332536003,103.0,117.65626975606838,8.0
17820,50833.13527848885,38739.9468420799,183.0,119.89222863739492,8.0
17821,31741.530773867584,12702.783658556202,60.0,119.28534940829256,8.0
17822,36803.89247742077,15263.798171162498,6.0,115.19481692082186,8.0
17823,17011.288238088833,5907.469800699679,-21.0,117.84649408369312,8.0
17824,21499.444070756006,15655.951528746475,-10.0,109.84393855208087,8.0
17825,29688.676521277663,4112.713404827996,261.0,137.90284567762285,8.0
17826,47338.65600653568,4737.601630138355,22.0,122.36708967235823,8.0
17827,29999.271547769145,6839.078332497795,52.0,111.23743763120085,8.0
17828,32533.49964214787,2210.3880186074516,248.0,118.74643599019203,8.0
17829,51804.719789227376,7473.220833987156,544.0,134.86094325328986,8.0
17830,42019.33409373677,15718.706664533296,44.0,114.58251056618113,8.0
17831,28218.05869190713,13241.083983529797,22.0,113.03486696901668,8.0
17832,57941.62109311185,1180.059652820886,58.0,139.84889175205575,8.0
17833,53892.68000967614,15792.591018565887,228.0,120.94250086171681,8.0
17834,44224.57788900109,6499.704924701792,91.0,115.9361651079951,8.0
17835,23652.519357350367,7098.000978810492,69.0,116.5607403812436,8.0
17836,57652.962077897166,10411.299497307657,247.0,134.4125545554755,8.0
17837,38752.38801043545,20736.6148772059,-110.0,123.87651738211537,8.0
17838,30476.864526386697,11697.566153269154,164.0,119.493636189353,8.0
17839,42710.01043209638,35350.20415828635,68.0,114.33900844046407,8.0
17840,53295.04718034109,8615.454111426594,39.0,125.60370659819185,8.0
17841,39798.82251962195,18477.672863930733,37.0,120.34243646209183,8.0
17842,24193.11409570977,2362.959311763243,50.0,105.7037353699285,8.0
17843,50920.37748370411,1180.351427166741,5.0,132.49581380983741,8.0
17844,39270.64324458466,31852.90378767468,-141.0,122.39213763453813,8.0
17845,43615.942911736194,4683.430087382152,39.0,114.52368498992162,8.0
17846,21441.66815568548,1473.4035992745053,120.0,109.84649859085395,8.0
17847,30210.389255120834,4418.435978136008,24.0,116.68964907914543,8.0
17848,38459.5072322574,5235.816953720446,488.0,132.48969034447254,8.0
17849,43057.39518010464,15877.073351736755,230.0,109.9726782058526,8.0
17850,17899.63022037594,5765.744837325125,22.0,114.14342770291239,8.0
17851,49537.13000140241,739.4332535308571,85.0,130.39858244683776,8.0
17852,26006.098502280285,6178.072651601405,111.0,117.60423545463371,8.0
17853,35166.28427373661,9233.600174657726,139.0,120.14750551321197,8.0
17854,48658.26429833122,1181.0658535802766,52.0,121.96350480820134,8.0
17855,44596.42408319558,2876.1488915071436,26.0,118.44156541822926,8.0
17856,45987.57263452513,739.7321475088019,38.0,122.4176158666051,8.0
17857,57887.8118426174,47310.17686245704,262.0,130.4642589231559,8.0
17858,44298.48100306887,925.0557839946105,35.0,120.30215995388696,8.0
17859,41668.12908083981,9235.92206446447,137.0,118.09931108818239,8.0
17860,49952.34701677644,4624.897260480799,174.0,129.98669097171296,8.0
17861,34485.144344276814,2394.4439245070025,26.0,115.60174858364861,8.0
17862,49273.0300795965,1181.1756599864452,321.0,132.580881266658,8.0
17863,57723.34187703849,9824.075119828814,435.0,132.73323277575645,8.0
17864,45648.852488469805,733.6047268663415,10.0,121.3743878202406,8.0
17865,54914.398101304825,924.8105499134704,99.0,139.97827657370854,8.0
17866,56868.38863636464,5967.735259266318,241.0,136.87122430541177,8.0
17867,26456.113308926313,24467.676241767414,-72.0,103.49682493326723,8.0
17868,7869.521858776873,736.0121948082702,20.0,102.61844914907104,8.0
17869,25148.588660612215,16331.347398342346,74.0,105.6960473091114,8.0
17870,29365.44780882589,1736.061329947465,133.0,133.11974227370553,8.0
17871,43191.84910075415,32959.460435511806,129.0,122.60263840232041,8.0
17872,40354.26230481604,39807.95344807938,-464.0,108.79181417636438,8.0
17873,14743.45967237759,14045.972819835004,-61.0,101.23977249566806,8.0
17874,59582.5529212878,35682.99524533273,231.0,130.4524919335917,8.0
17875,28931.867687281687,11547.89974177827,117.0,117.45833229790976,8.0
17876,44089.46061755933,10280.151918810157,65.0,115.08416178916843,8.0
17877,37920.40554529221,924.9366483377198,52.0,123.81167334612198,8.0
17878,31002.624259838383,738.3312081558819,66.0,123.42893680243597,8.0
17879,49910.249920128874,1181.6236442794689,21.0,117.67265986904287,8.0
17880,42809.64936467217,1992.0204129029646,59.0,119.8409827622118,8.0
17881,59685.48995728159,732.1454563185041,49.0,126.09727759049372,8.0
17882,57508.508362946,2874.071923232297,36.0,123.3256746862429,8.0
17883,58576.76078854728,4037.5451088837067,6.0,122.16209976347496,8.0
17884,37560.11087288264,20955.64424428682,198.0,109.71351400748972,8.0
17885,59171.848973577304,46165.65165572847,99.0,119.73259502786392,8.0
17886,40640.2137616792,1471.5553030180458,224.0,140.71953764862644,8.0
17887,24116.749987277326,738.2590100040495,52.0,119.84017521050038,8.0
17888,9933.427539946288,5220.33068953633,15.0,100.27136972199081,8.0
17889,26256.831144012485,15446.650969850492,-12.0,108.60542170767592,8.0
17890,60709.170680676434,1179.3509359343122,112.0,128.36009905816692,8.0
17891,29999.441992776876,1990.3347913247312,153.0,126.06030385856269,8.0
17892,40410.04751270934,23982.984504951928,73.0,113.95634216575202,8.0
17893,37837.294509582425,3542.3590836844646,3.0,120.57106892243871,8.0
17894,50661.08539745548,8273.718200040885,65.0,121.40828560612083,8.0
17895,42604.48401550814,924.939971244905,74.0,124.28747816058225,8.0
17896,27165.82829182427,4050.2681490898126,209.0,110.50824712706151,8.0
17897,13462.853012413161,924.9542257788412,87.0,122.0059902086947,8.0
17898,16291.62816942574,2883.650782962098,13.0,109.32468937049231,8.0
17899,59541.802735269535,29941.40770233178,345.0,126.63127756004475,8.0
17900,14871.751008498177,1849.8477741439447,31.0,105.77254297062207,8.0
17901,50830.34259534944,2359.7487287555937,225.0,144.7482829421798,8.0
17902,37484.62498147712,32020.93093436663,44.0,110.46885457134915,8.0
17903,24689.437200747572,1991.482219704468,15.0,118.66160884275278,8.0
17904,52951.69502625228,25142.987792020784,-2.0,117.7138180091172,8.0
17905,54496.48206970729,8077.001573747273,56.0,122.84689356521123,8.0
17906,39663.89649913021,5478.20858244049,57.0,116.44821212563436,8.0
17907,42025.9157294108,31790.228725597775,185.0,122.96340519614598,8.0
17908,48297.91940588938,29743.382591746027,268.0,112.78699756455023,8.0
17909,50990.82493147616,17436.349024993007,81.0,119.94519857502382,8.0
17910,35578.00144059308,6842.7684081498355,207.0,117.6945047291,8.0
17911,56521.927845856924,5227.847727470684,235.0,126.08483375556798,8.0
17912,34024.269352170406,5753.570051907142,235.0,119.51464787662746,8.0
17913,11293.181368524449,9574.000221797112,12.0,101.32181794350774,8.0
17914,33174.97869950635,27699.18726535959,-9.0,109.27939156518181,8.0
17915,20521.540512915777,11692.474437853252,68.0,104.27031216230333,8.0
17916,26039.760173284998,5742.801670998721,92.0,110.63223836931151,8.0
17917,39710.866023880866,734.6937711476679,140.0,130.78224557377388,8.0
17918,54613.34711048612,29632.762128637503,327.0,117.47035844367446,8.0
17919,17885.610373370684,13302.774534968503,61.0,104.42826204551238,8.0
17920,59726.513270769465,36917.69334089437,365.0,133.38639063108255,8.0
17921,54552.24044626738,7558.531899481419,444.0,115.287348342875,8.0
17922,65667.5294278961,924.7826756511871,25.0,121.42171188735843,8.0
17923,58982.512839586365,7509.995882306008,125.0,124.86959225141901,8.0
17924,23744.996461755138,6352.028544232966,205.0,121.05186660661957,8.0
17925,50719.21238850999,924.9713355577017,163.0,132.91879561716283,8.0
17926,52909.03684272636,3541.409342376821,129.0,114.80063704037602,8.0
17927,28635.504218504797,8703.08424828308,128.0,118.39116577915401,8.0
17928,34602.70541395838,735.0281873434551,107.0,136.76132700990604,8.0
17929,16141.549718408247,3481.8223130668175,23.0,113.94470178743606,8.0
17930,62350.79743449661,52155.70863212531,116.0,119.2429196317236,8.0
17931,26862.64255942707,924.9575131480483,72.0,119.79270901317264,8.0
17932,53744.65111136755,35300.75127210374,80.0,123.46764173989736,8.0
17933,28474.46950910269,8090.306228761993,47.0,115.89393917834727,8.0
17934,22338.850859159058,2396.7001890326837,125.0,117.47101678345726,8.0
17935,30522.76358472224,924.9148127243741,44.0,112.73774704252573,8.0
17936,37623.77099224695,1183.4124886442346,186.0,143.8677372419703,8.0
17937,45314.42458690601,19684.411249131284,185.0,126.65298819827015,8.0
17938,55840.69292812971,2871.8034035229803,41.0,130.48928774287376,8.0
17939,61383.68117178793,21616.195907350302,24.0,116.28050568770537,8.0
17940,37511.073681985145,2870.161589139676,42.0,114.44033110817422,8.0
17941,40632.056276345065,1734.2120865371162,387.0,130.05403253781446,8.0
17942,42750.52681318524,15124.960562672057,-36.0,114.08058458398645,8.0
17943,26272.38158033808,17819.05228472932,338.0,125.47274659197404,8.0
17944,65781.65307215192,2369.261771475375,108.0,130.5850229485866,8.0
17945,27514.202550335674,7428.568347111657,133.0,104.38927509833721,8.0
17946,35824.97821824556,739.2818525604084,115.0,128.63699494297012,8.0
17947,10969.895412447182,6923.795911929648,-65.0,98.14972015613066,8.0
17948,66984.93973610693,741.5245013583364,99.0,133.3433163550799,8.0
17949,36936.01754900377,735.0987423371138,84.0,132.0806599799417,8.0
17950,48968.57986423961,13715.72462987239,103.0,123.97772139258399,8.0
17951,13738.437971526844,4727.308933026477,66.0,113.60478375445823,8.0
17952,38176.931052223335,1990.3029013967914,62.0,119.0582247414699,8.0
17953,45355.559050335054,10688.350037168322,210.0,121.37256508738294,8.0
17954,52841.75132120375,50876.76876772386,16.0,112.49210418451558,8.0
17955,35541.805283886664,1992.3501204981003,25.0,118.180062307171,8.0
17956,32875.38214354048,15852.393117838645,183.0,119.10036928030577,8.0
17957,62591.934737065094,23601.698882044373,110.0,126.44256321642185,8.0
17958,62590.757918045325,1179.893161992797,142.0,133.64765105081244,8.0
17959,38421.239354836114,17654.01446306385,442.0,127.23994627910028,8.0
17960,53415.5655961221,1184.262068516475,108.0,129.26639889525282,8.0
17961,52663.97127452957,9914.255900752167,22.0,118.25179686262618,8.0
17962,40397.493401401065,14512.168216391197,229.0,128.5456609949107,8.0
17963,20560.782569676532,16547.09171874445,14.0,106.91686937671996,8.0
17964,27063.461318018577,6873.8739195935195,123.0,113.22521836516097,8.0
17965,15554.182828223507,5212.040435285245,488.0,124.1464693518097,8.0
17966,10640.892695651964,1182.4127187073545,22.0,104.72236799525888,8.0
17967,43287.1920879345,26497.019756899856,429.0,108.92189513532631,8.0
17968,25422.279964266258,1474.1809033819814,48.0,114.8883664276424,8.0
17969,35565.06162914018,7960.595290113948,47.0,117.55276695328577,8.0
17970,45099.63380171204,7585.468247704683,249.0,128.6271351539831,8.0
17971,43182.212773836705,24453.408919428988,187.0,117.50961652843577,8.0
17972,40023.95399337339,6691.24316895963,316.0,119.99648656925689,8.0
17973,56828.285705273,17251.97224075075,159.0,132.00623599017592,8.0
17974,29106.470663864322,2397.8202932796103,188.0,113.89211491489613,8.0
17975,49405.64226166551,1989.723836219367,78.0,129.94202244648017,8.0
17976,10639.611362584463,8274.718571962194,21.0,102.76471033382953,8.0
17977,24059.621788111734,4116.7775547075535,56.0,113.12926864618424,8.0
17978,56074.86409010545,2870.0604108357206,65.0,121.71696109721456,8.0
17979,36439.58775740736,12114.37114623527,97.0,116.92469714011571,8.0
17980,68927.46143537156,730.8711629217875,143.0,136.90258984726412,8.0
17981,41924.321729593634,1473.7715234014659,325.0,134.8933339333221,8.0
17982,19351.990212962242,1182.7507916952175,217.0,119.63932036497394,8.0
17983,22566.33375313765,3796.57099281754,34.0,111.52432250377781,8.0
17984,35908.756715808646,12224.771989452478,104.0,117.62166432744979,8.0
17985,64048.19333990519,924.7971951201711,77.0,139.53155602204197,8.0
17986,26984.356989342024,8356.868522139846,140.0,112.4388292646363,8.0
17987,38399.35450105396,20290.794274628006,214.0,125.5193129171156,8.0
17988,21378.813897895074,9574.31281728219,63.0,107.53067501707056,8.0
17989,34650.619751378945,17432.212982280867,81.0,120.67722343470203,8.0
17990,51437.61732830795,36401.19717085504,4.0,115.29065956426611,8.0
17991,44574.87425463033,924.8958605139876,28.0,117.8235396826278,8.0
17992,41854.711492315924,14871.61670200528,320.0,127.23494222204513,8.0
17993,48327.30683353097,734.0195656050911,230.0,136.64920783200043,8.0
17994,55146.348946081125,5232.189699789528,136.0,123.19138794806987,8.0
17995,57608.645076734734,2871.5827229211845,31.0,117.61725702840722,8.0
17996,36568.92083914753,2366.8575977553874,263.0,129.9556687642978,8.0
17997,33559.21048252249,10448.597855276108,-14.0,114.22464480203801,8.0
17998,8236.441377921887,735.4327738449063,21.0,109.18729089753805,8.0
17999,56835.91440682242,733.4928852047772,120.0,141.04130229582768,8.0
18000,4790.501756988105,4121.223122899719,-28.0,89.07037573852297,8.0
18001,28702.132038588024,6874.703993244502,164.0,112.75873694792223,8.0
18002,48857.193608416004,32535.31440573012,120.0,122.93196783193386,8.0
18003,54572.633765967716,17572.19720048433,147.0,118.93741546902784,8.0
18004,44879.5538227501,27154.519911214284,412.0,126.03429330576519,8.0
18005,42602.7944289372,1849.7684020761126,64.0,122.92059465784104,8.0
18006,42095.57393118792,10414.035793187062,96.0,117.0742341434175,8.0
18007,33310.64490180112,924.7867553041361,55.0,126.60340899001761,8.0
18008,37409.556297527844,29131.9840475634,153.0,109.4444544206423,8.0
18009,53580.15959207743,36673.340306375234,-8.0,110.73034584204872,8.0
18010,25186.281872769876,2946.227966856156,34.0,116.96503038746089,8.0
18011,32477.15089590289,14356.411363505373,154.0,108.56173650341296,8.0
18012,27511.439936117393,25777.081776367777,6.0,108.78459943598783,8.0
18013,56580.259648400155,1744.0662324444702,261.0,134.80962669055043,8.0
18014,24923.220697818382,4512.1168349195395,241.0,123.51105018792794,8.0
18015,42473.09756115867,7575.519133335853,224.0,115.11012096623894,8.0
18016,31220.006639367482,3549.8409543120947,47.0,119.1462376890835,8.0
18017,37354.20880447649,1849.6119690824958,24.0,128.17573943592038,8.0
18018,34218.959634096725,1737.5126373657295,28.0,118.17171636076156,8.0
18019,49859.656365668525,29608.468635983714,73.0,123.10471231041069,8.0
18020,45644.20832778422,22827.294511992357,282.0,130.94217529292368,8.0
18021,54480.293422558505,9004.09609930916,104.0,114.85222943926492,8.0
18022,30596.2860389377,2884.9313158378764,47.0,125.76771807685763,8.0
18023,25979.846967600864,21932.64865594712,21.0,108.0065752808883,8.0
18024,35867.13739431054,925.0023219818088,9.0,124.24171139054522,8.0
18025,57757.671292498715,9287.782829537075,43.0,122.93860494875673,8.0
18026,45243.04809829974,7847.9033883748825,114.0,124.1218174138545,8.0
18027,40978.061674845994,2876.746628264457,45.0,120.4560879423918,8.0
18028,54683.32228266473,6275.049057206572,180.0,122.0939737059226,8.0
18029,49953.48011218353,12949.79265248957,173.0,117.17952192880284,8.0
18030,52113.08883239841,1184.670276011228,29.0,130.31750712215614,8.0
18031,48441.97683289789,925.0023316642355,15.0,116.230568330721,8.0
18032,36112.54276839597,16614.51384396404,159.0,119.82068580229245,8.0
18033,59184.147584420636,1179.1955763917815,333.0,150.8736501061446,8.0
18034,58002.465634412736,4737.469916800184,43.0,124.3936068374476,8.0
18035,43870.522042624274,6516.501798736146,69.0,117.15995652995696,8.0
18036,31111.810784182402,7723.71800318707,196.0,126.5396968924685,8.0
18037,35467.517888087124,1473.7248747809854,90.0,111.79975964199511,8.0
18038,48665.62361559116,924.8636903554134,11.0,118.49588248782025,8.0
18039,13295.698541478656,11557.620967451576,77.0,112.01930060190327,8.0
18040,52300.484552887916,8615.853346544887,30.0,127.9974306877831,8.0
18041,46662.85384551431,1184.4310545923338,38.0,122.54141887048165,8.0
18042,26184.963551795765,4513.009650964562,19.0,111.10153754473143,8.0
18043,18556.788356699617,924.8629031035325,39.0,112.34534538044596,8.0
18044,49491.64583095906,3137.524772111862,85.0,117.22472657970476,8.0
18045,31661.87737838961,2870.0733363244653,122.0,123.87753268409354,8.0
18046,19897.67862252371,2208.682437912619,42.0,110.15293706409966,8.0
18047,26560.63835345332,2871.1708417493196,87.0,125.60882181638117,8.0
18048,53089.868071040924,34069.60539061422,293.0,130.0520530583149,8.0
18049,21572.099993841555,14917.011417936645,64.0,106.9244928229873,8.0
18050,22787.39717935588,11316.007955103614,281.0,123.72641646702054,8.0
18051,43312.51947742707,3143.534902251769,161.0,120.22514055520362,8.0
18052,28474.862079638933,4852.468010015907,48.0,113.27665504020894,8.0
18053,25591.284990396933,1183.30419109852,82.0,120.0080988591159,8.0
18054,55096.73157219826,36978.35670538457,132.0,114.36290489164094,8.0
18055,23634.547674114485,4854.806126004646,173.0,116.91661688026451,8.0
18056,25016.243822750886,24093.02674632384,-416.0,100.88446917105368,8.0
18057,54765.32210907103,5597.742460787077,274.0,130.18893416908105,8.0
18058,49018.66246107319,924.922043126896,18.0,119.30559986740211,8.0
18059,34551.18317333232,18451.186939775667,343.0,128.69594616839748,8.0
18060,19197.597401481118,924.8749092155115,107.0,121.32814278431971,8.0
18061,24735.067701792228,4512.598599993006,146.0,115.83105525826385,8.0
18062,40361.992811284435,18835.442076215048,455.0,129.65260835103976,8.0
18063,50244.17384731166,1989.4783719708619,108.0,129.8077985314147,8.0
18064,25620.37873540647,5971.208144814152,0.0,111.85760539278331,8.0
18065,22804.383150466023,1180.9275989840792,23.0,106.70658578328637,8.0
18066,49788.067717324186,5208.647099500483,67.0,118.3289617038789,8.0
18067,27910.147014099704,3543.6191928624144,451.0,130.73099143314388,8.0
18068,23002.009259181847,3797.248186634324,175.0,120.67557699124879,8.0
18069,35620.26511254801,3090.882707101061,164.0,116.41701152378594,8.0
18070,29822.876977377608,17036.570264474343,87.0,112.52506983864228,8.0
18071,44397.18961291559,9252.784054840582,79.0,121.13765764119341,8.0
18072,27991.273120285907,8454.095905612434,276.0,103.08068709895494,8.0
18073,34572.091161489145,29452.18713561296,27.0,109.0567370002394,8.0
18074,31187.60041761717,1741.0848660386941,83.0,117.10368578740281,8.0
18075,30602.750135481696,1849.8431681105185,137.0,123.95133491385494,8.0
18076,43504.27272695942,4126.782768132656,163.0,125.31283385077853,8.0
18077,57545.241438895224,49266.91256626983,153.0,111.3886094829279,8.0
18078,53404.900494640606,9712.17542561553,30.0,130.40907139251124,8.0
18079,36971.95408178341,21728.444713238056,345.0,109.71879722091055,8.0
18080,43538.75426339338,735.9782584411877,83.0,126.80299999870596,8.0
18081,25672.85844666894,5857.324770618265,110.0,117.48974127982302,8.0
18082,8264.341116689791,924.9799483044418,18.0,105.92594122185784,8.0
18083,43518.95571668374,5486.411895446718,162.0,124.38772095113322,8.0
18084,38959.33356317849,3699.9281272284925,82.0,123.9005895313032,8.0
18085,57806.26174823431,924.6980950587733,107.0,130.96131120398587,8.0
18086,43047.32844642094,3984.991064774456,39.0,116.10753795909761,8.0
18087,49487.27752533579,5750.419738398688,46.0,118.35458936497463,8.0
18088,19018.10973545849,7544.257937535439,26.0,113.16547263766279,8.0
18089,22632.60483409738,2870.5594100253006,52.0,118.55095833794203,8.0
18090,32636.76722708906,4306.609755303839,21.0,116.84315493223914,8.0
18091,37949.86638579712,736.2319290825335,13.0,115.28513906213841,8.0
18092,46806.188200701385,738.5356395282647,270.0,137.92313622941953,8.0
18093,37353.97013957746,10279.97506489919,71.0,117.07153162461599,8.0
18094,16793.000100943726,6842.0464492737865,403.0,124.56617663442515,8.0
18095,37704.01563496017,1184.2727942375125,20.0,122.54957820394327,8.0
18096,44571.96110092771,737.7954840910141,36.0,129.5959885372331,8.0
18097,15878.236846404223,14962.917204391493,-192.0,102.07537791749263,8.0
18098,36865.525443947976,9449.515422136403,19.0,115.76307277026304,8.0
18099,34270.88107692776,5906.188978525966,21.0,116.95431180747983,8.0
18100,36107.529391930875,1180.3200917729419,48.0,123.08138043938786,8.0
18101,47052.45066012724,36097.437270912465,67.0,115.47893913877398,8.0
18102,40910.19678560284,25660.775621986024,365.0,110.26180722735106,8.0
18103,50212.32721797484,11196.294203686404,81.0,118.1524585878517,8.0
18104,46506.28752706495,7855.3389097942145,292.0,129.4146857589203,8.0
18105,48298.7655903335,10201.062339804383,204.0,125.49058899306465,8.0
18106,39382.158448349015,2207.1409310882937,305.0,132.0773873310678,8.0
18107,52225.584057442415,14186.330743982562,47.0,122.43893856563342,8.0
18108,31738.11672911475,8624.433326918383,161.0,121.73432567753875,8.0
18109,46117.198016585986,1179.413555047706,35.0,126.19609447244395,8.0
18110,37992.534901021616,1180.4172237895698,159.0,128.80336870715615,8.0
18111,53617.73913032356,2874.048617719223,67.0,116.54492741717014,8.0
18112,7593.090021070832,2396.335109018714,45.0,105.89588825412271,8.0
18113,47078.8576791822,19766.714992002155,116.0,124.3904167653347,8.0
18114,12575.105475253462,11693.966755225581,-39.0,102.01888714748212,8.0
18115,42461.107885929436,7416.854075071972,285.0,127.9778969114769,8.0
18116,25242.917096048335,1849.8023626012805,34.0,114.65667855345144,8.0
18117,33368.67449662721,4852.468010015907,48.0,117.33834152815008,8.0
18118,41785.04194079996,6516.213452007781,125.0,123.7023842955018,8.0
18119,25310.88461132958,23321.38642669123,14.0,106.49738668444157,8.0
18120,6959.02502979061,6347.355914974309,-39.0,93.65006781336257,8.0
18121,41817.27639340934,3138.119236037148,77.0,133.97036493160707,8.0
18122,44010.58197630106,3551.915282950747,204.0,130.20898936532055,8.0
18123,60375.67721111928,4315.521247989781,141.0,131.29434258967495,8.0
18124,43529.900288094264,6182.59972129738,42.0,121.95154908468075,8.0
18125,38642.65345627885,12826.003482392238,47.0,121.91385765283209,8.0
18126,38202.44603880421,5478.8687061657765,317.0,125.74268626157206,8.0
18127,36907.90438777551,734.3707757428097,232.0,134.66726982749861,8.0
18128,52547.34832396117,12580.63849912765,76.0,117.63831975792314,8.0
18129,12930.548884414256,1991.4024475016995,27.0,109.04899511140852,8.0
18130,64961.40482871418,3539.7893020748497,37.0,132.52108218747705,8.0
18131,51157.729764927775,33203.87322435104,318.0,111.40498869067677,8.0
18132,46538.65420409337,18307.990644180016,208.0,125.43057254696558,8.0
18133,55771.85128217989,49115.88988988058,80.0,116.82486561126366,8.0
18134,47693.2932532164,34896.8041947396,87.0,118.84269077608526,8.0
18135,49159.728048660065,924.9418453536579,17.0,124.37544742565322,8.0
18136,48903.31126027084,2886.356749226957,236.0,132.20091319727214,8.0
18137,29495.558392150913,13069.26867179274,73.0,111.89446784260262,8.0
18138,53121.24174411123,1744.778083249552,67.0,122.82327485641788,8.0
18139,32590.669807221995,1182.942531783857,93.0,126.74634346202478,8.0
18140,50957.37127103474,11123.860473973626,279.0,120.19342556111411,8.0
18141,39942.1680297494,925.0392864498932,100.0,132.74579899657832,8.0
18142,59181.29029576758,733.2504117964081,62.0,140.80578916641687,8.0
18143,52953.128172479315,9198.366672246175,54.0,118.22980163236895,8.0
18144,56400.181359485156,3984.4938222164246,101.0,129.1665807586404,8.0
18145,29380.368596006087,1181.1603365169778,26.0,117.56450640910101,8.0
18146,36850.09779055181,1735.879460180731,19.0,116.46676358815174,8.0
18147,57486.89782580741,5778.355241165237,210.0,120.03914297520336,8.0
18148,31755.91263721919,4682.613529704899,122.0,113.37756790176861,8.0
18149,9331.614447959004,1740.3584095253439,46.0,99.6982988799765,8.0
18150,23674.959643934737,8916.127078702964,88.0,101.62808750015306,8.0
18151,52597.57649235103,10997.683836275557,9.0,127.51571083077134,8.0
18152,54054.17948790229,1179.6630978672338,4.0,134.21559601572386,8.0
18153,35361.98925746725,14734.340860161314,26.0,119.41232204002071,8.0
18154,18629.77361176837,8356.664243917727,183.0,119.18420146167873,8.0
18155,35146.382756538565,11098.691055302088,303.0,125.56885059482349,8.0
18156,39860.77546293987,1738.5182250693674,24.0,113.06623779475916,8.0
18157,55651.98331825668,2873.3544593069446,79.0,120.70474211131437,8.0
18158,43120.44781159184,3144.897174648373,76.0,119.96236478090492,8.0
18159,30603.47346894984,16502.584654918777,163.0,116.02359362844636,8.0
18160,38108.32805604562,22395.68085674763,176.0,112.07340726562691,8.0
18161,40692.81676749953,29610.385312441413,221.0,124.16211028228861,8.0
18162,37574.93011962386,18790.08148143677,181.0,116.06612963120948,8.0
18163,39043.87589509271,26034.732326963313,338.0,128.90230619088575,8.0
18164,24606.249361016013,2885.736524666128,86.0,114.25748374705614,8.0
18165,59540.168231484335,57567.68361554222,-341.0,123.96114037492802,8.0
18166,28354.27405651322,10629.210882457804,402.0,122.35604929682428,8.0
18167,33560.55751911091,15447.463055919212,157.0,107.38533052851865,8.0
18168,19210.88050342984,12570.031231021523,75.0,111.85630293084037,8.0
18169,35218.37097003159,16180.664151776587,60.0,120.15998084880324,8.0
18170,60803.90998968255,1179.978179412811,8.0,116.78013521417913,8.0
18171,50104.68677059289,924.8851117755984,25.0,127.95011203228566,8.0
18172,13934.879518183967,1990.4452092921892,182.0,120.28389710208472,8.0
18173,17283.647259651098,1737.9863670277996,144.0,119.73478499477366,8.0
18174,31084.605977546362,14181.87226783665,118.0,108.08724474907953,8.0
18175,24932.33314616151,8099.289772308077,76.0,117.10263760548955,8.0
18176,57736.82859705,1184.452271035227,72.0,128.64286882397604,8.0
18177,27361.4457348664,1180.9275989840792,23.0,122.3699924264332,8.0
18178,5598.226910375958,4682.975872678887,-30.0,90.97639384651156,8.0
18179,22312.903178827288,17821.77429813897,107.0,106.17647960272856,8.0
18180,67217.71081735264,1746.2595555578162,184.0,133.50725826631626,8.0
18181,22501.127587081577,924.9050177349241,73.0,119.39251470355043,8.0
18182,15900.515962690208,2394.5772272523864,43.0,109.23608701682129,8.0
18183,35156.35584333087,5224.530425622436,52.0,121.96258115248732,8.0
18184,60905.34875728252,19752.62823948376,44.0,122.56962667683209,8.0
18185,51175.04792997635,3771.819958220781,154.0,126.3729273377792,8.0
18186,23755.098003924137,1182.7425958095537,166.0,121.74200869173185,8.0
18187,59856.86553455989,17402.668978370562,63.0,120.25817106704501,8.0
18188,37902.47089899507,1184.1595226324002,60.0,126.45914090219776,8.0
18189,49978.38377664713,924.7058595742886,50.0,129.40003301908752,8.0
18190,49511.38395461891,38550.894066003755,2.0,128.20819791797516,8.0
18191,27077.994808814965,734.6560474794318,65.0,121.43112769476778,8.0
18192,48545.79278458341,924.898262016257,43.0,121.36975963519593,8.0
18193,58318.76444749684,1989.5973892358077,70.0,122.55878209126786,8.0
18194,69228.35627875049,4719.58735364307,119.0,124.50483904690955,8.0
18195,9793.68710805187,924.8866514500404,26.0,105.7077905505857,8.0
18196,33670.57859004995,12134.282623754601,100.0,112.19328098833779,8.0
18197,57941.19611317275,7824.424580126167,456.0,133.87318710225517,8.0
18198,42359.125594172314,19042.067020558272,127.0,128.52480361370021,8.0
18199,28459.72727240373,3983.5469809072574,247.0,122.87110786516396,8.0
18200,52067.42651731454,1183.8576099671077,94.0,127.04653016788794,8.0
18201,43404.506358205355,2393.372969944332,102.0,133.30592057039726,8.0
18202,37323.97684762854,3473.9861537526244,226.0,128.3679876974208,8.0
18203,52093.13478612501,924.8847638292939,140.0,131.54254866080154,8.0
18204,53493.233452542016,5200.6059246312025,346.0,143.95785616351796,8.0
18205,50082.19239592362,16205.49797334568,161.0,116.39453595539983,8.0
18206,54149.3858426339,12113.721471596922,131.0,114.6548130403038,8.0
18207,39169.667806653524,1989.8927859056555,70.0,129.8113767646197,8.0
18208,58058.75412966859,6836.639111500277,118.0,128.0487386272319,8.0
18209,48085.70973145414,4302.724054546978,147.0,126.45962099472447,8.0
18210,60433.81709983864,14916.635118211434,76.0,119.66141344071733,8.0
18211,42841.83156656914,23777.208555401794,109.0,121.81646323775695,8.0
18212,54648.97186604109,2774.618001277273,28.0,123.97289662572561,8.0
18213,20644.440979606934,5155.615641874597,176.0,103.66906036390931,8.0
18214,29124.793527075642,5742.522160217414,189.0,126.05249286432473,8.0
18215,59306.7004759232,10239.283664904302,374.0,123.29176793615437,8.0
18216,54444.197440667296,5121.14762470491,169.0,117.95458513045833,8.0
18217,45805.0149034468,2774.7028993283134,36.0,123.10384575429778,8.0
18218,56533.94779839974,30592.400863455357,139.0,124.17484035516318,8.0
18219,40322.71970201396,2871.6203828806842,54.0,116.77560194244396,8.0
18220,6689.429488535917,3794.5411272466868,9.0,99.91012237726554,8.0
18221,60878.52907282556,4721.273519910039,32.0,123.82993455454425,8.0
18222,52058.827346832506,23902.950909844483,327.0,118.45152184730378,8.0
18223,22806.43479992747,924.9863931830217,33.0,113.04449722753924,8.0
18224,26038.62583607897,1991.9760991502678,11.0,110.3155085333625,8.0
18225,55253.43701447221,2869.9940469555213,146.0,127.60660125255136,8.0
18226,39706.99988733969,7861.582590195999,2.0,121.62071694886048,8.0
18227,54712.065623228234,925.0382885284334,6.0,115.85150391246432,8.0
18228,27086.553640250142,735.5226464298842,57.0,133.1464791870775,8.0
18229,7963.929109893211,7112.915882983064,20.0,99.25636006887191,8.0
18230,42998.85019481574,734.3656632718745,6.0,113.18277227117542,8.0
18231,50859.080405168585,32417.258634981583,110.0,123.08818661383451,8.0
18232,36853.59613671693,1180.5201402865616,10.0,121.77755582541108,8.0
18233,37464.51729944959,13137.098579505355,119.0,117.71951350548198,8.0
18234,37270.44750145752,19231.563180848392,87.0,115.72163119766019,8.0
18235,49591.468125656036,1734.4915419720057,193.0,131.3665400209215,8.0
18236,8081.551293134283,4610.387337633687,53.0,107.00898129339969,8.0
18237,44982.937867419096,4603.8274250517115,37.0,123.15603179144503,8.0
18238,32670.82640537707,924.7621122318063,89.0,124.55989025251402,8.0
18239,28861.525476260067,737.1856107066332,14.0,114.4141138557831,8.0
18240,53728.66783745584,17590.34104401741,306.0,117.26992436393849,8.0
18241,42750.28111629961,34444.17263845011,116.0,111.47675351663449,8.0
18242,27212.544563739688,5858.729166450077,-1.0,115.96153159003876,8.0
18243,44285.05826283965,1184.2727942375125,20.0,117.09914619281281,8.0
18244,37381.97956677954,3092.810084291236,187.0,126.14758787432677,8.0
18245,38388.91900495911,2360.9666464535962,18.0,119.34140755494859,8.0
18246,50780.05736553671,738.9270838239447,42.0,124.43171114192778,8.0
18247,37562.46259628687,7967.171810490453,390.0,111.75913034780389,8.0
18248,46718.5747962073,13826.303633898498,126.0,119.52942733420763,8.0
18249,19175.19585198781,18438.893442588356,-95.0,101.52326289788432,8.0
18250,36957.75208856226,23957.483945339558,355.0,112.40638209450898,8.0
18251,26158.034699481137,924.9241969508541,44.0,114.37024081876132,8.0
18252,56080.93539735506,39063.39887626974,183.0,124.10622834398738,8.0
18253,51009.23860571655,32230.900360591128,187.0,117.09745706613487,8.0
18254,34405.96598659931,4304.530150167651,193.0,140.66314322066205,8.0
18255,44026.204283695755,9823.820838823223,138.0,129.21140022193077,8.0
18256,50768.0072273373,8835.615682926446,81.0,124.0696923254441,8.0
18257,45128.2503742611,924.9848828623458,19.0,121.02609402561298,8.0
18258,35815.605399774744,21064.759823288474,183.0,109.68177922473994,8.0
18259,59766.72631798794,15085.575147975153,43.0,122.50426812560588,8.0
18260,50980.153389037034,19642.322798670146,34.0,122.59037945342463,8.0
18261,32885.43875052921,10279.115821729538,80.0,115.90721070058402,8.0
18262,23227.92658910969,3772.5788393340113,66.0,112.26433175357525,8.0
18263,53727.47708008962,6385.385108134857,74.0,122.75726062331908,8.0
18264,29816.242275993416,29089.22890510916,-270.0,105.70988467956134,8.0
18265,38934.21674457418,13277.582108675584,306.0,118.63571318164801,8.0
18266,21656.81205765287,5126.509761706195,164.0,120.57082676161332,8.0
18267,50787.18781696447,1992.4215961363595,26.0,118.32237236760982,8.0
18268,47222.05806948524,924.951085018384,22.0,116.22316470399304,8.0
18269,28908.350656240742,11196.66793838732,340.0,124.95427504372319,8.0
18270,43212.97550649023,1989.6047699011845,139.0,130.2918372213324,8.0
18271,26068.89878687734,11989.289681729892,163.0,111.64103734120575,8.0
18272,32867.2588786289,1472.357423505863,148.0,116.62094397069282,8.0
18273,61874.37962339046,10947.595601877394,410.0,126.56361492385595,8.0
18274,27138.23805910607,3772.3400945651124,172.0,125.45221283299922,8.0
18275,30602.326012759862,20401.59929778197,200.0,106.23402355423042,8.0
18276,56892.57318725286,731.7999337975476,257.0,140.23370507546986,8.0
18277,10250.492003578362,9424.515154706522,-15.0,100.58575627022005,8.0
18278,53630.43548368797,924.7556008594563,10.0,118.73189345609694,8.0
18279,46785.10472759522,2400.1802644711056,180.0,129.6050445958549,8.0
18280,54510.816230357545,33759.25306299356,111.0,116.45118408384626,8.0
18281,47521.2428269731,737.9072100348701,27.0,122.47880841958934,8.0
18282,47601.08239767369,733.4251389469978,15.0,116.7312211217262,8.0
18283,60077.62852932879,3145.459301993124,124.0,131.26578231190072,8.0
18284,52803.36431731205,6474.721089850529,227.0,126.66889961696768,8.0
18285,17678.810567884928,10312.770999743841,6.0,106.43542825489394,8.0
18286,34912.87718668584,1991.9278797860727,45.0,125.6770810830786,8.0
18287,28744.314548684037,2397.451767818709,45.0,113.17409771656038,8.0
18288,38447.85417105474,15688.158155295017,252.0,111.34253185309095,8.0
18289,51060.59269773845,4683.157372560171,47.0,123.8629595409287,8.0
18290,38886.453445469575,924.7436916969394,64.0,123.28490006527825,8.0
18291,50339.00039533002,34244.87658076294,420.0,132.00788050459704,8.0
18292,37633.630566297994,1992.1614486721048,17.0,114.52968325036224,8.0
18293,22997.597258518545,3090.2975769155305,124.0,115.692808096826,8.0
18294,15154.706623450073,1741.2486000000272,224.0,124.04116887073498,8.0
18295,16875.579705505443,7115.030673452739,35.0,106.45320523168118,8.0
18296,43962.12610101478,1992.4215961363595,26.0,128.64683186060591,8.0
18297,12948.925539490892,925.0025511213852,9.0,103.11942179815652,8.0
18298,54246.77550424645,1184.3133622275398,77.0,127.62238691527094,8.0
18299,46896.25731405827,10413.489457526004,20.0,116.66454474793524,8.0
18300,47543.50946928818,29425.70953398903,-18.0,114.83523664822758,8.0
18301,51196.73238287555,4855.875255528248,27.0,124.46205800780757,8.0
18302,17588.4954075999,924.8493812136048,99.0,119.26542540834957,8.0
18303,37831.11139153304,3682.19498287964,331.0,134.18689047008948,8.0
18304,42321.641510083435,1183.71798369142,37.0,129.46971384504653,8.0
18305,52790.78814462915,6943.267604593599,33.0,124.00186515249685,8.0
18306,19125.816725325163,1738.2737835490632,36.0,114.41645664430094,8.0
18307,13951.586613572537,924.8866510595847,33.0,109.07868101072472,8.0
18308,11610.304107188364,5216.8756164525785,25.0,102.92303661567841,8.0
18309,56975.29414835546,1179.442246490333,44.0,141.49074387358502,8.0
18310,43408.2150174501,3793.1924026461793,135.0,123.99484628317278,8.0
18311,42111.865942431534,1737.5471445299959,26.0,116.34252330944372,8.0
18312,5911.06983537849,4728.892621107477,-96.0,91.4991125723509,8.0
18313,51510.467179202264,925.1052260593339,79.0,126.49195818760934,8.0
18314,15024.057673984076,1741.0459518117818,113.0,104.26091182649189,8.0
18315,39638.81588420401,2368.2244377601164,27.0,122.37568952978769,8.0
18316,55257.379237871995,6288.867033591264,124.0,129.6486279275286,8.0
18317,63961.575204672474,54941.13837878726,89.0,117.23671696283284,8.0
18318,41022.526046106206,5598.497461320845,104.0,115.71318945358061,8.0
18319,21228.565298256166,5482.211566831543,147.0,104.09339488004625,8.0
18320,29390.832980036925,20501.444729477193,193.0,104.3502132339168,8.0
18321,45509.055419845165,23878.412187269092,180.0,137.4246670495049,8.0
18322,30303.851503729373,924.8811305371333,15.0,115.35242380440167,8.0
18323,49705.72344430984,31585.42491910355,161.0,113.62762922722263,8.0
18324,13030.125869468438,5480.504588459309,40.0,98.1702372551907,8.0
18325,36039.021091271614,2366.8256742094577,7.0,115.22613099707314,8.0
18326,48457.22921775001,1992.1363518155963,64.0,131.80362930030554,8.0
18327,44725.47777806693,30624.28550189431,163.0,118.43301351284603,8.0
18328,27136.250571848013,22557.868721690513,67.0,108.93882175530942,8.0
18329,45473.85755003553,1184.1903395090462,96.0,130.56772065385047,8.0
18330,45376.36574849699,5549.854320723928,251.0,127.95745742316552,8.0
18331,46633.86953303731,20354.67718304259,114.0,112.62445169379524,8.0
18332,33383.08913408517,22437.103301865634,125.0,123.86628991061968,8.0
18333,36303.603129122326,18849.377377732293,109.0,117.16255556628131,8.0
18334,34502.60069245171,2876.582578020843,175.0,125.87643113995408,8.0
18335,9619.03166086199,8886.486226974204,-67.0,95.39838820460346,8.0
18336,49119.76305633234,732.3910153688547,146.0,133.9526304521204,8.0
18337,46253.21264660623,39592.38516523921,80.0,114.75302366958728,8.0
18338,25011.803965614174,4124.871816799889,45.0,113.28386261405214,8.0
18339,19037.410838531607,1740.3701521011244,-1.0,111.13366311348949,8.0
18340,8899.780968325147,7864.075142181676,-251.0,108.08063266795571,8.0
18341,40358.80218117795,22734.113211267504,64.0,117.13885198101254,8.0
18342,25295.242168424877,4511.114372928122,47.0,116.46104604466123,8.0
18343,22752.88096861524,21016.42141057778,13.0,106.96174867174496,8.0
18344,16728.0429146361,12682.816537169432,28.0,104.79759623666753,8.0
18345,39853.01952498894,1471.390977248927,364.0,135.43179602438767,8.0
18346,9023.435742155954,736.4753363580114,82.0,119.81989694416058,8.0
18347,48991.59603303753,925.0238012386754,18.0,126.04190202655957,8.0
18348,44163.53389684399,33082.00047481285,37.0,113.16364735050729,8.0
18349,22789.52439274018,7597.580160311985,4.0,108.79235027658767,8.0
18350,39186.66823831351,924.9209717511955,38.0,124.27811848208536,8.0
18351,50325.55629439043,2368.2291477144195,72.0,125.32932484864281,8.0
18352,11613.49738966784,735.5875549408165,72.0,115.59130652736432,8.0
18353,44694.07965765276,734.1842540071381,133.0,131.359697169996,8.0
18354,49388.64429189009,42728.36659200474,80.0,115.18311638805099,8.0
18355,15827.332837332537,9972.037164550056,13.0,106.35949146028099,8.0
18356,40863.76368144987,3699.950482386389,115.0,123.4499980988496,8.0
18357,40442.34548461663,924.8395307162726,28.0,131.97369413694827,8.0
18358,57400.01724860965,2370.0969833358195,29.0,133.04221108666806,8.0
18359,16176.852867627009,734.7610425374637,130.0,133.22023814467866,8.0
18360,54283.49787881256,6405.973077457154,429.0,122.35556951137299,8.0
18361,35753.836363944334,24788.48314449841,51.0,121.25047654656804,8.0
18362,41771.949112088805,25161.79460591429,198.0,111.65790474658293,8.0
18363,48929.83676545538,6649.435843925664,455.0,133.15808965056073,8.0
18364,28184.43375927624,10581.249909518418,118.0,121.84513443604567,8.0
18365,43570.77227403731,7435.921410674161,114.0,117.74745636119046,8.0
18366,19768.977674483893,12224.947163665798,31.0,99.04659420152015,8.0
18367,54673.80535614026,46400.98899275935,153.0,112.24865533286558,8.0
18368,42370.05059454904,3139.0152999290804,98.0,117.43401869482483,8.0
18369,34972.205520555595,5970.307256118287,46.0,118.74039205618303,8.0
18370,45134.37543993026,1470.050688579295,50.0,120.78791590789065,8.0
18371,51916.234601046905,9824.781787448843,431.0,116.35312382183413,8.0
18372,60213.34601414958,23665.382501661046,55.0,117.4425972186879,8.0
18373,56340.80987834061,13948.538068800506,65.0,120.74672434521773,8.0
18374,55442.82459652715,7590.440130912901,163.0,130.33011732490695,8.0
18375,30424.020143110985,11201.141787381783,181.0,104.35089936846717,8.0
18376,46176.943571430456,37725.18010878686,368.0,129.80767634987507,8.0
18377,14496.487411941116,5909.684021738942,18.0,109.46318828730922,8.0
18378,62569.54775501356,54293.85824079846,153.0,112.19665612165372,8.0
18379,39684.396385366395,31236.15245361984,343.0,128.52551867282713,8.0
18380,19960.824857071137,5859.711395363348,153.0,110.79898947201086,8.0
18381,11194.153446571318,8304.319590616951,2.0,102.2396344595158,8.0
18382,49262.31221317946,2873.3528981249174,217.0,145.19786965132752,8.0
18383,11123.505037240422,924.9920303238416,99.0,115.81765135309425,8.0
18384,6283.536823790827,1182.5506634117737,57.0,105.51378059303187,8.0
18385,45954.00359328928,1181.977217668669,142.0,123.82828932184727,8.0
18386,52129.46832094765,5978.015337068278,48.0,123.2996631649826,8.0
18387,32144.75872148624,7116.863439091842,87.0,114.78005103713329,8.0
18388,52944.3426597306,733.2700740802597,93.0,129.94288945603785,8.0
18389,40725.42959286562,14884.288171416969,67.0,114.27772179715987,8.0
18390,31711.090437398732,20161.593186589645,60.0,113.67338490408734,8.0
18391,41709.3369170999,8890.726926667774,-5.0,112.62752384278403,8.0
18392,32399.807773458833,2885.998477845582,99.0,127.23265342150606,8.0
18393,52353.19421771878,12580.768624858136,61.0,115.88135060434045,8.0
18394,14491.903513818394,2883.9734012965164,34.0,106.4209091334182,8.0
18395,47796.83408813975,733.8729995572556,11.0,121.66079163242031,8.0
18396,39806.28528053723,6913.956155682843,244.0,126.70432648355967,8.0
18397,55957.77442548124,1744.5394570884127,143.0,131.43617338798694,8.0
18398,20076.01448833849,9616.46390168247,36.0,114.49013767867415,8.0
18399,20263.798671541586,8704.865941519423,48.0,104.1129583969851,8.0
18400,39979.508475787465,19601.170719986214,2.0,112.67346500231405,8.0
18401,34050.020855405324,21357.512148108803,32.0,119.35837094755742,8.0
18402,29895.16710902742,736.4086093919673,42.0,117.85421035619444,8.0
18403,16492.07829490144,2397.335005420315,146.0,114.62522930745419,8.0
18404,20360.29225829423,12290.030608651407,62.0,114.51918740448238,8.0
18405,13461.445121621591,3981.3091629848145,33.0,104.66152377211546,8.0
18406,7181.4449354207,5473.276560591013,1.0,97.03506600362144,8.0
18407,53168.27248051396,10460.488893424961,406.0,121.62541453271788,8.0
18408,20754.111208532122,11544.409315731238,174.0,124.70937373110402,8.0
18409,27312.589959228273,924.9050279016897,202.0,126.8040606512478,8.0
18410,40205.841567878764,3772.503211999987,32.0,123.5697756209365,8.0
18411,28710.040272153718,924.8484493051542,21.0,118.47985464364415,8.0
18412,18313.296619238048,9706.131788028744,16.0,107.33328529242335,8.0
18413,44159.996567092916,27155.676954688577,492.0,134.59279796319225,8.0
18414,46295.5824468447,8263.935430068019,169.0,131.46618913028996,8.0
18415,45637.63092834158,15717.774518274335,309.0,125.83893063754155,8.0
18416,15792.536347043042,924.879093815251,54.0,113.42537906291884,8.0
18417,34064.60532376783,30017.23481119148,18.0,110.21497747113916,8.0
18418,50027.803362076134,2887.3891508122056,82.0,123.05909758267269,8.0
18419,45323.10676044443,3700.023507534364,72.0,126.1945027343594,8.0
18420,29190.336867757138,1472.167637166586,6.0,117.56025460316728,8.0
18421,32477.998483463198,1991.9225903468864,26.0,118.89447553311402,8.0
18422,35179.073790262344,3699.8792967992754,28.0,113.2022976113131,8.0
18423,23002.581390744814,736.0230728667539,21.0,110.98364172000748,8.0
18424,22942.866396682315,1183.2105402097734,78.0,128.65036464793522,8.0
18425,39799.6025844874,15741.326421015732,18.0,110.6362492877518,8.0
18426,30317.345841843173,6403.5026075241,154.0,125.35498680060564,8.0
18427,36400.1823346821,19360.303579651383,13.0,113.45708513878874,8.0
18428,52521.33281428799,4856.060646167059,45.0,118.73229807661605,8.0
18429,37952.38364767787,735.4213181529519,141.0,129.85309452425466,8.0
18430,44412.74905920279,2207.745560894154,125.0,126.02485583641544,8.0
18431,47527.81987074405,3983.9976196428797,70.0,116.32666760177975,8.0
18432,29745.448222810985,21190.72047707054,4.0,108.45372025311678,8.0
18433,31914.92045698586,9106.427688994778,383.0,128.76916715927192,8.0
18434,51812.84159926669,34790.921936193736,183.0,123.43173728834896,8.0
18435,37684.416098529015,20554.26748190613,163.0,111.0731614084123,8.0
18436,35632.50331255558,924.9953253889558,13.0,118.17052539524853,8.0
18437,42772.052255781135,4600.9085466776105,232.0,128.19637706279033,8.0
18438,44554.060778173975,12570.619053102966,283.0,129.98459169207456,8.0
18439,35241.53157799252,18218.45914274138,183.0,120.0414110046352,8.0
18440,34037.88364101073,738.0670050872533,51.0,122.65295927817203,8.0
18441,64371.456791861594,1184.84653444071,51.0,130.45140953591135,8.0
18442,19919.986688029145,1849.81088046789,184.0,119.42207480614478,8.0
18443,39957.01502517346,739.0368643217126,110.0,129.29973256014543,8.0
18444,52764.3319235202,924.7968684192266,55.0,126.55322528733848,8.0
18445,30788.75518712926,22709.470066781203,57.0,117.96655803186141,8.0
18446,28771.780903617066,11082.94562093783,45.0,112.78600744716306,8.0
18447,44547.91048273173,2774.5730130332418,84.0,123.81442852940833,8.0
18448,39945.12785968146,924.8984690060919,12.0,124.03007341371476,8.0
18449,26832.57345516533,3699.5636315514876,7.0,108.73839547616441,8.0
18450,41646.91433671569,3699.6058720703404,90.0,118.72685239123271,8.0
18451,41749.5451676994,735.5294640265191,30.0,121.14715348585018,8.0
18452,28529.356405782473,924.9401759091174,24.0,111.39172935200642,8.0
18453,51509.36835597778,5597.939590899425,322.0,121.464946880839,8.0
18454,21172.728081501275,7445.016713894552,252.0,109.03837774837726,8.0
18455,64798.61776960341,1185.3996239034052,50.0,139.5883688673033,8.0
18456,29614.32119688969,1181.8247847713744,40.0,119.13171572034614,8.0
18457,53967.874813126895,10201.062339804383,204.0,126.29186598582257,8.0
18458,62192.541874721086,45875.51444008621,120.0,124.9891442052264,8.0
18459,19933.901554369397,736.7397581243829,17.0,114.35243190753057,8.0
18460,35330.09289273087,13327.996354345038,428.0,109.83865252208372,8.0
18461,53724.77720281479,18512.029790002467,169.0,118.74849927355874,8.0
18462,20109.118008318277,11830.539760237878,141.0,116.03238616499844,8.0
18463,35194.536051422445,734.3573420655517,25.0,116.9669242052552,8.0
18464,49110.40818763364,925.0626376843002,125.0,129.73087067728204,8.0
18465,56147.807078925114,2869.835802723826,284.0,133.29089721630635,8.0
18466,28600.368209235676,7565.427533201569,24.0,118.36524787205738,8.0
18467,43330.30272613112,1181.1066282226209,14.0,120.52261912918921,8.0
18468,60137.81274826362,27088.039031072425,1.0,111.61198322491511,8.0
18469,5549.557552655848,4624.665240962438,15.0,96.11789605872337,8.0
18470,37260.4335743712,925.0700312983037,16.0,118.04456241736958,8.0
18471,20426.341737949988,736.829607637696,37.0,113.66088100345286,8.0
18472,25754.47038170632,4041.2588819491275,23.0,121.23095011996789,8.0
18473,55643.31571326669,47379.26981851247,153.0,112.1486846924054,8.0
18474,31458.811732560716,734.2313714950217,130.0,129.1715376223872,8.0
18475,49341.42439392445,47001.95214864553,-208.0,115.8637257405396,8.0
18476,31120.324547355194,735.1254717843672,40.0,118.02417080745076,8.0
18477,27009.392590447558,5122.066153245501,262.0,125.01187145065427,8.0
18478,58574.70051375859,17318.706009929134,76.0,111.54095607774488,8.0
18479,24468.878903156496,924.9663008669166,22.0,111.60697947057302,8.0
18480,51354.12592439338,25413.19176244618,139.0,123.356031473766,8.0
18481,34132.798511460904,2871.3169711405258,227.0,134.5045516572315,8.0
18482,62806.104329398084,15805.169179573395,88.0,126.61723412058737,8.0
18483,51113.23643345317,740.5671907517745,131.0,133.407935669328,8.0
18484,34595.95348951982,26322.905016783596,153.0,106.93364460771839,8.0
18485,44898.711622505696,2361.6373917832143,0.0,115.82052630686482,8.0
18486,60708.44780247287,3137.410129609367,78.0,130.35929749712093,8.0
18487,40159.61955638061,19557.30481124427,82.0,121.26889011163985,8.0
18488,12576.293177633363,9708.164073300264,-43.0,99.81285786754806,8.0
18489,17954.80632056844,14182.72569033159,-69.0,107.98189100184761,8.0
18490,30263.5066882358,7116.182491308484,355.0,128.2613799551938,8.0
18491,57687.98970650911,34927.31165799896,131.0,116.42737639920206,8.0
18492,41893.05876247278,1472.6370095688485,135.0,127.45632612012679,8.0
18493,45326.108309863375,9248.748557565788,76.0,115.85214186746549,8.0
18494,38118.494467099496,12244.727612733817,72.0,110.63109069166856,8.0
18495,46999.518154160374,3138.284658221941,94.0,126.16629236478798,8.0
18496,58974.60266824081,924.8423331042163,94.0,134.61836340253984,8.0
18497,19978.41039489214,11825.021649923221,-6.0,108.35019767113484,8.0
18498,37788.553596839774,23027.644419486747,183.0,108.53582042168419,8.0
18499,32300.725405510162,7545.467260713299,77.0,121.5327087235639,8.0
18500,52685.135773170245,1179.4709857062514,176.0,132.33276374441476,8.0
18501,55348.930015431084,924.821971663989,157.0,133.82379960211372,8.0
18502,43975.46965730686,28099.071053686665,138.0,116.95923248696528,8.0
18503,15249.588174990231,7721.554049996333,60.0,97.61522747351023,8.0
18504,11123.542873409258,10200.869301514285,9.0,101.81198912147835,8.0
18505,14549.487733083643,1182.6035368667008,55.0,109.72788460849895,8.0
18506,23035.2588830537,735.4966700924182,37.0,115.19396238491817,8.0
18507,48533.18634771456,2368.103344642694,106.0,123.83799129359474,8.0
18508,14181.60522641679,7089.972681989984,-6.0,103.97251703304582,8.0
18509,12556.843215306146,1472.7900569295025,6.0,102.67112782890915,8.0
18510,13462.211111554143,1182.5238925120034,7.0,103.65475752392238,8.0
18511,51005.93909648918,1179.969893347868,48.0,132.070462020115,8.0
18512,23157.731092593607,1991.5429417232733,18.0,117.74834597833996,8.0
18513,48495.537937617635,5839.112491029593,539.0,135.10977601698846,8.0
18514,34505.65126773456,5241.013907233483,142.0,123.4112755427941,8.0
18515,47463.28847209236,43417.076953207754,-39.0,113.61126871283798,8.0
18516,33667.89506153417,21918.78168492985,161.0,112.25905962385329,8.0
18517,19415.28828534992,1182.8725588664722,11.0,104.37954840568841,8.0
18518,27034.58518572071,9428.451848423345,64.0,114.1140375672318,8.0
18519,26223.07557544307,24485.977039552778,9.0,108.0302755267739,8.0
18520,56597.575739852444,9247.940268400154,56.0,123.1409375327503,8.0
18521,38285.95349520128,18040.748104440874,73.0,120.8648531812427,8.0
18522,52801.199815793574,34292.15673232732,318.0,116.48300711029884,8.0
18523,6877.331181153115,3794.435366308341,-54.0,95.08626243906772,8.0
18524,20369.85066076625,6656.434730952045,284.0,123.19537789608685,8.0
18525,48331.29624592208,735.1441837255262,212.0,135.85591470414573,8.0
18526,62041.85580154943,12109.39759458996,-41.0,119.94080545432598,8.0
18527,54638.463639835354,4315.373979915094,136.0,128.35549925679007,8.0
18528,52727.94735421943,10174.801029607179,227.0,118.85552375142647,8.0
18529,63909.87738764799,46889.11408978174,183.0,125.22191156590111,8.0
18530,43787.295809617666,5213.062227751075,145.0,123.21301241365808,8.0
18531,12970.008209350905,6474.5404154312055,19.0,105.32693243748375,8.0
18532,48604.67270201989,29536.833005257766,109.0,122.88790690684834,8.0
18533,45161.51422357011,8678.73768232677,130.0,110.74055835819972,8.0
18534,10280.24123349907,924.9119939302377,24.0,109.15265281406248,8.0
18535,6883.033346649958,3088.1789144751638,1.0,95.02413774113181,8.0
18536,30720.84413362558,3139.4102595629247,281.0,118.93036421613033,8.0
18537,33883.76971606894,3083.69492674528,60.0,118.79889163288237,8.0
18538,49928.087266335126,9472.829526066676,100.0,130.64233390140043,8.0
18539,38279.495903489485,3482.3264321500765,210.0,119.6486390078394,8.0
18540,32212.754176202227,1990.2223498287449,54.0,116.68623039655647,8.0
18541,17662.4096319637,4854.300100621831,134.0,107.1639139796489,8.0
18542,45918.07311670355,10280.882480307038,93.0,116.08583570864018,8.0
18543,32530.733075348635,15072.16287485389,109.0,116.49301176738706,8.0
18544,49525.28413552036,4855.866325644437,39.0,127.01191011911827,8.0
18545,24190.408722837557,2362.5779150051912,247.0,136.2283373422247,8.0
18546,25361.08853549728,9365.988695703469,151.0,105.79279750111138,8.0
18547,66735.35992266919,6671.3954381108415,70.0,133.13139080003575,8.0
18548,40676.71978722923,25650.25819295011,87.0,117.85815544506032,8.0
18549,39527.622178902515,924.8516463763385,142.0,130.12049329723956,8.0
18550,42471.888043280276,1741.6489675532553,16.0,117.8392055755902,8.0
18551,35339.24903452087,6516.022711229203,71.0,121.67920174517056,8.0
18552,31734.44739329573,21555.80218764992,109.0,112.80253077777606,8.0
18553,10437.950068876955,2880.4492646846466,36.0,95.92010756133106,8.0
18554,17954.13638151234,15996.498891084993,-286.0,101.45583738777601,8.0
18555,41564.34778021649,924.8737188954823,67.0,128.88646921006537,8.0
18556,15251.050437812666,7723.197379222392,120.0,101.19990069106943,8.0
18557,13692.769134927801,6510.249027605963,194.0,116.84109446666233,8.0
18558,51591.82273733894,1741.9123486757333,58.0,126.0400924410078,8.0
18559,33973.705889199635,1474.556486760256,189.0,128.5675941214222,8.0
18560,44394.37305149637,4624.319857369114,88.0,120.66387399339551,8.0
18561,53860.12980158786,6641.716422650553,21.0,124.40967987071835,8.0
18562,20207.024116728822,737.4707622418641,5.0,114.87980307181628,8.0
18563,41985.20339413,26735.522911167052,287.0,113.39466059948553,8.0
18564,44460.97844066023,9819.65294256666,153.0,117.9765172713362,8.0
18565,36217.07538816998,25967.816961397188,185.0,121.87022977955753,8.0
18566,29430.154774293063,24826.322400133402,-6.0,109.302877979152,8.0
18567,31095.64336555951,734.7107884402343,30.0,116.43953089108679,8.0
18568,51004.73951082985,18557.338712930014,170.0,122.13629385699589,8.0
18569,56729.75952247451,14562.208142713205,55.0,117.13379395960628,8.0
18570,33901.88047157948,8270.025700404547,201.0,124.76532697228328,8.0
18571,7435.976182308665,924.9799915173386,18.0,100.97961506226099,8.0
18572,37375.719939675255,925.0360234171,43.0,119.29948199016133,8.0
18573,26747.6880683817,9957.556577046684,342.0,104.56986336028658,8.0
18574,47208.48701189791,2875.7269296020736,377.0,146.49411942608666,8.0
18575,47506.20104000611,15921.007725216428,166.0,119.25835278476595,8.0
18576,53631.106762981544,5977.612649686323,57.0,120.71211429036501,8.0
18577,17503.29897738077,15834.92434986255,63.0,113.23961499494756,8.0
18578,59019.88549658051,47412.230035382316,58.0,131.11597399918296,8.0
18579,43494.59242677601,38017.185509384246,58.0,111.95984526865674,8.0
18580,55577.69476987197,3137.288242218513,151.0,138.91068249327253,8.0
18581,21185.50689843847,2871.0662462154396,173.0,123.110372257839,8.0
18582,48033.735950684655,1735.5276827333314,172.0,129.66606706506565,8.0
18583,47231.823589642336,9511.95559559136,64.0,120.92044721066267,8.0
18584,33453.876831121015,19037.404358758067,64.0,113.64054904791028,8.0
18585,28764.06874854413,7879.727438632169,51.0,112.13839917420839,8.0
18586,22634.43423161261,1991.535804334033,41.0,119.3459544703492,8.0
18587,25032.896288330685,9106.310442884329,86.0,114.39431334166126,8.0
18588,43829.36248852836,14558.334667310639,339.0,128.26050795938139,8.0
18589,20497.39239343733,924.878898805567,104.0,121.5032765167646,8.0
18590,38691.70134889792,737.3991563375013,37.0,118.39757674262893,8.0
18591,11813.787259764063,8881.063560354063,15.0,103.63963788674754,8.0
18592,50493.414870089866,1180.1302396367362,73.0,128.3592185747393,8.0
18593,11778.17342735432,4416.6716158417275,58.0,99.1804617831904,8.0
18594,38395.708906663385,925.0023219818088,9.0,123.00120681490124,8.0
18595,5483.4692332980985,4729.521801303914,-74.0,87.86034810267685,8.0
18596,35003.466824008785,925.0800999577485,77.0,122.82554934961104,8.0
18597,19548.673467837387,12113.838005355268,26.0,108.6206462994016,8.0
18598,39230.581723580704,12938.188308218,26.0,113.83042065397294,8.0
18599,11922.333570668361,6689.804769768856,117.0,99.64285782719833,8.0
18600,28743.87914411587,28007.880523651216,-318.0,103.02694413245351,8.0
18601,50562.176199638525,1184.0607927429824,52.0,134.87773911468818,8.0
18602,13914.10019314983,12175.192087639847,81.0,112.43818270449216,8.0
18603,7418.658786686089,2208.420431110473,112.0,110.61643611988904,8.0
18604,47908.703149656,1989.7264357757058,65.0,126.56281991966341,8.0
18605,7112.80858007375,5124.987086656957,-8.0,95.01996765821275,8.0
18606,18512.016007066224,16527.013790305715,-182.0,106.32769484853878,8.0
18607,15089.256394085462,3772.292153836285,240.0,122.50260204498589,8.0
18608,37629.80304825407,1992.048300082233,116.0,127.3841067490265,8.0
18609,29427.670997753004,925.0687388038123,32.0,115.04553025141757,8.0
18610,39290.40353222409,924.9687765068059,32.0,126.99337884824249,8.0
18611,15187.948374928686,9028.754973134595,21.0,103.17426238005622,8.0
18612,5598.279871523984,1849.8909027291104,21.0,97.3605828619786,8.0
18613,32143.363057623992,5975.54840467315,42.0,112.09638508636147,8.0
18614,31081.254446506216,1180.9731710512572,14.0,112.98073561250084,8.0
18615,64943.572704369995,1179.2964887924752,102.0,144.61136217852004,8.0
18616,61124.67527476019,925.1204342997402,142.0,133.6430012552995,8.0
18617,38335.8874084823,5210.15390332298,187.0,133.7825335075713,8.0
18618,25126.230105491046,22806.188266389057,-23.0,111.98262737937193,8.0
18619,44001.75450161949,924.8682457938037,20.0,128.6977953710042,8.0
18620,59046.60218501217,924.7016936109221,41.0,133.4104298842808,8.0
18621,20225.37992241299,4513.92285842593,170.0,118.9131007979238,8.0
18622,59469.40052816797,12250.061256421197,33.0,122.7065727888333,8.0
18623,28437.706666398077,734.8917803888252,89.0,123.88847224944408,8.0
18624,51258.39865508506,6648.770715008846,463.0,134.0472929898736,8.0
18625,34221.49833305606,22197.562864301257,135.0,109.7792400806267,8.0
18626,14760.92083745167,14101.846967155529,-193.0,96.71401853603622,8.0
18627,57633.99496665709,924.6894746425681,132.0,132.41422454885532,8.0
18628,60747.97700178054,2874.071923232297,36.0,123.5873591643063,8.0
18629,42758.02024654621,20926.78998599978,112.0,115.1637728610299,8.0
18630,52768.656743293686,19438.379319979358,314.0,127.82642321460494,8.0
18631,17635.115023759095,6516.107545349805,92.0,104.03788876449967,8.0
18632,38958.84809690309,34349.06317749054,-324.0,110.95368299825313,8.0
18633,21379.96239909083,20644.367732978728,-130.0,102.32646602308986,8.0
18634,41702.74162943134,30894.460788422857,365.0,128.5982309293084,8.0
18635,14361.07190635375,12648.577349334517,12.0,103.32667107366036,8.0
18636,23290.42568636992,6692.883397011039,196.0,119.92734638782028,8.0
18637,54483.63911954895,2368.521965683207,260.0,133.23494532883575,8.0
18638,44795.4706086352,34599.47717460515,104.0,116.73611456332279,8.0
18639,5912.735870298378,1182.9690150953284,29.0,100.61617744917928,8.0
18640,34693.66515020159,734.1383350014072,65.0,122.08798775349487,8.0
18641,17051.315013303,7544.680675239348,323.0,122.87201753449526,8.0
18642,28020.162697700503,736.7700004076563,5.0,111.07135769894754,8.0
18643,50425.3699370463,13283.184618677906,60.0,122.13635211182185,8.0
18644,46675.13272284516,26178.316061710786,198.0,121.97549734738462,8.0
18645,44321.14514924218,733.1304248503975,127.0,143.4523828808313,8.0
18646,37645.636147748184,4417.3023534957265,490.0,132.9759381086951,8.0
18647,34057.01218363379,16296.310376517507,43.0,112.84735920133767,8.0
18648,57237.7760471403,50576.971403572345,80.0,116.20615284359397,8.0
18649,30632.52273062431,7601.548325276806,45.0,118.96624788508369,8.0
18650,19648.007748321634,1990.4452092921892,182.0,122.81795883108839,8.0
18651,47178.592587341824,4624.850838513854,115.0,123.32222276059301,8.0
18652,39834.7332473826,21056.348411759336,159.0,110.61781530063917,8.0
18653,28880.624288916006,1183.0996083457053,40.0,125.60846376519491,8.0
18654,28757.554007041934,11123.386135961666,128.0,118.04986866991905,8.0
18655,55314.87604567587,44725.07968190015,299.0,130.25898288692377,8.0
18656,31993.390563546745,1989.9763447209473,40.0,113.0610699116236,8.0
18657,34191.89057598622,6887.87165452047,142.0,112.3269668876048,8.0
18658,18696.721032474223,5915.578754225661,72.0,111.56085014063424,8.0
18659,36842.45943897566,7365.975874038303,450.0,108.06166828990276,8.0
18660,50449.20942324493,6290.454210816805,28.0,120.00554993790702,8.0
18661,34545.94087267007,1990.6037772932557,23.0,111.62495695117883,8.0
18662,40311.7510629586,1736.1827734747676,140.0,126.43953879015014,8.0
18663,28792.825091474206,1181.2179315596386,206.0,128.6732294157389,8.0
18664,9791.049545982993,3141.264457276357,78.0,97.44246943026712,8.0
18665,53528.39750177576,11505.991040351199,145.0,113.59684257494527,8.0
18666,29302.68822200273,4042.685795473478,35.0,117.58606987298144,8.0
18667,23187.427789601294,20823.43988041134,0.0,110.57942184585934,8.0
18668,34432.153649711734,14234.17140671955,60.0,112.03048611167958,8.0
18669,58688.357971084966,14077.110926126796,321.0,135.12294063054378,8.0
18670,44615.326520001894,3772.7852001505003,94.0,121.87226728457378,8.0
18671,31964.018152306737,16942.97317752455,87.0,113.56435751751299,8.0
18672,44699.0496717113,42959.57052054727,-168.0,120.11473848231329,8.0
18673,13857.734642726187,1182.7348630986942,19.0,106.1785993338962,8.0
18674,47371.11334045736,30936.65207398774,9.0,111.43701940113361,8.0
18675,40931.22848171731,3483.9899848805517,84.0,123.77769011182377,8.0
18676,40981.186628512056,1180.8126589821431,105.0,120.1052110650399,8.0
18677,26340.291247111025,735.5333195118758,20.0,112.83962807490124,8.0
18678,42705.40933538783,1850.0504158003919,62.0,129.51057857341453,8.0
18679,49374.060808574504,19548.980296169357,65.0,121.70617705574537,8.0
18680,44451.10950954994,1474.8275753036216,21.0,113.63437594243813,8.0
18681,24278.87550812822,15670.672338728933,9.0,114.71360076654202,8.0
18682,28202.175644737632,6916.473525647647,192.0,128.98220878748918,8.0
18683,39208.52627789303,924.7621122318063,89.0,128.07432750740588,8.0
18684,20764.805141638968,14106.298598485471,26.0,103.56251110956838,8.0
18685,61040.16552510086,19694.442468700174,95.0,125.98104462345978,8.0
18686,50787.084725693174,1735.8704933691217,208.0,131.8505160392304,8.0
18687,32188.142663863797,23926.518765346726,153.0,106.89440545699216,8.0
18688,56120.15008662873,10602.08182970488,76.0,118.48369871660644,8.0
18689,34489.06497776943,14985.284710123784,176.0,106.4877705239301,8.0
18690,46326.63349364404,15440.547007173865,75.0,118.67057487338585,8.0
18691,52540.2406900356,1849.9243058105744,28.0,124.15608226529422,8.0
18692,50910.609350100254,9475.806919707475,61.0,111.04642458448151,8.0
18693,51347.986965104,44688.80395698129,80.0,115.44609912072201,8.0
18694,22038.53137698046,6917.513843576484,401.0,129.72515080350178,8.0
18695,65668.52448655333,1184.8369635317727,132.0,140.28448328991928,8.0
18696,31442.54461259998,14999.851508934673,48.0,116.22688100024814,8.0
18697,48774.19503118516,2361.1089286117094,53.0,121.88330599767562,8.0
18698,67520.30185603825,1731.665282687738,28.0,134.34368819497078,8.0
18699,21536.6839236771,6391.590177266935,359.0,125.8261075485351,8.0
18700,37717.78390855335,1737.5471445299959,26.0,117.11974358683273,8.0
18701,64705.62745326516,16987.96996835691,9.0,123.91520308206346,8.0
18702,9823.324466244185,1740.5556367932843,70.0,106.73744882508745,8.0
18703,28379.256855505177,11936.564173729432,70.0,115.7972267014878,8.0
18704,61057.6049567418,44035.04283167091,183.0,124.83182167911465,8.0
18705,27302.387537719802,8261.716095936834,94.0,115.54436710330712,8.0
18706,57582.36712452413,17251.298602925166,356.0,143.29532797719855,8.0
18707,31917.346776205635,13397.89827148891,132.0,121.23217973285142,8.0
18708,53472.664905282516,35351.51150191808,154.0,113.18093900922288,8.0
18709,54819.6389208599,4622.757027784565,134.0,120.59101510404362,8.0
18710,42649.06669859083,3699.95975249239,143.0,127.60774001821356,8.0
18711,51515.356262502886,32783.33667447085,183.0,118.1370365401931,8.0
18712,48941.15137860379,6940.2066960011025,595.0,128.87662553640087,8.0
18713,49948.246767730445,1184.5173423223716,45.0,129.677625475832,8.0
18714,55820.44919719298,1178.930686574132,41.0,138.85247219048188,8.0
18715,14423.240461849804,1181.6875178793498,100.0,116.27692660728401,8.0
18716,46605.60127888214,25579.057882663037,-7.0,111.56843150510626,8.0
18717,20801.169801718646,3682.2531013384423,160.0,119.33062148317754,8.0
18718,53691.11793620869,34652.401440611815,60.0,123.73502826173612,8.0
18719,41216.1738379916,735.6616722852285,89.0,123.68500161207533,8.0
18720,29906.962536845534,1180.9139414001006,165.0,139.40993082898638,8.0
18721,63911.48193676686,924.9658785685929,28.0,121.29689755072775,8.0
18722,36845.397606450606,16206.386376617313,186.0,107.65477270899888,8.0
18723,38801.151499966916,12193.86314428358,-31.0,117.66246235077219,8.0
18724,25375.930500716247,3084.5046382048704,165.0,121.96962097485374,8.0
18725,51790.04123292739,33010.81688086298,187.0,116.84018473287838,8.0
18726,53967.8311728753,924.7968684192266,55.0,122.94819333333608,8.0
18727,39928.53903672011,1180.5179539201804,112.0,126.84368136531208,8.0
18728,33373.053702249425,23864.312106886366,347.0,126.63244666250958,8.0
18729,54903.39810290378,4057.1146527002793,228.0,130.00432028249824,8.0
18730,12113.849154129959,10280.23219769936,-92.0,98.85138724097976,8.0
18731,36648.49108642028,1181.160231057369,17.0,114.97678228269797,8.0
18732,30692.555574585687,25457.742955978138,69.0,109.67407088290696,8.0
18733,20910.272036681607,15434.962162653632,30.0,103.61525934666525,8.0
18734,51627.613389793936,30126.21754110184,139.0,116.17396961877137,8.0
18735,24237.695276826485,8076.499335392121,37.0,109.21528799074855,8.0
18736,17230.302854303136,924.9863931830217,33.0,117.26045094177589,8.0
18737,52128.69722554414,6516.074573916771,48.0,120.68610898834545,8.0
18738,15792.504289015416,14871.917106155153,-48.0,101.04478772227309,8.0
18739,34549.00057522096,5472.729653060995,40.0,118.98665617337647,8.0
18740,56200.4020178785,2360.2612348210223,51.0,120.6049950692608,8.0
18741,27032.385256487574,924.8056629540832,39.0,122.20759218029433,8.0
18742,27355.50576961176,2883.6339483630277,28.0,118.00747370180747,8.0
18743,13538.624161059406,1472.862987276895,47.0,111.43728244972145,8.0
18744,13050.546832176939,736.072899824588,23.0,109.45830648417811,8.0
18745,20538.052389750206,1740.5712924416791,123.0,120.04403176502751,8.0
18746,43324.49464314401,5920.217821599196,151.0,127.11928990740373,8.0
18747,59992.01681088526,58014.82326505408,-378.0,109.84365083006068,8.0
18748,40358.37418186284,20415.256373098106,133.0,121.31066933247544,8.0
18749,57236.18786834377,3984.5496496254646,81.0,124.14718447423577,8.0
18750,38368.13393678379,3471.9183016689153,228.0,127.35316118506958,8.0
18751,36066.42475555802,12378.041884481592,106.0,117.84545507701269,8.0
18752,30929.71594067145,23572.955905446604,68.0,112.55363748706155,8.0
18753,17027.621570960528,8759.33608854836,-222.0,101.89105332249885,8.0
18754,36447.951603336376,16499.31028164142,133.0,120.44940376700035,8.0
18755,21402.767999137326,10593.273471357612,293.0,123.52550875609656,8.0
18756,45127.58161288489,4682.706476739372,53.0,114.9903990898801,8.0
18757,46198.496704747486,1183.6614152217269,68.0,125.0886350510254,8.0
18758,51108.29349175385,25152.846022615904,79.0,119.14918987735143,8.0
18759,33482.84442372875,13777.7376193924,73.0,110.23708146571124,8.0
18760,55450.95780298313,6938.135850194466,413.0,133.07592507790145,8.0
18761,48242.57838020444,3144.7372557409685,32.0,121.13105518651713,8.0
18762,30232.927909462687,924.897661099837,15.0,116.9560171445908,8.0
18763,46179.52188981755,739.485475608508,12.0,115.23325546819127,8.0
18764,41036.98266760198,3138.5669350240723,88.0,132.44503133565598,8.0
18765,44358.29271866686,1184.398564558701,31.0,117.70758592652956,8.0
18766,42765.73547689789,2209.9092806312547,50.0,117.67444081785621,8.0
18767,56694.60046886747,9946.639339196232,178.0,134.27393393774383,8.0
18768,49892.32929689105,31356.170328357097,161.0,114.51267281615901,8.0
18769,50724.51925281333,3979.8533299312835,16.0,123.81087875106125,8.0
18770,53604.93881160454,3979.600962988947,118.0,110.6037438475182,8.0
18771,30238.984085002114,2361.4141602957984,76.0,132.6711838636216,8.0
18772,15415.494212633992,735.7332489207031,25.0,117.62918162453387,8.0
18773,54578.05947610995,924.9675565668476,54.0,132.5884260358956,8.0
18774,49598.56599004805,23659.442354295894,139.0,123.06005062064563,8.0
18775,33834.34665669499,2391.0029532991753,20.0,118.69564919924466,8.0
18776,17631.2854065627,1991.5429417232733,18.0,110.10047625943733,8.0
18777,51502.39978098046,1992.2538306659674,36.0,116.8326420225403,8.0
18778,35201.34099173215,3542.7807161351016,281.0,128.75567206030655,8.0
18779,33428.45392924224,1181.5393448921525,77.0,119.53212037792488,8.0
18780,43186.813087266004,738.4398945823274,40.0,124.41254204115485,8.0
18781,52436.08677003605,5751.029655157432,373.0,132.53659301162264,8.0
18782,34007.15281815794,3473.0342046535043,29.0,113.1570278732537,8.0
18783,30841.373855244376,6516.40342923428,156.0,121.48080718131001,8.0
18784,21570.36733662039,8270.898695139782,196.0,120.17147458503788,8.0
18785,42551.93213300055,1849.7935325007177,67.0,120.76614245149916,8.0
18786,43503.76504579234,31887.5446093054,-7.0,115.53634820722411,8.0
18787,46267.873541672096,27756.066817141324,295.0,118.57085658388029,8.0
18788,48366.41289462604,3469.3071784167278,76.0,120.58815233889122,8.0
18789,31524.44543873863,6516.216232507123,294.0,125.85722911191075,8.0
18790,50612.36460934582,1179.5826362127232,161.0,130.37375041883013,8.0
18791,35735.962093359994,8267.773847251894,27.0,117.19214910538027,8.0
18792,41765.725031180096,7428.3109742775905,150.0,115.88049010657781,8.0
18793,46997.222930017844,26750.870396496553,73.0,122.60207436081407,8.0
18794,51156.28432180579,1992.2596705221426,33.0,122.85780757139537,8.0
18795,61552.59463625171,54891.984757998325,80.0,116.7326316286339,8.0
18796,35187.5257705444,23083.70941050333,183.0,115.86972792824429,8.0
18797,44419.24176056671,735.4175054485548,47.0,122.78405161138392,8.0
18798,39880.53779450548,2774.67366358538,77.0,108.25987728424822,8.0
18799,46340.09597229231,20401.8099907542,133.0,124.79248739365715,8.0
18800,50963.507054490045,11395.784997702836,116.0,126.15723671012553,8.0
18801,53692.264016510075,34680.19224730781,287.0,130.099956497971,8.0
18802,36406.198326173915,734.7759989069716,211.0,133.43998269842544,8.0
18803,50205.87914053745,925.171475987328,23.0,123.04184506302722,8.0
18804,66173.63917066235,2358.41171318872,211.0,132.9294294859098,8.0
18805,48989.49693696053,1184.2994593962273,101.0,133.30819108197323,8.0
18806,45255.0800381411,25008.884822784243,73.0,122.28130107065763,8.0
18807,27879.23331134935,1991.7039941277321,69.0,110.27961683026483,8.0
18808,51803.13500582293,17574.652997894053,225.0,119.91339320292971,8.0
18809,5965.347734095874,5238.314239160607,-26.0,91.03779191427466,8.0
18810,38880.81829873928,2368.2395701769647,55.0,111.26778897427137,8.0
18811,33324.68750774797,1990.2314828424699,98.0,125.60106195634634,8.0
18812,52603.18915800923,5968.095368995314,226.0,139.8346073300557,8.0
18813,46953.49314925116,11318.66736303389,99.0,117.58121957373928,8.0
18814,47196.01681666255,1849.9205017787312,71.0,121.25824672468204,8.0
18815,29464.851685977763,12522.634203358031,186.0,106.92347041874919,8.0
18816,31582.404030735215,13464.7711771145,151.0,106.80719242344952,8.0
18817,47861.05586785301,28849.748609844286,84.0,122.75684559252355,8.0
18818,17159.467439592794,14984.181126742717,-165.0,101.06185837226423,8.0
18819,36845.36831510575,734.7957447830817,5.0,112.9607977208268,8.0
18820,36800.258336503844,2360.909182628052,113.0,129.6837842444145,8.0
18821,38855.97866817184,3093.391277725482,267.0,129.49559871170064,8.0
18822,53048.44140458701,924.9363666651797,55.0,128.98745612086122,8.0
18823,44825.70865298415,1992.627160456057,42.0,123.61825906688807,8.0
18824,51226.122964161405,732.7037159840515,225.0,137.60790116178197,8.0
18825,20705.35212825896,13288.829948381654,17.0,106.95035951609452,8.0
18826,39654.1923875722,19994.639454114767,93.0,124.7425358157829,8.0
18827,45579.42002784771,19639.482156576483,139.0,122.34192352158254,8.0
18828,57990.56487338563,924.9852682862821,152.0,133.33116400061408,8.0
18829,68048.22340014648,3539.4430906455614,85.0,124.42478002678286,8.0
18830,47879.22648882289,1181.3265826284187,198.0,132.98523591526708,8.0
18831,58649.004244807154,9412.280842886159,480.0,126.78690173790439,8.0
18832,34655.533404314854,15035.695772379022,230.0,125.51711754328846,8.0
18833,56856.353728616465,924.8096489764657,88.0,130.60252474905823,8.0
18834,37079.63129450548,1742.439981818338,141.0,126.38596134246279,8.0
18835,18521.96174455875,14037.532608503785,100.0,105.58080257527217,8.0
18836,41568.74445072133,2368.4028354973034,8.0,114.49755214048609,8.0
18837,42829.53871904721,23298.007157871787,77.0,121.8140306560756,8.0
18838,41622.280841528445,1849.9688029135848,139.0,128.18147032913558,8.0
18839,51003.86044647212,4624.732076191361,331.0,131.9037149631743,8.0
18840,46721.5125629113,1183.5714741296026,149.0,130.14444289997658,8.0
18841,50962.21003423595,1992.2199858880247,53.0,132.26723289279948,8.0
18842,33458.763988050734,16854.156505563256,188.0,122.89531713956205,8.0
18843,41522.14910848459,4619.425937213456,188.0,129.44560415904706,8.0
18844,24682.877580165896,1181.496646852101,19.0,113.58035561205091,8.0
18845,55399.2938174796,11588.396873222873,217.0,139.41916956055155,8.0
18846,65896.89862386901,1992.351248393955,84.0,128.7095185681728,8.0
18847,31868.166683153147,14046.762989874938,78.0,119.27995095471783,8.0
18848,31786.312537039856,1471.8779875049659,18.0,120.33800699647836,8.0
18849,24945.672326581578,8613.196687914586,285.0,114.01037371422495,8.0
18850,26048.7622411976,12661.048800147031,-31.0,110.99593937829147,8.0
18851,49222.799718577204,924.9013460331381,14.0,124.32706408009,8.0
18852,31659.08776052083,1736.1955367937542,14.0,112.58236750871062,8.0
18853,13316.979683774647,737.133000713431,38.0,111.46512953796915,8.0
18854,48139.34143916713,31350.24284256286,393.0,109.67396885231152,8.0
18855,37274.73608579156,9037.867104912695,183.0,115.38483052609347,8.0
18856,47442.03386533755,10991.806512739671,186.0,132.10030890347517,8.0
18857,29130.790352461383,1989.9672524446023,66.0,119.14466376041068,8.0
18858,57609.46843306941,19031.95580722288,145.0,123.36080296819551,8.0
18859,46299.876222312356,925.0558653535054,80.0,134.20600072347,8.0
18860,18498.28045884783,1849.7395106974777,37.0,110.01899436747834,8.0
18861,35972.86922819548,737.2418379457774,82.0,123.11666006920761,8.0
18862,48253.74031049401,12580.196453428875,36.0,114.77055018023425,8.0
18863,43221.401462250935,9034.757757503243,332.0,129.143741211789,8.0
18864,2946.0304814493306,1472.578354202691,-10.0,87.3463800494605,8.0
18865,63119.183939467475,23147.961361903646,72.0,119.67425933492251,8.0
18866,22523.85342385541,10446.496904051071,141.0,109.95296005887538,8.0
18867,24030.07518703683,3800.071773112365,66.0,103.68785645821244,8.0
18868,53442.766972384576,10261.265391795054,65.0,124.95249177597015,8.0
18869,46152.03606541055,924.9052733707924,34.0,119.43324740856792,8.0
18870,35847.88974582168,25892.011995375127,438.0,129.22779918584143,8.0
18871,34447.16536287357,924.9561490204734,15.0,119.64123097883142,8.0
18872,38089.315281258925,21068.78418505976,183.0,120.821341883124,8.0
18873,42263.483939719365,738.6095060186732,66.0,124.99972401211397,8.0
18874,29592.031380354183,8092.450364719764,139.0,108.84869650813509,8.0
18875,18605.897632237313,11191.994970006019,207.0,112.86997279934906,8.0
18876,44303.79948995384,7828.768214168094,175.0,124.65166094807877,8.0
18877,7422.792524888775,6692.920694115594,-47.0,93.18137407233972,8.0
18878,48117.13993198245,924.8914740436987,2.0,119.96334206472791,8.0
18879,45415.87767968157,10200.415784566721,185.0,118.73976905502644,8.0
18880,29777.647036229628,8610.93618308422,192.0,122.67358687144863,8.0
18881,29463.659610824663,28727.310797693037,-495.0,102.34228420265742,8.0
18882,31370.6255062288,924.770485434375,64.0,127.12935672946533,8.0
18883,28598.353034040687,1183.6157188942814,87.0,120.27353438948293,8.0
18884,39051.51614010102,1472.6370095688485,135.0,121.83134595681781,8.0
18885,44490.16713303655,5466.440142424761,596.0,135.31444382144338,8.0
18886,51941.521653859105,1183.9298976336665,43.0,122.42558479708887,8.0
18887,14405.44431046621,10367.281983384933,28.0,103.77978263909216,8.0
18888,44714.84701805923,924.7365249676234,101.0,128.51373717986593,8.0
18889,43842.46130598287,3984.571411090469,18.0,118.06482750703402,8.0
18890,26089.723900384917,14476.289391618453,17.0,110.58049585282554,8.0
18891,31417.511760849844,26182.684840212223,-87.0,117.55572048961932,8.0
18892,62804.2628173405,11798.312017605858,235.0,133.88371918732963,8.0
18893,55360.23215508801,1179.1146024336967,46.0,114.76954724165158,8.0
18894,60810.33530887845,1184.45531169334,85.0,130.6664291951329,8.0
18895,49043.98834867251,5598.678388814715,50.0,121.60972313180326,8.0
18896,45812.27102104758,5130.245088914234,95.0,115.3605819836067,8.0
18897,42569.51863165635,3093.391277725482,267.0,130.2454419347684,8.0
18898,39257.32145484016,3542.564432960389,22.0,114.6906281155946,8.0
18899,54182.845243169984,2358.9888813143907,157.0,137.8338801873047,8.0
18900,10631.691492497997,3477.648393229551,182.0,115.87447531150399,8.0
18901,33270.067582579635,736.6490003772286,26.0,119.74959572236578,8.0
18902,19639.766144462952,4725.862036253137,106.0,113.86276243701539,8.0
18903,18130.349262424555,10950.03078712032,-59.0,112.7689907030896,8.0
18904,15891.484879032416,4510.897441384891,36.0,103.30123278553987,8.0
18905,56126.43907015228,740.7991179779406,26.0,122.08799669967084,8.0
18906,50486.93229111358,30841.363879918354,209.0,110.55488902340846,8.0
18907,27046.89214905934,6182.483155678157,51.0,112.69608024851371,8.0
18908,11123.614871879483,6516.200278876978,40.0,107.27092659237155,8.0
18909,44858.84043891316,20995.545036560914,111.0,124.50468917374269,8.0
18910,56570.41735511405,3489.2308804377412,29.0,124.18034045422937,8.0
18911,39747.56538167089,5242.345848588484,228.0,120.19476092316481,8.0
18912,10264.970892829955,3087.9077469243753,47.0,101.89479801886291,8.0
18913,43504.54979706443,17054.31730991295,122.0,111.08629425145224,8.0
18914,36289.637008263504,6695.662443772296,127.0,122.0275194432868,8.0
18915,38211.29155956789,3772.1530515456016,56.0,120.47634846725025,8.0
18916,40376.47843657928,19044.880581900317,37.0,120.39241331812988,8.0
18917,37026.46966553091,1849.8333552618788,87.0,127.11062099651542,8.0
18918,37583.48965647379,17817.406805472103,239.0,112.0581782791485,8.0
18919,48260.87858105541,1180.1845086998835,72.0,139.290725359212,8.0
18920,36394.26035181005,2876.582578020843,175.0,126.26647445638342,8.0
18921,32589.96237967056,924.7909035707241,32.0,126.48920470404825,8.0
18922,38635.54531490532,1736.664145243992,242.0,126.08000225820706,8.0
18923,35327.424121029995,25381.402416682817,438.0,129.12341459271835,8.0
18924,16545.96992902806,924.8903247027938,41.0,112.6165060996619,8.0
18925,46479.82134652144,3471.1299227203713,100.0,139.09613179655304,8.0
18926,56493.053556854284,14121.813213434876,33.0,124.09068860068078,8.0
18927,33807.37890172407,27415.625947051416,1.0,113.59141109112977,8.0
18928,42801.5556615085,26706.054340794228,418.0,126.83926398092646,8.0
18929,66847.966925783,20870.299700941097,63.0,122.6236749847246,8.0
18930,26465.862967908433,1181.8247847713744,40.0,116.76363056011313,8.0
18931,41273.09946489499,5472.621384077691,174.0,120.75218466586567,8.0
18932,23044.586629557816,8088.799347613269,22.0,110.9130233064372,8.0
18933,45545.80636702781,739.0997741284268,84.0,128.19624805274856,8.0
18934,51073.06597746663,1180.503866498665,92.0,136.84380093394878,8.0
18935,13903.80113744543,3474.879984902096,338.0,124.65739810205346,8.0
18936,40517.568680973476,734.5292590047005,18.0,117.53291598086736,8.0
18937,60447.83095226305,2359.2077573387505,79.0,124.32588965536598,8.0
18938,37987.36947287446,2774.9594933599215,65.0,127.43603424562606,8.0
18939,43092.15765354311,1469.6945000998267,165.0,129.65275547285083,8.0
18940,7544.755029016829,1991.2359654629786,-1.0,99.33662790967276,8.0
18941,36423.27355925816,16224.704512737517,60.0,114.35454184433584,8.0
18942,52246.51633061553,6650.901287910817,43.0,119.48840416240712,8.0
18943,30180.121181950406,13281.437807847919,129.0,108.91203607042065,8.0
18944,37383.10798099386,21670.12675042164,176.0,112.26282510875663,8.0
18945,36150.74165040181,15501.919437730518,74.0,110.2052948374532,8.0
18946,18053.743731901264,1472.3447731234085,152.0,121.24595101999469,8.0
18947,51720.84677648338,4721.145798364862,283.0,131.59160831802018,8.0
18948,60372.233597314465,14895.39929580445,-20.0,115.86974906986687,8.0
18949,40601.32834226117,16552.7772478482,39.0,118.255840868033,8.0
18950,53518.27542522698,9786.282902393967,379.0,131.8367730208056,8.0
18951,60692.02716804874,12757.991019711688,170.0,139.8241540541649,8.0
18952,51309.09966856432,1989.9511564353652,48.0,119.66983280264004,8.0
18953,26020.619291057417,25333.317239877713,-387.0,104.1344346779805,8.0
18954,60941.63486448489,4301.925950002399,130.0,141.22910732235167,8.0
18955,13951.914661392802,6516.253396197395,31.0,105.97862794149921,8.0
18956,48416.98503251231,4599.423344875992,425.0,149.85196783351807,8.0
18957,51629.47743771497,5597.806586284521,505.0,134.9843830396527,8.0
18958,33456.63553919547,16307.924235765304,176.0,108.6281135631007,8.0
18959,42299.51061602831,25674.402093796292,126.0,114.57826358036166,8.0
18960,39980.28571614674,21948.844223885386,87.0,116.44646008490083,8.0
18961,38714.675031714156,8159.783449283764,172.0,116.1374599392185,8.0
18962,44894.36404204377,733.707797726778,211.0,135.80270807328273,8.0
18963,36259.05529130149,13032.278427057736,137.0,121.80570381094229,8.0
18964,64057.12719360714,57403.268788146255,80.0,117.57396400763182,8.0
18965,20362.12228418956,15741.311321751376,-8.0,103.61175366500277,8.0
18966,6841.384442393114,5973.635810959577,-31.0,92.94868451628693,8.0
18967,49019.85202249625,24667.378033493966,270.0,118.72334835078087,8.0
18968,52652.68609918583,10261.265391795054,65.0,122.1387992322588,8.0
18969,64357.38556625523,57705.574724561375,-98.0,115.82358828275972,8.0
18970,28351.976981546624,737.6694858671272,135.0,127.64267976131161,8.0
18971,35209.74592650777,1183.8520501470473,139.0,126.32225110136682,8.0
18972,11041.466216833302,3679.964252849272,59.0,98.26675606132311,8.0
18973,63898.00664429093,53709.145071828614,116.0,119.30565279570699,8.0
18974,52307.00723197248,925.1580824152654,67.0,125.49132231495787,8.0
18975,22067.627838349767,2366.6706479939407,29.0,111.10424671705448,8.0
18976,8833.126898681148,1471.6245647296773,58.0,107.34191179865756,8.0
18977,49059.66780451625,8628.689840109882,32.0,118.61947961887125,8.0
18978,29107.728193019324,12671.50638230782,73.0,110.73261919517418,8.0
18979,40670.06682164335,19901.29310404653,393.0,130.56941921176568,8.0
18980,51595.080758076416,32537.030100229586,84.0,123.3100752856225,8.0
18981,32358.54205380344,734.4609729484113,2.0,111.51750726245481,8.0
18982,7492.243314598303,2365.35723946526,86.0,94.04329098868737,8.0
18983,13473.689347675749,13003.145086358427,-466.0,95.0375138207567,8.0
18984,41600.0309826772,28908.867337758664,13.0,120.59586743931229,8.0
18985,25361.20777652572,924.8242988668464,20.0,125.18310175963065,8.0
18986,30266.913090478083,2362.0530546351565,52.0,116.43722318253458,8.0
18987,41264.63603358219,1473.7226874008115,42.0,117.83136699020844,8.0
18988,41575.18703088197,925.0499071716212,4.0,119.063877399707,8.0
18989,14370.446017371882,7184.315819039236,54.0,103.01814556022889,8.0
18990,65096.71399989727,52090.53134263947,99.0,120.21819897014495,8.0
18991,58936.954150006524,50660.81684929793,153.0,112.23688065198469,8.0
18992,18474.927791080656,10203.406775883852,148.0,102.82283889590158,8.0
18993,44328.65921027524,734.2344316930672,38.0,121.26322518074191,8.0
18994,55365.76968051546,38344.11911339218,183.0,123.99679691648124,8.0
18995,49865.39782935884,925.0070335984244,92.0,127.58859013610271,8.0
18996,40086.67661849926,738.2344387979779,31.0,119.87193080092135,8.0
18997,57223.05443062828,10980.011913570459,123.0,127.72351562431922,8.0
18998,68765.62094861343,924.9037005514757,21.0,130.8385262689941,8.0
18999,59754.05828344056,4037.165872092264,128.0,125.77005454173212,8.0
19000,26832.44190168392,924.8540371660742,65.0,118.7805730740644,8.0
19001,47627.25753670017,924.9341965005968,5.0,115.60994675667366,8.0
19002,40937.88549864893,15000.99203743682,139.0,121.43135277467164,8.0
19003,56742.999251160196,1179.4709857062514,176.0,132.98938671265725,8.0
19004,33324.96657087253,5970.448685014963,200.0,121.69517423079039,8.0
19005,43137.22909155995,924.860604805668,132.0,129.99101529264817,8.0
19006,37345.79491116965,5864.344614419936,178.0,118.4547648259369,8.0
19007,38685.732367952405,3085.588780990501,297.0,129.1680503347267,8.0
19008,50306.80097166312,2367.0636776968954,263.0,120.76317240766684,8.0
19009,49025.327391752624,3139.0994759343,58.0,125.12878830565796,8.0
19010,19690.716739828982,1736.7221301149877,147.0,126.09725680398873,8.0
19011,43024.48829967285,925.0070335984244,92.0,126.33413767496253,8.0
19012,27994.68957559676,7367.029416513791,32.0,111.04847397598735,8.0
19013,60364.22771406564,14117.347381145726,148.0,125.60064753725484,8.0
19014,38153.77690828059,19085.194656368236,109.0,120.83562966736193,8.0
19015,24227.72514708342,1849.9470328787738,82.0,115.99808562513476,8.0
19016,56816.878753280456,8290.932632534077,132.0,112.66736979737884,8.0
19017,53442.6509055171,40649.003792029296,87.0,119.76931926844127,8.0
19018,65765.20416946615,4717.398284006934,417.0,136.07245135048748,8.0
19019,26400.973146881905,736.9401970048538,24.0,113.35480121740285,8.0
19020,47788.41774467248,733.6173581849094,110.0,142.15557979238304,8.0
19021,38616.64865482109,10594.826415693342,46.0,118.14623731360746,8.0
19022,49728.325574458315,35633.35957761888,163.0,119.0574781081327,8.0
19023,34808.61909613031,3680.501357960345,467.0,132.66929813744625,8.0
19024,21549.311013175135,735.4802039351496,9.0,109.8730069839324,8.0
19025,34915.42380593183,2391.8741736477255,16.0,118.59503576849012,8.0
19026,56047.76104560173,39719.73079781854,350.0,115.52707938811324,8.0
19027,42310.05771314285,22360.546288152,133.0,121.71060596573412,8.0
19028,30757.768502803967,1183.905014567285,73.0,127.9183235973408,8.0
19029,57912.20110413871,16774.25094978705,44.0,120.5956201097728,8.0
19030,43309.65518056105,3772.1530515456016,56.0,119.43546761186293,8.0
19031,47671.45039137362,12340.207024312,-174.0,112.14340190117693,8.0
19032,25992.2342407239,1849.9419307621877,110.0,121.05645655040468,8.0
19033,25370.464459506453,23634.54639156944,61.0,116.33284716339601,8.0
19034,37596.89328740131,925.1121204654115,73.0,123.58444428687658,8.0
19035,34551.30872524307,734.9527168957603,100.0,126.45466332174969,8.0
19036,26471.725795715378,6286.724299496541,68.0,111.30038986478007,8.0
19037,30840.752524031817,4682.693674628713,47.0,112.3528560068562,8.0
19038,41783.425035663044,18556.42894586885,158.0,123.18818764140212,8.0
19039,63280.68029135912,731.9481573275011,31.0,127.16822682658787,8.0
19040,14118.38594613802,9621.773402372814,8.0,110.45885851559109,8.0
19041,38803.321529295405,17043.751162172874,88.0,110.5121336996824,8.0
19042,42307.02225426684,2388.41931864812,234.0,139.9516682210459,8.0
19043,31045.36815072148,4312.857134707084,22.0,111.62674738546279,8.0
19044,62018.93035645855,50409.672605155465,47.0,130.53117671375048,8.0
19045,31685.537828142013,4419.394476625896,69.0,108.0848812146812,8.0
19046,48699.94577416555,32605.01314424922,473.0,127.99924451005968,8.0
19047,31295.05913002526,4854.727712006694,80.0,115.64417330153692,8.0
19048,42603.26299554518,6474.170514663966,128.0,119.06051165990279,8.0
19049,53268.18093587663,51296.83008323831,35.0,113.10657768933628,8.0
19050,27180.954650922387,2362.1228141828833,250.0,120.6729827913382,8.0
19051,31907.63137931606,11309.089343897314,82.0,119.32919286925272,8.0
19052,35040.8296907535,22745.69770779951,156.0,124.88818599817643,8.0
19053,52723.90395878476,1989.398477216946,248.0,141.89879505387466,8.0
19054,42571.19775146198,1849.7998736813363,40.0,119.82194816580025,8.0
19055,21273.723591941944,16649.02698368069,-90.0,109.96272547963733,8.0
19056,45032.80347379173,18308.305627821785,140.0,120.94272503233788,8.0
19057,60391.84942445527,21360.932597913972,43.0,116.1095781891779,8.0
19058,58447.55290277943,35690.867709498714,140.0,116.7890212852156,8.0
19059,13386.184919369765,5964.365488872147,34.0,100.85275879259957,8.0
19060,30727.440046515832,2362.7406697213314,6.0,115.439025333024,8.0
19061,14845.389982393233,3682.1434487141073,87.0,104.12103287855712,8.0
19062,60062.131564579635,14948.463584474413,61.0,121.35105998573061,8.0
19063,31395.34067319188,3771.714724459945,189.0,125.96670431882863,8.0
19064,32764.0853692858,1740.7352224739143,122.0,125.35394106373663,8.0
19065,30155.589722505767,736.2679510512454,54.0,119.73311736639914,8.0
19066,35773.89276762924,1473.2248167447203,88.0,122.52936943721892,8.0
19067,35586.10177281878,737.7153440502371,41.0,124.77714388922485,8.0
19068,21273.337592949003,925.0135627242266,4.0,107.13694435134943,8.0
19069,39790.490260019564,20763.747203023806,60.0,121.19076102087857,8.0
19070,45545.2944006015,6500.910245061327,497.0,133.54808502028104,8.0
19071,54886.46683747654,13744.254999492048,164.0,130.12804803283782,8.0
19072,42714.411252018675,41005.36355483099,-262.0,109.44011014758046,8.0
19073,40702.24141340904,5549.255032950281,53.0,116.43208361033729,8.0
19074,47633.695543747206,7457.791413868811,26.0,118.53790673100288,8.0
19075,43219.28804920033,22624.77475375325,82.0,121.89082738949408,8.0
19076,30652.807760380496,2877.60071858469,101.0,114.39096174153323,8.0
19077,56933.222612139885,1184.7310806026499,33.0,122.12641742092553,8.0
19078,38405.22217174558,2946.5412986496895,238.0,116.05404451835511,8.0
19079,42959.213137959734,4419.845792413347,53.0,120.97741163455595,8.0
19080,27070.626613841912,5214.40592147784,43.0,105.66486538735359,8.0
19081,60258.78066055683,2369.9145880623846,18.0,123.63568006643474,8.0
19082,48502.421486154526,5749.5036801316555,92.0,110.1309007340559,8.0
19083,57334.94472815803,10242.093984841751,80.0,121.5661259451738,8.0
19084,26158.40020220888,24167.90574760981,-27.0,103.50559026480107,8.0
19085,22854.575716355692,15497.02850305556,-44.0,105.24206546350464,8.0
19086,33500.54560097797,3699.9114315524694,87.0,117.66381790810647,8.0
19087,31481.768558815365,6665.076343246137,38.0,116.47370502055983,8.0
19088,41036.74708655345,25367.836027505255,405.0,130.1446639516971,8.0
19089,40723.72342113434,14817.45880587556,324.0,127.65962229182766,8.0
19090,31113.442967003914,12578.627865506352,143.0,113.18619583294624,8.0
19091,53793.90843325041,10602.784332704241,65.0,117.81833025290015,8.0
19092,26925.17480912733,1474.2456960842978,149.0,125.09779991355012,8.0
19093,20893.88568868872,1471.1790724632635,31.0,109.2402157033749,8.0
19094,35392.33350654269,15897.85559567267,176.0,106.8262564767128,8.0
19095,44221.308171264835,35768.30414244513,364.0,129.45628354317165,8.0
19096,45604.866971366624,43940.646597404026,-13.0,121.00516626847124,8.0
19097,47532.24238141195,31433.370665201088,476.0,131.8359662607197,8.0
19098,38638.706271216775,5469.700138938638,254.0,123.50122021600616,8.0
19099,43468.622957578504,14356.244745550775,187.0,120.01002561658962,8.0
19100,5482.921242015218,4728.9082424508815,-119.0,87.22802337426445,8.0
19101,50215.71497252472,1184.01353216947,115.0,123.87876182067444,8.0
19102,56829.94087323126,39203.384801467975,64.0,116.99818764218801,8.0
19103,46672.82684735017,5977.489121780342,75.0,118.87991647400682,8.0
19104,50882.72035550524,924.8443206472671,207.0,139.2870915060622,8.0
19105,31996.714222278264,11318.174595768523,60.0,108.90046159611032,8.0
19106,49028.39439860804,1850.0155006241075,105.0,128.29517134373756,8.0
19107,42093.918605328945,1470.890034867177,307.0,134.49227492924373,8.0
19108,21661.071097516084,3143.319309217302,105.0,118.42503094100698,8.0
19109,38853.06472275842,11098.670509261503,66.0,115.17685723833173,8.0
19110,50211.21039735969,924.8320375413266,13.0,114.67803068448765,8.0
19111,32974.46472949391,7101.7855437343205,49.0,117.22685478748627,8.0
19112,51406.07575619506,9954.473394868666,61.0,110.51920151746528,8.0
19113,37842.078064848516,22995.68977083947,198.0,109.54797692959761,8.0
19114,25887.598157149627,19228.22562614753,74.0,108.0324184378107,8.0
19115,26313.478023127125,1183.8916385523405,27.0,122.30837345616598,8.0
19116,66264.85730159323,3137.6890839128173,149.0,128.91807522774306,8.0
19117,43416.67674389836,29315.982348117417,163.0,118.26733794993191,8.0
19118,49079.548544058656,1989.9586508575467,67.0,121.9936143553156,8.0
19119,32447.149239813232,13892.95603431377,327.0,107.5209668760792,8.0
19120,29948.427082962866,15847.028529393963,163.0,115.74506745929,8.0
19121,28871.49483415732,5224.439637599231,85.0,110.89345054883756,8.0
19122,28303.892131118268,23703.46289027219,-13.0,112.38967139462119,8.0
19123,21042.783184943415,1990.7683958120715,102.0,110.98639066511154,8.0
19124,25459.0565259219,735.1935129024564,3.0,110.4667387181907,8.0
19125,11817.942793636508,10636.017828625681,-328.0,110.90804755023962,8.0
19126,44070.1516908588,29968.5760975904,163.0,118.35017427942537,8.0
19127,7593.601599772432,736.7002341587506,61.0,109.36687765623947,8.0
19128,34917.11899932587,735.8375403227228,70.0,122.60594995301551,8.0
19129,32246.343057791797,30520.739808470265,55.0,118.32977979770364,8.0
19130,55144.87152247257,9288.404202281134,33.0,124.8195360172171,8.0
19131,34119.082315786254,924.8327532024058,119.0,127.38329433065967,8.0
19132,41534.851389314674,23908.717874177353,64.0,117.45172646756738,8.0
19133,56558.59213183141,738.9270838239447,42.0,122.88765994943168,8.0
19134,25311.71772278858,735.612729432493,22.0,112.44492108946622,8.0
19135,29522.117537210306,2209.9526929065937,3.0,109.43187825344691,8.0
19136,29429.703062980123,14183.898966808383,249.0,124.04697087587067,8.0
19137,36857.62622410837,36273.25245120306,-635.0,105.06543520768089,8.0
19138,28780.954475347462,3681.930474659799,22.0,111.61164945315825,8.0
19139,12114.022903850648,4682.96790461424,74.0,107.17775533212668,8.0
19140,17871.178406931514,2366.2963781638614,16.0,118.25049721281042,8.0
19141,50411.226924376286,2870.1594798645324,8.0,116.86512248692671,8.0
19142,22352.418052724017,7598.6292841586965,135.0,117.17530566731705,8.0
19143,53652.93025478053,11099.871012510348,233.0,118.35172632215159,8.0
19144,36923.08936252018,24820.15576047858,183.0,116.41303397973935,8.0
19145,48130.59122255565,738.4481170321835,97.0,134.34719068794266,8.0
19146,31868.292843641953,10280.62182417937,90.0,117.11629698397832,8.0
19147,30477.04202121055,9959.671492904978,75.0,110.59880141498051,8.0
19148,11406.246549667712,924.9023231733331,25.0,106.85192792856326,8.0
19149,54419.05078284301,44167.387431011724,250.0,131.99099998143538,8.0
19150,45512.650874751394,24742.760760958445,298.0,122.56311538040836,8.0
19151,4515.800711735469,3798.014729748206,0.0,89.9393376221119,8.0
19152,43962.61288223264,3980.1004048645746,20.0,125.67061433338714,8.0
19153,16625.51483566414,15192.235506870185,-131.0,101.72443457421733,8.0
19154,44302.11203101301,4799.29509392191,256.0,128.58495269038372,8.0
19155,27101.806908246665,7600.703847575266,109.0,106.79922150976016,8.0
19156,59051.356513960796,2874.107159920057,29.0,123.55922813607819,8.0
19157,42901.75091713961,2390.4593662287807,355.0,133.8684910395931,8.0
19158,53688.334647209216,1849.592518966471,48.0,126.64665939002901,8.0
19159,55829.877978131655,17258.880822814244,79.0,118.1456685578104,8.0
19160,58828.70225688828,733.4928852047772,120.0,128.60697955489695,8.0
19161,48593.641652611666,12127.494246262715,113.0,125.00901951065102,8.0
19162,42326.43269386636,29540.235975211574,87.0,117.28683886723226,8.0
19163,19652.423267603175,6842.174015402834,124.0,105.60802703950816,8.0
19164,35638.51801657977,4683.080686055964,130.0,116.20422289700963,8.0
19165,4419.8309790043,3683.481059003434,-14.0,88.76537739897712,8.0
19166,42834.404087559196,1184.1765694350493,19.0,111.5050287424103,8.0
19167,38425.876843291684,27473.960047881672,67.0,113.88259396965104,8.0
19168,33755.10913534471,1180.4926224141154,35.0,120.78021070470231,8.0
19169,60685.38693525618,2871.7620788644535,5.0,121.19579010128871,8.0
19170,65176.59699387623,5899.976339542784,80.0,121.96011087202069,8.0
19171,53605.449295204526,22503.546316317643,113.0,121.19141698016004,8.0
19172,24298.662667566503,14738.610087464576,178.0,105.787600584608,8.0
19173,29382.704196946615,27649.234221749237,61.0,117.57605118569697,8.0
19174,46830.07548011197,1736.869005645936,157.0,128.90173981393866,8.0
19175,34892.71990292998,9310.082998644102,122.0,126.71781158700315,8.0
19176,50079.56147421101,11507.241599276313,79.0,118.07654345077871,8.0
19177,27627.529354851136,924.898962370561,184.0,128.63209669383707,8.0
19178,20192.304381249138,19348.342074396103,-95.0,103.05397199515299,8.0
19179,42886.33697817616,24764.55189972837,132.0,113.20703494749378,8.0
19180,30554.935603731497,1181.5488788877112,40.0,115.88074003767794,8.0
19181,65357.887983867746,1185.0009831246023,92.0,131.19157730539968,8.0
19182,58151.29611144741,9003.220000433106,209.0,134.048689889125,8.0
19183,42425.05500661284,924.8881008154391,14.0,116.437260119467,8.0
19184,27784.084669157066,1738.077527369842,14.0,118.23405675649536,8.0
19185,27498.164453565732,19229.48950462093,148.0,106.9520004736298,8.0
19186,30950.300769310135,9418.806940917848,516.0,107.84303924083086,8.0
19187,31566.409754810385,9255.219338570416,101.0,109.89310433471557,8.0
19188,62200.129176871094,732.1925752278839,91.0,132.105505305417,8.0
19189,40806.679353726635,738.3641604363384,160.0,131.87488968783282,8.0
19190,33078.88874464498,18046.013076558404,87.0,115.5778541649173,8.0
19191,60473.086244391634,55013.63013144255,-31.0,114.76996819518371,8.0
19192,54121.029392777695,11955.840190198547,72.0,122.9303518719,8.0
19193,35206.092067712205,734.4530777678148,34.0,135.06498877344154,8.0
19194,16218.347703552448,10345.747869843759,231.0,97.08132753244824,8.0
19195,56151.840374019965,3771.819958220781,154.0,127.14101664686928,8.0
19196,52872.55082524896,924.833384442198,60.0,141.4364842280525,8.0
19197,26863.633244406323,3699.789892783798,72.0,120.5851757111377,8.0
19198,57768.546549999206,38989.136599748126,187.0,116.5037441296338,8.0
19199,60716.28695442803,925.0986633730593,202.0,136.46057160217276,8.0
19200,19988.08760255355,10971.535406340749,56.0,105.71223746160082,8.0
19201,18120.466841044996,11966.14712163457,23.0,107.58380724362104,8.0
19202,52097.04545331839,3137.7870117526118,84.0,122.66911533763495,8.0
19203,18532.895952654664,2870.4025607193994,140.0,121.42804800311612,8.0
19204,32473.30831437157,1180.9166698863287,117.0,132.72670423920883,8.0
19205,22307.45489237807,13032.323108133935,196.0,107.35676117081772,8.0
19206,44845.03760294209,23855.87326974869,222.0,122.8053802348341,8.0
19207,7095.474289789068,4730.320106236697,-6.0,94.6757766076724,8.0
19208,50717.98511281466,1180.1856527385096,20.0,118.7448518172104,8.0
19209,40862.41499776966,22307.588440265667,215.0,112.0561699996325,8.0
19210,55349.662618560236,5750.7478944733,73.0,115.73235226102865,8.0
19211,22849.862224056713,11046.570156965166,39.0,103.95855483050312,8.0
19212,20766.876851962243,4608.253917853072,43.0,112.34625008870458,8.0
19213,40362.4931551079,2397.4776786693733,79.0,119.59246931338971,8.0
19214,50291.169999816964,1184.4592300357176,18.0,131.9675443320286,8.0
19215,18453.433737772273,6351.593070398106,176.0,109.26165158394318,8.0
19216,46917.09129687553,1180.4673374022077,58.0,143.79771555505314,8.0
19217,46645.20196466873,1733.8760327709751,46.0,119.25896686501576,8.0
19218,24328.830858525907,7545.235656423213,274.0,107.63253085345515,8.0
19219,14185.318468475283,11820.42609296791,17.0,104.90952680075895,8.0
19220,21590.084096358652,1991.846888232456,129.0,121.0655927073939,8.0
19221,18513.442776831344,924.9136339309754,-10.0,106.32232158847137,8.0
19222,28476.84976263924,1990.6531777572268,27.0,112.54026700180225,8.0
19223,37351.41364993376,15855.098327196292,139.0,110.6645176916892,8.0
19224,50970.51983598599,13340.112177586,55.0,115.70452231784212,8.0
19225,43167.897388268466,38382.78410921322,-9.0,112.78828231900191,8.0
19226,43774.7743944141,2870.388944896927,13.0,118.1194994863668,8.0
19227,51491.7986920229,732.7216042003665,9.0,128.85921261746262,8.0
19228,43187.354623149055,20027.162647473324,267.0,130.45130151217353,8.0
19229,58098.11512373191,2360.6067256263154,128.0,125.3967879125497,8.0
19230,42056.30685511972,1735.00405316651,26.0,117.70060393447972,8.0
19231,53771.912139224245,7435.749653611064,220.0,125.5685261785408,8.0
19232,59950.977001721134,924.8231273480601,90.0,138.8296779214131,8.0
19233,47560.744926558116,7104.2483787492565,120.0,130.35420572745073,8.0
19234,27412.415313500805,3092.831325107425,139.0,120.85115711820247,8.0
19235,21906.023345587877,1183.3226569005324,75.0,114.2627799123682,8.0
19236,40813.968792418156,924.8636492911688,102.0,127.28013573116274,8.0
19237,17366.34534086519,1740.6713267389616,191.0,123.42048413440003,8.0
19238,42374.51876303353,5742.76524399168,21.0,117.05243750516436,8.0
19239,40526.64444196569,1472.420250787911,183.0,129.42552689293305,8.0
19240,48415.29094850922,925.0441926128634,20.0,126.40577388726634,8.0
19241,17170.126517642027,5965.972965344567,21.0,106.60014708580718,8.0
19242,27073.71384608537,7435.897147024317,339.0,126.43634087725316,8.0
19243,46532.03273341786,5597.857389449702,108.0,128.14773130147353,8.0
19244,53695.76860110398,1184.452271035227,72.0,131.78847115198266,8.0
19245,36995.201837113396,3082.7796821731185,259.0,128.88520962907825,8.0
19246,20107.36265563442,7098.197663704826,371.0,125.32696341082959,8.0
19247,48923.393329514576,1180.3562328555483,107.0,129.50436063575395,8.0
19248,20208.18705212963,13049.795028714752,32.0,106.10355408846856,8.0
19249,22766.02248189144,5126.9740839713995,72.0,111.17480713254574,8.0
19250,29003.746220176054,5485.810200721102,245.0,109.06827698737278,8.0
19251,25069.89374728648,924.8110308760116,107.0,123.8646261041012,8.0
19252,28022.67225694733,736.8411958862981,34.0,114.34479468292763,8.0
19253,40112.276590078916,1181.5456915081702,40.0,131.33552319508738,8.0
19254,28530.022989456673,4854.7748013314085,92.0,125.46372639114094,8.0
19255,21183.477743494408,1183.2147355657762,120.0,137.81906237460717,8.0
19256,35891.70189445723,1183.9860809549655,19.0,114.25490624616864,8.0
19257,25625.57017342122,5127.93259514483,63.0,112.50436474469421,8.0
19258,40019.772483894,38317.925363996364,9.0,119.95197788432294,8.0
19259,35249.26072563612,14086.614086409598,153.0,124.04906850456567,8.0
19260,9102.164944466169,3141.243083839419,5.0,99.73193644376377,8.0
19261,9278.361891239168,1849.765963453378,44.0,105.65896559334541,8.0
19262,32734.555606072365,14113.25387076583,198.0,105.61740985230834,8.0
19263,26913.83217744929,9278.610175313257,71.0,112.17122934151936,8.0
19264,53435.82003289511,1992.2199858880247,53.0,130.24036270907112,8.0
19265,26822.35153456347,3699.547081524939,66.0,112.45304196783037,8.0
19266,24688.56700858859,924.9619865125422,7.0,111.18736216206136,8.0
19267,47176.269009436066,739.2746518402054,28.0,129.75057206087547,8.0
19268,32399.60040542958,26514.250138286443,-245.0,120.7142155681409,8.0
19269,56750.545128310354,925.2037186992641,25.0,132.58501240255524,8.0
19270,50909.037831022804,1179.2696785765595,21.0,126.76507995469169,8.0
19271,21926.4972873614,10193.14104114662,326.0,108.89359323715306,8.0
19272,43737.36807730167,39133.17764885466,-10.0,111.81199234021774,8.0
19273,46668.70855241517,21056.8029649018,77.0,116.37675173921494,8.0
19274,29756.212948858072,4306.067609593367,293.0,126.88701559250615,8.0
19275,48453.89376449042,5774.619661405054,180.0,119.7725246460355,8.0
19276,17066.65223013333,1183.151199549036,80.0,117.37861536574115,8.0
19277,38404.8533786534,8264.457465090914,76.0,117.9820594465695,8.0
19278,6175.733014167783,1473.0842343025893,-3.0,94.27630288801916,8.0
19279,35909.7865275431,6506.481524901226,54.0,119.24964456075494,8.0
19280,65565.57145824646,57303.20807361536,149.0,112.59704674229566,8.0
19281,17226.437403913074,3772.5916838569597,33.0,105.25356264455749,8.0
19282,4791.462932651409,4122.002465990416,-89.0,87.58813531365547,8.0
19283,23507.931367814912,1181.0777848199432,227.0,128.26700537095377,8.0
19284,38386.78091677253,17055.310212327593,519.0,130.61276972222228,8.0
19285,15878.30367384948,924.9214660423141,5.0,114.44946917362194,8.0
19286,24777.878345186233,8639.242358076759,44.0,112.49739435822671,8.0
19287,22779.52237499003,3086.627620460405,74.0,108.84230280759385,8.0
19288,66863.92297919726,60214.00122341632,46.0,117.39843524008204,8.0
19289,52084.58545869453,3552.8312702689877,187.0,113.72792170847531,8.0
19290,52547.84210440788,1992.6475229766272,31.0,122.72978593912012,8.0
19291,13259.234448240515,2209.8197095696296,17.0,104.64729687303398,8.0
19292,41587.996462668205,1743.1231495612562,229.0,131.23212584525538,8.0
19293,6661.202084032688,3142.022324164203,-10.0,94.19481877460564,8.0
19294,28317.15477132076,10946.862456008326,117.0,117.27654176467935,8.0
19295,38637.82002884953,1741.996354509628,127.0,116.69719346990263,8.0
19296,17571.977024502405,3480.655410350098,175.0,104.19479172213508,8.0
19297,26833.512279537994,924.9235157063462,89.0,121.83396149565056,8.0
19298,43937.96772793078,7562.204773914848,-50.0,118.6623605179766,8.0
19299,31114.177338640166,29380.04899290833,39.0,117.92387548643693,8.0
19300,17819.08895923908,1991.7097919519226,122.0,118.49690705485952,8.0
19301,11202.535048476491,3087.745028969814,8.0,109.30400133776124,8.0
19302,56980.68056507988,1179.9652639420115,34.0,126.85634616537256,8.0
19303,60916.869326991786,3553.4390476961485,217.0,116.21151750380045,8.0
19304,62237.71816336772,1179.3372038888808,354.0,139.86799149117923,8.0
19305,42989.00633877461,28888.396858546643,163.0,118.2121407528049,8.0
19306,49359.35193220796,3139.0271962643537,29.0,116.16651867472328,8.0
19307,23709.17640234425,1471.1614386386768,33.0,107.74482548110294,8.0
19308,34726.0888478628,26272.648416407763,353.0,127.57296651364854,8.0
19309,51061.942166504334,4624.717134454907,477.0,135.1718296727729,8.0
19310,56413.565915857114,17380.47305848011,43.0,121.05548695092811,8.0
19311,62547.31175739752,21096.279670400112,61.0,112.89084629801553,8.0
19312,52356.3808827714,9963.080295731861,81.0,124.79548016758007,8.0
19313,39779.85787058641,1849.9910310805624,28.0,119.16190967206258,8.0
19314,60363.34950303988,1185.100682500255,123.0,137.49995164534266,8.0
19315,35918.95863099638,1742.5047741391083,189.0,128.42322127384966,8.0
19316,56290.284302602675,37238.26693432806,23.0,119.22853635629619,8.0
19317,40020.2409712098,925.0402883736293,13.0,113.99227939938865,8.0
19318,48547.305088978486,2401.800677137844,338.0,140.319698776573,8.0
19319,26165.421441148574,5956.734906686806,127.0,122.4108898608788,8.0
19320,49515.713317693655,7119.662963808966,65.0,120.9427808310501,8.0
19321,61135.40646864228,1992.0195110092857,182.0,131.801486938515,8.0
19322,28957.748935904252,735.4966700924182,37.0,117.58676064951072,8.0
19323,52906.321546523104,4313.777182855956,155.0,125.75474047019324,8.0
19324,48372.248262537105,5977.640391722935,65.0,120.3640610710441,8.0
19325,49095.19576730603,34065.954337625626,39.0,116.96084074820405,8.0
19326,27463.630363055254,11368.334827402196,454.0,121.52117629026581,8.0
19327,50917.72700456307,8323.901537814925,32.0,119.92632346096389,8.0
19328,18665.376841488152,5221.535414023336,88.0,111.44937684530372,8.0
19329,26459.212268257495,924.971347614724,14.0,124.26181225435023,8.0
19330,46541.50748418705,16542.250511166905,30.0,115.21438857789931,8.0
19331,37101.705289921,28411.223324278682,84.0,122.75580829557734,8.0
19332,41571.37025674876,13948.48160013382,27.0,117.12144417812206,8.0
19333,25925.16199545887,4513.949958417899,21.0,113.47057313393458,8.0
19334,19753.79693736521,2393.281796833855,113.0,117.0324044048755,8.0
19335,37386.43766724538,1472.701440441966,26.0,113.8678415356376,8.0
19336,36093.19623656782,10207.93391571505,360.0,128.57945946880852,8.0
19337,39657.59762075268,735.7383760328968,74.0,125.05777169245206,8.0
19338,24742.59708941588,10643.51755769089,163.0,114.21850309120882,8.0
19339,44300.02292268324,924.8591045005546,112.0,128.91006541942963,8.0
19340,17898.13465244367,6695.420170280402,6.0,105.82904095076174,8.0
19341,37732.34463117084,2366.825027387715,120.0,123.84865738104116,8.0
19342,49885.14145126882,924.8759766178229,38.0,120.92299927868993,8.0
19343,58482.92709160241,41469.18295383088,183.0,124.4640027550113,8.0
19344,46152.0472974557,36204.2084639366,397.0,130.92673029220055,8.0
19345,31482.159570009368,1849.8431681105185,137.0,124.15467144826701,8.0
19346,44800.04860232166,3791.7337782747372,273.0,119.92794210099699,8.0
19347,30558.28491468918,924.9209723780046,163.0,128.03098433720476,8.0
19348,30527.479235560382,15552.445496435335,14.0,113.69066826350932,8.0
19349,19392.294486316525,6401.04709565519,294.0,124.09132720466218,8.0
19350,23125.172289982158,3086.433962039426,164.0,129.9635334251047,8.0
19351,34554.00273408649,735.0246238118239,175.0,140.49426822125747,8.0
19352,48909.59736198142,27398.80005281642,139.0,113.92481920731754,8.0
19353,47769.80604113531,1180.276950002771,32.0,118.65566436946624,8.0
19354,46362.80734560057,734.3411986222226,183.0,158.88332945717775,8.0
19355,38696.95618257323,20074.963622533545,198.0,107.77975439979292,8.0
19356,49268.399283348925,30484.62940712634,187.0,116.94943084605694,8.0
19357,20182.579039217788,8100.376933971093,173.0,117.78589045005585,8.0
19358,25657.36296529645,1990.3498900704615,153.0,113.53765969698878,8.0
19359,12046.255484745743,924.8567058708658,51.0,106.49665350844012,8.0
19360,20628.566774547,735.6377131181739,111.0,122.3550416983193,8.0
19361,28613.846511064887,2361.8138539585716,85.0,118.61809098703722,8.0
19362,54813.58521026583,12126.550973957015,429.0,126.05794567685443,8.0
19363,30447.055760312374,1182.3451615462652,58.0,123.20727818205731,8.0
19364,29574.64234029287,11833.206181950538,168.0,121.8257862160169,8.0
19365,41643.22308898097,7442.359364933692,97.0,118.71386950670512,8.0
19366,2946.2690620707526,2209.919129042841,0.0,86.45278126814218,8.0
19367,28727.39904483361,27991.050175300512,-310.0,103.06601472635651,8.0
19368,42935.774064162295,4508.869313910393,214.0,127.4261716115319,8.0
19369,42804.722525636294,31242.713323026324,120.0,112.77983794145707,8.0
19370,30424.9520849727,1181.1868189481295,78.0,136.62057279133592,8.0
19371,31884.91278300274,737.1600764647662,44.0,111.01240047444189,8.0
19372,40344.275535627,1474.5431888180378,83.0,122.8718659870772,8.0
19373,54750.82086046197,3700.036356271829,78.0,125.98253400785391,8.0
19374,45972.71182542854,3551.615855805676,214.0,129.52058442177082,8.0
19375,42779.824975582,733.8293408324043,28.0,119.00090780568375,8.0
19376,23863.11831284968,924.8207092278546,59.0,123.95928380636744,8.0
19377,27401.338839654487,7877.38154804971,89.0,105.07476735259408,8.0
19378,26406.32132511207,9365.861741231884,233.0,121.97266746651476,8.0
19379,32520.504026958824,20700.946827675558,-19.0,110.58726422639488,8.0
19380,35423.58754347563,12113.802798972743,126.0,120.47155212849187,8.0
19381,57535.97758560438,32082.136509597723,-147.0,125.72182991103561,8.0
19382,30147.18576288207,1737.0683533608988,5.0,109.15339113700588,8.0
19383,11482.969469666383,924.893426176025,4.0,103.09178209246699,8.0
19384,51146.8734775809,1989.3469927961992,268.0,120.61156984816965,8.0
19385,46531.592952372834,19548.02677016118,-122.0,119.72551299064875,8.0
19386,50884.453484472186,3978.5308014704124,191.0,131.69324238074782,8.0
19387,31648.908293437496,12512.277219588423,74.0,112.33626888555807,8.0
19388,25076.139850486525,4733.807345828064,82.0,114.89151022122007,8.0
19389,25323.3947227564,924.8189315313158,85.0,121.5531319439431,8.0
19390,40317.328805571524,18784.993991437954,263.0,116.63488612790266,8.0
19391,45132.12140254962,25182.869232703815,133.0,122.25820794551905,8.0
19392,46820.80152954024,925.0137750403505,84.0,132.9280550205175,8.0
19393,50915.39462196506,1180.124822686839,169.0,131.95418998923085,8.0
19394,46668.06886203778,3541.7408299942363,95.0,122.09737033298978,8.0
19395,32205.99291018012,11314.394433375668,51.0,113.2023999374139,8.0
19396,26658.18458091924,1183.5767913536533,66.0,119.39602840229777,8.0
19397,19310.002018101073,1740.225262289153,167.0,121.80287278627935,8.0
19398,27090.190066343697,6336.192700388683,249.0,128.9852474115272,8.0
19399,45008.93776365438,1179.590429870195,105.0,144.67454689623727,8.0
19400,7965.1722381080035,2871.153962948398,5.0,101.74318282120348,8.0
19401,32848.05192047822,1471.4309745520623,73.0,121.32142243816558,8.0
19402,28923.328306808828,1738.0269357219686,25.0,112.22166047733498,8.0
19403,46493.17722632923,1736.9485490236918,107.0,135.61305761802032,8.0
19404,54986.87937667868,44166.076088380956,105.0,112.90605099423624,8.0
19405,44489.377778901544,737.1359647914039,94.0,127.94278774008386,8.0
19406,55200.13453843417,44961.68111809062,204.0,125.20093041043611,8.0
19407,25939.595945866015,15740.851204424038,192.0,103.7330606864115,8.0
19408,28741.803114923405,12116.375908064694,133.0,108.1504295648512,8.0
19409,46240.97647922847,3094.214730515502,85.0,113.85463533211488,8.0
19410,16138.180090497543,4514.182051111977,44.0,107.19933433532944,8.0
19411,26122.767935180746,25417.17737450987,-188.0,103.94571468411038,8.0
19412,53663.9768215576,12023.15495421632,153.0,118.59559819369501,8.0
19413,52948.760837688445,1179.9917068393813,158.0,137.72516598375415,8.0
19414,40479.55177568048,13380.735808813492,156.0,111.04887628482054,8.0
19415,40770.93676350836,734.6818362881041,127.0,141.57168592242706,8.0
19416,9622.282818655796,1473.8108512542167,49.0,107.30317849936125,8.0
19417,32730.519897537,11381.522255094324,122.0,119.98405109913719,8.0
19418,18557.053948103603,7435.945467379178,95.0,104.1764102725842,8.0
19419,39795.648536151166,5157.758174694527,94.0,119.17500343453071,8.0
19420,33703.65943129631,12192.754341761507,139.0,110.87678466668498,8.0
19421,13952.009464371271,13032.523250145503,-43.0,101.13748786641699,8.0
19422,43188.53174248188,4602.846635877402,131.0,122.81286618287028,8.0
19423,28095.814565418354,8570.986234510307,39.0,114.96787816367501,8.0
19424,44616.099763448,735.6086421691593,19.0,117.48403624092275,8.0
19425,53134.62748766062,9364.913373554997,279.0,119.87464362179192,8.0
19426,30329.160480105184,6639.218541047597,112.0,115.12456055757589,8.0
19427,55416.06589123739,29463.21054032329,88.0,120.28991458742513,8.0
19428,56475.41198558028,1991.9701896698425,83.0,132.65832342303207,8.0
19429,61559.999946062104,22277.695957255957,44.0,121.8240490840769,8.0
19430,59525.67476367714,2872.3513634910573,40.0,128.901404726686,8.0
19431,34093.91057211279,2211.077364356112,82.0,114.19469121902893,8.0
19432,35030.28993558745,7441.735665931493,33.0,115.46924096551103,8.0
19433,53180.396970877504,41490.068209996076,222.0,113.72805745774319,8.0
19434,36864.721954449145,9781.577864382487,126.0,118.94615094227018,8.0
19435,8694.314896145357,1182.0536668486222,26.0,104.68802908377417,8.0
19436,48776.505753172074,44734.805721374214,-55.0,114.03140027836864,8.0
19437,31860.994772094018,924.8058295073666,70.0,121.11210699770498,8.0
19438,28426.84998886255,4113.581574934435,38.0,105.85011093795646,8.0
19439,25016.029013060783,24092.81289485376,-311.0,106.00445665046841,8.0
19440,20244.801360581936,4615.089838995417,408.0,126.87665014344026,8.0
19441,51129.92974271159,7435.529095519054,106.0,123.06048840653494,8.0
19442,30259.867584117597,736.4234902689794,33.0,117.61069109915417,8.0
19443,25601.597327548312,12804.429799351206,87.0,114.19534543332723,8.0
19444,27786.974386820646,2774.8592334789078,127.0,121.25711935198427,8.0
19445,64707.308076662295,1732.7034320744008,54.0,123.27734612014007,8.0
19446,44548.13790355188,3699.502713097191,98.0,119.84244236189994,8.0
19447,55821.25455272254,6637.9292634775375,246.0,131.13946059001128,8.0
19448,38413.94119187989,1736.2344204042724,301.0,133.60858205737262,8.0
19449,44416.82677449973,25632.223605935054,187.0,116.57045765743551,8.0
19450,55274.775626148,15297.406257147202,76.0,118.37294112735688,8.0
19451,51903.10916578952,3485.516941247991,93.0,121.78743632635958,8.0
19452,53444.6340706347,10998.909726163292,63.0,119.94599961964317,8.0
19453,15577.530508429782,8154.26734231248,26.0,101.94217675487874,8.0
19454,41516.49163446729,1989.88486444536,23.0,115.51443024627596,8.0
19455,41078.678911477415,6914.814827902967,96.0,120.4769267294819,8.0
19456,47361.2719204265,2360.508513527321,40.0,126.11556798786177,8.0
19457,36694.31336507363,16298.56596438705,71.0,120.50625390352032,8.0
19458,57152.22853872159,924.7506891551013,11.0,123.74619145317567,8.0
19459,48899.80688178224,1179.676330605913,190.0,141.47112161906256,8.0
19460,54903.95559695525,6406.307020403975,405.0,128.55344328108256,8.0
19461,39954.97855781869,3472.1810442158503,133.0,123.23176235889213,8.0
19462,42980.167717444,25975.698200226005,484.0,134.5050082895239,8.0
19463,45084.923287127065,1184.1639368465455,84.0,128.49175879967578,8.0
19464,57677.8592570399,25110.340732698936,37.0,116.5266960114166,8.0
19465,42964.868304290445,1471.5553030180458,224.0,121.20265050139633,8.0
19466,58129.067513291586,3144.5104148005603,114.0,131.94131415337978,8.0
19467,30231.313185297902,12576.919122472993,158.0,122.6973686673831,8.0
19468,34459.13834210048,15676.784891575111,187.0,116.19422643080424,8.0
19469,10249.856128013651,8264.322498591719,-1.0,101.63819526017463,8.0
19470,19714.593497875783,4050.1575343782542,348.0,125.99844189371214,8.0
19471,13000.270920530986,5908.637954254937,-7.0,100.88926986819429,8.0
19472,51463.67904220062,5922.050114951992,127.0,131.05656351055188,8.0
19473,51803.07983157062,9249.843270531026,242.0,121.07530168353364,8.0
19474,55540.86359355343,31090.27210132695,173.0,114.7325530714183,8.0
19475,50958.85073534907,10982.624122000012,76.0,117.14929123771687,8.0
19476,45742.06195202271,924.9060387597962,63.0,128.86387380177783,8.0
19477,57265.69087990975,3552.633368302847,104.0,130.23149400504894,8.0
19478,57272.744206875075,21315.965151980796,83.0,120.50311958948639,8.0
19479,62733.651988270605,41972.37581541444,111.0,119.02412318918627,8.0
19480,7489.238400277842,2364.0399901485184,9.0,97.60036900649435,8.0
19481,52403.50463475282,2367.993661945105,35.0,128.08175882232294,8.0
19482,31773.156125505513,1990.2084868736517,42.0,115.37273549851403,8.0
19483,23855.495747178178,9028.372502713557,196.0,110.41296306837307,8.0
19484,38423.532668805936,1180.3415855806725,16.0,116.78253847550491,8.0
19485,53404.707515713584,34870.28972959174,161.0,114.8354311003913,8.0
19486,53168.52116320696,7557.139690830972,164.0,136.69902205553626,8.0
19487,53737.00009832839,51745.85167159235,-197.0,110.30134831670584,8.0
19488,48536.00141045339,1179.8569269527322,77.0,132.24865407546895,8.0
19489,27136.851531672215,1991.5407263167085,176.0,124.70048257364184,8.0
19490,25550.37248825624,18908.052789771467,69.0,108.23742405721771,8.0
19491,20173.146624594254,737.7675907614042,83.0,120.93632890899633,8.0
19492,39237.80157536678,9097.988726504236,54.0,120.43778426974686,8.0
19493,54722.35818052608,14948.463584474413,61.0,116.49108091006784,8.0
19494,24595.200131196583,924.9334802530764,47.0,124.75649737671182,8.0
19495,32506.6979287114,12113.875973559252,80.0,120.02408760849265,8.0
19496,25459.326308424173,8310.129178009585,170.0,118.91698022718461,8.0
19497,31334.076296737443,8826.5538096639,271.0,130.59282293483523,8.0
19498,52122.09502919015,2886.9381876509005,177.0,126.47978552309567,8.0
19499,55464.93146709729,23880.21801471553,82.0,120.8259844451454,8.0
19500,36404.98404519241,1180.3425285618614,18.0,113.34518131493138,8.0
19501,27126.782493315313,8088.660407793062,48.0,117.89129113473136,8.0
19502,19060.55302582277,15013.197455775153,24.0,105.60484876474214,8.0
19503,31236.67080649037,924.992394039687,6.0,108.51853131237375,8.0
19504,28953.26194210192,23123.456150701248,-60.0,112.4531702314522,8.0
19505,29977.027150963855,18429.81483930132,62.0,113.39133769033455,8.0
19506,29803.84823492875,11988.231540353841,40.0,111.66149437061028,8.0
19507,9956.240900690518,924.8646787176399,65.0,111.71826126133732,8.0
19508,43528.65123848456,3699.8609822705757,244.0,128.89135009020984,8.0
19509,41939.768699241205,3772.739034526381,110.0,118.45120150364995,8.0
19510,26268.27834501636,1741.5965473892443,115.0,114.76177813412541,8.0
19511,28266.264812933772,1180.9162972301492,23.0,112.25663014823574,8.0
19512,16836.21778477202,736.8127035891276,109.0,122.07535562157491,8.0
19513,51102.31416164648,924.7392769699273,83.0,127.31024282185528,8.0
19514,53452.153338928016,34402.112116192366,76.0,120.07996981727096,8.0
19515,18731.981498841495,1849.8397435786155,20.0,108.983518507419,8.0
19516,12797.625042659842,737.1991722178924,51.0,113.3126613168784,8.0
19517,33951.39419343204,16907.749885877776,235.0,111.2073424126281,8.0
19518,31688.57278549239,736.3374582357657,211.0,124.17891463801269,8.0
19519,42230.01903368232,735.165267379828,67.0,117.59552742198476,8.0
19520,32255.164933935288,20890.60768804451,14.0,113.61988230831344,8.0
19521,23603.197789975682,1181.8247847713744,40.0,112.58973258758141,8.0
19522,39221.10336298041,1181.9478353031814,57.0,123.18951206476643,8.0
19523,61596.61301814176,54936.0963379599,80.0,116.82051217040816,8.0
19524,50292.218010386714,30743.844316254123,306.0,112.8894500426148,8.0
19525,45144.388999821545,734.3431013041051,205.0,134.68313147960006,8.0
19526,40467.50078684227,23331.587804766135,163.0,111.92854255121439,8.0
19527,50226.83544086368,7437.723843212209,201.0,134.35172143543338,8.0
19528,10471.479213264502,8306.887302775349,9.0,99.9176976921123,8.0
19529,48601.03096871369,925.0641186158439,7.0,115.7375345464876,8.0
19530,54613.906179223115,3699.443265997204,29.0,126.52632928456777,8.0
19531,49487.67467249891,2869.8447169434858,156.0,144.44481928587297,8.0
19532,61954.8461700513,55293.58076180386,80.0,116.7804341540654,8.0
19533,29633.246198996665,20360.85471108223,55.0,107.91151167616087,8.0
19534,4609.1830386849315,4045.8938354364986,-6.0,92.9169137968268,8.0
19535,27074.202843171675,924.8426359122744,25.0,119.48281496122769,8.0
19536,20949.580138029556,5236.540035550709,174.0,118.89348775363564,8.0
19537,47351.36983230072,1179.6887558433034,99.0,133.839784195562,8.0
19538,26743.327367576036,4725.210350472591,21.0,119.33711324637088,8.0
19539,39225.04448828277,733.8097181351022,6.0,114.53899631432333,8.0
19540,18315.84075835935,4854.290174278694,-11.0,104.31737707215551,8.0
19541,41601.701285260446,7421.717054608363,345.0,128.84700883662146,8.0
19542,15740.865164889728,14817.052009796435,8.0,104.78852825509868,8.0
19543,62392.32356746723,3540.6554521741646,131.0,126.75855898955658,8.0
19544,36140.60972517212,35217.358760089606,-311.0,112.79721209328301,8.0
19545,15059.670783312147,10269.545621189058,11.0,102.01003132125697,8.0
19546,39271.52986684208,1180.9088384625861,45.0,120.09482733954624,8.0
19547,61853.00126321531,4738.623628860955,113.0,132.57666673107383,8.0
19548,6922.260269501131,5760.125476810365,-302.0,102.69437572112716,8.0
19549,28866.951742139696,736.6314831683036,18.0,116.34176747044125,8.0
19550,46155.50126853829,3985.10219087795,14.0,117.7555979935864,8.0
19551,53743.556774164615,4302.724054546978,147.0,126.96754439426849,8.0
19552,43065.19775166832,2368.2487698830564,41.0,118.24997888891544,8.0
19553,52967.23872602887,2871.436059096465,38.0,117.97641718795055,8.0
19554,36628.749202278654,4723.201312157186,32.0,114.19373689366786,8.0
19555,39188.64499176955,924.9749584935005,45.0,122.26374447207756,8.0
19556,5235.82827684006,736.7662141922318,7.0,95.67727203522905,8.0
19557,31585.619075240724,3980.422972095095,267.0,129.2736170523813,8.0
19558,40626.33639240769,12162.413561119774,22.0,117.25077192332435,8.0
19559,35176.66757638475,25907.183757348208,76.0,121.9437701867401,8.0
19560,28256.501496437704,19952.752077934132,111.0,108.2013409877188,8.0
19561,46279.49807141421,19186.224701152754,153.0,119.92459332604889,8.0
19562,24102.482465712077,735.5424582116002,99.0,124.96747539926787,8.0
19563,18279.851095861944,9974.182014302996,46.0,111.2313275611157,8.0
19564,50105.70505702565,7825.239595081666,441.0,129.97737158556833,8.0
19565,50209.93318239723,924.7882695400309,20.0,124.29500526454447,8.0
19566,30697.8248514214,5860.915566928205,51.0,119.00468920280687,8.0
19567,48636.2581678238,2401.5261623357596,328.0,134.26083050169504,8.0
19568,43389.32213718528,2399.523225242548,240.0,130.56046434854787,8.0
19569,54607.102595017575,18059.934399497244,55.0,116.07556961421798,8.0
19570,10953.552496964063,3796.0167361611257,32.0,99.57936904617468,8.0
19571,19031.603640913025,2880.1150350216303,41.0,112.80734826050599,8.0
19572,44965.679708598575,1183.0898408735877,62.0,119.98690293004374,8.0
19573,29538.509957107024,5209.943549975956,14.0,105.03498762334826,8.0
19574,48298.69032338761,6516.308498475968,126.0,120.19039848563553,8.0
19575,34318.52496759665,13927.545316152808,71.0,119.94190397381342,8.0
19576,52217.63226293199,43775.27818185435,381.0,130.8156952799013,8.0
19577,5125.774536551553,3141.618089458138,-12.0,91.49690938762814,8.0
19578,52660.48212312793,740.0039451717068,35.0,123.51283039072598,8.0
19579,20942.90782517753,2209.0340590904643,36.0,113.41109706733536,8.0
19580,63292.97614813628,732.2164193528422,49.0,126.87323792562248,8.0
19581,15443.084461706994,13461.058132150176,84.0,101.66981614730983,8.0
19582,12969.81780707251,12046.536599005252,13.0,103.20136559306442,8.0
19583,46426.68323312302,38364.69735077399,-643.0,112.13675904615457,8.0
19584,55522.788816813525,2361.041089086863,91.0,125.10246765875023,8.0
19585,47898.6395017698,37079.98320819603,317.0,129.38626537853952,8.0
19586,39364.656982470304,737.1495623445338,18.0,121.09975001110317,8.0
19587,23631.634810207124,6842.0464492737865,403.0,104.33423013809151,8.0
19588,35341.92576531942,4851.984021337266,63.0,107.8829294303369,8.0
19589,48371.24815888507,13677.184480232043,52.0,116.78989863762969,8.0
19590,37090.591170306885,13460.453442254437,-183.0,111.70982008661312,8.0
19591,28677.779816210044,2367.219220848907,142.0,122.16142485718768,8.0
19592,55969.47339382677,6650.901287910817,43.0,125.61806850145017,8.0
19593,53336.079252780124,924.911421070662,41.0,131.64488580544668,8.0
19594,25242.85456224127,16794.446093661423,340.0,125.21541549543917,8.0
19595,29289.761380663153,7961.172921935777,526.0,127.02444550272534,8.0
19596,13968.823706541962,2364.139214227198,17.0,100.69970366593243,8.0
19597,43768.28557711982,3551.166584572908,186.0,126.91484698334779,8.0
19598,9030.091401538608,737.0433144864767,59.0,110.17992070679419,8.0
19599,63911.64179479592,1179.2029417233225,185.0,152.3282537574063,8.0
19600,23926.409087712203,924.9792157803315,24.0,113.58723222983745,8.0
19601,28097.512780344394,19645.678296678376,354.0,126.05594608203955,8.0
19602,14271.995502659638,5967.519116324752,108.0,102.01631246521096,8.0
19603,47880.95587791645,739.0381444975792,17.0,126.61717974361252,8.0
19604,24757.21805471912,13278.43760267234,215.0,123.42964344807712,8.0
19605,47399.97377978468,27153.01167930105,73.0,122.67457727841274,8.0
19606,30902.62081565773,4519.350133379002,45.0,106.91561012758356,8.0
19607,48534.28026263553,23679.589371754522,51.0,122.87558464080456,8.0
19608,20505.50035645977,10253.705450964253,56.0,121.40425797738864,8.0
19609,43179.482756208046,2393.6000844685027,216.0,125.32778516944438,8.0
19610,43730.07629188015,736.9724012475627,61.0,123.79862200479309,8.0
19611,52440.72591320227,2361.041089086863,91.0,133.1505974026671,8.0
19612,49612.819679531094,7456.64025510829,55.0,113.75175694750021,8.0
19613,24308.05949543656,2362.0403568286247,179.0,129.58601943224238,8.0
19614,56329.16801966217,925.0245872279351,76.0,126.95342016554103,8.0
19615,43777.9261976963,22747.003011012876,96.0,113.61524105109241,8.0
19616,42392.487823893505,1992.1614486721048,17.0,112.98785604661997,8.0
19617,27903.946047178735,6516.302535680449,55.0,116.67748795900364,8.0
19618,50483.341355067925,10279.351972679191,295.0,129.17768779119,8.0
19619,33324.20909453154,9950.83943958335,53.0,115.20407910496252,8.0
19620,31181.668106077897,19624.635042342554,61.0,110.79756057072134,8.0
19621,30762.704078769857,10256.532442265545,46.0,111.27855765869415,8.0
19622,54750.042382206746,12047.248324150794,389.0,113.53865155935824,8.0
19623,46326.19611579673,37510.42041697551,20.0,111.61690994549903,8.0
19624,39760.64203499632,32402.013381519668,68.0,114.45161948922488,8.0
19625,19974.00044609763,736.2557772265998,35.0,113.76805234684349,8.0
19626,40380.09823461044,21345.16970243759,60.0,121.31522370045033,8.0
19627,47377.80073436558,5598.418931654604,127.0,119.87144214240719,8.0
19628,52345.9684162512,24740.325288428307,77.0,120.44651640479007,8.0
19629,25940.398443652415,2774.902455853392,103.0,118.1784275651437,8.0
19630,8903.012594348515,3477.7044487533894,21.0,104.6161546055773,8.0
19631,32906.196624138465,14185.125325903779,160.0,118.15642972945287,8.0
19632,43967.36841272697,738.258660897475,134.0,119.96337790988177,8.0
19633,31941.251616526133,3550.6952393506344,128.0,128.20947862091296,8.0
19634,59743.36115847191,13764.344536653885,63.0,121.07695241930921,8.0
19635,49026.18696816162,5902.249107362221,89.0,120.6393289223064,8.0
19636,34048.483585254246,22519.38333075585,81.0,116.77500984502555,8.0
19637,49024.92533789891,5549.189453328455,23.0,114.38487861304463,8.0
19638,58074.985440819735,7118.989592221615,109.0,132.01048901094367,8.0
19639,32996.29256880297,18896.74888807094,163.0,116.94920352652129,8.0
19640,50171.94371430694,9475.327261945391,63.0,118.36486921058795,8.0
19641,31280.623058538742,924.9663008669166,22.0,117.471772828806,8.0
19642,47024.60844532881,21408.50447260679,37.0,116.67735676799649,8.0
19643,42147.79818909235,2871.530245538455,46.0,119.95040993699916,8.0
19644,42033.87624983663,1736.494860515982,334.0,124.62167167916814,8.0
19645,44222.696077360895,1849.7446846032824,31.0,118.40934805730627,8.0
19646,13994.210639133236,2945.845429320132,38.0,106.99850535093458,8.0
19647,32920.7741995314,924.8478336200045,70.0,130.27947163371977,8.0
19648,30867.035381427122,3085.271388445319,10.0,118.05726805326472,8.0
19649,24055.286147447405,7723.041273628198,310.0,106.71804124946564,8.0
19650,24833.815823987294,1183.4520194619745,203.0,127.28081792957349,8.0
19651,52562.992078740535,6359.148595038979,390.0,132.5522423851581,8.0
19652,28998.921102351724,3549.8507998862815,137.0,114.3723257962212,8.0
19653,64809.774814315955,23558.810807691552,76.0,113.42685868913198,8.0
19654,42572.420168495046,924.9246533671959,99.0,128.5404558766557,8.0
19655,40502.49637613229,30309.94354436718,116.0,115.53196643153063,8.0
19656,47810.49091029564,30188.440297018697,47.0,115.44373518570235,8.0
19657,62772.274928059436,17261.565958548956,76.0,120.23181561112796,8.0
19658,3772.3116504010336,2870.761613912552,-65.0,87.25700426219873,8.0
19659,55800.14456268585,9910.813239792744,159.0,133.56335962155,8.0
19660,42553.47994271084,924.9276917386092,48.0,128.6621700920959,8.0
19661,33752.982601594806,7453.643832238566,44.0,115.26636840603607,8.0
19662,36817.50754120767,28520.242474557854,116.0,109.21410509769537,8.0
19663,36835.63347445562,924.987354571584,73.0,131.91601314781684,8.0
19664,38791.270538336204,21768.318666927767,183.0,120.97568001072794,8.0
19665,51063.95592510807,12047.421170270676,51.0,116.71255845443024,8.0
19666,40838.76877684679,738.6095060186732,66.0,124.43307823793724,8.0
19667,40174.84855795106,23327.38542472623,71.0,115.78660559132082,8.0
19668,47260.069135724836,38983.97662590886,-16.0,115.42857771765361,8.0
19669,55240.591499690134,1179.4841625546528,60.0,133.6510618644876,8.0
19670,45632.57158649645,733.1032581764657,80.0,127.66201632354012,8.0
19671,21983.15572889136,8613.353803401878,66.0,104.0562314987091,8.0
19672,51932.52543384584,2361.766193597213,69.0,121.9018600442021,8.0
19673,25621.68172739163,4306.840933780665,20.0,113.28150274124249,8.0
19674,50033.8838426705,10200.992919904678,262.0,127.0190671015882,8.0
19675,45193.658318664005,4735.766325025912,183.0,130.29295173513069,8.0
19676,53743.66295320036,1180.0899429268397,123.0,143.54160900674498,8.0
19677,50199.10290733104,1744.568777504713,29.0,126.37804832749089,8.0
19678,24806.12297365705,2884.9713898709606,30.0,112.01999984590547,8.0
19679,29810.650428326055,5485.935007314849,139.0,119.55456882778367,8.0
19680,30848.860220933653,2392.3248825196165,14.0,121.96287162282616,8.0
19681,52968.394434587935,2368.374183299985,72.0,120.55150752232592,8.0
19682,18209.357302514836,5223.412365991757,288.0,123.84028866100076,8.0
19683,24390.811584219908,2362.7406697213314,6.0,115.18740877428338,8.0
19684,31494.25468229212,5471.687039659181,119.0,119.43984665163492,8.0
19685,33693.030371174726,7543.592727150509,135.0,118.78585013983871,8.0
19686,38802.4391675137,3144.0059234452815,137.0,127.74680532097881,8.0
19687,19312.264821320052,5222.5509567476975,43.0,113.64287192364233,8.0
19688,52917.53149017721,4055.9076367528155,280.0,131.4911704813375,8.0
19689,23657.082622763974,1183.626866960559,74.0,125.10333534033104,8.0
19690,65975.12739042444,925.126755899758,66.0,127.9890059906866,8.0
19691,64745.37962842888,1732.9588306805208,72.0,125.39385090722665,8.0
19692,31599.73053319553,11697.815586499522,111.0,109.62633442512242,8.0
19693,38736.258851047896,4605.116280989246,114.0,120.86257038194222,8.0
19694,22502.08382382618,924.8620626207862,6.0,111.65777608367229,8.0
19695,39140.50015218482,5157.559447830447,338.0,113.52077479875308,8.0
19696,39941.907008948976,1849.9688953231168,105.0,124.4421520349954,8.0
19697,54795.24124981775,6359.327006046832,368.0,132.40070580952315,8.0
19698,51346.29633365874,8096.324491590154,292.0,114.78870356732877,8.0
19699,52802.10446151395,2774.622818000371,50.0,118.02580442656766,8.0
19700,28435.955701809475,6389.928184222565,77.0,118.8162885770674,8.0
19701,22585.25651481324,2396.969428529841,67.0,103.84530647824232,8.0
19702,34362.74284033362,1183.4124886442346,186.0,147.75357153926117,8.0
19703,51785.60543462896,924.750644922596,56.0,125.90883901040004,8.0
19704,32946.93768592379,5128.000280566697,142.0,126.4581862300955,8.0
19705,50789.92244342074,4602.27235946476,44.0,118.46494630062097,8.0
19706,45490.72931136418,1184.3816279003902,67.0,130.2024514801244,8.0
19707,56461.84800980451,49800.5616647987,80.0,116.10876705175053,8.0
19708,36981.348362515426,11097.885663778885,72.0,114.79390067517976,8.0
19709,23692.35290718432,8613.800754514807,64.0,110.82000262242039,8.0
19710,19058.698405080242,2363.6044698036917,23.0,110.18211949562209,8.0
19711,51844.11618329432,11123.897458779837,279.0,112.91828074614655,8.0
19712,29130.969430390214,12802.465820122685,120.0,118.5656148462499,8.0
19713,23252.61712697845,5861.537734098253,179.0,120.3018473058714,8.0
19714,27115.905650689892,10592.645638125503,42.0,118.30304629296906,8.0
19715,11928.717625957797,4514.714744673822,33.0,98.58958007063113,8.0
19716,39773.47630743631,31513.64043122275,153.0,107.42315047878743,8.0
19717,54970.66642137441,924.9358208455076,58.0,135.54723405717837,8.0
19718,8084.781076588889,2396.6687988797307,70.0,107.71878882214081,8.0
19719,11932.820415183121,737.4386459736133,39.0,109.35443427423633,8.0
19720,51211.382898952994,35423.805807688506,53.0,118.27435323034973,8.0
19721,60357.31542729268,8072.907284959974,362.0,132.96799209301525,8.0
19722,24845.337645107607,13288.086728104587,40.0,109.5369400354066,8.0
19723,35818.060465633294,34158.556431516416,-140.0,118.11638432420575,8.0
19724,30531.56112205049,4624.768499602401,335.0,128.35399209854035,8.0
19725,63032.3304357105,740.2317043078618,55.0,130.43563524403174,8.0
19726,25242.122846178252,1849.8942970282174,51.0,120.7652246428058,8.0
19727,53086.85399910833,40290.81479675067,87.0,119.94198020830058,8.0
19728,46300.6876777316,10201.255205536912,393.0,129.81919862584107,8.0
19729,19963.17099958657,2944.9383942863565,68.0,113.03043152127363,8.0
19730,40861.38743180897,4314.333517683941,55.0,113.59407775944479,8.0
19731,34187.70125791928,3680.9846523920296,285.0,128.94092372469123,8.0
19732,24944.035312209005,736.928050776323,19.0,111.05978128509106,8.0
19733,47693.581585131185,2876.830586594875,93.0,125.06710167035088,8.0
19734,54885.95737583873,41577.20847950573,-495.0,122.34875246843961,8.0
19735,46585.29966623704,9781.498482975247,86.0,121.90703995065624,8.0
19736,27466.179942647286,12550.02341778191,84.0,112.47204888443673,8.0
19737,11923.850379782447,9025.832263034106,17.0,105.52399880406742,8.0
19738,23541.74213297313,7544.90375889742,208.0,106.03975903483106,8.0
19739,12796.151579903048,8234.666164197319,59.0,98.5010314011251,8.0
19740,40710.492154514046,1180.3170164536762,138.0,133.72331548165573,8.0
19741,56324.68188164451,925.049675169514,30.0,118.56189905066593,8.0
19742,51984.60780381894,9278.919875638516,403.0,131.16691913181148,8.0
19743,54006.852168385325,7105.313854111889,214.0,136.8347318474216,8.0
19744,46993.031878272304,4720.623772680374,53.0,115.93214785709203,8.0
19745,14900.802241457219,925.0011768849733,18.0,106.79783132318062,8.0
19746,17050.80561863122,8453.632609707824,-1.0,103.11421053666356,8.0
19747,30573.637374699043,14485.31605135887,476.0,128.587732993182,8.0
19748,41721.18916645689,735.9946296936666,66.0,124.58705531388863,8.0
19749,50088.435296841446,924.9135762988024,224.0,135.09984792274562,8.0
19750,17588.96654841302,1849.8002989077597,50.0,109.86472700379078,8.0
19751,60376.46327470096,924.8205951385463,126.0,142.01552009789816,8.0
19752,11123.467076992498,10200.795354627671,-24.0,98.01041501097438,8.0
19753,19752.789168331725,2393.165021306362,34.0,108.60858612848514,8.0
19754,29289.742299613263,1180.6833002602496,158.0,119.0644477943026,8.0
19755,20825.636299798105,12235.364130024353,1.0,115.01833181291903,8.0
19756,41487.29166593468,924.8931691496819,5.0,119.07783171020152,8.0
19757,57046.567984964604,2873.8477297011405,272.0,129.29529136602895,8.0
19758,32453.969981060905,11573.560064873798,85.0,115.41908067278386,8.0
19759,4612.197544187118,2882.3882494819973,-2.0,90.80849546454844,8.0
19760,7095.149559315734,5912.952628862212,-26.0,94.33787885628679,8.0
19761,52380.7985607423,1849.9243058105744,28.0,125.13025347325413,8.0
19762,20570.277515180125,3548.768659536785,177.0,113.92788132140475,8.0
19763,52970.53129033183,9277.853511866413,102.0,122.11740521580498,8.0
19764,24310.702459841978,3683.0379406280704,27.0,108.47610556888006,8.0
19765,55612.77621056399,2360.137545400495,27.0,122.05393811420609,8.0
19766,16147.93386457228,1990.3740162682784,53.0,112.54739637038075,8.0
19767,51908.31398357645,1735.1858382300127,166.0,119.9416005354953,8.0
19768,39129.410703622336,1735.0763204711475,61.0,136.73671864634855,8.0
19769,35126.18010737533,31089.78079308663,-17.0,111.23424987655238,8.0
19770,32542.678084449388,31912.813095609596,-514.0,104.25849169220912,8.0
19771,40004.04169752935,4682.392857314237,245.0,127.99262091107597,8.0
19772,19615.565978026807,1182.6228224689432,49.0,114.34925475264521,8.0
19773,51751.49720095222,6670.921358006257,28.0,121.03945488845702,8.0
19774,53669.41806019446,10997.08486489145,38.0,129.44955753305484,8.0
19775,43936.44696477348,32419.169960926887,81.0,117.89855786845874,8.0
19776,5238.261122644861,4515.379474048276,-13.0,91.66976794050335,8.0
19777,29124.422992506476,1183.4760712267853,36.0,116.25976406054504,8.0
19778,44128.06824840366,1182.0628961746531,24.0,117.11149198426891,8.0
19779,30214.607994375743,14731.82960399937,181.0,110.09455216107965,8.0
19780,22072.052405940143,3771.9598807539164,149.0,123.16495656231939,8.0
19781,32844.63419463435,18424.92402130142,-61.0,111.50386734792914,8.0
19782,50790.15275176485,36363.14049191599,11.0,117.06597092546184,8.0
19783,26926.955386618512,8613.555491632094,199.0,124.90527161654322,8.0
19784,64725.70886963389,58064.72568679545,80.0,117.13546272091175,8.0
19785,46942.827761887595,14533.685693093263,53.0,119.65504212628358,8.0
19786,12827.804561929772,1473.1177882010215,3.0,100.45682978765187,8.0
19787,67768.75508501266,30681.37536597238,29.0,122.82448406805133,8.0
19788,41977.07477274719,15246.810003625627,336.0,120.73308298186026,8.0
19789,28361.68914908338,14176.95920200902,506.0,128.7519307788216,8.0
19790,47146.382256417746,36558.357382822986,310.0,129.04719940350867,8.0
19791,15580.9494580262,4516.087861001291,32.0,105.83336008461212,8.0
19792,28282.641358926063,924.7887985481889,122.0,127.74569385690853,8.0
19793,22624.408186692028,5223.045964995647,215.0,121.49675055789118,8.0
19794,49688.01426587477,9470.920240265987,132.0,118.58532486177857,8.0
19795,52032.65414793828,1183.6635577332956,135.0,130.1778766431031,8.0
19796,36854.32918849567,733.559372110894,193.0,133.31817181911467,8.0
19797,33662.01715572751,3082.542410762606,43.0,108.01428185458367,8.0
19798,26890.522176963812,6685.000684041804,108.0,120.7065572227626,8.0
19799,40386.94687390901,27697.90465453445,32.0,122.25371312769344,8.0
19800,14501.993009254822,4731.518576932906,188.0,119.17269618356006,8.0
19801,4308.464379953049,2363.5324916211594,95.0,105.18925564419047,8.0
19802,31111.927804664563,5742.403310321486,45.0,110.22004948661605,8.0
19803,51393.04232417166,925.1171414639609,3.0,114.68663212782833,8.0
19804,43216.61374678343,9950.955520455918,104.0,111.001111856704,8.0
19805,28211.540985651125,5127.551153328405,156.0,119.61386250076367,8.0
19806,43774.12826650751,2870.131407188816,68.0,128.16772913285163,8.0
19807,44741.22300671583,2876.0210839421857,44.0,119.21991108799858,8.0
19808,39879.29145272508,2774.547211914113,33.0,117.746072442252,8.0
19809,38858.790291686055,1181.5150617158413,320.0,142.330022213426,8.0
19810,27182.906565638546,2362.959311763243,50.0,114.19289754481616,8.0
19811,28225.725499512144,8151.279399452029,142.0,113.73336041390183,8.0
19812,12361.985139450413,5217.010835066819,54.0,98.82950277561777,8.0
19813,25828.09995434701,5888.26415482196,30.0,113.99357119967493,8.0
19814,28230.029956735052,23621.58599685816,56.0,108.38037599232273,8.0
19815,19348.177736918577,2945.079765550897,28.0,107.14512208700523,8.0
19816,36461.48931355064,924.9158979123841,39.0,118.47323869480408,8.0
19817,3478.3615534021924,2881.6301412938483,-15.0,86.61510986395635,8.0
19818,45516.27997420224,10815.822262866091,64.0,116.8684554499847,8.0
19819,13936.484061004809,11091.246705875388,-5.0,107.90233434273487,8.0
19820,26492.453606187697,11518.242384763551,22.0,112.50124870008615,8.0
19821,44695.02988028066,9365.330287158078,92.0,118.55119974081228,8.0
19822,59834.882543273416,43521.22007915298,120.0,124.65908238021348,8.0
19823,40174.3673375376,2361.4014751710124,21.0,117.9689663981504,8.0
19824,42100.16675681587,3091.629260109657,27.0,121.66846702834503,8.0
19825,42539.589712391986,7878.021184437433,210.0,124.53808264501613,8.0
19826,37964.160298481234,23124.303788795063,198.0,111.20201966236216,8.0
19827,35592.04552084622,15196.68848337819,71.0,120.24895971248168,8.0
19828,22247.04177258732,11123.565597760742,-55.0,102.06246848141603,8.0
19829,47229.57325761601,38780.712888272035,367.0,129.97817488243098,8.0
19830,20361.422789855336,1849.83936828234,80.0,115.93289667921383,8.0
19831,34088.564802131266,736.5053924108693,29.0,117.61939838490734,8.0
19832,51675.02067016137,3539.8609406901605,55.0,127.8742574325674,8.0
19833,40457.488298938166,16117.03107839469,139.0,113.86303271464145,8.0
19834,22119.031903983658,5156.80295249292,30.0,114.45915787051717,8.0
19835,40803.673245304984,5598.148034198789,118.0,127.95999989554271,8.0
19836,30019.19750310474,1736.6484168928716,187.0,123.3836985079551,8.0
19837,39541.51879859123,1849.824704636884,54.0,118.76171160667575,8.0
19838,32401.686192476405,25044.488444956678,68.0,112.80815864070993,8.0
19839,28054.414679925925,1472.8615378045683,45.0,112.19330891177071,8.0
19840,21860.634511431832,6884.720779855117,13.0,110.35631884647057,8.0
19841,53080.06944565724,4056.6378730377146,73.0,111.49996599841755,8.0
19842,38846.407456724475,7109.584242187822,65.0,118.02744427969554,8.0
19843,63770.0429627417,2359.1872570209543,210.0,134.03882870724618,8.0
19844,52753.123621627776,2870.0572344773022,70.0,124.23912511313999,8.0
19845,55994.49181801652,38043.95801135877,311.0,113.16821313856245,8.0
19846,38578.03277747078,924.8700455643262,45.0,121.23577672063371,8.0
19847,46432.1110714088,6669.616118649941,61.0,116.8610737299682,8.0
19848,18534.853508850392,1740.6378005525958,65.0,106.42436286070642,8.0
19849,36070.88295611338,924.9067875809968,55.0,127.85001298227368,8.0
19850,52022.68839990008,25869.559919567742,73.0,115.18911914500589,8.0
19851,35625.97795209177,19002.131148643064,105.0,117.48957083769906,8.0
19852,41138.08314407333,3801.1948755037015,42.0,121.4726580241216,8.0
19853,38342.537565818704,6627.384839606577,175.0,124.1810728984747,8.0
19854,37185.17901315391,19786.114209771593,32.0,115.57846101554539,8.0
19855,14353.969811404553,5741.505123185005,49.0,105.41577450344641,8.0
19856,15274.669245251496,3141.671650981912,-17.0,103.09405656539815,8.0
19857,24291.66067457523,735.4713215632084,47.0,117.1039728478348,8.0
19858,48646.118255726986,1181.2307178133108,210.0,133.7509275844812,8.0
19859,58813.753628184146,8771.18477949695,140.0,129.69029105200303,8.0
19860,30992.11572276083,8827.208248265739,457.0,137.41570922704963,8.0
19861,55508.17851244549,1180.1360808436757,80.0,139.89644469674144,8.0
19862,52068.7790632009,2360.6827730740815,28.0,119.2448430210662,8.0
19863,48053.93485584346,740.5391624915911,12.0,115.38922631022751,8.0
19864,42364.00081818261,924.873968746953,88.0,135.68360033143654,8.0
19865,23243.09651119862,2365.9742001404816,110.0,118.72938925609573,8.0
19866,47003.919541729534,925.0439645282988,54.0,123.37615563852466,8.0
19867,29437.197145612954,5238.573132375577,13.0,113.71492990005616,8.0
19868,38040.3652439131,31379.676855863938,80.0,111.27672165069112,8.0
19869,32183.886864888656,8284.245530344862,134.0,125.55401262074497,8.0
19870,30566.88492602873,17882.20436140424,32.0,119.0070039001211,8.0
19871,23037.789617806124,5974.259052601861,438.0,127.40263691752692,8.0
19872,25124.866903361093,924.8719670532956,164.0,127.15333846831466,8.0
19873,18519.517591879263,8268.173227780015,62.0,114.32529073096117,8.0
19874,38471.899620833094,7420.096247891613,354.0,107.90720771015293,8.0
19875,57702.87901165105,925.1120158414149,2.0,115.09141551832096,8.0
19876,37093.87680595718,2886.6389282169876,275.0,129.6557744731096,8.0
19877,33142.577654647066,5214.40592147784,43.0,115.22704814230812,8.0
19878,36832.4178869166,737.3018714781045,38.0,121.66912348307427,8.0
19879,33618.880100335635,2948.7524380683394,206.0,119.98356443854512,8.0
19880,3982.393040466205,3141.9067491235164,-15.0,88.44979908665282,8.0
19881,7838.374781699589,2364.459325730968,56.0,102.69442367018061,8.0
19882,44152.29372302606,738.2115300312903,131.0,131.10197559711503,8.0
19883,49428.3429797237,924.8234648815027,123.0,130.69433894157874,8.0
19884,43455.64990972434,925.0016217697707,33.0,119.11620217742987,8.0
19885,29353.478975944745,734.0688145522552,123.0,139.27570881017,8.0
19886,7963.5672558450915,5972.412379096091,50.0,94.92233412475017,8.0
19887,32409.19933791391,20117.37644940458,64.0,114.89857049157233,8.0
19888,54613.91103010096,5549.222612771551,37.0,116.22050547278701,8.0
19889,39491.78584078066,12571.357478853815,236.0,119.83716070422392,8.0
19890,33269.76352345395,32422.987049217725,-172.0,107.08458900181594,8.0
19891,55066.94963608711,37356.29342520518,320.0,114.10620240028001,8.0
19892,42055.39694473166,35666.77424830868,-63.0,113.96564642926852,8.0
19893,42663.69435786264,2360.305636546455,83.0,120.43178929617518,8.0
19894,67686.27384236899,50663.518182885884,183.0,125.71284147238605,8.0
19895,41160.5501408388,8711.440763744724,129.0,118.84869168698441,8.0
19896,34223.70505540423,14381.428703380754,113.0,119.91860314348841,8.0
19897,45120.60066650728,4040.107955226292,26.0,119.01779221078334,8.0
19898,44909.6498071502,4722.473120733132,147.0,128.9896932608451,8.0
19899,43263.31242466,33764.75065893759,307.0,128.31056882287066,8.0
19900,43068.09070824977,3772.639503131698,29.0,110.53102586454364,8.0
19901,37586.20281727035,1180.0358523284845,212.0,131.2946675781586,8.0
19902,50454.54542002293,733.9179315424301,73.0,128.4080116188917,8.0
19903,44676.70809018956,34721.061464959545,335.0,130.40452005809476,8.0
19904,21476.654564410328,2774.746403447316,107.0,117.90120215773828,8.0
19905,43458.05467879258,12572.087191872879,87.0,116.40845898601505,8.0
19906,13543.048221069661,3086.837994385191,136.0,116.10250299909059,8.0
19907,54915.874699440894,12375.529616301808,212.0,127.45112657535779,8.0
19908,42573.14905854591,11481.62549582556,129.0,120.26392825448664,8.0
19909,37598.865936904884,1181.603371708904,129.0,126.92938279324237,8.0
19910,55672.41988155783,2361.184134497897,38.0,120.388355341838,8.0
19911,67002.4075202214,50909.89858850779,83.0,129.6446131461098,8.0
19912,50567.01139580198,37771.7603473845,87.0,117.50275702008106,8.0
19913,39871.2427230392,1181.4037185365955,58.0,121.07247405412211,8.0
19914,38035.92698877867,734.2332224101353,9.0,113.12981789354482,8.0
19915,55818.2692041123,1180.20616619207,50.0,122.9104480004908,8.0
19916,47413.0725300903,1183.9622497381993,233.0,139.97968806187274,8.0
19917,13052.143475115456,11387.870311962133,81.0,111.92499294282982,8.0
19918,39826.41514558927,8842.465779534383,95.0,117.01374120292095,8.0
19919,23740.238672107524,1736.4927290282224,247.0,121.73747519333563,8.0
19920,20406.491623720663,2397.9125550685394,158.0,128.15254837033433,8.0
19921,58897.157826690505,924.7306726099314,35.0,126.91871545895812,8.0
19922,49028.62272919748,12024.831220293856,175.0,123.7812467903544,8.0
19923,17290.271792246254,737.6105919885678,10.0,106.29319829761789,8.0
19924,21443.44878652319,10354.84044189482,7.0,107.62113805627823,8.0
19925,17832.682990987196,1473.5818148477595,71.0,114.8953147255086,8.0
19926,9460.473660359681,1182.637440465755,11.0,104.82472315847926,8.0
19927,32915.15686556684,924.7680163750239,26.0,122.11019451897249,8.0
19928,33009.968792113,1474.0075850380615,97.0,116.0205212980338,8.0
19929,23622.408760427752,4124.192787463087,163.0,120.40189489938172,8.0
19930,63527.84404644254,733.0095289333484,50.0,127.16094165242009,8.0
19931,62774.207107901086,6672.202197441238,88.0,131.58276084629566,8.0
19932,59959.16113851917,924.7022596624605,114.0,131.49651200035322,8.0
19933,50976.38029713938,8825.55535183695,61.0,118.2913274293196,8.0
19934,35650.14639904546,20804.269676472595,198.0,108.85929858446191,8.0
19935,12356.729449092816,1474.3184099792654,84.0,113.1519320076612,8.0
19936,42723.6688736096,5150.262374067008,122.0,122.89150322508408,8.0
19937,40792.14147673533,4505.5860925142615,422.0,131.1909283574927,8.0
19938,35032.45538557826,13382.197304724716,359.0,123.78269781457725,8.0
19939,48205.595226225676,3553.251358689317,109.0,124.45910520619984,8.0
19940,20863.881181657525,3476.3394309560435,23.0,112.2183388494343,8.0
19941,53658.628240824815,3488.1798546060872,174.0,125.63760048511129,8.0
19942,18518.766340084545,5974.40174453091,266.0,121.78516438911312,8.0
19943,52967.29567011692,16153.215387317556,33.0,123.64103888855544,8.0
19944,28758.036514815314,4624.808503068923,-3.0,113.17016677626334,8.0
19945,19416.477857586953,1183.7336361109512,49.0,113.61734395685203,8.0
19946,19548.77545594104,1849.866988700491,50.0,112.74943340550061,8.0
19947,60200.49625648682,18957.044305004252,76.0,111.90687686839713,8.0
19948,38639.12281922466,1181.4144665464291,96.0,141.70272694734334,8.0
19949,42166.62857397729,2368.102333718508,137.0,137.48884298313297,8.0
19950,42048.633386350346,34863.83339775599,-253.0,111.52789999318045,8.0
19951,54438.383821923766,1184.2790827617994,50.0,131.2247288623915,8.0
19952,22351.614151613474,10593.148051328368,234.0,123.08382592832399,8.0
19953,62179.42763475081,13995.307807542009,80.0,124.75098777146569,8.0
19954,34661.17120771291,21970.293171732355,32.0,119.49250520726235,8.0
19955,24309.793416058586,22335.67212557684,67.0,104.79139347450237,8.0
19956,33196.45468267305,5740.495101576028,177.0,125.5983250698907,8.0
19957,29597.247879250175,3139.7891443118933,36.0,112.53560140646822,8.0
19958,55387.861478152576,9243.870748912404,226.0,128.19591774068363,8.0
19959,17336.486273554732,6879.90799166325,195.0,118.18579019123061,8.0
19960,32066.95611956482,30330.136773261154,-22.0,108.55877420855298,8.0
19961,41981.9092799712,28606.617828141185,273.0,116.23803342328401,8.0
19962,39301.39464980669,22969.230520689554,344.0,113.86949001688123,8.0
19963,52957.557776132904,6290.922184754444,48.0,124.88269681371145,8.0
19964,14734.833943910631,1471.6559165214946,9.0,110.08734628013224,8.0
19965,38841.348700455754,4724.053963563084,86.0,109.2871157567143,8.0
19966,55286.478772795446,12821.618286586792,63.0,116.0194064430649,8.0
19967,18731.4306945399,11196.353591192263,-15.0,109.66172724131742,8.0
19968,33369.95523495811,8356.714622498608,233.0,124.14307531770716,8.0
19969,25308.190428309765,5235.571382388524,150.0,115.83387154013435,8.0
19970,36675.93685573393,23666.78943750543,368.0,128.64066436499502,8.0
19971,45471.881266529344,10201.316873976719,89.0,121.48165023782641,8.0
19972,29112.731067941204,7098.595598682141,413.0,128.34037342605603,8.0
19973,54827.5671495961,5778.235087410829,67.0,114.23548530540803,8.0
19974,20361.150910795797,1849.705078523603,135.0,121.06258530367685,8.0
19975,36524.59852146476,2361.8085444214034,42.0,117.59509302024755,8.0
19976,45132.603169168135,8454.695041044411,81.0,121.42078154052066,8.0
19977,34230.51016532417,4624.712677923133,69.0,113.98261391915926,8.0
19978,31732.41106342013,736.5611193849537,42.0,118.27610715709062,8.0
19979,45353.77900748866,8264.303647560282,136.0,117.62755251920817,8.0
19980,37064.39064112637,1990.42008897333,40.0,116.2393224994795,8.0
19981,50809.00785311991,46779.010625097544,-135.0,113.0136391711559,8.0
19982,34896.24997659062,2362.0100476018383,22.0,113.20275044436798,8.0
19983,34543.26054581869,12668.632585099605,35.0,111.70645718578301,8.0
19984,51174.07633030353,925.0238012386754,18.0,119.92812005354975,8.0
19985,62648.09727241354,2359.1797027703906,440.0,138.8661517013995,8.0
19986,36785.45889429998,3089.574674106098,297.0,130.6683778153806,8.0
19987,36651.345984373635,1471.1969256712857,155.0,128.42942358661273,8.0
19988,14799.739163879365,11945.30505862882,-5.0,108.54782496432449,8.0
19989,43912.68564378115,924.7528676933066,76.0,128.4673567877744,8.0
19990,47182.65971945083,735.3913402690282,159.0,132.8850601145222,8.0
19991,10267.302833672451,2396.368999791049,49.0,104.75449768219136,8.0
19992,31720.856720888383,12700.611570499777,298.0,126.51652992895076,8.0
19993,48454.946645329364,1849.9702116474077,129.0,130.45358017136022,8.0
19994,58018.080734522875,924.8223929059232,32.0,134.1835716650042,8.0
19995,32705.386232609853,12783.899452859112,205.0,127.83532270243334,8.0
19996,48329.667888377924,924.8578612946598,163.0,132.65533383784924,8.0
19997,39291.21733533862,924.92854716815,18.0,119.31521194063613,8.0
19998,25843.980020970394,3681.446192772179,21.0,114.57866935682856,8.0
19999,44580.343525596,1183.3943798750443,36.0,119.10088654999674,8.0
20000,68759.69132949287,9435.975065038332,125.0,121.0753287404403,8.0
20001,47744.84048761533,924.9746095757346,18.0,125.50646835965767,8.0
20002,10959.65697444067,737.7815415342195,70.0,114.33796186603851,8.0
20003,24308.255838242967,1471.573476068126,11.0,113.17323556425603,8.0
20004,12380.00297300531,11483.879528178115,-78.0,98.17924839638404,8.0
20005,31662.125336217072,4682.597694846474,53.0,114.57877109594342,8.0
20006,64849.819461339495,4058.8917743406464,156.0,132.10762640182577,8.0
20007,43712.23699015063,4721.912433155987,250.0,129.0083025581003,8.0
20008,29014.92229666569,2871.3518963736215,98.0,127.65234267536383,8.0
20009,53070.901402700925,7589.4460895313805,38.0,123.63604528099995,8.0
20010,25685.89001738504,10641.58250945716,23.0,108.302449970211,8.0
20011,55770.8261189903,7970.4355452993605,43.0,124.83180445784637,8.0
20012,44955.457612085534,18501.520094245785,147.0,114.04277945058286,8.0
20013,40589.66473534851,23542.472460496683,251.0,110.96466494233985,8.0
20014,29089.318216683492,21672.31078013809,-102.0,107.89382943738129,8.0
20015,55893.55144694997,6670.214397540848,33.0,125.78969753652181,8.0
20016,39008.306290901506,735.6675313481089,86.0,120.51062557821405,8.0
20017,47195.673923794726,12970.314127934415,278.0,120.70836583400768,8.0
20018,34252.53371359994,4113.723333416906,26.0,113.08454260213703,8.0
20019,55015.82903137632,2888.766412253076,293.0,133.47800083340383,8.0
20020,43408.955504706246,737.9647422007791,146.0,131.62087781404617,8.0
20021,45520.67099125728,1992.0209174138374,59.0,128.8235145037135,8.0
20022,66401.40835530535,1179.8040421751523,34.0,124.19788514903206,8.0
20023,50999.59743544137,5491.129510931527,76.0,116.28334055706254,8.0
20024,41051.651456707616,1181.1137996398124,264.0,128.85862575380543,8.0
20025,38941.263152158324,20994.245724972927,307.0,110.43433137146384,8.0
20026,39976.17369403914,30569.779083765417,139.0,126.92001775837622,8.0
20027,59183.15595978948,1184.3893676449202,169.0,132.9897637476038,8.0
20028,38903.482707470605,33444.41445612726,-59.0,107.60797562550754,8.0
20029,34485.95892098321,23525.37821446411,67.0,117.86338652410848,8.0
20030,58149.97189708004,924.9520683743355,50.0,124.7301349615469,8.0
20031,55851.92017174482,4600.376074270013,28.0,121.55829784710544,8.0
20032,30451.5101714184,10256.495325945221,72.0,111.77677751988615,8.0
20033,31704.874806717973,24360.535509919788,68.0,112.68563414590011,8.0
20034,45235.71733445681,1180.8603845862622,33.0,118.60235963348111,8.0
20035,54512.62918238316,35975.95937705521,161.0,114.93926380751203,8.0
20036,17809.571049794034,10254.527850987135,200.0,105.98397661432463,8.0
20037,7095.294734829264,2365.5278136755396,23.0,100.4128512559217,8.0
20038,27130.32951826301,5740.3067312818985,260.0,121.61406709559894,8.0
20039,21323.309054453926,1182.4556808284613,126.0,121.97460242971545,8.0
20040,58081.757032270645,1184.9580090233599,39.0,125.01196846706908,8.0
20041,43766.52404775325,3472.03630594065,410.0,133.76398930934323,8.0
20042,15015.043834606311,2364.0973176374778,40.0,111.94528291094676,8.0
20043,43194.2793997288,22799.25066497416,71.0,121.88591995385883,8.0
20044,43177.755995828426,9365.564381981496,68.0,115.1772155004558,8.0
20045,54916.72264558977,1849.7952224376274,172.0,129.11443061651227,8.0
20046,36323.748988810345,10383.640214988432,139.0,120.42060154348023,8.0
20047,28682.315481328173,4624.675958274232,138.0,120.83895507607599,8.0
20048,52949.59982270305,5740.148814614554,81.0,120.97670537018074,8.0
20049,36256.07313788474,1181.0918245557607,66.0,135.51790896125257,8.0
20050,5124.619096734216,3140.6187285613833,83.0,105.68445814934253,8.0
20051,22186.4526445192,5126.62678520045,437.0,127.53790666101045,8.0
20052,40351.119650501234,8654.441781509091,170.0,116.88233488589127,8.0
20053,54495.87248472138,9366.089802308843,127.0,115.50141453773338,8.0
20054,27098.140046730463,8091.606226602518,497.0,128.7049462259463,8.0
20055,36341.331697062575,1849.8394409405917,93.0,122.76415061836674,8.0
20056,53966.83363183607,10280.288363408448,126.0,122.5485941538408,8.0
20057,28246.13070546828,9709.56214478707,161.0,114.29828380688389,8.0
20058,40012.353284049146,7175.508802827512,275.0,120.99362674101356,8.0
20059,42032.88496739884,5213.537321716749,216.0,125.3623659337333,8.0
20060,25111.98361939856,925.0942665142235,16.0,110.6472330590604,8.0
20061,32518.224996245706,7086.172074299086,135.0,121.63870017264301,8.0
20062,41141.84471417229,11915.215246575504,58.0,117.23864352072454,8.0
20063,18557.25281509698,11123.67118079677,-40.0,106.72358123786894,8.0
20064,51235.52365987238,6329.790532823231,67.0,117.13441479036476,8.0
20065,17573.942664367223,2774.85063560279,32.0,102.0263617837345,8.0
20066,16232.602351045804,5156.493205601847,26.0,107.08407603882864,8.0
20067,13279.024555870408,8453.339197414758,40.0,110.85065367124969,8.0
20068,43075.270085848555,41375.40058550483,-377.0,108.76495735425377,8.0
20069,29380.80409751069,1183.7524993869406,94.0,129.69589904744944,8.0
20070,60006.03888503238,47208.86689740041,87.0,119.98829119189094,8.0
20071,34619.6214126511,15581.43023354527,60.0,120.01548409217217,8.0
20072,50886.934904328824,2359.619643387953,47.0,126.6527769524713,8.0
20073,33909.7037345295,26563.03602951397,46.0,112.32567620646836,8.0
20074,40687.19451508045,4782.716108204578,10.0,119.43551294896551,8.0
20075,41130.89894159959,1742.833042865043,75.0,130.52800072774028,8.0
20076,56636.13709562596,37853.905432728556,187.0,116.28708462824103,8.0
20077,29213.41909208246,737.8162075084841,7.0,112.68568177183492,8.0
20078,26159.534630076505,4852.189326115167,541.0,127.92049977395727,8.0
20079,49219.94665640689,12114.388690782274,68.0,114.80031159497305,8.0
20080,26064.88327505021,2774.8463015248285,130.0,121.16883637218329,8.0
20081,16060.950956990104,14094.794883526054,55.0,101.39366404010566,8.0
20082,44557.0528765893,734.9851307145876,55.0,123.49342627704218,8.0
20083,49809.07842739659,9365.394439558122,62.0,115.06572026636162,8.0
20084,57419.68244705271,924.8018286385278,37.0,134.1396436069304,8.0
20085,56930.670354981856,11418.226861303003,76.0,118.73806732906763,8.0
20086,41649.338445929665,29349.89721012462,18.0,119.18464135214263,8.0
20087,49542.09855652691,8292.181269137298,76.0,108.82636230935492,8.0
20088,27068.975896008655,5917.507604178783,66.0,109.53301074602373,8.0
20089,39904.66457458202,2208.1394692188833,36.0,115.28321376366563,8.0
20090,45768.93960220317,4039.8704323239817,26.0,119.56623732267519,8.0
20091,44638.996048305766,734.621109297311,199.0,134.52311117445547,8.0
20092,49686.57945949063,33694.43983877241,181.0,113.80458656164059,8.0
20093,57912.34680487363,55954.65340093125,-94.0,113.83376046844499,8.0
20094,11700.582572897622,735.2590046170116,120.0,132.1559061752873,8.0
20095,47799.98859586848,7477.917193723414,225.0,126.22193898138013,8.0
20096,27059.852632026446,19495.393929735113,175.0,107.01636909090907,8.0
20097,39928.62074033747,739.0997741284268,84.0,126.87672615790068,8.0
20098,29087.085167481968,736.2976658573841,30.0,116.94378129664325,8.0
20099,31104.094597374868,22508.044521928354,-104.0,108.72517263229943,8.0
20100,54263.20955887277,5231.809857512081,67.0,113.92955707962865,8.0
20101,4853.821345358407,2870.854937658054,-9.0,91.20659536782723,8.0
20102,54972.33306894745,924.9917875718916,34.0,120.92535420640382,8.0
20103,40175.81813818799,31899.716216999415,-10.0,114.03054864311282,8.0
20104,50533.2861640503,1179.9652639420115,34.0,119.35132470541686,8.0
20105,49282.62357820299,924.8598100437088,108.0,129.04082255476914,8.0
20106,47757.773640811,36807.250034560246,55.0,125.74892496627993,8.0
20107,66314.32119690257,3145.5004310046925,145.0,126.83644824957292,8.0
20108,13249.024103597798,7361.0623687757825,228.0,95.16335684106302,8.0
20109,36902.212849763484,4050.4100304365325,60.0,115.27828223123927,8.0
20110,25399.100454653508,9230.406024144711,38.0,116.74109546900422,8.0
20111,52437.28508692073,11102.103469390278,95.0,124.80726563102164,8.0
20112,50894.38182364039,10174.988127003091,89.0,114.2349953210341,8.0
20113,39779.99223062398,925.0578650569931,75.0,123.79665316195715,8.0
20114,40862.47856573009,14871.685430511607,264.0,126.5489242035472,8.0
20115,53372.609759061655,1732.8237941952411,216.0,130.44075008846713,8.0
20116,34293.70305448776,924.9289601127236,48.0,125.42843974627618,8.0
20117,45172.141671476296,29073.04222987937,474.0,131.45471516551467,8.0
20118,39603.420284253414,1992.1217774247025,13.0,121.29053302037696,8.0
20119,6693.148185719049,2209.5398585350035,1.0,103.62361717262792,8.0
20120,54805.858609812014,28863.492276452205,139.0,123.91015003713656,8.0
20121,50031.37390412289,14816.356517604929,157.0,113.88271664707628,8.0
20122,14483.01468524452,2880.2309607404127,20.0,103.93140102994894,8.0
20123,61636.60612558697,5900.98770374721,103.0,123.8354219272062,8.0
20124,37436.31517767589,734.3156417995916,11.0,113.54629371198777,8.0
20125,55843.9935236298,9095.72159159389,37.0,122.7926804642317,8.0
20126,36461.92563518536,3093.7159023680874,123.0,121.8143185416761,8.0
20127,55147.207342313915,6836.854337990147,248.0,132.8015657116066,8.0
20128,51804.04700492497,9790.267100364294,145.0,112.98452456642018,8.0
20129,51134.28036862314,29623.76261992659,139.0,116.06742756792846,8.0
20130,14990.314902162118,6692.542416347797,10.0,110.54912707833286,8.0
20131,36272.87390312549,736.8287418586605,165.0,130.82408918244772,8.0
20132,22968.159238064698,3772.5916838569597,33.0,106.32451529350752,8.0
20133,21276.46958871871,7191.750563649389,-5.0,103.24218505731622,8.0
20134,17661.58124400899,15672.131878065888,-23.0,105.0265418130431,8.0
20135,28231.941352863756,9618.02082586857,198.0,103.90232769703603,8.0
20136,35831.971446389136,5122.302471625844,89.0,118.39836673091537,8.0
20137,49155.001384550276,1181.1024768466211,25.0,117.5100263226008,8.0
20138,55405.45820753027,29465.93405038305,139.0,124.00290611027003,8.0
20139,35711.72148718142,734.2143966419607,97.0,127.06439606776686,8.0
20140,49797.529513351146,8666.318601786556,44.0,120.5525773072179,8.0
20141,37798.442399400265,5902.087438359459,124.0,129.3449448735435,8.0
20142,29133.2556104863,10412.255887074745,209.0,104.97608449234392,8.0
20143,54868.180933741096,3137.0980430090885,153.0,129.75501182962157,8.0
20144,56333.65774333833,1733.972738008322,34.0,123.14188163966136,8.0
20145,29912.72221456851,2362.3122065361736,18.0,121.70984891059383,8.0
20146,61307.17139011013,53030.88799895165,153.0,112.46946461120122,8.0
20147,49933.48696623731,1733.7777712450336,64.0,122.17980974067153,8.0
20148,49985.8205337332,41709.37294663795,153.0,109.92489961552316,8.0
20149,39937.94060223273,3139.4285712747715,101.0,121.36997078672206,8.0
20150,5973.066462670907,3981.9581618694706,51.0,93.3458974809753,8.0
20151,30958.312106497975,9922.323602132836,27.0,118.54744842932377,8.0
20152,28800.97882924856,20725.880164239825,62.0,117.4334325067669,8.0
20153,44444.98926382116,1180.5179539201804,112.0,132.24079913441832,8.0
20154,49592.84792858545,1180.8430925155055,70.0,124.42388719553607,8.0
20155,30333.39912027036,22791.62067851542,130.0,107.46025470133793,8.0
20156,24756.43160107774,2877.9475493833534,50.0,110.0561383341792,8.0
20157,25146.021676024837,2870.5921975759634,103.0,119.15911155950631,8.0
20158,54941.90689585572,5130.561683117553,28.0,118.85618568370673,8.0
20159,62585.46780543288,1179.4520892072426,69.0,128.03989989953732,8.0
20160,41352.85387128663,10358.519511654631,95.0,117.63102759783376,8.0
20161,49465.260740509475,9364.824995799989,220.0,125.34009604355381,8.0
20162,30155.734882292156,2392.7270764870555,29.0,117.72527821890618,8.0
20163,56013.84258175975,2888.5880119404164,29.0,124.09602045572166,8.0
20164,38049.44703388872,1182.942531783857,93.0,121.91193349081027,8.0
20165,61385.03028065693,20142.17457439277,76.0,112.15518338878789,8.0
20166,36711.90041552691,1182.8358876392115,64.0,125.08289629609328,8.0
20167,12224.97385532676,924.8811500354838,90.0,117.00139355475811,8.0
20168,60719.10713438996,925.097514254693,14.0,124.10011997759055,8.0
20169,43776.36657386523,7436.287412272005,78.0,122.27823606089444,8.0
20170,26432.651213910878,24700.90546114058,5.0,108.42807442927733,8.0
20171,49292.33969883861,924.9780616777338,42.0,121.15268391167466,8.0
20172,39986.32700030692,3472.03630594065,410.0,133.0688065632712,8.0
20173,57391.44864736968,7118.570298583661,108.0,118.60792968662804,8.0
20174,37629.8893527031,14111.745377635209,102.0,126.67726300199044,8.0
20175,42462.81852247679,1180.1625724616301,20.0,119.27831362624339,8.0
20176,30542.32098454391,2209.7855315019106,30.0,112.51162538155748,8.0
20177,40364.65426071994,1736.7208886583724,21.0,114.5278977216135,8.0
20178,41950.30348108242,4305.656838612596,2.0,121.43577477804283,8.0
20179,11614.539524306656,7573.056405941764,-7.0,96.20756015889944,8.0
20180,39800.43063942825,925.0610068756074,22.0,117.44456336364922,8.0
20181,53578.00952141293,2869.6913271118606,171.0,131.4892409529011,8.0
20182,26741.674751066777,9099.250059459555,36.0,116.7705275968284,8.0
20183,24125.89529786809,2366.562136429436,75.0,113.97184101513653,8.0
20184,58359.22617451934,1745.1477227006633,164.0,131.10430378294575,8.0
20185,35635.57390510524,8452.690201516743,251.0,125.22699502741659,8.0
20186,21876.306457713206,12673.821823155937,274.0,112.1538955716445,8.0
20187,45848.082524661215,28222.515040322218,39.0,115.02191077552648,8.0
20188,42968.204791995464,23730.191198462584,181.0,108.89615939506706,8.0
20189,17635.46939280239,1849.9532856755793,110.0,117.57694732698019,8.0
20190,15186.07739983917,6880.545529989653,52.0,101.90241177998918,8.0
20191,24784.191620339432,737.2444868891446,55.0,119.05513161626675,8.0
20192,30243.525036387942,8612.349781649635,325.0,126.2862936676359,8.0
20193,35812.371123408375,21711.112800006973,163.0,117.90604976422661,8.0
20194,54559.40129659407,1733.7984407265467,53.0,122.81061634107913,8.0
20195,18454.41003169255,4049.925635956129,62.0,103.2238248569605,8.0
20196,63329.13452996623,3138.468607992184,16.0,123.03707406686003,8.0
20197,44728.66120940574,1180.0800629891414,6.0,119.10829116094898,8.0
20198,15997.770028797171,8453.91250973763,109.0,101.44159844532449,8.0
20199,41632.051340691985,5902.503576587304,134.0,130.93162207234204,8.0
20200,34072.024503188455,17038.625994631526,77.0,116.37113779880178,8.0
20201,29188.249412166482,12343.130545133869,49.0,113.78413069655278,8.0
20202,44789.98849825705,2367.910951023837,253.0,131.31175971484925,8.0
20203,47535.90101544899,6844.973646287277,71.0,113.96298278480751,8.0
20204,56630.79765289443,2888.703304975822,73.0,124.1894389714848,8.0
20205,51819.37051443583,733.5338794140001,28.0,120.44407242792214,8.0
20206,8240.884190685378,735.9301464599383,20.0,103.91769029930616,8.0
20207,46154.337806846816,3553.2795787066325,19.0,121.12379534981227,8.0
20208,35153.50036249162,18512.30534651279,191.0,123.30369255910529,8.0
20209,39980.970903244706,739.7843974610332,19.0,129.20743639845776,8.0
20210,17230.99862020088,1181.2208898220952,16.0,107.24244917196897,8.0
20211,58327.53938226913,10261.265391795054,65.0,116.97167986856536,8.0
20212,29074.25753583858,4607.462015128431,16.0,116.78673154395926,8.0
20213,47262.609766123656,13380.735808813492,156.0,113.97157795410635,8.0
20214,51512.48649300559,43060.29481110355,367.0,130.656354194211,8.0
20215,52671.27841431307,32902.47442692563,16.0,117.73168112209075,8.0
20216,15661.09976384799,1182.7597191996924,83.0,115.96114179804474,8.0
20217,25471.978035553337,4123.389638996718,14.0,114.65978114715557,8.0
20218,56328.59742422597,2369.126727251411,211.0,132.03034169296535,8.0
20219,24837.081014978074,2884.7978113760323,215.0,126.80730574662081,8.0
20220,21390.435796779584,4615.090966374143,196.0,114.82611722240331,8.0
20221,40446.31753284974,4682.753156590657,8.0,113.77368393387923,8.0
20222,52434.24669475973,3540.376391262971,246.0,131.10893612193578,8.0
20223,6512.2145176827735,5854.567336899847,-86.0,90.58112370005706,8.0
20224,52563.78553023814,19995.612419694968,58.0,117.44562329308367,8.0
20225,67748.70159701035,2869.61768039025,267.0,144.19649932246193,8.0
20226,38499.27042933007,1849.7446846032824,31.0,117.06135879722717,8.0
20227,52511.24388409078,5751.390017349858,640.0,137.11472235077264,8.0
20228,46597.021983565384,4799.179466673034,210.0,127.55394929776945,8.0
20229,29925.665163415495,21476.260951131408,358.0,126.5255530902721,8.0
20230,47220.076094437594,4038.216159673747,306.0,141.5944303503201,8.0
20231,30530.871642597263,5549.341320334223,330.0,127.1382881222099,8.0
20232,46297.41709013381,2774.5870395741094,71.0,123.4352870084328,8.0
20233,47889.09766528608,740.0039451717068,35.0,123.91111389394621,8.0
20234,44889.985345397756,27186.268766878773,321.0,113.26292335210306,8.0
20235,45912.394482214244,27375.443961625937,161.0,114.16912941331435,8.0
20236,44575.42096282588,1183.074121438102,127.0,128.61876867051285,8.0
20237,40587.18841547939,13458.365798629913,264.0,117.72257380860682,8.0
20238,30421.248913522777,15574.909742802793,198.0,106.93472473148906,8.0
20239,26732.961663893875,6351.32839081659,200.0,121.66386946379694,8.0
20240,21609.661323111723,4788.710898257193,44.0,115.06184938580967,8.0
20241,44412.79338850962,1734.1483638583588,95.0,119.9130815310994,8.0
20242,42952.43903191396,924.8126790773987,12.0,121.0702848283503,8.0
20243,29608.22586508431,10823.887700314779,187.0,118.4015021568631,8.0
20244,25625.54004675004,6843.08120027105,183.0,112.95131317629343,8.0
20245,49851.47406826919,1184.877661413945,76.0,125.32682536423673,8.0
20246,51960.288087648965,738.9565986386573,36.0,123.45593233543389,8.0
20247,34731.39428928135,20630.60896980727,163.0,117.55257682840598,8.0
20248,26304.825032538745,5128.024540469262,38.0,107.06449547605531,8.0
20249,31779.60482632932,1183.6259762051152,22.0,114.75614282173619,8.0
20250,55258.25428901526,2872.9844296737824,265.0,132.95981237953768,8.0
20251,39941.43550701704,1849.7610956086899,64.0,119.42597253093962,8.0
20252,7423.592353035612,5238.208636426417,-12.0,94.76002321106445,8.0
20253,28482.647546343367,11695.77871336194,275.0,125.18476250975019,8.0
20254,49389.977897212135,3144.2138554123194,45.0,123.22182431329988,8.0
20255,52942.69504845318,2873.4791256306285,589.0,125.24296579217486,8.0
20256,46629.823881091244,2368.331281701418,24.0,124.53766241504746,8.0
20257,45859.29283309149,16445.549699242343,176.0,125.31709733642869,8.0
20258,24608.48813318283,734.8917803888252,89.0,121.37569881605296,8.0
20259,41866.79048139704,24734.507135782183,163.0,112.3248709776357,8.0
20260,34348.35515379897,15792.318123199546,170.0,122.93466874088382,8.0
20261,47655.7103628215,734.9312576140543,38.0,123.71975521780213,8.0
20262,38282.206782475325,21680.87915988875,197.0,109.46568230371243,8.0
20263,31581.66472608436,1180.7442331210939,7.0,113.73313934082502,8.0
20264,62744.03239401553,1180.2817949580847,85.0,121.63548103026758,8.0
20265,14369.236546429382,12657.16438690266,76.0,112.63549617783767,8.0
20266,48009.53513041801,27757.635724502154,73.0,122.78317312402748,8.0
20267,49408.976159319755,18309.798548566057,130.0,117.2569341282607,8.0
20268,49423.58505360507,4314.2819868142915,36.0,118.9989837497475,8.0
20269,35606.89453457171,1475.5385468395602,157.0,127.55823177160204,8.0
20270,41773.70330440213,9761.208177041419,210.0,123.78842358191918,8.0
20271,49700.901353718014,7438.636453417412,403.0,132.05755749165473,8.0
20272,48419.381116183635,30694.355616078257,397.0,128.98088651393655,8.0
20273,26064.876312020755,924.8540371660742,65.0,115.4546985993646,8.0
20274,60767.80276193015,40004.41670895008,111.0,116.40710815827067,8.0
20275,19204.406760628957,17225.95786851317,-2.0,101.78947672040223,8.0
20276,27013.638170652397,7962.332472196576,110.0,110.31872889303227,8.0
20277,49798.97301698709,5209.7260553369715,144.0,114.53213876670951,8.0
20278,39832.14016372226,28745.430739829266,215.0,123.94740527124341,8.0
20279,44880.51958478439,5844.246437985749,524.0,134.17853358375635,8.0
20280,9805.807724262042,4047.63469847752,41.0,109.39676673317047,8.0
20281,15088.53899910087,1849.762355862093,107.0,119.58468451276289,8.0
20282,16178.366710809089,11608.638227014848,55.0,103.55475845294924,8.0
20283,61707.14625298844,35754.33817126126,88.0,120.66296401741651,8.0
20284,46730.76770145227,25395.880764959613,37.0,121.94475422413153,8.0
20285,25133.08730999245,3550.558293349345,41.0,103.16282955517443,8.0
20286,41460.59953397794,737.4628944143543,29.0,120.49047191875218,8.0
20287,43242.398127312525,12277.990351622033,-103.0,114.32203984341166,8.0
20288,42768.371552058416,36599.121004359804,-93.0,110.9631684458302,8.0
20289,15681.514273250297,2366.11504005092,349.0,126.14230068090444,8.0
20290,41793.55475275803,18288.098239529783,77.0,108.64913895210756,8.0
20291,40766.974346721,1741.5203342454536,46.0,120.16681882159679,8.0
20292,50165.88080365158,9031.59894867715,193.0,121.51646618817209,8.0
20293,40319.04243926897,3084.32054623981,219.0,122.16256450622895,8.0
20294,62718.41359332162,924.9316207644422,140.0,134.05066970716746,8.0
20295,46655.12484670401,9511.869822820625,55.0,120.96770400593579,8.0
20296,53643.331603494174,51666.292498158735,-28.0,112.49422602810793,8.0
20297,38984.72972090669,1469.0484936880812,179.0,143.73759424221973,8.0
20298,46235.49943609749,2399.4461531866136,114.0,122.80746208258208,8.0
20299,33099.327139553585,9709.179960785435,215.0,127.09339538090163,8.0
20300,46777.03310878152,33303.53034844902,181.0,128.5286566797209,8.0
20301,30694.923393695706,17917.8455149632,87.0,115.28674855516554,8.0
20302,9580.706869852149,2394.7913349776245,171.0,115.63575353842391,8.0
20303,26051.870374972597,9625.342648282984,77.0,115.42902323912614,8.0
20304,35592.25131763202,736.553059823349,193.0,131.84653236556014,8.0
20305,33973.13913335547,4041.8734615760877,50.0,110.70162334460053,8.0
20306,31514.934730359368,11984.946774970273,77.0,119.22517969550589,8.0
20307,45634.94971949947,737.9469993321524,22.0,126.39594224386316,8.0
20308,52422.07459049684,2869.7269319841203,86.0,117.79677794824354,8.0
20309,38764.39265845491,1475.3543470579127,164.0,126.6475282494751,8.0
20310,46954.10206285591,28226.09712325911,177.0,117.61688101567701,8.0
20311,43941.800886949175,1991.883813727652,95.0,127.10079755180433,8.0
20312,27499.56637822919,19914.99629842384,192.0,107.31574641223384,8.0
20313,30190.160815068968,16105.277849400296,-55.0,106.40281077164587,8.0
20314,64419.922482732116,56156.83339671368,153.0,113.22450023605718,8.0
20315,14502.23661938983,1183.3104349249486,214.0,124.34281036606627,8.0
20316,30971.293355945218,20020.383888267737,61.0,117.02241067885548,8.0
20317,33753.624240091056,6638.666900372627,246.0,125.36174037116996,8.0
20318,17878.857655050935,10467.25428728488,188.0,111.53506267833004,8.0
20319,37822.29389587082,1181.0301736333,22.0,121.69366699070761,8.0
20320,50882.74225878485,30633.502986728206,73.0,123.27754211576176,8.0
20321,20788.270414322073,2884.415604597253,169.0,114.00130832217225,8.0
20322,24585.274613946935,5963.060438312692,153.0,119.12753132666614,8.0
20323,52768.78607602002,34654.71583410843,138.0,111.44756749720669,8.0
20324,47314.59032003123,10200.7467562881,47.0,110.77316916470826,8.0
20325,16443.588105497678,3139.978718723302,19.0,106.02329565516885,8.0
20326,36856.714158452996,18052.563345751565,153.0,119.01927333794394,8.0
20327,40599.2511775264,25841.96589808351,183.0,107.99666318904276,8.0
20328,38724.129769407366,4039.586233181282,16.0,113.83230721440621,8.0
20329,21861.768121495617,11396.137856347885,-38.0,104.68083413297008,8.0
20330,42250.56287763853,1474.161009929253,89.0,118.62521458373347,8.0
20331,50920.932718833894,14818.083096287502,388.0,118.08240345840227,8.0
20332,46609.14998500858,2875.5806675936683,71.0,120.4933794287128,8.0
20333,17955.44395478306,8453.623095561958,320.0,123.0966739769857,8.0
20334,28186.787053439402,2362.0100476018383,22.0,108.55179809856332,8.0
20335,42336.27735375022,1472.3571986302675,163.0,129.13241277094508,8.0
20336,46171.445562633184,7103.649652485853,258.0,127.96616748370921,8.0
20337,34062.200799868355,27403.24484172131,52.0,112.75611360254297,8.0
20338,64345.8021762706,14893.317738613507,163.0,129.45789738069828,8.0
20339,28159.097891351164,4781.880592444527,229.0,138.07145463984432,8.0
20340,36849.87698845804,2208.1394692188833,36.0,115.15099012225238,8.0
20341,50217.16118360461,4038.20532494669,367.0,131.27172673625788,8.0
20342,38274.2974737636,22565.758567584187,-33.0,116.20884195638524,8.0
20343,43853.87421348432,733.8350364663961,26.0,123.16444003925855,8.0
20344,33235.05189762231,15182.933988047282,141.0,108.35682363210819,8.0
20345,46658.763146248675,6334.250121420319,214.0,126.24534634702025,8.0
20346,46340.48970737446,20182.2650314583,62.0,113.201272483495,8.0
20347,20371.246459302558,13726.658817783236,52.0,108.14697439639284,8.0
20348,37809.34007625746,14172.173346265849,-123.0,115.0386111540634,8.0
20349,45504.21932812338,6915.233956767609,145.0,120.63708687509828,8.0
20350,59471.676480137525,17594.87530447212,457.0,132.65263708995244,8.0
20351,48624.76558727443,16203.214633830086,209.0,121.77677946325831,8.0
20352,39009.016698190826,3083.943248004295,368.0,108.56983936331979,8.0
20353,40613.3788101712,1473.8410070790653,175.0,129.16411272318282,8.0
20354,34554.50693403844,4042.085090768334,16.0,121.94283203996649,8.0
20355,40009.47275017028,8260.22340430851,28.0,116.31630268718345,8.0
20356,27833.386220256536,1182.523559687683,40.0,119.60447403926457,8.0
20357,46298.1215685411,4624.3339510853,115.0,118.540890430151,8.0
20358,59053.59083096605,18872.8054938213,26.0,119.44828899939095,8.0
20359,39984.395167650095,14111.788908743496,268.0,128.71723748476094,8.0
20360,49213.349869392056,8766.211419024574,200.0,126.07999330988827,8.0
20361,47872.588876341644,28854.931308307518,223.0,128.67729523079396,8.0
20362,56092.48352421538,39247.50863354559,374.0,123.30839067989224,8.0
20363,36952.649769362404,26759.12623457749,116.0,114.93089387942086,8.0
20364,16907.56543044017,3772.475154199787,28.0,108.40706547239765,8.0
20365,30044.25117821378,5598.487979118374,177.0,115.94786500110789,8.0
20366,62732.578167968786,41969.8142376233,111.0,116.91666498064865,8.0
20367,47576.70048680105,1180.503866498665,92.0,139.36926639779676,8.0
20368,34726.75158946338,3772.7021918270866,148.0,118.95189682611031,8.0
20369,44351.04788622601,1737.761817827162,131.0,127.32960401974503,8.0
20370,55460.1409241742,53469.214878896826,-256.0,109.80889090566593,8.0
20371,43556.30468968419,38779.707008163816,15.0,113.42933418170975,8.0
20372,28368.109898958548,19492.29545704453,288.0,105.89707213044959,8.0
20373,27903.655041669048,3771.872632161241,108.0,119.45789313111082,8.0
20374,59734.59238303503,49494.972954458884,204.0,125.81237377102798,8.0
20375,33400.566531388,4733.678433439077,240.0,117.67249073279581,8.0
20376,51908.117124469354,43458.01122187697,351.0,130.65586446907685,8.0
20377,59542.199899645,924.9417201144,39.0,132.41767252181097,8.0
20378,21662.63943405999,1736.4927290282224,247.0,126.35225637041981,8.0
20379,64610.37429144465,47587.55783450402,183.0,125.31509547425112,8.0
20380,15497.514102661933,4420.110725470619,30.0,107.17763575373532,8.0
20381,32903.65456733394,1990.4556596679688,19.0,116.14136695307485,8.0
20382,41595.83146243707,1181.5150617158413,320.0,142.75384237075545,8.0
20383,49428.001712349826,23174.14832295431,35.0,115.04340586249731,8.0
20384,28301.643932207586,6387.948262311436,242.0,128.38556268117782,8.0
20385,24378.28968234474,5155.615641874597,176.0,102.67009553476504,8.0
20386,50771.42115203904,24813.96492523897,88.0,115.43991041538632,8.0
20387,39773.143231780006,1849.9972585454234,98.0,123.28623476271838,8.0
20388,30603.87460883621,10983.206883354429,196.0,124.16784246854228,8.0
20389,26016.67414741564,2366.3114788512808,147.0,122.75724590833312,8.0
20390,25475.21971874543,737.0890618607439,46.0,117.4985224871169,8.0
20391,53564.07147628441,733.0340218411094,236.0,138.29246388046138,8.0
20392,47352.15315954994,13829.12174107154,9.0,121.33070162525735,8.0
20393,21955.796942704994,4616.093198354145,269.0,119.93715559991969,8.0
20394,30049.415078794922,2366.166940317612,47.0,118.82566231537518,8.0
20395,35639.01731908345,30162.826836205386,61.0,109.72426220152617,8.0
20396,53833.27140957927,34766.08149541847,32.0,123.5022868472623,8.0
20397,52675.93567730734,7545.323466910369,124.0,113.11056832140144,8.0
20398,15271.364697183273,1181.5737490256192,127.0,119.35104509363978,8.0
20399,22403.21425119279,2945.266798668709,158.0,115.05581293073597,8.0
20400,45455.63525984284,27142.47909939212,229.0,114.2555625683378,8.0
20401,22066.04431185329,1182.9205794448972,205.0,137.34380711377918,8.0
20402,10200.609949922875,9461.181957051072,-183.0,93.17125558038119,8.0
20403,36800.32262052851,15261.585180387938,456.0,121.43577036723329,8.0
20404,55240.057097284196,8835.48382216288,95.0,121.02668060056095,8.0
20405,43089.6218293625,37620.538267930795,-99.0,109.6250679440085,8.0
20406,26787.10199922908,924.9068017079917,135.0,143.0900553283759,8.0
20407,46862.07678393852,6407.8321659944595,169.0,128.03802078594967,8.0
20408,40446.86061742033,925.0865597123335,23.0,116.04381896094867,8.0
20409,61179.74511391039,21206.793672097083,76.0,119.7344211914863,8.0
20410,13462.112637992868,1182.0645766052016,14.0,107.38300583511601,8.0
20411,12348.101097715904,10675.529084273361,79.0,111.45370820231032,8.0
20412,40395.23484987131,10595.962534975839,152.0,116.69704407994315,8.0
20413,22568.90973608462,2208.295520917059,233.0,125.10530194347898,8.0
20414,20409.579339998432,15183.560541907342,128.0,107.70326394828845,8.0
20415,38385.13462483248,1989.6047699011845,139.0,126.31004545667152,8.0
20416,50889.206461364796,4851.6154333171235,26.0,122.13932249965863,8.0
20417,15792.737259101807,12046.717919430244,-115.0,105.40780336719672,8.0
20418,57225.82592725142,1179.8767935125359,250.0,136.29564721048467,8.0
20419,34814.80959014142,733.6474557722889,18.0,114.81401834989039,8.0
20420,30152.59998685247,9744.93613336565,220.0,122.26944067082135,8.0
20421,47028.65944535709,2368.915051957356,117.0,129.31583923754326,8.0
20422,57670.38938023601,924.8372281263037,56.0,141.04064817000827,8.0
20423,29670.853494462805,11919.716383542254,65.0,116.1005892380559,8.0
20424,19583.393671056034,9216.354336237257,1.0,110.49196248946615,8.0
20425,55640.55930856512,37526.068211781,145.0,113.68332540378837,8.0
20426,29825.999282614815,12114.16235386181,340.0,125.01879826980128,8.0
20427,52291.52863270391,1733.0567873677792,248.0,138.8388690112131,8.0
20428,12289.143697913454,1181.4345802602,224.0,122.64007375112072,8.0
20429,28215.24116324791,2878.2795942073208,115.0,120.0470706951252,8.0
20430,36876.65982581205,2209.890222529426,329.0,113.49244971782619,8.0
20431,43514.860143928745,735.6999627483486,85.0,128.10875981645933,8.0
20432,37721.17444652569,2870.297649205248,54.0,118.06798601403926,8.0
20433,49900.81633373049,16856.753069237417,115.0,113.85717171764114,8.0
20434,49564.24380398135,1179.676330605913,190.0,132.36613206997663,8.0
20435,41985.49967859021,925.1398625189541,32.0,118.33769967054396,8.0
20436,10968.24175461962,1182.6507262888658,139.0,118.19403030539394,8.0
20437,16104.79203845279,15371.351043570092,-146.0,102.86894340249033,8.0
20438,58019.74367756795,1179.3296913903012,101.0,137.54185991446127,8.0
20439,36821.187891617796,29462.193405529204,68.0,113.32292915116597,8.0
20440,46910.492197375235,7574.451661025101,15.0,120.75666554830671,8.0
20441,45890.503963309406,14794.853600053124,126.0,117.278463614615,8.0
20442,56586.865261979256,1733.6290591882455,374.0,126.13012057074249,8.0
20443,59748.95524130664,924.6766947139627,82.0,136.65275714102935,8.0
20444,43870.029379914435,27992.045013302068,139.0,116.98055327341345,8.0
20445,61638.28026743527,732.2933527774501,53.0,127.29986687114331,8.0
20446,32840.844571576476,1180.7690163366271,234.0,124.37325375511881,8.0
20447,54881.90261502484,3978.6256543716454,253.0,140.84597767326022,8.0
20448,34898.293763625785,30325.37043317503,-171.0,112.14051221972866,8.0
20449,39972.5383840872,5773.696414449735,243.0,129.250275252549,8.0
20450,31454.993784940943,12948.277144410242,274.0,123.9473107050943,8.0
20451,10198.596922603436,8276.475431710714,-63.0,97.71443354266103,8.0
20452,35177.463544025864,7399.08443979591,113.0,117.63901206786436,8.0
20453,27990.252477493403,4419.394476625896,69.0,105.29197326714268,8.0
20454,32526.490104854838,12153.75869821979,88.0,112.95873157336366,8.0
20455,30611.096151494294,4734.678282786813,49.0,119.49395986575384,8.0
20456,36220.65925297331,23213.629665901408,409.0,110.1765461443928,8.0
20457,13435.015370879695,4785.324451658819,412.0,111.48602564388567,8.0
20458,68035.40909630619,924.7914588683625,46.0,136.05275161020356,8.0
20459,38320.65445201088,30970.61355576805,22.0,113.86161813938814,8.0
20460,41646.62817081435,3699.5549675287466,42.0,121.92912896286197,8.0
20461,52556.99876464368,1989.4475069253838,197.0,131.06561401529927,8.0
20462,58592.94162827467,925.1193636567409,80.0,128.58666228975798,8.0
20463,4682.9817121994,924.9015409879527,45.0,101.66402849607198,8.0
20464,30042.431684835305,13135.624672130263,94.0,104.31444870824097,8.0
20465,62367.917303323055,49570.85877861767,87.0,120.23407351866778,8.0
20466,27073.589431513286,925.0057137878304,4.0,117.0191761210217,8.0
20467,20398.815887858775,12812.046770434245,187.0,111.21091986751908,8.0
20468,44649.44170715682,925.034587362804,25.0,121.23024496896495,8.0
20469,30320.250497680758,17524.94620390822,87.0,113.92422994483259,8.0
20470,53647.040399293466,1989.463875764978,163.0,131.9130468360803,8.0
20471,61188.91462445353,18729.820367531025,63.0,117.43497010848887,8.0
20472,33597.05586117827,3086.76124498903,139.0,105.82676003411711,8.0
20473,55530.22893498648,4682.261949328049,237.0,126.12513382468235,8.0
20474,23134.09855940871,924.8420601533627,39.0,123.95539693728665,8.0
20475,50810.52928666884,31771.829472875495,60.0,123.26545521877004,8.0
20476,7435.988849921491,6516.304361482466,-38.0,93.95474297082232,8.0
20477,41354.467164251146,924.9157927619219,141.0,129.8699988485728,8.0
20478,26125.798028466666,3090.4845357782515,45.0,111.28068390337626,8.0
20479,30733.255339437696,8832.77878443939,223.0,128.12417888960215,8.0
20480,12379.921620243982,10411.529662869652,38.0,98.73868014441965,8.0
20481,61174.923103590656,22100.560337737392,88.0,129.36438554690363,8.0
20482,29093.69162726877,22452.037405205814,65.0,111.03593698965423,8.0
20483,60335.33826733525,1179.8745182747743,7.0,130.89063362946874,8.0
20484,28002.2864671759,1473.4346117074895,135.0,123.85057332739092,8.0
20485,40591.84158435831,2871.6073967621064,75.0,113.75673580550618,8.0
20486,53622.66020824428,4722.104389006457,48.0,121.180404446156,8.0
20487,44634.03503786715,735.308973648726,140.0,131.49446629136992,8.0
20488,32264.199155041802,1181.1626310425113,136.0,141.17089211331938,8.0
20489,22396.170990862167,5237.085843102368,168.0,119.09897679474773,8.0
20490,26033.22958754594,1180.8378484837212,100.0,124.51201398602149,8.0
20491,40586.9737954437,925.0898118561665,10.0,118.0120034026853,8.0
20492,27704.68588180835,3085.1529550469972,27.0,113.34837638991372,8.0
20493,32939.92608788917,738.1680578048918,74.0,125.98130841459852,8.0
20494,28530.885496205185,2871.36043955787,23.0,116.68225301071811,8.0
20495,13832.361055441925,12100.528673766757,71.0,112.26123851222886,8.0
20496,50213.98351753673,11132.602659896243,156.0,127.99678779748648,8.0
20497,46001.6741329028,33204.499344814816,83.0,118.45093553164084,8.0
20498,51621.5235253511,43343.31633820292,153.0,111.12047331878871,8.0
20499,20218.998045883418,8634.840644696968,570.0,113.35316893377451,8.0
20500,62773.457311858074,5492.153277044799,120.0,131.43783417070136,8.0
20501,19855.06707532694,2877.732140086815,559.0,124.82517061780395,8.0
20502,47085.00624421699,3483.169278648076,72.0,123.15568251368059,8.0
20503,11519.496391523724,735.9818110774654,222.0,125.11405913414852,8.0
20504,6841.454446676349,924.8934843283758,15.0,99.20694893657925,8.0
20505,18425.565527388913,736.6493105829819,10.0,110.35473249703078,8.0
20506,35665.49156601637,15287.794044306145,88.0,117.0082018263189,8.0
20507,43570.742047454194,25939.275177059655,66.0,115.60625610539932,8.0
20508,46065.90540088708,9443.300650350353,36.0,116.24919253999403,8.0
20509,12926.155884781105,4308.243586013874,21.0,108.8473262205546,8.0
20510,50080.54227288667,2870.207799620601,117.0,124.95831166883991,8.0
20511,25096.05193150205,6689.431166629877,228.0,119.05226634213227,8.0
20512,43824.37497254134,17886.46344418383,139.0,122.00872727864832,8.0
20513,63965.13979310305,731.2913705629566,38.0,141.48668760158165,8.0
20514,27957.56342830772,26220.23264213583,4.0,109.11595289033768,8.0
20515,58395.55897326835,924.8329509230184,61.0,129.85729273932415,8.0
20516,49182.33118003541,1181.231286251921,151.0,127.71704987347249,8.0
20517,40454.5167741863,25706.05774175243,84.0,114.16958605732958,8.0
20518,8829.77958029161,1181.7339336320524,54.0,104.90248154257893,8.0
20519,38864.03994109225,1735.0662701145607,47.0,119.93152913228164,8.0
20520,26959.92374833829,2884.415604597253,169.0,117.68362207196233,8.0
20521,27707.612500467818,25969.75401558322,59.0,117.06434082191524,8.0
20522,46130.688376345795,24493.372812988793,87.0,114.95485796476854,8.0
20523,33951.762579003356,25500.981488284546,356.0,127.42397000668834,8.0
20524,41251.20628810906,19918.554462563145,374.0,118.24078905536794,8.0
20525,36545.07621956132,2366.9642634966376,134.0,125.82356128739232,8.0
20526,49496.199336386984,5751.405253874647,559.0,114.93740414959402,8.0
20527,32291.41789693778,2885.5375970643067,154.0,124.12435640460417,8.0
20528,33589.33877824258,11696.932225225084,240.0,128.8344362166335,8.0
20529,33420.66588528461,5862.5432878054635,198.0,117.02873119027637,8.0
20530,56722.79103236484,26797.876144846963,332.0,126.64939971914029,8.0
20531,37610.675481438644,14521.030236525998,-69.0,110.89228313175357,8.0
20532,38682.922513872596,7109.070343316548,159.0,113.62726470466974,8.0
20533,44493.039387073455,9278.26885840635,180.0,119.04262054604227,8.0
20534,19658.06587993404,11385.380614999982,148.0,102.48629484883963,8.0
20535,27805.221477890344,12102.699249915348,176.0,108.01988576700587,8.0
20536,50767.90740812181,32230.785153872454,161.0,114.59200278760844,8.0
20537,23101.425578928538,9798.405573041726,176.0,121.32355807808281,8.0
20538,53856.59525358108,7106.666141897464,480.0,134.07124533327487,8.0
20539,46507.47072010131,9948.953701326209,139.0,124.30012512551176,8.0
20540,34700.902698807535,7109.176192085495,127.0,122.02761164182557,8.0
20541,43549.59767413829,23173.136178072506,88.0,118.7070491891358,8.0
20542,29604.557444884416,13280.498325501241,271.0,112.69462607324701,8.0
20543,61471.19075425198,1179.300555080083,288.0,138.0165284994096,8.0
20544,29250.216469328083,13540.583565439696,176.0,108.69493636554385,8.0
20545,33813.46263348927,734.712333556908,63.0,122.50546374347604,8.0
20546,54194.584740444276,30336.4906580965,132.0,125.67192026576974,8.0
20547,34171.286453887544,5755.572730540728,20.0,113.46615171916409,8.0
20548,64252.09155920385,925.1120158414149,2.0,122.05216091377797,8.0
20549,53759.712671648944,14681.967127748918,42.0,127.88504100121311,8.0
20550,39196.26209005975,3979.6764530111263,162.0,131.91421383427476,8.0
20551,48606.39212065135,1179.7961724655877,9.0,114.20632564934519,8.0
20552,12174.138784224204,10435.230528326658,75.0,111.28158535021066,8.0
20553,40493.333657625626,5152.027349869409,302.0,133.81693011485584,8.0
20554,33086.71327049759,925.0026734318245,58.0,135.9593049409761,8.0
20555,38973.345153927905,13089.154169173775,72.0,115.49734482190897,8.0
20556,14183.738690390946,6640.313957409822,121.0,113.81512856717711,8.0
20557,44140.2470816567,9507.132700417837,239.0,128.90449905996167,8.0
20558,35339.99974312998,1180.7518423839947,69.0,124.52306982517453,8.0
20559,49024.32157502153,32378.958468917837,290.0,117.16698805198455,8.0
20560,21031.206120475876,20389.507062274824,-135.0,102.37972271156755,8.0
20561,63820.46088149338,7824.1366583325935,185.0,128.1186656214282,8.0
20562,36622.63773342327,29531.01877188562,-129.0,108.638381628442,8.0
20563,34103.142527875,18862.241830021303,342.0,112.06063819750119,8.0
20564,17896.918839929425,16159.189285343864,32.0,113.07984686739793,8.0
20565,30091.440164060416,1183.0103102112346,19.0,118.87930804790749,8.0
20566,40143.10393449133,6179.241648983899,405.0,130.93699284454698,8.0
20567,32952.620974760684,7584.1622400222805,41.0,113.29010427447773,8.0
20568,68943.56008157539,60665.811073366036,153.0,113.16346776407431,8.0
20569,46812.16469681231,1469.6444673331584,57.0,116.92676781272556,8.0
20570,6639.610668625,5741.399594701135,-111.0,89.06217513931188,8.0
20571,57615.43721501262,41291.76605103112,-201.0,116.65734164077756,8.0
20572,31446.87555012114,7399.183838884932,329.0,107.98061824808605,8.0
20573,27832.669746365766,924.8028922747724,96.0,123.79737739113074,8.0
20574,42812.055488960694,3772.988470172197,39.0,115.21240080689036,8.0
20575,40637.335432509404,36628.36806813325,-14.0,112.24702986585233,8.0
20576,57231.30849830061,1992.4574885432348,41.0,115.63792351676886,8.0
20577,41166.49123129961,24031.9728008679,163.0,112.12909288675766,8.0
20578,9249.144656385795,2774.767329364414,1.0,97.79186993381067,8.0
20579,50165.942618463116,14208.971246504358,135.0,122.64601850316866,8.0
20580,48429.53779787284,733.3660321687112,96.0,138.57216169546518,8.0
20581,61604.184791349784,5492.08998410264,89.0,131.43442717325544,8.0
20582,33947.76034013653,14181.286345032879,328.0,112.57181321724258,8.0
20583,28447.2666258565,8261.59951124746,46.0,107.49027518132193,8.0
20584,43529.37209195601,36184.68451203965,68.0,115.61435586639092,8.0
20585,65000.23127394329,1989.4558434121418,326.0,133.16614591571482,8.0
20586,25941.85256159822,4305.672040557849,153.0,124.88881557541441,8.0
20587,43447.02335450752,735.2435028753921,41.0,121.31653114077682,8.0
20588,42780.56267601515,2944.5357991398682,127.0,124.60250691566722,8.0
20589,51973.730052818704,2359.8686141967632,188.0,130.1724436654132,8.0
20590,44961.070848571195,30873.209418015016,81.0,122.39004575125735,8.0
20591,41325.02843639608,23636.034195303673,45.0,118.69041762353092,8.0
20592,24318.473380794432,7192.806118499334,138.0,117.58043934056144,8.0
20593,51745.21394020844,45084.4010921575,80.0,115.49888644196733,8.0
20594,41478.358481537005,27388.427033087002,81.0,121.94009588797387,8.0
20595,51877.91610705685,1849.624744562467,25.0,111.84204374065615,8.0
20596,28205.021158691787,6335.740511980812,30.0,108.57637936457823,8.0
20597,47502.14647777523,1179.5689678890171,103.0,127.01255042080953,8.0
20598,43670.694698960506,2396.5348145084017,43.0,121.22182371569218,8.0
20599,61832.46814363037,53555.0554281381,153.0,112.0779796177034,8.0
20600,37324.65934064118,27819.313879239387,351.0,127.45788554701437,8.0
20601,8276.12381429494,7093.392312471748,-37.0,93.27390404735011,8.0
20602,39842.117799644264,924.7879305546008,65.0,128.37933676623794,8.0
20603,35101.95475716758,27512.504239786504,-219.0,105.0041347580029,8.0
20604,45460.60407938793,27843.239051604574,60.0,115.16447006171256,8.0
20605,29693.325605930928,11085.316215758126,198.0,103.58022997615134,8.0
20606,21675.461708583163,5963.324256408582,172.0,118.72234102199265,8.0
20607,40445.49402192318,15087.34032649369,369.0,114.2259419174056,8.0
20608,62241.80455042218,2358.9828996172423,305.0,135.69979002705097,8.0
20609,19115.34093540312,9317.644528610866,262.0,122.86927374976788,8.0
20610,22022.954815312867,15379.571861203318,80.0,107.68608774228129,8.0
20611,42704.962298259656,24148.956862318588,354.0,107.53865651479319,8.0
20612,44759.91903278696,4616.379455938785,123.0,113.42730026723756,8.0
20613,25661.053289009193,736.3452003710355,41.0,116.54636336432912,8.0
20614,48945.68614833132,44910.65747459943,-100.0,112.88145264009265,8.0
20615,17033.4164119159,14839.925482580422,-66.0,102.99030759564522,8.0
20616,19716.476879711376,2366.596945052015,12.0,111.74498386419896,8.0
20617,52062.93747411299,1989.7653415113998,293.0,134.61862869112397,8.0
20618,62783.111354022476,41599.57780733648,75.0,123.23284147191417,8.0
20619,16205.004686259843,736.3378054756187,15.0,107.34181340521941,8.0
20620,51198.40867895198,1733.961920859163,272.0,145.98191083832506,8.0
20621,9217.079629059092,4608.0908770538645,63.0,96.24048322028541,8.0
20622,36259.97780809963,17635.352305075598,132.0,111.10020572725354,8.0
20623,39288.85944093343,25188.83309414487,163.0,118.94154489123784,8.0
20624,23740.927879683593,3685.1384810158565,129.0,118.4889202023564,8.0
20625,27136.146343667897,8090.917451003442,306.0,114.15387262013212,8.0
20626,27185.133951902957,4683.122122471546,97.0,118.30326830055395,8.0
20627,47301.55619890868,924.7370965026854,39.0,131.5209440816356,8.0
20628,49211.303808382334,37523.97093640483,289.0,114.49524080789946,8.0
20629,43290.42184949748,1184.3897636628462,35.0,130.6813701797709,8.0
20630,14101.438127131403,3142.2145850683605,20.0,104.88374737691476,8.0
20631,58913.4354443097,16150.522261482838,-5.0,116.3672801574045,8.0
20632,42739.45889609689,735.0328573629977,85.0,134.7333770463192,8.0
20633,59181.44620219056,925.0902919564768,-1.0,115.00628143120507,8.0
20634,30778.786555542094,23596.09418051106,-149.0,117.91458356467302,8.0
20635,42314.739091423566,5842.320253050779,142.0,109.71837818255871,8.0
20636,48659.409884870285,29927.84867405807,167.0,117.58171620611819,8.0
20637,21347.658404794962,1472.5988927493597,9.0,110.34294944822283,8.0
20638,41935.556139785534,1183.769830197598,15.0,119.39878385139656,8.0
20639,35236.897763689594,9784.831568785716,21.0,124.00561916109913,8.0
20640,36828.80141625154,7365.156275756239,406.0,129.60315746316934,8.0
20641,28709.481451423093,19436.547016299894,161.0,111.53717405157238,8.0
20642,31057.412949388723,23469.030574505363,129.0,112.61177777595609,8.0
20643,33438.34911779027,12644.901489969001,34.0,116.66777747824307,8.0
20644,51004.04151492493,7546.024051602079,50.0,124.42416608593408,8.0
20645,38631.78713121951,30179.91715572438,359.0,128.40213900116487,8.0
20646,10631.094110764012,8905.027994376425,79.0,110.26821856427111,8.0
20647,26722.550760369344,7190.224257261372,70.0,117.79804602962996,8.0
20648,45641.04025078295,1184.0889542806933,69.0,123.59921256407304,8.0
20649,37188.23491190992,15677.465162327391,139.0,112.24442456896152,8.0
20650,44172.486940888724,5902.816786663832,182.0,131.2521576777362,8.0
20651,16419.400449829336,10255.595462738123,18.0,107.6437816008927,8.0
20652,55254.014852004446,924.7162158914538,99.0,132.50540594037034,8.0
20653,37596.50597392375,6279.273547721285,70.0,116.58951459475759,8.0
20654,55240.10283535262,4302.8533246286715,334.0,132.83890407487107,8.0
20655,43917.207660609376,23535.56929111118,88.0,118.33036438689405,8.0
20656,28530.361569571804,10412.14736012117,141.0,106.49737655718988,8.0
20657,64211.727916542724,731.2104028455574,235.0,140.63455029882272,8.0
20658,42103.230541797275,32317.254334638325,-357.0,114.20618258105252,8.0
20659,62473.37730177247,45452.19460366364,183.0,125.0276374789643,8.0
20660,49426.88653763698,924.7535150001612,30.0,129.97082852832662,8.0
20661,12141.226218929853,3140.9708906766,57.0,112.8220690094174,8.0
20662,50297.0105403313,7119.662963808966,65.0,124.49031601466146,8.0
20663,30061.625560631266,13327.399373264197,25.0,120.62713125657928,8.0
20664,23386.0750492834,924.9351430080477,11.0,108.32822489725973,8.0
20665,37509.07266736649,17422.668406297977,266.0,129.44063142681986,8.0
20666,58783.27162563121,924.817097907321,76.0,128.06569181968501,8.0
20667,22802.91192885942,1180.8205104220267,54.0,128.045200130922,8.0
20668,60493.42714644976,44399.42780247572,75.0,131.01770400480297,8.0
20669,55077.20579807351,15244.858333223088,161.0,124.74877431640994,8.0
20670,56781.00140966413,3539.9514372983695,31.0,124.22695423605501,8.0
20671,34151.51911217499,16116.311084458872,87.0,114.67278049908279,8.0
20672,56406.341955698656,5474.4945239955105,341.0,131.6795096390157,8.0
20673,62328.10613616019,59998.79263613173,-321.0,117.41644238640876,8.0
20674,45613.52501030441,3771.90436727799,130.0,115.86778376356422,8.0
20675,19478.98925706575,1849.8355743711995,46.0,111.72368780243657,8.0
20676,41251.38252365573,924.8616646485326,82.0,127.7560241201825,8.0
20677,21954.83429605837,2365.7742216462975,128.0,121.51067790762178,8.0
20678,58450.489824750235,41432.99854109427,183.0,124.4592680362324,8.0
20679,34953.32111600222,14557.284816508003,71.0,120.09631173851645,8.0
20680,19944.8222665954,14089.793909456885,-10.0,107.15772004771082,8.0
20681,47823.1628246816,27321.923163971132,316.0,116.61620526199994,8.0
20682,59411.46882611198,11936.601165755079,560.0,132.37310616642355,8.0
20683,31184.956150727692,737.0908746124015,105.0,120.10492733529492,8.0
20684,16906.679084903782,6516.00028263394,78.0,115.82719623762726,8.0
20685,50422.44052634391,11486.09884872045,117.0,129.68080491442245,8.0
20686,51928.25446784092,15793.105229707866,310.0,120.55011271510334,8.0
20687,38219.24827939148,28712.08070303826,275.0,127.16045808285227,8.0
20688,41690.09868320122,5207.30834043341,137.0,109.48561517841804,8.0
20689,57816.04940905306,11844.917642358347,63.0,120.38571789880847,8.0
20690,48262.03898443961,2361.0126860344194,120.0,126.46922763872135,8.0
20691,23322.49315789024,9952.540753138986,32.0,102.94132972150706,8.0
20692,26347.175061842696,4510.143557755717,166.0,107.0452597195327,8.0
20693,45130.8491101398,4128.291209943784,254.0,129.2188073715344,8.0
20694,26552.053800253077,18963.584022796997,144.0,104.67333128541698,8.0
20695,34689.103423378525,5482.208630349075,136.0,110.65922385966026,8.0
20696,10630.908374558318,3086.2621284836646,73.0,96.90235616252852,8.0
20697,30481.784904300523,1740.561863340976,85.0,120.24550104612001,8.0
20698,36095.117792126686,19152.91020791152,129.0,119.56550900116173,8.0
20699,51452.873962980724,2869.5686295953215,45.0,126.99495265658874,8.0
20700,58319.327279364086,16875.544305538988,61.0,117.01390990164981,8.0
20701,55501.002057749974,9110.242942859591,95.0,120.0471686660646,8.0
20702,41928.51199712575,11697.19917075395,213.0,117.19822560451647,8.0
20703,59845.372291188985,10999.219021396077,308.0,132.29524233610948,8.0
20704,18533.014966652205,1740.603852618124,59.0,113.24055512650375,8.0
20705,44073.29739096363,25457.83248306511,198.0,110.58958331494203,8.0
20706,19199.190012449653,1741.139994375598,21.0,107.26476141260733,8.0
20707,46105.011398033595,19655.02553973707,153.0,112.02488300078184,8.0
20708,39771.679098519686,4418.766525341333,159.0,119.96117514230993,8.0
20709,52957.542037557156,11418.592070090432,33.0,125.54974429088735,8.0
20710,47551.85705180794,924.8802425197434,23.0,129.25807546858144,8.0
20711,26172.042979955677,5975.526910423132,63.0,110.17644424891955,8.0
20712,31156.881875288527,1183.142806391199,149.0,138.07821304257482,8.0
20713,23144.251250028025,1181.3646641611329,122.0,133.29882960431695,8.0
20714,46655.70663045427,7725.483240859048,39.0,113.54394716210189,8.0
20715,39004.06779447046,7109.665819981444,19.0,124.26629225938629,8.0
20716,34989.08826031392,9106.676740946006,72.0,114.58612092732568,8.0
20717,49083.47058971368,2886.9770157002267,321.0,133.40635753063503,8.0
20718,16830.970614760783,8750.428391865067,67.0,112.99593088280349,8.0
20719,61174.032634198455,924.6780349028116,45.0,134.92623685625682,8.0
20720,23140.60136691919,3090.2975769155305,124.0,118.61796343973094,8.0
20721,26108.609884193967,4616.268960779754,139.0,119.11687507774758,8.0
20722,49535.35178834559,10459.023835247845,227.0,128.33331264114688,8.0
20723,42462.97356086198,23625.59734133914,-57.0,112.63879493795588,8.0
20724,54784.917794038905,52828.965748380724,-60.0,112.9508522684454,8.0
20725,58020.40906023942,1179.1581604701655,3.0,116.9678339674943,8.0
20726,9753.068401761964,7594.787333680568,-10.0,97.35469988600703,8.0
20727,31401.834035114014,924.995684777037,14.0,112.7069821033393,8.0
20728,28488.047729841925,7867.40746538195,43.0,111.58110408987666,8.0
20729,32167.29051932371,736.1890505669784,21.0,118.70621807936763,8.0
20730,39148.5434630825,5229.030329225529,124.0,122.23071963832513,8.0
20731,30255.37602920885,14760.02169189805,181.0,107.40034842063149,8.0
20732,21387.631355289705,20467.898192709075,-198.0,101.1445867552248,8.0
20733,14098.801777807423,1182.1651689760608,23.0,109.19811497608013,8.0
20734,38184.38686864272,4617.1107489074075,243.0,122.67459768385787,8.0
20735,57077.71974596573,7850.908382853957,33.0,126.19874335652537,8.0
20736,42409.91955108704,735.1151562794186,128.0,134.0097236763196,8.0
20737,29133.675723483255,7545.2907262888175,111.0,114.08281389177215,8.0
20738,10411.479474214304,924.9639901204911,40.0,113.20012000786699,8.0
20739,51342.30503282282,924.8223929059232,32.0,129.5527488958886,8.0
20740,26305.00160033712,5127.93259514483,63.0,119.82090493533893,8.0
20741,41494.54162081215,1180.4149448848132,77.0,123.46436759021285,8.0
20742,54367.9486252783,33038.11074082337,15.0,123.94566422529883,8.0
20743,39170.402781220815,2361.414895979495,185.0,127.59582126023412,8.0
20744,41010.146505964665,10469.607352069148,256.0,127.17773268633564,8.0
20745,54252.02127423303,8770.707847794629,38.0,123.8235850433247,8.0
20746,23715.100823989153,2943.350628605031,48.0,117.2803610160062,8.0
20747,37579.39419767447,8103.1811717259025,275.0,127.53785201874452,8.0
20748,61864.88664545646,20415.490003629788,61.0,119.05195036723543,8.0
20749,14094.087979422462,12362.200024249505,78.0,112.5037249967645,8.0
20750,39930.40907020863,14087.04174528669,57.0,114.53375653640481,8.0
20751,37554.91276004133,2875.999014002137,16.0,111.24931415191347,8.0
20752,17365.83643651643,3982.688090014368,236.0,121.18403367922137,8.0
20753,41522.00863165695,6388.399128738841,79.0,120.56815462066626,8.0
20754,41256.565281995696,33153.03584858356,-72.0,110.18858172722933,8.0
20755,57724.52780863745,38678.87440815478,-6.0,117.41881740657381,8.0
20756,17690.372550744043,11814.146577462534,93.0,118.19009402729287,8.0
20757,28865.960703301702,7598.643579992284,74.0,114.53896823597661,8.0
20758,35293.38258209645,7084.643880232093,41.0,114.32681840871129,8.0
20759,52222.68424311256,12160.841188774482,24.0,117.1405952249826,8.0
20760,10280.37272250546,4683.029476667753,6.0,106.14281657765883,8.0
20761,48548.80775131823,8356.844196985181,356.0,132.13046053614198,8.0
20762,66815.0708908303,3538.477631946964,43.0,134.15047721213568,8.0
20763,38536.05066758778,1992.211738939238,55.0,118.283936880982,8.0
20764,61698.863120405986,1989.9444945439002,43.0,126.9269194083468,8.0
20765,20171.39516771169,4045.397265713986,43.0,112.46600565643446,8.0
20766,50886.63156888109,5900.550922184065,70.0,126.69858382073093,8.0
20767,37079.69462772774,6183.0031077726435,235.0,114.37860868712453,8.0
20768,33288.08301787143,19569.66281070518,149.0,124.10154099599188,8.0
20769,32484.92511943017,735.193035403458,37.0,125.04070938320585,8.0
20770,33996.70395889253,1181.690561051922,11.0,118.83288671306956,8.0
20771,26108.51807480282,9272.412363333018,86.0,117.56227835867149,8.0
20772,45434.0062084656,4737.183329806901,63.0,118.3172337865935,8.0
20773,51873.95558574097,24774.837636588585,78.0,110.34884136022143,8.0
20774,49613.8737196572,10623.570839240272,144.0,125.39198191273385,8.0
20775,43329.50291307515,7578.255327916716,324.0,107.78332221811415,8.0
20776,28262.079222999444,1180.6059196920191,114.0,123.41988485609289,8.0
20777,36688.20480302341,1741.301881461536,145.0,123.67902496407436,8.0
20778,46119.673070640376,1180.269296584616,43.0,127.33837751123451,8.0
20779,43571.9317768529,4624.891037663456,337.0,114.23325535810604,8.0
20780,39556.881207431645,5237.496968421213,96.0,120.79878287008812,8.0
20781,47957.10184873915,733.047885027352,147.0,133.91548660027263,8.0
20782,32478.375599296505,14357.24797437641,132.0,112.68062913879905,8.0
20783,41594.06558448631,37020.06506875567,29.0,111.73584012311657,8.0
20784,12809.567887779605,3981.405840912966,53.0,100.43764658278076,8.0
20785,25575.711608879694,13962.257073012119,18.0,108.46911762333687,8.0
20786,51476.80939576215,4850.882057566448,220.0,128.46998354393259,8.0
20787,17819.009562516636,16907.600948222524,-209.0,99.16915986385595,8.0
20788,36697.33084658773,16104.126880003578,82.0,120.50694791748323,8.0
20789,31278.942959433352,3139.390259228432,240.0,126.85445518684026,8.0
20790,30606.40037179856,15848.944926353252,183.0,108.24496929492474,8.0
20791,31161.145995095547,9235.339089574642,38.0,115.4867344882263,8.0
20792,57570.2380131368,10811.983321627762,100.0,128.33280238285226,8.0
20793,23747.143680071724,8706.155665815215,81.0,110.69838214453091,8.0
20794,43724.36895726124,8161.667827676153,210.0,124.63441852924203,8.0
20795,36271.40983694274,3471.8266590180147,151.0,128.06198011660425,8.0
20796,30718.618593137755,1180.690633558684,10.0,118.5941904399007,8.0
20797,35366.98534192275,2209.6565852096305,413.0,133.7503791626785,8.0
20798,58868.488372581385,25606.620096216226,9.0,117.926872642397,8.0
20799,52332.617003304505,30317.064382267792,358.0,114.42756257290674,8.0
20800,18255.716920206807,10667.951833615294,201.0,103.34936926115694,8.0
20801,49400.06170096468,733.4369331067536,38.0,138.7471315089585,8.0
20802,21853.133756866573,2394.9215785758506,166.0,121.53191189860442,8.0
20803,45679.578246949364,5487.855470398247,130.0,119.28872071902036,8.0
20804,40560.170471241276,3083.974222643182,290.0,128.10940967202762,8.0
20805,41952.714405852,8831.578833131685,212.0,125.67154204333863,8.0
20806,34873.60699194124,10595.661762359005,355.0,126.18879161244243,8.0
20807,13936.769371363036,5124.4351442152,51.0,97.31073086368647,8.0
20808,18209.894064084,1182.8705853787526,105.0,112.524954110378,8.0
20809,53577.67711409736,13134.161543589982,475.0,123.76647189260528,8.0
20810,47636.69884711001,28909.640708104806,165.0,117.51648720799663,8.0
20811,49573.79479757891,924.8605572877099,7.0,117.98021273702051,8.0
20812,56857.775920313805,1179.1405518035463,108.0,118.26161403687743,8.0
20813,42695.95202876781,7440.663832964341,179.0,129.8749804226071,8.0
20814,40884.91337157628,9919.917382229025,193.0,124.85297714303331,8.0
20815,45987.75779383016,9434.386361482932,55.0,117.10004364495748,8.0
20816,47361.48028238946,10952.592611897328,130.0,126.1066019177843,8.0
20817,42857.02696747878,32580.364855913132,197.0,111.86504644336985,8.0
20818,51268.89205700298,39521.7499609098,233.0,120.5952526824215,8.0
20819,69680.7773491654,1180.0355764843011,79.0,127.91659693096021,8.0
20820,54822.396395642856,1184.855453085029,18.0,126.3454453048767,8.0
20821,23228.445047709058,5598.268892566921,120.0,117.321585965607,8.0
20822,32528.211743987995,17468.5421093161,60.0,112.45025292336031,8.0
20823,67580.61396931192,4717.848013121526,112.0,123.58203745274484,8.0
20824,29102.378099505335,2210.6965939728093,63.0,118.3310041944863,8.0
20825,40861.61592413997,30622.758767641717,185.0,122.75382404512953,8.0
20826,40453.126200267194,924.9337633090645,77.0,129.3376809122372,8.0
20827,8309.970961218367,7593.944870416191,-90.0,94.1742274137015,8.0
20828,38352.91195551193,1180.8447797098634,20.0,119.68050527014232,8.0
20829,38069.11590792555,25386.390939865392,32.0,120.60209133601735,8.0
20830,27981.639300257466,735.1254717843672,40.0,116.70370450143413,8.0
20831,34506.158353130195,11196.434281872283,133.0,119.90216043353465,8.0
20832,39854.66940261056,24823.518700102373,87.0,116.45395360581301,8.0
20833,45312.858015946025,6872.69573454447,202.0,126.23215517358862,8.0
20834,50598.15884616181,924.836222238655,31.0,125.61492154426837,8.0
20835,34259.82728463736,1180.8788758991423,114.0,138.76886688781897,8.0
20836,36332.58864336348,1737.2035373181332,70.0,128.97109709752067,8.0
20837,29932.56933856629,9982.328553759266,133.0,118.79300630502158,8.0
20838,59045.584287149504,33088.13917812594,88.0,115.79015900833326,8.0
20839,16490.953075338035,2397.032359170133,178.0,119.91801948812909,8.0
20840,34203.914026328515,11625.214763347125,56.0,108.87041846824575,8.0
20841,19223.717154674567,11810.572301655755,206.0,119.79034813824296,8.0
20842,50140.19160896227,31584.52072776399,295.0,114.59801047608926,8.0
20843,51818.61434805664,4624.976947065802,68.0,128.88514206588783,8.0
20844,38380.46634829942,3082.7150107866887,4.0,112.5556101777736,8.0
20845,45933.1829541257,1181.0797199953674,177.0,147.06961588262197,8.0
20846,43519.81857618511,11081.198661672543,354.0,129.16916147906824,8.0
20847,20559.864379286435,2870.387405258237,256.0,124.42097167924027,8.0
20848,40040.49088695092,5865.03666871569,158.0,122.03256075190824,8.0
20849,42789.68107282655,735.7669812329246,132.0,130.11759263118375,8.0
20850,65617.37581414205,9905.690898531619,250.0,134.0756994492162,8.0
20851,11530.612936954094,1183.173693399333,115.0,116.05874660600315,8.0
20852,42657.39391476911,19336.553544268383,11.0,125.28761052502583,8.0
20853,30962.35307219914,10208.459986161206,44.0,111.21904924485926,8.0
20854,13680.632118937701,11692.474437853252,68.0,100.4133330887006,8.0
20855,57006.57590464833,18415.455693550943,145.0,123.2708262213828,8.0
20856,17811.913131285608,16090.085347348533,70.0,114.3357343947943,8.0
20857,36058.51895039243,1180.489349430943,66.0,129.9125017372264,8.0
20858,45662.31301992035,28533.021402050512,163.0,113.30666840353037,8.0
20859,40882.8495466083,23762.189675032685,163.0,112.0484152291459,8.0
20860,56427.00864412991,4304.2838269834065,70.0,122.64670843148312,8.0
20861,19971.73491902142,2362.1380018940104,22.0,110.21461734380604,8.0
20862,41155.24393350884,924.7568731583079,40.0,121.79469272776683,8.0
20863,50653.09450441282,29142.075336087048,139.0,114.3188464662385,8.0
20864,52801.32611051472,6516.221681979777,87.0,120.51094601856938,8.0
20865,18311.902245106052,17223.285580679305,-134.0,117.52364467827309,8.0
20866,43701.94815794268,1473.8410070790653,175.0,129.86961154953894,8.0
20867,42280.806317217626,5477.664879968657,98.0,118.48432706330006,8.0
20868,31144.812715180746,11306.999946247672,113.0,119.1259959431305,8.0
20869,27748.414952196443,1849.854498474127,62.0,117.25358116058275,8.0
20870,53079.692731499534,27137.432424674465,139.0,123.63745622867178,8.0
20871,57775.69083504242,924.8385034819812,62.0,129.6984409703605,8.0
20872,54935.7316890413,25332.04221174112,342.0,120.34264716819311,8.0
20873,14982.142357357645,9747.570139653168,132.0,104.72779165058046,8.0
20874,30839.644605714795,1849.9030272676107,142.0,132.53750345503883,8.0
20875,40001.95469879578,736.1377940254008,191.0,132.77569482301197,8.0
20876,30173.372916593235,19213.337499767204,63.0,116.91034580098972,8.0
20877,36532.69958386338,16842.043490366643,61.0,107.24782915627954,8.0
20878,56067.55240849947,35309.78883701971,111.0,118.69958795126996,8.0
20879,27133.205623011065,925.0716048248717,5.0,113.59745343459868,8.0
20880,40854.3663870919,8317.783507926672,154.0,114.77081882651851,8.0
20881,36879.3159487879,7366.7954144080695,168.0,123.79229346487676,8.0
20882,33479.9685500184,16865.53552829084,133.0,110.08121102746908,8.0
20883,15249.61602411547,4682.90003206504,20.0,107.1249037186445,8.0
20884,39680.40795073079,15996.3432357875,123.0,120.9069648848412,8.0
20885,20520.926008899576,1990.7386296962054,154.0,120.30268281469009,8.0
20886,45571.83852697608,924.8916039896828,16.0,128.81251285201125,8.0
20887,40814.966283146285,9743.163644474282,354.0,110.01885194535136,8.0
20888,32306.33421307329,1475.0393596737292,195.0,128.45431698671285,8.0
20889,6283.992061338509,4309.926125853331,-4.0,94.07158827057944,8.0
20890,13938.185562840914,924.898680884239,22.0,115.78672370609777,8.0
20891,9019.867136931523,924.9555282415884,4.0,102.62357779849084,8.0
20892,32138.90940975333,9026.595876222946,144.0,121.07307975455892,8.0
20893,46795.661702326404,733.9352742848425,156.0,118.70194505686706,8.0
20894,18808.48297912119,5485.949227955402,340.0,124.16131280064333,8.0
20895,20992.891720984946,1849.7429211414876,50.0,112.8784200739604,8.0
20896,13003.674520368279,10638.781959064485,21.0,104.3941895393344,8.0
20897,65549.95233613602,20432.52121483155,61.0,122.52044870594489,8.0
20898,49894.966427067295,924.8591045005546,112.0,129.83474585889343,8.0
20899,13975.541429718854,5223.147359946104,8.0,103.9991533649478,8.0
20900,36420.02264610961,1183.3100222738185,57.0,124.08516468587871,8.0
20901,8612.285385523108,1991.1152487014456,-30.0,96.64706634934045,8.0
20902,35730.583102608434,1184.0334487892615,44.0,125.97241496333197,8.0
20903,45658.64221865633,25413.19423720425,73.0,122.35666697296597,8.0
20904,25957.78481150527,13735.12270929297,-18.0,109.07010755955457,8.0
20905,41726.24647966035,6516.229969339558,80.0,125.01261490305487,8.0
20906,25029.056501731713,7965.702884583664,376.0,126.44282079879656,8.0
20907,38345.64714936989,22851.529203845435,181.0,110.27310767104409,8.0
20908,22892.593858175653,5152.494449042201,57.0,110.5436400314355,8.0
20909,56088.36978974899,5232.850461334668,204.0,131.78825589591958,8.0
20910,49949.80600349412,924.9356136437608,22.0,121.40574155084894,8.0
20911,37245.648991139555,15921.243311699503,483.0,130.20468078998147,8.0
20912,53138.73193963376,35413.71838719822,205.0,138.04915825734136,8.0
20913,52963.70250836963,35913.226857459325,261.0,117.36102343662263,8.0
20914,30217.967314149395,15498.29540742565,39.0,119.28250348271527,8.0
20915,11524.538120791141,3476.845372473774,59.0,109.7970491705015,8.0
20916,41224.04972668306,19901.169497843806,144.0,128.9955497478133,8.0
20917,33815.693668040665,2871.568656711525,160.0,124.1456332204616,8.0
20918,32405.4486225276,22210.03525999868,177.0,103.88831900253109,8.0
20919,50604.87542634848,1184.3448082150396,14.0,121.70565348002198,8.0
20920,40357.06236790448,5464.281889125431,388.0,131.10441541245555,8.0
20921,28439.505566442807,8074.477577692858,63.0,114.99156385407721,8.0
20922,42254.75039404988,19926.28073692386,131.0,120.49548533975495,8.0
20923,49280.615546557405,4721.666743357683,170.0,113.4517524138518,8.0
20924,63185.187311777365,18066.979168733655,61.0,122.04643875972806,8.0
20925,40703.26069035158,28464.81956777996,54.0,112.63087825055956,8.0
20926,30655.866401218565,19050.437464711595,21.0,112.75323204296933,8.0
20927,52461.46708045075,9776.225185470901,510.0,128.18785750006364,8.0
20928,11562.188650441818,1182.4815965138257,162.0,103.65631960177696,8.0
20929,15073.272847477907,14226.733683911922,-169.0,101.80952365962878,8.0
20930,13762.502128396005,12104.412077975214,38.0,110.89254203889456,8.0
20931,51845.04816268142,924.9690282373078,16.0,124.53087448120124,8.0
20932,33801.463505603,735.2910379050769,63.0,122.33387780251078,8.0
20933,16164.002293317963,9821.186488194504,-7.0,109.12268509999228,8.0
20934,49953.41603826471,8324.931782035135,314.0,129.12441873763856,8.0
20935,13936.117777389425,924.9812914192296,84.0,118.5203939022125,8.0
20936,16480.432581375404,14749.374333868913,42.0,112.48738163629271,8.0
20937,34537.69647363829,12803.834054640121,117.0,109.50091771456916,8.0
20938,61675.48142318173,15702.653342981646,63.0,121.55250455440138,8.0
20939,45886.209177174984,5918.703159953759,257.0,123.51817745192426,8.0
20940,39212.43742429277,2875.2244569351806,28.0,121.57799640963022,8.0
20941,13921.757939258297,1183.2814420390675,10.0,109.78239062264781,8.0
20942,33729.00852102304,1990.0231459578883,85.0,127.1261451241472,8.0
20943,67597.65669565005,11359.497549081047,64.0,121.96734541836021,8.0
20944,43033.35348126472,735.165267379828,67.0,130.8499840046377,8.0
20945,47191.337205941774,31269.782118782343,151.0,130.34031188442594,8.0
20946,36052.314605437605,924.8475224152376,47.0,130.98038912441066,8.0
20947,52251.37455949998,2359.619643387953,47.0,132.48429468040433,8.0
20948,44824.07919075612,13749.793569297975,146.0,106.66963429633346,8.0
20949,40096.32317507544,733.8705971360326,194.0,133.56970034198815,8.0
20950,59642.96093226016,924.7914907917117,34.0,130.19811271564532,8.0
20951,38573.85203699781,1736.3947823719914,221.0,119.80493331334571,8.0
20952,18514.021466792623,16775.50388062848,64.0,114.59922414213239,8.0
20953,45707.43815369857,5208.577707728681,298.0,121.21021799344577,8.0
20954,48735.19508242159,2889.109543517765,33.0,121.66173792535777,8.0
20955,23526.808815826957,2366.636555642482,53.0,106.91800613511379,8.0
20956,41890.79833886049,7442.948169272663,64.0,115.32498930663215,8.0
20957,44807.476076091756,28483.180076318153,120.0,122.1969393276078,8.0
20958,38875.73492351839,5549.82852270044,291.0,128.24165088231325,8.0
20959,34814.959032355175,15576.667540354552,181.0,106.28682718986383,8.0
20960,17635.180836287607,16713.707848414426,-171.0,103.52928282302521,8.0
20961,47893.44950896674,738.6986162815152,44.0,125.55693512041906,8.0
20962,56875.275901308996,924.8663250000188,227.0,136.7418947297914,8.0
20963,42412.28961111206,4618.3246051762235,280.0,114.52847970993048,8.0
20964,22072.50503718151,11482.271051521398,-55.0,110.96398350230568,8.0
20965,36836.72022672385,1184.305070887815,144.0,129.17532298263401,8.0
20966,49877.89708491629,4850.986197532514,184.0,140.95284911205948,8.0
20967,57812.60877470925,1745.2078790751566,129.0,129.07074737368495,8.0
20968,40802.87549491252,23169.653796200324,121.0,119.9289037581145,8.0
20969,3683.2073661204363,1473.4673438159944,-4.0,93.46812950504695,8.0
20970,29430.01791305959,1741.157121269638,47.0,124.80956839922183,8.0
20971,45889.93474710073,924.9259093724678,26.0,117.90888269753556,8.0
20972,41417.7595371683,2398.2915993845536,27.0,121.53003516947606,8.0
20973,16907.23832757555,924.9701357318171,69.0,116.69706574043194,8.0
20974,56939.90372383492,924.8702980357564,171.0,134.13473112387896,8.0
20975,25087.367422583586,737.3692328853779,89.0,123.84767823991706,8.0
20976,13681.583731057655,7963.350058890672,19.0,110.5720072115367,8.0
20977,40762.55228218471,34101.69784549075,80.0,113.98328580905968,8.0
20978,31061.975504088867,2361.2265095655284,177.0,130.4145867626762,8.0
20979,38873.87087028518,924.9460573906932,45.0,119.74355890937309,8.0
20980,36102.400004297146,4418.766525341333,159.0,117.65781180967892,8.0
20981,41054.85008425565,8230.965063451047,153.0,124.72752733451965,8.0
20982,31836.736976216755,10969.916910745907,85.0,110.68473988256567,8.0
20983,31010.58100674166,1990.044477007313,113.0,134.5867780165778,8.0
20984,27254.81449640487,10312.594314401125,186.0,105.71688680592099,8.0
20985,57153.33622990609,8259.917172550742,87.0,123.96051548890911,8.0
20986,35470.89862309541,5966.410713378394,301.0,111.17781829346171,8.0
20987,19478.978582434804,1849.897765032287,89.0,116.69269032825522,8.0
20988,35733.828808307524,11412.725018463056,207.0,127.04661603702166,8.0
20989,22246.997173958334,2774.7235486168097,46.0,105.9965653557298,8.0
20990,49108.75322257948,12969.435229118311,66.0,113.89267237671936,8.0
20991,33499.93521054538,10280.308988860354,254.0,124.2727944936799,8.0
20992,43695.03604282451,5598.253362612257,129.0,121.60714842649904,8.0
20993,16547.50444492768,15671.431296428756,-223.0,102.13686623797737,8.0
20994,10643.347025596262,1182.6529189806092,-5.0,99.92041142448326,8.0
20995,58252.42628059154,1184.7211567131321,206.0,130.73150516710277,8.0
20996,19976.169187502663,9014.5587856335,42.0,108.42024350712163,8.0
20997,33042.976231638044,4682.8382837228655,27.0,113.99237251541805,8.0
20998,16928.0256890331,1741.0267219646457,90.0,114.25117104658409,8.0
20999,15569.114152682898,10348.060253273954,130.0,105.18545349519053,8.0
21000,33400.7551538705,1182.5460248023555,148.0,134.44172912050107,8.0
21001,56344.896979211844,7107.135703872888,33.0,125.95348195956429,8.0
21002,6883.659305113273,6177.486090116889,0.0,93.92926618741785,8.0
21003,41875.909568445415,1744.239727356015,42.0,129.6610262125776,8.0
21004,23635.348603210216,9214.204265522974,32.0,111.57642639422934,8.0
21005,47764.755861137535,10953.032390856342,183.0,126.13224932954972,8.0
21006,21925.73594297978,10960.35838368947,224.0,124.99630383911473,8.0
21007,63001.38544616272,1179.70072214128,281.0,137.97447228019567,8.0
21008,29004.266851386597,5487.251571551279,213.0,125.44101776984505,8.0
21009,16969.98360044877,8104.791440904966,17.0,105.96577540766211,8.0
21010,60596.982812829825,52323.1995420058,153.0,112.39981681566258,8.0
21011,46365.418482082794,1183.0898408735877,62.0,126.50089324121643,8.0
21012,38045.51855148105,10630.87652608032,25.0,116.50080023794641,8.0
21013,15723.365484234768,6474.342996010668,31.0,111.14801282243576,8.0
21014,56863.558359426715,10577.221269543232,135.0,121.27084426787704,8.0
21015,50652.5041360479,1180.8008240322356,170.0,135.11395157538826,8.0
21016,35237.250741829375,1742.6035559831514,47.0,119.68434258086171,8.0
21017,39308.86598178155,1184.0800867457938,12.0,113.56450144476162,8.0
21018,45265.587779861016,5740.484830740199,21.0,121.45908990020362,8.0
21019,29908.76960631458,924.9855546877145,31.0,120.36597261715121,8.0
21020,22063.259811029373,5474.874907316801,164.0,113.04299608191938,8.0
21021,43866.284648371,6358.391690371782,192.0,129.08982664860523,8.0
21022,38055.439746317825,36324.0045055025,86.0,120.81382402991508,8.0
21023,14117.4719019266,736.4008164459359,-1.0,101.77652960012685,8.0
21024,11694.540887174422,924.8456877198191,87.0,116.64260812721562,8.0
21025,46465.861898852796,31709.211646665506,183.0,109.51042245545028,8.0
21026,29246.150521902353,2209.454439118892,16.0,111.7048353664575,8.0
21027,65973.72840485016,1179.567456105858,43.0,127.20773183740742,8.0
21028,62558.782312396244,44825.04475192728,-40.0,118.13610458596588,8.0
21029,48379.04539171502,1181.0891686354296,232.0,132.21214975342934,8.0
21030,59733.589303258304,2369.126727251411,211.0,132.12846827439478,8.0
21031,58313.26393566837,5968.095368995314,226.0,124.11563297399289,8.0
21032,37569.41610526633,2871.6406752277667,25.0,114.80023424622304,8.0
21033,24759.507852774426,4854.908979520975,94.0,109.75186361988958,8.0
21034,43904.92771984412,5470.9543325603845,336.0,130.22078983048362,8.0
21035,26021.437755763698,9590.138525024635,66.0,109.17376548669446,8.0
21036,36387.695779521186,5210.539840155795,46.0,119.36812582714829,8.0
21037,25656.4784009132,14181.81615735016,162.0,123.02687261975097,8.0
21038,38364.77215055631,36014.40722217632,-29.0,115.79903879570426,8.0
21039,31302.813520090665,4725.388693600335,46.0,118.0886859770208,8.0
21040,48089.59911935441,1179.9542631060078,135.0,149.0765135625029,8.0
21041,43526.435995182524,3699.42166210709,34.0,117.80610339339573,8.0
21042,40370.87963669129,17053.00189988764,157.0,129.7447845280975,8.0
21043,38717.26630244379,23680.743903015726,87.0,116.29152283074066,8.0
21044,49818.89178945693,732.3083342714281,146.0,134.1652147202606,8.0
21045,43878.24918809941,738.1884961359779,33.0,128.3511991277119,8.0
21046,36319.15813339957,1181.0506280661255,33.0,119.1847296228628,8.0
21047,52677.32507160002,28226.09712325911,177.0,114.52850375570623,8.0
21048,62779.284210495076,41613.555071731986,72.0,117.52473042068686,8.0
21049,28548.669928531755,2211.7024993463483,39.0,112.63701030212452,8.0
21050,45492.954442502116,19043.94759857763,117.0,110.05606032984329,8.0
21051,25177.95545944986,4415.484200698557,49.0,115.45079618684291,8.0
21052,42138.17701063476,27706.754263013412,64.0,115.26032358762515,8.0
21053,37744.278143561096,32272.12393097824,37.0,110.26033431234119,8.0
21054,35271.124970637204,19479.81858623736,9.0,118.09865746601189,8.0
21055,5217.768554983563,1739.3596498136176,54.0,103.83646343845408,8.0
21056,58958.373741628406,10457.450377928895,404.0,127.59451862465215,8.0
21057,23635.510807381623,4615.089838995417,408.0,127.97480434535453,8.0
21058,33253.93448546329,32520.403096573988,-369.0,104.94230023942409,8.0
21059,67893.07755829806,7078.777304024091,75.0,121.88316148035493,8.0
21060,10820.910519132267,9956.381231568272,-189.0,93.77243319913276,8.0
21061,41163.10804974014,24733.204821662082,73.0,114.15179713317231,8.0
21062,54874.111989438235,924.8107440547597,55.0,131.08066993156416,8.0
21063,39203.5689365168,1741.5852525966898,101.0,129.2374424611739,8.0
21064,60002.22769823398,53340.942699568295,80.0,116.54641177405962,8.0
21065,5741.699532647765,4853.557386993348,-12.0,92.1001202898615,8.0
21066,27175.62214138665,1742.2218115949036,235.0,132.46838322862982,8.0
21067,52541.453601381625,8628.857181098356,137.0,129.997053318377,8.0
21068,65418.61554276033,5897.396399656412,296.0,132.25738273292836,8.0
21069,37246.09208412185,924.987354571584,73.0,129.72043628254676,8.0
21070,8647.683856384085,1182.5139292138604,18.0,96.68323771901494,8.0
21071,34237.65218284622,1740.561863340976,85.0,116.53268149286286,8.0
21072,46944.15673575203,19555.451076395002,-135.0,118.39904395493409,8.0
21073,41370.05027249902,5206.553386869541,51.0,130.84672383834632,8.0
21074,58404.639644250434,12115.931082483832,79.0,123.45494779534397,8.0
21075,39407.036623758606,924.9538818352221,40.0,120.86337968644047,8.0
21076,48656.30282888913,9365.491917868025,22.0,118.12865244593601,8.0
21077,4853.753847965623,1991.381833670366,6.0,92.54263076129665,8.0
21078,23673.194657409542,9590.899799698984,160.0,111.77923121927185,8.0
21079,21264.05128042312,11710.214381438382,194.0,104.16359582376528,8.0
21080,45885.275735192896,5489.388107504116,193.0,119.89498852961042,8.0
21081,31258.906575556055,17162.350453037652,-53.0,110.32894454790551,8.0
21082,61829.32163200377,3538.318659012362,215.0,138.12507771945246,8.0
21083,44217.97851499871,1850.0424617115048,92.0,123.53404288363092,8.0
21084,51461.560481308436,8273.718200040885,65.0,124.66411682271324,8.0
21085,26921.774218264567,1181.1565382595245,45.0,109.6281921248981,8.0
21086,42857.97541893023,9279.098674363033,100.0,124.65897747043705,8.0
21087,35605.08589652051,4127.6909318607695,120.0,117.68016577446713,8.0
21088,51388.56645389778,6941.262885961049,603.0,135.8188778949747,8.0
21089,45909.471998714755,1992.4215961363595,26.0,118.96973967451149,8.0
21090,45619.23414539556,6651.532422530244,177.0,126.35392511973781,8.0
21091,45553.22831891038,19619.318920432932,139.0,122.3370436758405,8.0
21092,47346.57198367506,30334.62444106483,183.0,122.6649986120169,8.0
21093,56581.674441093535,37533.26926801375,12.0,119.03785430810126,8.0
21094,58299.13940268097,12819.201866113646,38.0,124.43714195901389,8.0
21095,27064.620003616088,2878.3311879347666,215.0,125.31307316618972,8.0
21096,43476.581543728986,7398.964156884826,111.0,118.52477991813129,8.0
21097,55166.19080307504,12579.82474870127,58.0,122.14554373628927,8.0
21098,28737.937596710573,2945.337966866511,11.0,114.7548109994877,8.0
21099,23572.976983252956,735.785340933787,5.0,111.21281913589533,8.0
21100,49491.875767301106,924.8810461583437,214.0,134.8434030605463,8.0
21101,47700.15220625481,1181.6886248999042,131.0,129.32130172613915,8.0
21102,42597.21841916228,5212.350583220844,317.0,130.51827305519333,8.0
21103,34863.97204867184,16552.7772478482,39.0,120.43212819401475,8.0
21104,38723.55034462871,33247.461337157845,43.0,109.6219342995132,8.0
21105,35349.83384398875,17228.79419562009,131.0,112.68752620422116,8.0
21106,23575.5991268649,5890.169369365947,39.0,110.57936870146916,8.0
21107,62100.26172747307,1179.442246490333,44.0,133.71563048836342,8.0
21108,26249.74235226654,735.4533941929561,42.0,118.43361319351942,8.0
21109,46270.14809103943,9823.877136520112,195.0,128.36022617885567,8.0
21110,41158.659959495744,1181.1018770780063,10.0,117.93706054962304,8.0
21111,54078.80731236862,1733.2537104329397,212.0,132.880044808411,8.0
21112,39811.67993013942,1735.2253985117331,45.0,120.21080403661782,8.0
21113,40721.92489328313,1849.7687546618442,70.0,125.42329598947745,8.0
21114,43112.826739881646,32151.542629070795,67.0,114.7848387443614,8.0
21115,50123.1293495951,3541.0654933714386,28.0,118.49976923731694,8.0
21116,65112.53977973145,25829.460751932093,44.0,124.63689895788505,8.0
21117,25991.67602577561,1849.7978422910246,21.0,114.41152981478119,8.0
21118,60690.542098874525,7555.243925144093,196.0,133.443938411354,8.0
21119,25785.61086266172,738.8316265318595,63.0,124.07240117761427,8.0
21120,23313.77964720919,2397.424340215738,26.0,112.32483358107623,8.0
21121,35455.7468378515,735.9276322240588,123.0,128.3038089450512,8.0
21122,41623.034373862814,36998.33778019931,-347.0,108.27663501260888,8.0
21123,63300.66164399488,924.6654342515031,167.0,135.4682690799834,8.0
21124,45679.50598267861,34117.85499872557,120.0,113.144096120052,8.0
21125,38978.44748922502,6166.697577281846,255.0,127.45061737199717,8.0
21126,45497.58555475294,733.5309350339871,38.0,121.31059562425355,8.0
21127,35332.42455321604,27754.800207082088,-368.0,117.33629382305455,8.0
21128,9954.977283492255,1181.745892026181,76.0,111.44074450338069,8.0
21129,65495.4699675984,58834.16361624066,80.0,117.19180111115176,8.0
21130,54873.36041069627,1179.635958849124,47.0,125.26811204389193,8.0
21131,47230.72296681463,35545.106328633585,168.0,112.18398551131064,8.0
21132,20381.911306697053,924.8971238748952,6.0,110.06551246811692,8.0
21133,46558.44032368702,5742.848995184696,109.0,120.5939343853966,8.0
21134,27144.7807961041,1737.0003305826892,85.0,110.98243034392956,8.0
21135,41763.32261472079,9032.836441674115,39.0,119.46092397562022,8.0
21136,47377.05516299506,6516.221681979777,87.0,118.06045318817998,8.0
21137,37757.295767980366,31909.9033253033,-115.0,109.08554374225281,8.0
21138,37037.45044808725,3799.1737570933196,95.0,120.33751049333668,8.0
21139,44474.31536141117,1181.6740763492653,15.0,116.53286231712492,8.0
21140,50887.1622169692,4602.385057955102,111.0,123.27770793073923,8.0
21141,33860.45199295318,17525.586885051744,198.0,107.7041546206469,8.0
21142,42268.70009188702,25258.356757236794,492.0,134.6239368883865,8.0
21143,41147.5074358871,20895.75153306675,73.0,121.47459764200494,8.0
21144,57763.003072792744,2871.7594278094894,17.0,126.5011500734248,8.0
21145,52204.65945699919,2359.1975991498866,113.0,140.570094511486,8.0
21146,12145.534062631323,2365.9860922691582,296.0,106.9785928279451,8.0
21147,60807.83128335424,1989.2787939319885,235.0,140.8899047889438,8.0
21148,34663.45954790857,14255.506782668435,104.0,115.96094030041299,8.0
21149,49438.61114660275,1181.6740763492653,15.0,117.52906496400385,8.0
21150,49539.12898921097,10954.251660996497,145.0,122.07153516875428,8.0
21151,22197.96683463577,21273.074524029904,-67.0,107.02296876859936,8.0
21152,55275.068653437345,3144.5104148005603,114.0,128.59093424076812,8.0
21153,32910.9785214128,925.0469565109427,22.0,119.07298432611911,8.0
21154,50069.21817901488,40872.553592287244,-269.0,123.62052674845478,8.0
21155,11316.55228859394,924.9163568452101,37.0,107.11040720359276,8.0
21156,51637.09920138168,1180.9753199448799,53.0,116.59062547753359,8.0
21157,40183.02313206655,1184.3874083427193,18.0,115.84458984520685,8.0
21158,57123.4296566108,3771.4880758457657,276.0,132.1531059548241,8.0
21159,35008.95104206968,27465.43994633308,146.0,108.40116479775901,8.0
21160,60288.510460381825,10577.047761011516,60.0,119.74949662629035,8.0
21161,33950.13166803599,19692.632949880444,90.0,117.26252195174072,8.0
21162,38439.505530568,12814.998563630277,108.0,115.1869957401075,8.0
21163,43479.22898554788,8842.465779534383,95.0,111.81572393470164,8.0
21164,31216.079007802407,8100.549615491441,101.0,108.57361722328174,8.0
21165,43695.491980046994,924.930145289419,25.0,127.21620076195126,8.0
21166,35282.308627925064,1741.2775564396977,231.0,129.6970591047987,8.0
21167,55559.2915509649,1989.1016574318483,165.0,144.78049714587775,8.0
21168,39560.18491139061,29311.614835865523,145.0,122.07350755996816,8.0
21169,47239.70419594887,29514.675585121066,378.0,124.25152468079679,8.0
21170,8245.417065364074,1182.9690150953284,29.0,103.29833359685676,8.0
21171,52063.77720392412,44520.508217092414,153.0,111.4405756541314,8.0
21172,41224.04789238687,5121.262730043251,165.0,133.39598020084563,8.0
21173,15724.022025900485,924.9130686558489,-2.0,105.1813667053492,8.0
21174,13385.761112036791,11928.35028654911,-121.0,99.47939918312588,8.0
21175,43972.29425186629,924.9210673651412,50.0,125.77175306171914,8.0
21176,13444.352748437272,7589.288218018355,13.0,105.20780090082124,8.0
21177,56344.149649395775,38223.06693249238,156.0,114.68524221141953,8.0
21178,21214.22917672338,11650.7983817429,191.0,103.13647014746405,8.0
21179,40475.16910457684,15000.674079367194,-40.0,119.50502676695733,8.0
21180,50032.062401790965,13892.979699994836,61.0,113.61699519758893,8.0
21181,27608.130605274222,1181.4852415894227,11.0,120.93292346207751,8.0
21182,35907.8534907963,10409.88548844659,266.0,125.90697720773862,8.0
21183,54868.67418184843,6410.3267097878315,43.0,121.87984184122512,8.0
21184,29680.091839165703,3699.90603965911,63.0,116.72010397539857,8.0
21185,41876.96299272792,28563.117724104708,-279.0,124.48633563623594,8.0
21186,22221.87563871333,20559.3272400578,64.0,115.2419552211536,8.0
21187,25940.146850037396,2774.8683319638826,48.0,120.3522402143314,8.0
21188,44450.666701884926,7436.004423195188,95.0,116.48096880825868,8.0
21189,53165.86688392854,7505.260519649874,435.0,127.94800891795371,8.0
21190,41802.532293085715,7543.447802292506,201.0,128.24517680773792,8.0
21191,51924.76658992264,22006.20455067709,260.0,122.89080678120604,8.0
21192,42163.217048837396,12571.125276688614,11.0,115.44535657804035,8.0
21193,33500.26990144138,15792.508639916556,296.0,124.7737744456034,8.0
21194,33682.67482661035,2883.7263109813944,67.0,119.65818662141449,8.0
21195,43471.393590252825,925.0051091263791,18.0,117.14151835764055,8.0
21196,29701.497366500287,3684.736124638753,54.0,117.53477427274552,8.0
21197,25993.297202487138,3084.537940407959,92.0,113.03101568723233,8.0
21198,42153.199576087616,739.8050201017984,5.0,122.69068822567003,8.0
21199,41173.95826867675,735.4090317808649,150.0,131.56530153415304,8.0
21200,62869.030401423995,924.798345740727,63.0,137.55645659506345,8.0
21201,34717.22952093071,925.1087429131015,11.0,127.90078425704397,8.0
21202,26158.241922124864,9365.652841553776,71.0,110.61557665046466,8.0
21203,25491.12917695175,10593.175381522702,35.0,110.45690507290755,8.0
21204,31736.2400611556,11091.583773215007,67.0,114.75000199842572,8.0
21205,64284.2021078544,46659.136268622526,64.0,118.00304725239627,8.0
21206,46339.4081617725,2774.6507300631447,105.0,121.405038264096,8.0
21207,42008.972589859135,733.5989201976685,14.0,116.85955418744686,8.0
21208,40171.16554651616,15456.342330668005,189.0,108.50991125596907,8.0
21209,40703.55538967951,4783.890516904307,355.0,130.81887485575027,8.0
21210,69212.69448455247,8255.596165128512,225.0,134.48172733065783,8.0
21211,48432.595624119196,34247.89691378327,458.0,131.9090050423684,8.0
21212,56955.79758580051,40861.55093737248,122.0,130.69980351530177,8.0
21213,45034.54938843815,1184.9267120493712,24.0,118.96695008077828,8.0
21214,15669.766216926746,8828.996582732305,-40.0,107.37466583623663,8.0
21215,48273.4878564463,3138.3978239686917,45.0,124.37594112195197,8.0
21216,36430.18518191606,20097.983608099068,332.0,113.5785014881276,8.0
21217,49158.86168254536,12046.301880586236,54.0,114.86587286461082,8.0
21218,22222.558789673363,10636.219846506103,15.0,111.70079598172703,8.0
21219,46708.34186937501,1180.6797589345335,215.0,112.17924654163761,8.0
21220,46127.481041645,924.9814532777084,42.0,128.05549817619155,8.0
21221,43718.15133347005,1181.0718499456784,17.0,114.81978796204172,8.0
21222,44855.045534143144,5861.905004017074,27.0,122.20594389245474,8.0
21223,17895.70210029045,6952.664217041182,185.0,116.85069263894896,8.0
21224,19599.9084648781,737.2966571770191,170.0,127.0165851569335,8.0
21225,45464.18414485942,1989.811049902523,73.0,125.78488766953609,8.0
21226,26298.88174046578,924.811494577102,18.0,113.19972780171061,8.0
21227,41324.27402767777,24468.69880803305,50.0,120.2990191873316,8.0
21228,31471.1918156537,7865.193458100893,24.0,113.90822920457988,8.0
21229,39187.06900292644,12113.875973559252,80.0,117.51579940411064,8.0
21230,39278.53895142738,3794.0333931131104,77.0,119.01071435037613,8.0
21231,40891.05995665047,1180.9712271400126,99.0,137.2713199572836,8.0
21232,9970.902286485192,4516.58288474146,14.0,103.17007577644475,8.0
21233,25937.267638669608,5766.47488897168,140.0,107.69511438923075,8.0
21234,42705.542172701724,924.8534276207344,53.0,121.73722286816147,8.0
21235,37411.366462318365,2949.7183811101577,37.0,121.72077407190677,8.0
21236,38329.77738599107,16572.536699437802,88.0,110.49492002793934,8.0
21237,29140.122418212097,16344.081681393713,87.0,113.78649573473706,8.0
21238,35301.002229351136,7086.50930068133,8.0,126.80226804144722,8.0
21239,52965.66765477138,8061.836127693464,76.0,119.5643653746075,8.0
21240,24104.166909275224,20091.7929994741,23.0,108.4589269370779,8.0
21241,55726.362756197486,1179.2802258884353,97.0,132.67067941498564,8.0
21242,40598.861220152845,11484.955448618943,189.0,114.55110819196278,8.0
21243,55189.891146928654,4301.814922656263,220.0,128.4867083325973,8.0
21244,56042.877398254146,1992.107080816753,37.0,118.8294885020674,8.0
21245,14046.017961824766,1740.3701521011244,-1.0,102.10994110762871,8.0
21246,44309.579474301696,11130.472127412608,170.0,129.5140366656413,8.0
21247,26630.516577756916,3548.734173308389,180.0,122.71674117917915,8.0
21248,12824.17755445468,10475.054973020857,-15.0,101.18668397925266,8.0
21249,63388.281172052775,14453.800708678338,89.0,120.33443529922117,8.0
21250,47097.03887452358,1180.4066755884867,142.0,141.81994323030872,8.0
21251,41270.50197508141,24951.617647986997,120.0,121.49987164145202,8.0
21252,21698.895094370753,6964.01724099057,160.0,117.99052403548498,8.0
21253,34266.67888866169,5740.887114595065,38.0,116.34575024810466,8.0
21254,45155.79264555998,31055.663753969715,163.0,118.48801936695327,8.0
21255,37142.40527774626,924.995684777037,14.0,125.15061113157365,8.0
21256,30429.655766507945,734.815510974236,31.0,116.03237566871834,8.0
21257,42388.50167143996,5211.6864510261785,51.0,120.69355059911204,8.0
21258,58445.807469387466,12979.73849470947,68.0,119.9851281194774,8.0
21259,45607.410414514066,2886.7829921939656,313.0,124.16177524815149,8.0
21260,56825.23059044342,4036.272961707317,74.0,118.67732716640671,8.0
21261,47191.88421119667,12023.03351270176,90.0,120.65882539572759,8.0
21262,37256.645328010585,6697.103919045735,148.0,116.13347780121033,8.0
21263,38115.560669363615,6842.740567109363,273.0,124.33427845031646,8.0
21264,52530.67562041583,7557.526942520567,158.0,130.89741687139178,8.0
21265,47486.37455525696,6277.495679415747,27.0,122.73902108023992,8.0
21266,41200.01107514408,3471.135882569088,118.0,124.0969308266987,8.0
21267,44572.24727333256,18319.34782750393,47.0,114.92649197193722,8.0
21268,49775.04113372902,1992.3641112097557,7.0,115.92873241082074,8.0
21269,41523.83033247155,6354.698641688627,229.0,120.98042916798029,8.0
21270,41344.961868091086,8156.237499195063,327.0,129.15608198647612,8.0
21271,47563.66277864869,1737.3187345377567,126.0,113.27596085947116,8.0
21272,41997.03166454158,5156.202725652252,53.0,116.78718295214244,8.0
21273,28741.733816379285,3143.6212863772857,83.0,121.5186635172878,8.0
21274,52612.76218891414,21033.51190023091,74.0,119.49645923164073,8.0
21275,36318.38682427312,737.7447167885314,48.0,121.55405066740414,8.0
21276,41863.33685696022,25437.640374652863,73.0,114.33060250302742,8.0
21277,33481.87380127418,736.8802586633153,12.0,113.15170097294546,8.0
21278,42973.19564704253,735.6177600276108,79.0,119.75713272783166,8.0
21279,23522.339622943902,3142.992918423416,85.0,109.2978547417974,8.0
21280,30683.842725120154,925.0590742634338,35.0,117.93184248429579,8.0
21281,56710.90091139172,9702.974310387846,-18.0,119.66833903462425,8.0
21282,31894.764694731137,5122.319265056372,67.0,118.09384613368024,8.0
21283,14649.981533373448,3544.516829539952,225.0,122.4297864047852,8.0
21284,22188.803042603296,924.8286175413389,51.0,117.4715721022615,8.0
21285,41500.56955059296,5750.12338127082,31.0,129.09873350731078,8.0
21286,53854.96967872167,1179.4977762044741,178.0,132.65609231341725,8.0
21287,30818.691525829472,1181.906894632657,38.0,116.18090018590966,8.0
21288,34253.44558947471,5549.368822951864,97.0,117.90742608264298,8.0
21289,15909.718554111103,7597.665953182496,103.0,99.53588064093525,8.0
21290,59642.28518439729,741.2055783727322,52.0,132.03572458685926,8.0
21291,45811.482945186384,31058.66700391304,183.0,112.12615217463075,8.0
21292,27120.04403496076,3983.196897532017,253.0,126.78541642120294,8.0
21293,50725.173722625834,7545.7958651222325,77.0,123.70531789370754,8.0
21294,42504.22897562824,5977.052128236537,45.0,116.5886001793241,8.0
21295,52677.77295659653,3773.23015956198,19.0,126.25761862086236,8.0
21296,61888.15273256302,1732.5151911284422,27.0,130.9841633579396,8.0
21297,5964.962948030717,5238.721522414948,-11.0,91.71708856312641,8.0
21298,51277.23427321649,2369.727461467194,50.0,132.30372836545325,8.0
21299,34453.344900411816,24948.096021569825,339.0,126.80382023932412,8.0
21300,63489.46360780203,5490.962807874966,67.0,121.82785454850111,8.0
21301,52985.48082936566,925.2037186992641,25.0,119.76057227090946,8.0
21302,51429.106783291354,9829.779495369445,9.0,127.28813014737159,8.0
21303,34144.98260534257,22591.516540191576,47.0,110.73967484581746,8.0
21304,59801.95056783235,2358.9888813143907,157.0,129.8892705476,8.0
21305,28757.34303350252,10200.584464916306,275.0,109.49259541866648,8.0
21306,27168.313208692292,2365.8532434067965,20.0,117.70592886525122,8.0
21307,40550.16463932841,1735.299103314939,253.0,127.14678731054846,8.0
21308,14352.877972705275,4852.447627116018,38.0,111.18381797894638,8.0
21309,24996.4136365246,11569.551740690415,69.0,115.17437560432263,8.0
21310,22280.485323526507,13680.438411067013,31.0,110.63838169263735,8.0
21311,18209.621015416884,1181.6651613628237,92.0,118.20360575288804,8.0
21312,42838.881837845984,735.3295056096536,131.0,130.09655542636443,8.0
21313,24989.793813137363,1472.2701798569535,10.0,108.6559881979573,8.0
21314,42982.64211265955,4517.053617430113,314.0,124.92815937736643,8.0
21315,20096.959173935385,924.8286175413389,51.0,123.08843397847446,8.0
21316,48195.54657236277,1183.911276722775,47.0,125.79636177998233,8.0
21317,32999.02712122703,21388.691744221032,11.0,113.58386019658573,8.0
21318,43560.54499112178,925.1466809332617,12.0,118.37367469527953,8.0
21319,33813.648172162975,19169.34419038862,214.0,126.16830028078732,8.0
21320,33654.1298287305,22113.895911719483,47.0,111.23427464219706,8.0
21321,39721.187597809236,13680.668806801681,158.0,110.02926795671172,8.0
21322,55091.45783418387,7545.196435341904,71.0,115.36745822113849,8.0
21323,46393.23171589037,924.9368733920238,64.0,124.82007346446382,8.0
21324,54468.77721615105,8733.95412865081,107.0,131.74647314488726,8.0
21325,52063.87625615398,924.7477907868856,77.0,126.504210216839,8.0
21326,29468.480645910804,8840.822515147527,32.0,118.16997304251593,8.0
21327,39603.982980596564,1737.2035373181332,70.0,128.63231189548577,8.0
21328,45281.71200919647,35331.105200757454,421.0,130.88009581446735,8.0
21329,51356.95166527133,10660.372378387961,63.0,118.76324095149256,8.0
21330,38820.7615045581,925.0026734318245,58.0,126.0469692502404,8.0
21331,28770.497734016157,5474.602265386857,21.0,115.06636845956167,8.0
21332,10819.264092302723,4852.989109908812,-62.0,101.40502916750292,8.0
21333,61114.87396360816,3136.9402235759685,164.0,145.27513821418688,8.0
21334,50574.49681137419,7106.342455053738,255.0,131.01317430420016,8.0
21335,36676.910238399454,1849.7133292460312,45.0,128.01792114901014,8.0
21336,48187.05103424164,4624.850838513854,115.0,123.45053174725615,8.0
21337,18799.060001677928,10194.804301243557,13.0,112.12489388340299,8.0
21338,43496.50079213268,17219.704124821237,98.0,109.38416601162679,8.0
21339,36280.4132485658,734.3952465734169,46.0,120.9337509173338,8.0
21340,41209.74656661665,10424.297820308877,59.0,111.68892577362,8.0
21341,38100.17177198999,17635.198611197295,-35.0,115.55343890019942,8.0
21342,43757.44284845038,6866.395034676248,132.0,119.73881215196579,8.0
21343,31395.704521629264,4682.457927202172,330.0,128.22570586533027,8.0
21344,44700.23239464301,924.9590737499128,17.0,121.00745988593567,8.0
21345,34405.949722430974,737.3874915492962,160.0,139.97459737147574,8.0
21346,15792.705423860738,8356.9396545038,37.0,107.88463488368266,8.0
21347,52608.14890899757,3979.1035185277747,19.0,122.55319429841603,8.0
21348,27182.187124753986,2878.1888879982953,42.0,109.75389973566224,8.0
21349,53764.51547551586,42244.09691934936,81.0,121.64752483349503,8.0
21350,14834.645763605055,735.573636689053,80.0,123.99944959007496,8.0
21351,60757.59367027219,1184.78681190496,125.0,131.1782660523271,8.0
21352,36833.30369048673,19216.75729262972,64.0,116.57822595193498,8.0
21353,47000.48643325496,8738.208003471382,182.0,131.70545929417733,8.0
21354,19638.180275288487,1990.3032965424754,253.0,120.54111530186306,8.0
21355,57399.620901314855,46813.504742172365,105.0,129.6732360914309,8.0
21356,51485.38561885497,924.9942108646245,15.0,116.15949552225395,8.0
21357,47885.16026851397,4113.689717156881,76.0,126.6508154934163,8.0
21358,18208.33640938494,6285.435221206497,74.0,106.91773969493605,8.0
21359,55764.11746952032,10260.4588137627,76.0,118.36909178360507,8.0
21360,29448.839007318024,19217.021745971295,204.0,120.70908006197185,8.0
21361,30992.394556124575,6401.790073121945,142.0,118.62197834186263,8.0
21362,61551.029555757545,1179.9275586114843,9.0,117.33848513052664,8.0
21363,33101.16130656149,14564.75248507084,146.0,113.19401286667414,8.0
21364,33848.62652064371,23662.215552501242,116.0,114.41873131531541,8.0
21365,57568.1401385925,18534.856321273943,43.0,121.14368875138688,8.0
21366,60775.3177091317,54114.11720338033,80.0,116.63968391324414,8.0
21367,56237.82601488119,924.8338971716687,8.0,130.4494077019247,8.0
21368,19284.45381230512,17549.03112486366,7.0,105.3100512389535,8.0
21369,28907.594966772358,8452.855645950396,18.0,113.71366950541196,8.0
21370,31289.01470389001,734.9527168957603,100.0,125.42573232761883,8.0
21371,43070.9919638859,4515.881583843595,20.0,122.77604178946923,8.0
21372,12790.0202113281,735.4327738449063,21.0,109.30039927465566,8.0
21373,11404.51446021889,9423.2199429571,-38.0,99.8039608484999,8.0
21374,4047.5098831290948,3547.054387473473,-39.0,86.10768039080241,8.0
21375,36703.8294771193,4305.491897423442,36.0,126.96368309849358,8.0
21376,14264.343088000533,735.9908840964905,39.0,103.42109686443779,8.0
21377,54080.96910721189,10346.589532333543,66.0,114.18740109784409,8.0
21378,36468.486813612864,2360.4932331609075,160.0,139.7433604342975,8.0
21379,27715.61561335871,7874.278113245363,113.0,118.14904148034783,8.0
21380,26004.835755613498,4127.743041507774,38.0,115.85698176585284,8.0
21381,13391.70200945931,3142.112906393572,432.0,125.23508495453339,8.0
21382,29126.208559072566,8614.311968632364,75.0,119.24201980834641,8.0
21383,49630.15138510546,733.1772934038263,6.0,114.56583147781083,8.0
21384,41039.674781547816,1471.1843108407497,198.0,130.32685172710637,8.0
21385,45083.26136400124,10452.789990945814,90.0,118.460793365191,8.0
21386,20354.405130986783,13960.59429528825,6.0,109.58409264743342,8.0
21387,30989.268209791215,1180.3604587566233,126.0,134.45819121831636,8.0
21388,54393.246785001276,12718.808970582104,16.0,120.94427159028002,8.0
21389,47159.6050826654,8106.188528147708,2.0,119.99356547922093,8.0
21390,64949.38200109783,1732.0097613810312,119.0,129.30258402464952,8.0
21391,46473.23183798666,19014.65562901492,200.0,128.53702688361957,8.0
21392,54613.34679191221,10200.265386404357,52.0,126.44643384646588,8.0
21393,50708.60858282285,5230.435651235483,38.0,123.24836724604837,8.0
21394,8453.580823476694,924.8916392164075,18.0,103.44648419888678,8.0
21395,50411.17282491027,9951.256686990575,83.0,128.08874409423055,8.0
21396,14182.60471499978,1849.8708943141216,163.0,119.44828225408595,8.0
21397,28336.402861904557,5223.807495658675,221.0,115.87712366662355,8.0
21398,31781.256114439348,11412.777062703897,88.0,121.16240099411276,8.0
21399,42660.17488701707,7107.796257284449,260.0,124.51359668735358,8.0
21400,60435.317853266926,4315.571823721826,86.0,131.26890844921505,8.0
21401,60076.721000377336,51812.56327365612,153.0,112.28150275226876,8.0
21402,54196.80946068045,7107.891678830589,108.0,121.66093109581104,8.0
21403,50953.71164845756,10200.08140385938,113.0,120.80497149152845,8.0
21404,38177.901784134665,27903.019756279467,195.0,124.3163692968096,8.0
21405,43863.78938644718,22326.49909167833,25.0,125.5020090518153,8.0
21406,47069.538278286986,735.2435028753921,41.0,121.93063949872928,8.0
21407,19068.608982866685,17362.30897988361,-33.0,113.88909768720119,8.0
21408,34870.73912626128,735.4394072843698,39.0,124.54374936494592,8.0
21409,38863.38609078268,6699.330020225243,45.0,123.1424749803202,8.0
21410,18411.856227712968,924.9145817585119,52.0,114.78669785232677,8.0
21411,34543.4564590069,1735.6147118032743,102.0,130.86713617091476,8.0
21412,54021.70455911317,10578.77041775593,43.0,124.64977588660534,8.0
21413,35137.52583106404,736.9964967826121,132.0,128.4998739056959,8.0
21414,49947.03461265537,4624.912493509327,157.0,127.43399765582147,8.0
21415,32144.915231153205,5127.9000524246785,250.0,126.30067833684782,8.0
21416,6952.755666459911,735.4375680283548,41.0,108.18037857056683,8.0
21417,42992.780861689185,28233.834245996786,183.0,108.63197711836759,8.0
21418,21530.797797084433,3682.2668100452815,74.0,112.73547742042733,8.0
21419,38338.15348330985,18498.83230240725,113.0,120.87636733711413,8.0
21420,39464.96418926164,1735.6717185661462,69.0,135.36551718399107,8.0
21421,44069.11594860951,925.1129003361083,12.0,115.14421672223159,8.0
21422,65066.19170121616,3145.0399675854696,133.0,125.80442322529726,8.0
21423,31335.69169024397,1180.6682473154044,85.0,121.67826185944156,8.0
21424,41646.92273771213,924.956036953295,17.0,122.7941588920967,8.0
21425,11078.972110904246,736.550459586199,52.0,111.70053475072703,8.0
21426,32608.104946184616,15574.969367872718,77.0,116.19929365766889,8.0
21427,20362.058955854303,1849.9419307621877,110.0,119.13666571758775,8.0
21428,29576.316969942334,735.9400403571108,18.0,119.45123129053246,8.0
21429,45123.734883424564,734.2913970639765,13.0,115.84560520393693,8.0
21430,25659.102102554512,10411.761825883003,343.0,107.47951870739669,8.0
21431,27945.525561734925,7453.853914535626,46.0,109.27530796322719,8.0
21432,19479.24256723125,9278.649790319238,132.0,116.93243251908828,8.0
21433,64240.9723810406,924.806979535753,63.0,137.67636952957918,8.0
21434,22625.733205535642,1183.4602390718458,117.0,121.83138102319433,8.0
21435,58708.310013290844,9778.58841657301,145.0,123.77706386630797,8.0
21436,51752.353331533865,1990.1361091226918,16.0,124.15040343198982,8.0
21437,21439.68030078417,5964.604248110239,177.0,103.32795347227498,8.0
21438,58714.29206882076,9476.745561627637,33.0,126.74107772768585,8.0
21439,45481.92689994668,8067.599729633271,58.0,121.08144424253906,8.0
21440,34652.16446437159,16336.787301855336,56.0,116.39793815442165,8.0
21441,38843.3376264033,25468.97052100073,238.0,111.8202332029086,8.0
21442,59645.50710413216,57665.857941683236,-368.0,109.94729100876906,8.0
21443,58341.456610988294,924.9403791759128,144.0,133.3343909544005,8.0
21444,15877.952758401974,13032.400811655089,-198.0,105.98105046032201,8.0
21445,33523.975744297575,735.1042259141393,52.0,119.4512291778936,8.0
21446,18268.755073610548,2394.6519505744136,74.0,113.64896881649298,8.0
21447,5219.941864448232,736.8258094601073,7.0,95.27357257337499,8.0
21448,45793.7966831254,34046.66664564099,256.0,119.77666128049489,8.0
21449,37405.11806126853,19667.083077127936,30.0,112.37482884442127,8.0
21450,23032.61629747291,1736.6899850605141,412.0,136.45595965106384,8.0
21451,32341.503625461017,2361.189783480307,57.0,128.71612937721088,8.0
21452,57831.29457674697,16586.565678622756,76.0,111.3651763884364,8.0
21453,44489.53939863896,39011.196204502055,-13.0,110.56081155544113,8.0
21454,60206.035238342985,5492.153277044799,120.0,133.51112565482637,8.0
21455,32141.067407382016,24596.996565637703,128.0,105.37963669300133,8.0
21456,55006.60072242144,2873.8477297011405,272.0,131.60244367803585,8.0
21457,32296.739819458497,3772.1043154539493,36.0,114.85528969311774,8.0
21458,22219.858833929276,2392.4000497088805,11.0,113.31439725948786,8.0
21459,34985.23603582211,28593.931356877707,-1.0,113.81800750506653,8.0
21460,23897.775518869807,5127.841739947511,182.0,106.98297970889912,8.0
21461,48462.13002234347,4315.259830966998,28.0,119.01076153089487,8.0
21462,51878.630278538854,1849.6757653177235,45.0,119.31155435638453,8.0
21463,23634.674482213384,3143.4998405102297,36.0,109.4687156662085,8.0
21464,63047.56702044305,21597.174081240686,61.0,119.28421622509879,8.0
21465,19198.032451322088,738.4226944457047,111.0,125.27744389971018,8.0
21466,40945.12591543124,924.751123206879,39.0,121.040315828634,8.0
21467,50092.2610159897,3539.9514372983695,31.0,117.6014580701902,8.0
21468,23649.30517954539,2883.090659296749,185.0,114.06175703220288,8.0
21469,57412.837791182414,20796.68647554124,15.0,119.44562644923239,8.0
21470,27194.406117235892,9811.447963399949,118.0,116.9415392997248,8.0
21471,54591.98390687847,3983.972742455142,115.0,126.64510812679518,8.0
21472,37822.09251599695,7109.1989852033075,124.0,117.45502187998304,8.0
21473,40757.21793900487,1849.9848206613433,70.0,117.10626658203294,8.0
21474,16234.678134931462,8104.762532733742,73.0,99.15768885373521,8.0
21475,26064.341282548947,8356.704703733714,-18.0,114.9169508972486,8.0
21476,41576.72620111167,6889.921310274166,244.0,115.50185824727257,8.0
21477,55064.96068739467,1850.1015565326547,23.0,125.13582123228598,8.0
21478,51932.312540150444,924.8321349182654,47.0,132.3836021807105,8.0
21479,46532.76824164967,3772.0019396073562,282.0,130.60881431549672,8.0
21480,41496.01907672815,6164.189812668274,536.0,125.07793663861818,8.0
21481,21943.840020471205,4795.039547749423,20.0,109.44521429714065,8.0
21482,14048.721696195184,924.9190307786201,0.0,101.9841720453753,8.0
21483,58081.676760034316,30443.88487082853,-62.0,123.40128227751313,8.0
21484,33247.741953645884,16226.334560040743,77.0,114.31168519394217,8.0
21485,28099.26656318381,11662.128358065496,73.0,111.80462331418742,8.0
21486,54916.842149421675,924.6957959364939,59.0,139.43214117873524,8.0
21487,51761.49604801911,30425.215716068502,-1.0,128.08760742943812,8.0
21488,65775.52670293157,4303.146193442163,62.0,123.30430407201854,8.0
21489,37125.50012044807,2948.097114725775,515.0,134.88066975197597,8.0
21490,19218.49474171783,3142.266968360585,100.0,115.95399933862964,8.0
21491,13939.521803325606,1991.765981455565,49.0,109.89682597156094,8.0
21492,53338.99469036396,42385.951495736175,67.0,116.4852541694278,8.0
21493,40003.29411954069,12915.099778278109,164.0,120.2306583113665,8.0
21494,37062.88927443639,11123.623863371065,194.0,110.50685513932245,8.0
21495,48655.38442560465,732.9653296538054,255.0,138.79316642708793,8.0
21496,25682.16686372183,8558.154337215992,229.0,119.67895049783475,8.0
21497,55485.536373953924,34146.1143225247,289.0,114.96038517330284,8.0
21498,32238.161917998623,3471.014355628815,230.0,132.29392712377708,8.0
21499,39880.50637541789,4682.41141878191,109.0,114.96173417446904,8.0
21500,10368.85877252757,6343.688527256234,-47.0,98.3559166144539,8.0
21501,33728.71744458994,14538.420650481423,245.0,117.57832861400902,8.0
21502,7183.485934976527,5475.474907444337,74.0,107.1600678752745,8.0
21503,11393.251803072793,10680.525744799223,-18.0,98.59308757366298,8.0
21504,33657.47170689078,19562.1761714858,163.0,117.18531323670577,8.0
21505,19136.64485342879,13248.68478898809,-20.0,117.24533856772732,8.0
21506,61543.97862715938,2368.681821366013,33.0,132.4765286635056,8.0
21507,27357.18858423198,18801.58645960454,104.0,112.62902853710871,8.0
21508,9584.330127084879,3089.879396910594,29.0,99.63290571730431,8.0
21509,23634.790574476137,2362.188530494437,453.0,119.54104030388442,8.0
21510,54479.5908352857,1179.8432490771145,282.0,136.94507201084522,8.0
21511,42165.06865197941,2211.37702296994,90.0,122.21452036360262,8.0
21512,39311.29423994575,18790.55220963445,35.0,113.51690663375268,8.0
21513,22246.95503351565,4624.587023715979,120.0,107.55368234969436,8.0
21514,20747.81534400403,1990.5787845187165,222.0,124.69783959265047,8.0
21515,30606.951085430464,924.7978435694413,23.0,117.91736572792979,8.0
21516,58306.62785491064,5232.189699789528,136.0,129.74307401450218,8.0
21517,61709.32446591387,60033.00958644828,-90.0,123.43508571006653,8.0
21518,38746.60607947819,34729.153331642156,13.0,112.20173725652211,8.0
21519,40698.088191723524,9249.727636246953,-4.0,115.58903765343861,8.0
21520,22515.452547982408,924.8967777486955,37.0,119.81780521816118,8.0
21521,44380.449537013425,39790.43208261115,-17.0,111.86083214314027,8.0
21522,53771.246768157805,1849.789973744651,28.0,121.84465789626569,8.0
21523,62215.80608044081,14472.667520173354,468.0,124.00189935516056,8.0
21524,51595.92007821188,1745.2640829109948,137.0,122.4842564770472,8.0
21525,25617.189125170495,3139.390259228432,240.0,125.26112621966723,8.0
21526,45158.88580292082,30411.331465244468,183.0,111.96545903139395,8.0
21527,31778.309808360566,1992.0029180337378,67.0,118.67159371683535,8.0
21528,37684.97920544742,924.995577439704,15.0,117.14502269348263,8.0
21529,56450.128078899346,16475.149684302163,76.0,119.36683893061189,8.0
21530,56874.82988742967,54885.77992868508,-186.0,113.02494957030787,8.0
21531,37685.49471787656,4040.080763516575,164.0,131.61165534289475,8.0
21532,42681.69593781782,6500.910245061327,497.0,133.0486074826283,8.0
21533,39417.95569225514,5226.552392772499,254.0,120.7047388369994,8.0
21534,38395.35953368274,6653.852172519463,61.0,117.6174151016672,8.0
21535,19578.0473503406,3140.380588862383,172.0,122.71337711148965,8.0
21536,48218.37983946255,1992.2089534700192,36.0,124.47427358629878,8.0
21537,27686.14212811179,15583.3717639447,183.0,112.99085986073702,8.0
21538,32406.52185859682,14817.46428151501,-129.0,111.51752038894956,8.0
21539,24222.91772628511,736.7700004076563,5.0,110.11750028103356,8.0
21540,10280.20909025209,2774.7895727193813,31.0,94.30926844252014,8.0
21541,60636.85682712287,9476.764462395198,142.0,123.77887301523876,8.0
21542,27541.942959999367,737.8098078822932,82.0,127.21593680163912,8.0
21543,52350.432857567845,3138.208632097315,33.0,115.17651067168211,8.0
21544,35728.036118341945,5487.251571551279,213.0,125.00264419180199,8.0
21545,42376.97695335915,735.2323867301891,48.0,126.4493738002574,8.0
21546,23556.133825245448,5889.512268833221,23.0,115.10423418482513,8.0
21547,13683.19866916075,924.8567058708658,51.0,112.67519859983845,8.0
21548,22989.179733609486,1182.428742253057,35.0,112.86973228102829,8.0
21549,30853.591582602352,17413.25695484825,78.0,116.44455929993494,8.0
21550,10200.803593545199,2774.7802720584864,-10.0,98.14811269949425,8.0
21551,29099.990487208248,4117.74698296392,65.0,117.46054332216207,8.0
21552,30995.926296578567,13982.692888542786,183.0,118.36205867935969,8.0
21553,58318.791281336475,925.1478541266226,29.0,124.62733778874107,8.0
21554,66715.39582439922,2359.1330932417777,130.0,125.19547171318706,8.0
21555,59307.11371718083,1179.2322022646035,140.0,136.92548714840677,8.0
21556,50656.26873335389,37213.682128957684,78.0,120.05793133541576,8.0
21557,35259.00351720385,924.995577439704,15.0,120.61983841703972,8.0
21558,56569.61209714808,5118.972008385041,219.0,140.51063156123246,8.0
21559,50929.949063754866,1179.3532236423816,90.0,136.94395526825605,8.0
21560,34920.29283801836,20074.963622533545,198.0,108.62000531563473,8.0
21561,45037.78162957352,23497.563933844405,110.0,117.4759895362914,8.0
21562,27426.993176941283,924.7855229008862,54.0,129.62315297074014,8.0
21563,39758.29896169152,737.1495623445338,18.0,115.23322079770844,8.0
21564,37615.03933890074,1743.8168193277447,252.0,131.2342317027767,8.0
21565,16835.929309058003,9254.75935225914,199.0,104.02484718676192,8.0
21566,53230.17436559751,13031.929995158493,248.0,126.22875817942594,8.0
21567,46601.84679036213,2877.9191900549,9.0,120.43903230317723,8.0
21568,19019.142544726772,924.8505582647333,148.0,123.49946132676976,8.0
21569,56105.17351432658,49444.98772953018,80.0,116.27741854877621,8.0
21570,53085.49646504167,1184.9087386785677,20.0,128.03091038578756,8.0
21571,29105.097532990003,2948.474521596779,207.0,115.97110220552366,8.0
21572,7448.2666767897035,1991.224181803392,9.0,98.15188477670348,8.0
21573,39005.702533894975,21857.541846685956,176.0,110.66621905491743,8.0
21574,43808.659037657366,924.854392992699,62.0,129.53836696626962,8.0
21575,29422.048488405355,3139.129045249849,120.0,122.58434097472067,8.0
21576,27932.187837029367,3143.1719776375603,38.0,116.11612648917531,8.0
21577,58009.688450825735,32543.802875145164,280.0,127.07926337919787,8.0
21578,43687.37868787354,13464.949495579787,207.0,118.23715136773856,8.0
21579,58697.59552436718,1184.392533133069,159.0,116.63501664210692,8.0
21580,38001.00798391929,1181.06441612886,169.0,135.73454470200483,8.0
21581,14097.78304446164,924.9873055283034,118.0,120.34466490938162,8.0
21582,52850.118302209994,924.9596391488982,72.0,134.08374911733375,8.0
21583,25146.33880312545,13032.493465010566,-24.0,118.29276432296147,8.0
21584,50547.34059817887,733.8206912545239,80.0,129.06871802261918,8.0
21585,43936.96524547712,33738.7188386732,69.0,115.8904642228003,8.0
21586,37949.57183580077,12969.345424016765,317.0,126.2016617790162,8.0
21587,35889.11776437967,10256.282163933574,210.0,116.24436030153548,8.0
21588,42733.17698835109,735.8218655683054,36.0,132.6635087896692,8.0
21589,11304.181211954437,1182.8976918301853,39.0,110.92913139825365,8.0
21590,39714.121393232526,19320.830901571568,71.0,121.17450900853504,8.0
21591,29443.866898791155,737.2501932425193,100.0,125.06895900419542,8.0
21592,15188.987206426815,1182.6228224689432,49.0,112.65049920839195,8.0
21593,41253.06683524852,3678.3901731119304,171.0,137.52331104966586,8.0
21594,36516.049948879394,18482.523083941258,87.0,115.48362984548606,8.0
21595,20862.48837790644,19144.773532787265,-6.0,106.72984507639407,8.0
21596,45839.40406790605,1468.6842984725963,398.0,127.662829872814,8.0
21597,39973.66030146678,5845.065208758744,41.0,119.82217222968029,8.0
21598,45832.56551295983,7172.745274818705,341.0,130.51342190292172,8.0
21599,43425.89877767677,6943.115198654517,131.0,109.3344014665579,8.0
21600,40738.48526482589,5842.534522278605,204.0,118.21891096661204,8.0
21601,30167.734516927543,17377.96976326854,87.0,115.29277766433928,8.0
21602,42822.77051435246,11826.654714461012,95.0,118.14563754412322,8.0
21603,41262.246148353464,8833.572229342253,419.0,130.35779742406848,8.0
21604,44709.184722119455,4314.491742600924,15.0,117.33516462479044,8.0
21605,5220.581565669654,736.6679604259278,-14.0,90.8624813016446,8.0
21606,48596.746231311416,13330.717247557179,-13.0,118.68644292716822,8.0
21607,42150.55770228525,14765.256669630426,322.0,120.99851772085161,8.0
21608,41165.50371096706,739.9344579540865,96.0,144.8453563717586,8.0
21609,9814.367593166922,5214.085059269058,62.0,96.69047108421937,8.0
21610,22968.52957444923,1991.958034996822,66.0,110.74213581497585,8.0
21611,21906.09322558985,1992.0253564221316,102.0,107.58265916506583,8.0
21612,39028.59895603583,12244.86137082387,43.0,112.43117211729839,8.0
21613,38645.869307272646,22042.084978488125,71.0,114.05619307032521,8.0
21614,37268.0904850686,15934.253367618192,344.0,118.45985266503357,8.0
21615,43873.0481457987,32344.15585033008,81.0,118.83593090320825,8.0
21616,44479.35997513896,14555.751631724577,326.0,127.61441059672009,8.0
21617,36894.91805110608,1741.996354509628,127.0,120.96456607181264,8.0
21618,22766.859515110744,10204.340829086394,133.0,122.252667527721,8.0
21619,28757.26114390709,1849.8049617927668,132.0,122.64446456906516,8.0
21620,18130.522845207444,8562.775063812116,210.0,101.9288381280632,8.0
21621,27337.175946626354,6340.767561926973,112.0,107.0909977454724,8.0
21622,43926.15464537756,32323.986832063325,215.0,129.65743102373716,8.0
21623,25326.261188555676,4042.228243628538,373.0,137.7249372072546,8.0
21624,18860.568920930607,8453.091814048072,12.0,114.79255051151964,8.0
21625,35794.23223198014,15843.997376380588,133.0,120.29672767932455,8.0
21626,30530.419782062134,12023.439833288317,319.0,114.7074714015856,8.0
21627,43964.86071724051,25844.03711718162,132.0,113.29925513227249,8.0
21628,47539.19295797187,924.9673619655761,6.0,116.01396360872411,8.0
21629,18536.842066078283,5742.271982077068,125.0,108.47967032573155,8.0
21630,45123.86127095117,1183.352376100198,190.0,139.12897722930188,8.0
21631,44115.338933891246,38638.51362316767,-121.0,109.69041130652161,8.0
21632,24125.149955198995,11831.834650983326,64.0,112.46884240411248,8.0
21633,18498.033896429002,1849.8147186042982,235.0,124.36153555961604,8.0
21634,61942.84619143249,51751.276987311045,116.0,119.18642232332166,8.0
21635,31794.779567759833,12555.449440456934,181.0,105.02175808095193,8.0
21636,30563.013297813788,8233.875423733307,161.0,117.69506077090418,8.0
21637,42809.55772295191,16552.831293388976,52.0,114.79541029488998,8.0
21638,19974.83544540096,3140.370499495023,231.0,124.50339444412214,8.0
21639,40549.43764480771,736.0678348395006,29.0,117.30789028261984,8.0
21640,56334.994116665235,8273.718200040885,65.0,116.27417902941558,8.0
21641,53380.00548243832,733.6638130100093,46.0,124.94318851852432,8.0
21642,40595.6051079578,26494.30640775463,163.0,119.31835665745523,8.0
21643,35732.189073457135,26851.869976532686,-286.0,122.67971213561883,8.0
21644,30532.65694266283,4723.835641000603,63.0,112.0815639665284,8.0
21645,38802.3171815655,26024.9960808909,87.0,116.47198288707929,8.0
21646,9509.71007642995,3772.300608794293,6.0,103.22015112581411,8.0
21647,52555.68754914902,35709.42869582051,474.0,120.94498949800513,8.0
21648,45496.97831159479,1180.9712271400126,99.0,126.89188975291275,8.0
21649,42312.32143216691,2207.2155322169674,26.0,121.75089723369291,8.0
21650,36092.56170892558,6628.914861602827,401.0,129.6886645951145,8.0
21651,64662.21504854075,2358.903609504412,344.0,135.2792373661229,8.0
21652,33692.232935724634,1183.8549818971683,120.0,125.34869131424907,8.0
21653,49681.99501568902,3541.39490813257,322.0,130.99873912391706,8.0
21654,45523.85652964784,17071.032775872,373.0,120.50444302718283,8.0
21655,57663.704911635854,4596.73548972467,354.0,114.54594119666221,8.0
21656,21369.399591517627,6951.914754271098,85.0,106.01882785160328,8.0
21657,47804.61117743776,924.8956735219978,11.0,119.27283604548919,8.0
21658,9015.869722724712,7091.055688626217,84.0,98.2807521070619,8.0
21659,24329.10605818931,5598.487979118374,177.0,115.53534111559507,8.0
21660,29370.662056911122,14396.961087490006,14.0,112.6902645775275,8.0
21661,49530.57997247341,2361.2075649160506,206.0,126.42127664316625,8.0
21662,51376.857870890744,924.8285874416296,42.0,130.27897478405973,8.0
21663,47980.330520236486,734.0951902827403,159.0,134.13604300800466,8.0
21664,17363.747188319838,1182.654572771454,95.0,116.38476154962201,8.0
21665,19549.95868367046,4795.347911115048,153.0,99.3895348442166,8.0
21666,34739.53276730737,14556.752162807736,17.0,110.66044777404959,8.0
21667,33330.527431631985,15741.326488183313,-177.0,111.51643872830951,8.0
21668,25460.803250709694,1183.4469700624838,22.0,117.32977262230204,8.0
21669,18556.984297594096,924.8754426477118,124.0,121.51663722485223,8.0
21670,19000.70370246852,14396.547750793663,59.0,103.62786219167133,8.0
21671,56067.7281678303,6384.970518016402,52.0,120.12042676263913,8.0
21672,28750.722351703138,22580.970043206085,4.0,113.06215786618782,8.0
21673,36443.81838840787,4312.857134707084,22.0,115.81446215576612,8.0
21674,17126.11276569317,11648.502905165931,61.0,103.90553336167336,8.0
21675,40897.240629791675,9204.5007808287,96.0,108.25261902608736,8.0
21676,47390.72039085976,4128.154795030039,272.0,130.20557387228666,8.0
21677,49688.58716928538,6516.424019266633,77.0,127.85005467263984,8.0
21678,24271.6777933727,11609.053311816926,50.0,116.0391082044949,8.0
21679,46037.79746663182,924.9687765068059,32.0,122.4278460439057,8.0
21680,32400.916356625763,15381.958735173197,183.0,118.89451638328859,8.0
21681,11822.14468563261,7424.00177647956,8.0,109.9806028642257,8.0
21682,38270.99541794644,1849.642572535628,59.0,117.07622308098867,8.0
21683,11944.67606393953,9953.521496736761,56.0,97.9422395056473,8.0
21684,54371.879563239076,17231.057648693033,57.0,122.05131381887308,8.0
21685,28878.363430489993,16793.896749801857,183.0,116.29208921754116,8.0
21686,66571.30992976883,26795.102340453985,61.0,119.43054936275422,8.0
21687,52526.224168241475,31761.29409890362,111.0,114.85926898468458,8.0
21688,39831.49895814647,10200.269554632176,86.0,118.11876614149924,8.0
21689,23309.69912087034,14871.539048564555,337.0,124.66060396413846,8.0
21690,35235.82002888731,737.8674863247797,42.0,119.02159534791281,8.0
21691,43899.87698415549,28232.014237188283,374.0,130.44661480897787,8.0
21692,44777.65687191918,32555.769199885388,-164.0,109.92821060327118,8.0
21693,37942.47834592866,6838.974794342085,155.0,113.88596779708763,8.0
21694,39586.78211577391,37928.4153525834,-197.0,109.11403671057278,8.0
21695,29406.134405966368,13848.37507560772,89.0,120.66944081491144,8.0
21696,32390.28548336958,25028.793830070324,68.0,112.53408003796302,8.0
21697,34420.151507445094,1850.0160953852035,38.0,123.96994283072559,8.0
21698,42902.417338686464,8743.018568449575,79.0,120.76950819594343,8.0
21699,37043.19975951061,11412.852750013366,215.0,125.48593762445354,8.0
21700,34873.86826110439,3084.971495777292,237.0,115.6951731970697,8.0
21701,44870.68830093484,8228.362054594854,28.0,115.62187034936386,8.0
21702,51769.82114175486,732.7824427441295,162.0,156.04217942737756,8.0
21703,51387.76626418286,924.9679586224265,96.0,145.8598302066507,8.0
21704,64171.956436213164,16421.74409130396,468.0,123.22025515383915,8.0
21705,26050.884036352134,16486.557195680387,138.0,104.85270018031098,8.0
21706,55379.78639829482,1744.4020415305965,147.0,131.19677975835117,8.0
21707,16842.400026051473,1182.770572838031,116.0,120.84014882456951,8.0
21708,49684.334951031706,9365.499754200115,84.0,120.20794769573484,8.0
21709,48466.220099256534,1184.646420188109,13.0,114.8908068066058,8.0
21710,31082.05016050614,1183.3571211205667,274.0,135.83454604923733,8.0
21711,48455.170635345734,924.805353863947,42.0,126.54026686853274,8.0
21712,62322.12183833758,44695.263889459704,64.0,117.7494610147035,8.0
21713,45268.04710172202,1180.124822686839,169.0,130.9456601875899,8.0
21714,49768.98802261185,1183.5150548674699,31.0,119.71775740175948,8.0
21715,34859.72798656425,3772.515701318439,89.0,112.74813953354682,8.0
21716,42942.14878315572,8067.567719784077,208.0,124.60813077361843,8.0
21717,49013.19304351994,8627.714238048049,147.0,118.93817821773331,8.0
21718,47385.13349717705,8453.922752143815,117.0,129.97468795940162,8.0
21719,38881.23462725256,20849.343770898697,87.0,116.74077698140269,8.0
21720,28425.587405230126,734.7938271503284,42.0,130.032218327615,8.0
21721,38096.97552574908,15921.121538724825,412.0,130.5282922458668,8.0
21722,18020.286461076597,2882.2006077646065,26.0,118.86392098968187,8.0
21723,57397.267973188485,2873.8626421803315,30.0,117.99383059554805,8.0
21724,29255.9934530885,3475.1095277979207,21.0,111.01883811234131,8.0
21725,10438.952142692962,1182.4911161426983,87.0,98.84961407005564,8.0
21726,54689.5801026275,20811.711307169717,148.0,116.74848572422988,8.0
21727,56572.75290301796,6289.362199614794,101.0,123.5853425274826,8.0
21728,6171.094345911478,1471.206063607179,56.0,105.94263507742326,8.0
21729,11087.622119421263,10354.04908349115,-37.0,97.76052795083352,8.0
21730,39266.95783782922,24351.26103470787,-22.0,111.42509463739438,8.0
21731,51497.10118127936,41988.385510542445,340.0,129.82645451397244,8.0
21732,59577.582432122,1733.972738008322,34.0,123.07836878326508,8.0
21733,29679.133128151356,20400.97670120297,118.0,120.973172887821,8.0
21734,57654.23358608694,6908.593102956161,39.0,118.19006407585888,8.0
21735,36172.16119138545,736.553059823349,193.0,131.8721916086688,8.0
21736,52834.76080077413,7437.9483069516655,432.0,133.7221657854868,8.0
21737,12688.389695231934,735.6626454087453,27.0,108.31730682964144,8.0
21738,51630.59231541688,925.1084488726576,52.0,123.70595293035524,8.0
21739,37803.04889624756,1180.4149448848132,77.0,122.64305351427029,8.0
21740,39705.08817546974,9704.680970996897,51.0,112.55302901640235,8.0
21741,55973.800721762804,7080.270607631242,301.0,130.80697031971658,8.0
21742,41256.94536551171,26497.06602584203,183.0,108.60913475037376,8.0
21743,29969.233022774715,9745.962326092225,146.0,112.64519937601807,8.0
21744,68941.9896999065,29165.713184465378,61.0,119.59867053895853,8.0
21745,4515.409865459944,3796.8488045208524,-12.0,89.31770896496049,8.0
21746,51642.21771309353,3985.0874367372835,36.0,120.25813454329067,8.0
21747,39230.94412704872,9949.335174448464,186.0,133.58200940422708,8.0
21748,9261.237905808568,2363.702099593925,-94.0,106.19420473946752,8.0
21749,33839.95681651786,4852.090502371014,115.0,121.51724581419994,8.0
21750,28710.237036830695,18512.9497704634,198.0,105.0404888443085,8.0
21751,48303.518703101996,924.8969923673083,86.0,142.00038263511013,8.0
21752,55279.07226075719,732.9475979966463,61.0,130.36180493308694,8.0
21753,44397.39684148889,18470.744804417347,139.0,122.11892521630469,8.0
21754,35748.16740693507,24059.493077247447,127.0,107.89318926354113,8.0
21755,40068.6587709261,924.7546953118145,79.0,126.8968059996059,8.0
21756,34197.0391180245,14489.060135274358,73.0,110.30204736208736,8.0
21757,52050.81925143426,10462.637909694002,9.0,127.41299697599233,8.0
21758,59220.89708483802,15295.229358685414,37.0,123.93317368120674,8.0
21759,63977.676191283535,5205.111857838139,119.0,121.42593973365115,8.0
21760,36138.97835255014,1849.7854575200329,86.0,121.37771687101481,8.0
21761,38275.74912429307,9922.39668738722,21.0,117.7605037843671,8.0
21762,31995.836721570304,924.8261293931081,35.0,113.62555311524886,8.0
21763,58006.95868225523,47824.15573018824,116.0,118.40718654204812,8.0
21764,47055.223600790974,20028.528217703126,197.0,128.8333691224149,8.0
21765,39396.39693748922,737.5625656987479,48.0,125.22403050089885,8.0
21766,48622.024282121245,8111.590053566951,38.0,118.58641375651057,8.0
21767,30541.62432063789,10471.31889765901,164.0,113.99862473958133,8.0
21768,28111.554721274788,11101.155576979789,429.0,135.15417183108218,8.0
21769,43956.503348544946,16856.33485211047,166.0,110.35520463982753,8.0
21770,43428.65200818189,37952.77851012856,-38.0,110.15757427811177,8.0
21771,35423.163059279264,1740.561863340976,85.0,119.84648993105505,8.0
21772,20164.307119596626,7485.475832125152,42.0,114.41911432573777,8.0
21773,37414.748143144985,3470.3901513678843,398.0,132.36347055375876,8.0
21774,42524.86739725078,5902.249107362221,89.0,119.53155532624544,8.0
21775,53503.455952986595,9784.818035357928,78.0,115.51571457118722,8.0
21776,40699.70852777846,924.7756668918464,111.0,128.67005626840447,8.0
21777,52118.513978432544,9436.006716961554,72.0,124.76074221085713,8.0
21778,39318.916380968665,735.3996506977887,59.0,122.86636286466472,8.0
21779,52976.470459426535,1735.0660265297295,28.0,122.56320237301131,8.0
21780,53539.617274605254,16103.991419777996,74.0,120.33978490148789,8.0
21781,25154.049320756938,4854.877084634573,98.0,111.7726150461305,8.0
21782,43909.27221636558,1474.004860329836,223.0,132.15253550004797,8.0
21783,28793.832079930122,8157.460636313976,113.0,111.5537497989323,8.0
21784,25323.056510539245,924.8028922747724,96.0,122.14411090330083,8.0
21785,44235.625356679986,2208.1932624319193,190.0,128.8853782706608,8.0
21786,35562.98489376342,1469.8828582120457,152.0,127.05432363107052,8.0
21787,58672.6925928326,9912.736919510688,249.0,130.01390556316042,8.0
21788,49033.09220859515,28653.198236619504,88.0,118.85049833318047,8.0
21789,53011.938032780134,6383.885390050742,-21.0,119.29172969351043,8.0
21790,25301.812426225566,738.4462368186054,33.0,129.03956835868274,8.0
21791,58825.27450313122,47869.26654912811,67.0,117.27870856822581,8.0
21792,18202.10385349637,1181.2587878157183,76.0,116.96892863560186,8.0
21793,37131.829734127845,737.7123657637578,81.0,124.62864960598341,8.0
21794,35157.343497265254,33440.687959807976,-18.0,118.65684406383619,8.0
21795,20807.274651700867,5963.060438312692,153.0,118.07937086387824,8.0
21796,42102.59311431297,16224.704512737517,60.0,117.32188863146033,8.0
21797,4791.876930427854,4121.557084453775,-23.0,89.22309489425939,8.0
21798,8881.908363430939,1471.7887353044853,5.0,104.58199105175999,8.0
21799,52739.510967072674,27756.066609241923,338.0,117.9604435121275,8.0
21800,47185.595198335635,1181.1100775060843,125.0,138.57723779267226,8.0
21801,40805.66982009052,8826.088835595203,320.0,130.93102745802142,8.0
21802,39537.61736185457,5740.43099793811,9.0,116.05050069033294,8.0
21803,30524.679462330256,734.7080343514696,11.0,111.65606618222662,8.0
21804,46470.846070717475,35895.42714891083,341.0,129.10006884473177,8.0
21805,48298.977993764725,3699.95975249239,143.0,133.519950481781,8.0
21806,60377.80291660751,9438.58238934941,224.0,128.49948936329855,8.0
21807,28216.01277253421,12132.59950822027,500.0,125.92658885819708,8.0
21808,29053.772442631584,734.3917137606461,127.0,140.98798515888942,8.0
21809,29348.164030095588,1180.6443554766588,260.0,131.04607316982674,8.0
21810,45475.99269455078,13719.199978065893,7.0,118.76910585913438,8.0
21811,35230.57294205588,735.1174767149765,72.0,124.473720232392,8.0
21812,53493.778956293194,32153.8915612819,285.0,114.8987414413443,8.0
21813,58088.35573376469,16549.22937610067,33.0,126.18748618036051,8.0
21814,19548.52780094407,1849.81615606988,-1.0,108.34158245472155,8.0
21815,59674.107862446246,48064.95780448142,103.0,131.4044038308724,8.0
21816,39303.481421181415,19057.056927821992,73.0,121.08659675120606,8.0
21817,30696.201248003672,19086.67830032685,39.0,111.83002362188618,8.0
21818,53727.90225247319,20402.23663085526,333.0,128.16061932631365,8.0
21819,41512.4415418078,27429.09269816585,163.0,116.19215343040622,8.0
21820,41726.35798590203,1849.8663925311976,242.0,124.46558405326581,8.0
21821,53587.45047674453,16909.609436545998,68.0,123.0056753868455,8.0
21822,27470.059537022473,4724.607916141307,400.0,132.02417254660017,8.0
21823,56455.694656549225,7589.793028900715,271.0,131.67520170157042,8.0
21824,32439.467797224286,25094.2916412139,68.0,112.81364453520874,8.0
21825,45892.00897093169,738.182620246212,203.0,134.85321434060677,8.0
21826,53634.60119531516,1179.3296913903012,101.0,143.00998201491194,8.0
21827,27527.841158466264,1181.7504031598367,22.0,113.89709651685375,8.0
21828,25322.139304819833,8891.493236648343,77.0,115.2985497278379,8.0
21829,65674.84881297777,924.806979535753,63.0,134.32086600555147,8.0
21830,36078.785036679554,924.9528665226524,55.0,120.54921087851291,8.0
21831,58729.681816128454,16041.296833362756,420.0,131.73082406744305,8.0
21832,67930.32555887589,50912.94128326797,183.0,125.74363407946952,8.0
21833,40080.76974758731,19190.13853829647,51.0,115.80105427100062,8.0
21834,40031.25600602933,1472.6805289242816,53.0,119.31776074933344,8.0
21835,48096.63128395146,14217.806359501374,133.0,110.42488214863721,8.0
21836,8102.483309634042,5892.766038120104,-10.0,95.66815997042131,8.0
21837,25885.902921508445,7100.118082472979,83.0,122.114958334106,8.0
21838,9933.224841478303,1738.105079048746,14.0,99.27591203429463,8.0
21839,35338.599812678025,733.9842726552434,100.0,141.94910334961935,8.0
21840,44675.757989235266,3552.83403174097,123.0,129.6020043593833,8.0
21841,25949.770636033092,7498.161374482005,83.0,114.14453689414798,8.0
21842,48415.43255933764,14535.734296667968,168.0,114.56174367872487,8.0
21843,28993.31102105999,739.1089527635819,22.0,114.16639122164256,8.0
21844,58911.028793751495,1992.5633977136933,147.0,130.72397042184537,8.0
21845,49903.758642655856,740.2354362128613,7.0,130.19430562849004,8.0
21846,48119.64893413944,16542.12958940793,134.0,117.46171693567538,8.0
21847,34522.49505730879,25969.489683487773,-129.0,113.50745508046049,8.0
21848,30928.775899917924,12513.709198080673,120.0,113.87740486636416,8.0
21849,60182.04028934026,18730.26667768497,61.0,112.41151708369276,8.0
21850,64927.26900232889,2369.614566532315,252.0,122.38128561463854,8.0
21851,17027.903796878833,4731.954098277919,59.0,107.17508174026926,8.0
21852,25898.56045726064,4624.836872104364,-4.0,110.98772629698445,8.0
21853,23309.90943231223,19548.598138276462,-210.0,108.30340732223864,8.0
21854,42648.26022476554,5208.579701235057,24.0,120.47444445080629,8.0
21855,53642.09370702567,2869.6823568984514,166.0,128.55124692821184,8.0
21856,25468.023465094986,9815.832038303093,457.0,127.46073030461383,8.0
21857,51855.949507332,6836.693265002349,229.0,137.89464551704424,8.0
21858,33897.44964579649,4419.78658354585,544.0,105.0584591011171,8.0
21859,42685.320757383095,1737.7936646673152,228.0,131.30665168440999,8.0
21860,14654.195110576251,735.2660866953739,133.0,123.63115120670301,8.0
21861,32283.567851632575,27788.934174097027,-104.0,107.08790757740299,8.0
21862,20768.22972064119,8827.759804943644,-72.0,117.84149317495874,8.0
21863,34058.11896199266,17035.064196353655,183.0,119.58734489722362,8.0
21864,52086.08548480636,11487.788604588148,31.0,123.17801637707541,8.0
21865,67916.32895393483,3553.9498903008284,157.0,130.66759621918382,8.0
21866,34957.431165201764,17135.433254779437,30.0,119.81596499760265,8.0
21867,39086.06140832568,7602.9348032642565,141.0,122.93268481134272,8.0
21868,50871.97638647537,5549.854273259714,168.0,126.6569122125297,8.0
21869,15705.853390710117,1182.0645766052016,14.0,105.28894072492069,8.0
21870,39119.1845858113,3789.973732716417,412.0,132.6656526758949,8.0
21871,19017.043663838584,736.900692437931,69.0,118.88579046229401,8.0
21872,19682.299536614282,12094.255751817287,192.0,111.18858816849995,8.0
21873,38414.22402456026,1184.2506485296847,11.0,122.40855366020007,8.0
21874,35366.08707143513,9801.979078165525,180.0,125.14185812366613,8.0
21875,32902.76375574536,7543.87058851366,211.0,125.0596503811047,8.0
21876,41021.44730019926,32580.467596396888,324.0,128.6875506436999,8.0
21877,18525.990773489226,10435.164781148402,68.0,113.79614413113843,8.0
21878,29300.84140407057,924.8095136716598,111.0,125.2923079864794,8.0
21879,12238.600437288727,10251.237681472141,-27.0,106.53007826124292,8.0
21880,31598.106335486875,5975.499826625775,89.0,114.03067920250743,8.0
21881,59951.73400575307,9001.77882511354,37.0,126.1045090027896,8.0
21882,20169.20727581276,735.2337908340859,16.0,112.75347176254373,8.0
21883,50288.67738331225,9033.170192875135,76.0,109.11391420220313,8.0
21884,40674.1489218541,19163.474116465695,139.0,113.38884661304502,8.0
21885,40085.61505289235,1989.8986237035663,43.0,117.27971661186308,8.0
21886,26984.352979370702,924.9402444910386,26.0,120.16258922877527,8.0
21887,28954.423688681596,734.4804971598877,86.0,124.71919149235137,8.0
21888,40731.91322243817,4602.111606091887,182.0,139.0223003067201,8.0
21889,30804.841951856597,8230.645899050549,67.0,111.50183948536863,8.0
21890,17343.83014360658,2396.104711792865,15.0,109.4374685212836,8.0
21891,13054.93980312055,11389.143500733073,52.0,110.65780343493304,8.0
21892,8102.786925399315,3683.28426824462,7.0,104.70702986811256,8.0
21893,9220.98833757212,3479.2055529145487,49.0,109.06453374713773,8.0
21894,34636.57546254459,17705.249122995858,186.0,109.9137128733196,8.0
21895,60071.87833411147,5130.635850307165,222.0,128.9223556739112,8.0
21896,45824.23527786169,924.9658837599492,208.0,134.33910969695827,8.0
21897,39566.9029538041,19658.34718236842,26.0,114.00101330187101,8.0
21898,56347.83643259841,38226.35554254661,132.0,114.48567588065967,8.0
21899,36357.709982081455,17319.01385825449,60.0,120.42848646897619,8.0
21900,32139.652746111296,22634.666782688913,349.0,127.07920816240829,8.0
21901,65957.49471566518,2358.5551772433564,61.0,123.64917007039733,8.0
21902,51231.561242464515,12666.159607681657,79.0,119.15071748221222,8.0
21903,22964.703201900338,11481.856791902714,255.0,123.43576847431916,8.0
21904,46938.327062397424,18788.56921053433,379.0,120.86036877997478,8.0
21905,38711.4548991466,30023.28892493149,-65.0,121.94588685616853,8.0
21906,42360.84759748687,924.8966145314843,13.0,119.92919860948385,8.0
21907,51514.5385443475,924.8437831467741,31.0,128.04616359513872,8.0
21908,58366.67570113029,15686.7127208093,436.0,131.94371276403086,8.0
21909,39193.55035489376,2360.9527523537195,30.0,107.57051495345193,8.0
21910,24092.72374835466,23169.64069290685,-258.0,106.0501578180364,8.0
21911,20755.00793717687,8090.803307140045,17.0,115.28215741898815,8.0
21912,39138.165536104665,19172.8458325664,136.0,109.40270191264342,8.0
21913,9965.54037605307,8307.763064184468,74.0,109.6726239241701,8.0
21914,19877.118509445874,1183.4654764609766,245.0,126.98389450365673,8.0
21915,41838.58466871079,6944.1405058846285,217.0,125.16488321774722,8.0
21916,10477.835020641262,737.2966253913617,1.0,104.53212284160823,8.0
21917,19982.64857628439,4731.7412731641325,52.0,111.88041692157009,8.0
21918,26486.46142295593,5740.738958328692,393.0,122.23231724376997,8.0
21919,36507.39453865348,21671.499334826985,198.0,110.99243359165938,8.0
21920,56862.99708388901,925.0378290953659,10.0,121.80873873671383,8.0
21921,58879.67061275921,13764.760340393346,61.0,121.05370439829986,8.0
21922,40310.417622499175,5968.335976345571,140.0,116.70600502825324,8.0
21923,18193.235703995786,1736.9137977193836,38.0,108.2705363398131,8.0
21924,41230.55177296559,924.9187665835047,247.0,134.4232811134861,8.0
21925,34553.12298113346,12810.55187577437,88.0,110.4732066695651,8.0
21926,24802.513413107474,3482.521978368563,214.0,116.33169473236589,8.0
21927,28653.351605270043,1181.0671538223312,22.0,112.37679623233487,8.0
21928,53634.55683167415,34621.39993033626,84.0,123.72604798805781,8.0
21929,49653.122238285745,1184.7034055785732,29.0,120.10825963110902,8.0
21930,33143.5178775649,736.179744656523,69.0,122.67833350443824,8.0
21931,21213.904148906786,15736.133414447933,27.0,104.68251869943587,8.0
21932,38942.867132245316,20825.796877433397,83.0,111.5186010369006,8.0
21933,36313.80828556075,7859.292297141265,6.0,120.02085618964117,8.0
21934,48279.59014450402,4851.281241630833,73.0,121.92006293091956,8.0
21935,16713.78503399568,6516.451440609702,179.0,97.36160386233422,8.0
21936,33840.07050725662,3083.3027829478333,42.0,119.36204684554932,8.0
21937,43455.551125759426,7854.5704918860065,339.0,130.14363973020443,8.0
21938,39959.525186723455,22919.222496028604,113.0,115.17509063023266,8.0
21939,45810.21582804165,12640.052571313778,77.0,123.0124464908788,8.0
21940,49943.05224101529,27900.29308048591,-206.0,118.73874794840543,8.0
21941,30018.454357863535,8094.069329929059,38.0,119.77236352791422,8.0
21942,40006.24804994131,1989.865475996837,30.0,119.567529177336,8.0
21943,63517.06019846515,7458.62265761654,72.0,131.5124989849333,8.0
21944,50077.19165037429,1181.357382603149,61.0,135.8530527106647,8.0
21945,47263.95459925519,11123.805318769402,191.0,125.58569469290883,8.0
21946,44573.86018956105,2391.31062568801,153.0,123.9236573296503,8.0
21947,19242.64199210899,8155.950573174097,24.0,108.1671844694292,8.0
21948,15878.048499083989,925.0155113113233,24.0,108.13521503267155,8.0
21949,12930.15158798181,1182.8030422942763,116.0,118.31014722388669,8.0
21950,57813.246920389975,925.048684350195,23.0,121.10548476721054,8.0
21951,51898.69525457992,925.028588935314,42.0,134.98409916847498,8.0
21952,39981.58624528522,4054.19956131776,176.0,125.8546051389703,8.0
21953,7435.839223703644,6516.139532857154,10.0,98.38943719014023,8.0
21954,40162.77935217502,5740.194906389826,213.0,131.2297631547007,8.0
21955,60353.04125454795,1184.4284248754395,147.0,131.99999190453508,8.0
21956,44986.56259499855,25970.286677519885,257.0,128.46296608558225,8.0
21957,34252.56324036051,4624.244850078807,88.0,120.26323360550784,8.0
21958,33574.838603422955,22602.089026383095,78.0,113.674140537425,8.0
21959,39108.21623178365,3680.145525743172,108.0,122.03417513968797,8.0
21960,49871.95929527984,733.354453585266,74.0,142.62050562758688,8.0
21961,20182.184288426703,1741.5965473892443,115.0,109.89643753169398,8.0
21962,59989.88931639597,49795.909648224006,116.0,119.09088353170934,8.0
21963,25978.82379923073,17886.246536103063,60.0,116.54813752041203,8.0
21964,36074.59641704145,1472.071908724661,206.0,129.89476925852745,8.0
21965,20560.29701406339,1849.9210749135068,22.0,116.47767832000417,8.0
21966,29604.259933661382,924.9251803073778,47.0,117.32464463503224,8.0
21967,25498.401895266517,1849.8934145640108,54.0,115.18060780628701,8.0
21968,42059.457613916325,24369.947803575527,45.0,118.87431452649818,8.0
21969,47732.02347575175,10413.577149896826,62.0,119.91464706412337,8.0
21970,61554.65970746756,924.8193296184496,45.0,133.21478353846072,8.0
21971,5219.344212552925,3546.6511756093146,76.0,104.95892820719189,8.0
21972,43301.25822832987,2886.6389282169876,275.0,130.9541266424909,8.0
21973,54696.65198071088,18557.948976728916,300.0,117.26772980309286,8.0
21974,51232.76061450615,9204.803160923684,145.0,115.45795191902998,8.0
21975,31210.337204988795,6351.579554246446,51.0,119.14363736939332,8.0
21976,53226.09797331672,1989.3492197490796,16.0,123.02839525003141,8.0
21977,41345.5210350356,1184.253348302914,26.0,118.17908579629966,8.0
21978,29257.279071790104,9318.770590351609,-7.0,111.42018002132096,8.0
21979,35338.16872135492,9468.823836631098,361.0,128.4437580723986,8.0
21980,38413.59402540777,20303.357779585356,125.0,110.6758474760943,8.0
21981,48608.786682519894,2359.6600905412606,115.0,134.16158286783485,8.0
21982,24842.072867279683,15381.126291882936,53.0,112.01301769646486,8.0
21983,48966.282880143895,734.0176362506629,144.0,132.64929824475453,8.0
21984,35273.19431170967,3983.5469809072574,247.0,125.60046070078383,8.0
21985,50644.206844669985,42368.78057913702,153.0,111.42652026557181,8.0
21986,23961.18527745418,1181.2273958982025,158.0,136.89929410080134,8.0
21987,9619.924117320392,2209.6085437189736,46.0,105.27590646192056,8.0
21988,39186.87673956956,29393.90336167929,98.0,116.40016351225779,8.0
21989,31771.890424453846,3980.397616761145,111.0,126.59378844937224,8.0
21990,44464.03591829658,26021.72087575236,-45.0,111.11364862628668,8.0
21991,43953.79150578267,2948.084970699447,100.0,124.3290467372708,8.0
21992,43180.3138420898,924.760273522036,15.0,123.51418848560667,8.0
21993,5221.0068587487385,4730.237548859135,-19.0,91.78508032009104,8.0
21994,45521.09144662238,1992.24576318493,91.0,128.66479470939342,8.0
21995,33864.57406394588,25612.584322117353,153.0,106.9134740210533,8.0
21996,41576.803542592876,739.030521918057,81.0,132.1803532960859,8.0
21997,17136.342047369526,16440.342941120805,-173.0,101.3959330154407,8.0
21998,15878.281497123367,3772.487897730828,10.0,106.18584387491579,8.0
21999,31568.25798033058,735.4394072843698,39.0,117.90282168875918,8.0
22000,17573.411313444543,924.8703645059132,38.0,111.62597545075847,8.0
22001,29430.602205890467,4683.185319001894,75.0,122.78747421255837,8.0
22002,50764.836425022935,2872.0163956607958,30.0,118.40058658528314,8.0
22003,31702.70159165102,9946.497936528269,88.0,110.70209008273545,8.0
22004,36345.92534450577,9979.16626757979,45.0,112.11553123412413,8.0
22005,14760.032194345305,737.7675907614042,83.0,117.75007682027757,8.0
22006,18484.087794065064,16766.681497244434,56.0,114.50729807441911,8.0
22007,56855.16105898249,925.0808073666543,47.0,124.45000943696598,8.0
22008,26365.644897127913,5483.506399794148,45.0,110.20951734812152,8.0
22009,38942.47417940577,924.9749584935005,45.0,119.63530411225094,8.0
22010,53648.00100129765,12024.966698659246,407.0,113.42992460837372,8.0
22011,32488.528664888538,24901.171941443117,51.0,112.04619172147247,8.0
22012,52317.45770805583,1849.587526435753,93.0,124.3430458846882,8.0
22013,28914.851899315236,735.1930727229368,152.0,128.79985644771523,8.0
22014,30592.411419809665,7497.138966193671,60.0,116.88273123136294,8.0
22015,41977.384287820976,12377.373457217162,28.0,117.0824908928056,8.0
22016,47249.329874198746,4602.27235946476,44.0,121.60248749412933,8.0
22017,45318.62662214527,1184.4618593680123,28.0,117.94611904290569,8.0
22018,43813.6088657389,4055.492306908999,16.0,118.49806206623052,8.0
22019,41289.61719409091,25796.387746710378,181.0,111.15057056432472,8.0
22020,11407.410785776148,1182.7265473225846,15.0,103.58686786086444,8.0
22021,64956.489304881674,924.82812033076,165.0,135.35873639883914,8.0
22022,30332.46364492556,12380.983770394081,287.0,124.11778467549416,8.0
22023,32294.887365102193,734.2332224101353,9.0,113.43832735122962,8.0
22024,28671.6501819253,924.8378456248929,53.0,119.6734748429238,8.0
22025,50914.3424401933,24458.24799674611,70.0,114.3254560811331,8.0
22026,20219.015782922077,736.9337607638157,37.0,118.35672967067326,8.0
22027,43258.94414839222,4304.666975691373,377.0,132.22895303058738,8.0
22028,25667.342095521464,4785.089955541587,16.0,117.0655244099061,8.0
22029,53211.56120208983,1744.0662324444702,261.0,134.31016900976164,8.0
22030,49266.16273732486,34224.72618560552,87.0,118.37790028590196,8.0
22031,53003.09838717201,739.7687771982633,18.0,130.6710249207794,8.0
22032,40722.5612823418,12969.440746440465,66.0,115.37522755547776,8.0
22033,31678.746200693717,11051.091416098172,32.0,118.66664745531628,8.0
22034,31309.519020374864,9961.223573488563,214.0,106.54582168485761,8.0
22035,68035.525447287,1992.2204190242776,111.0,122.0615021255033,8.0
22036,37107.82079782751,735.0520690435171,107.0,127.6668691244675,8.0
22037,65851.52917402728,3539.291452083516,143.0,124.58251594104358,8.0
22038,51098.34372985997,20276.38457054945,138.0,124.30536446214839,8.0
22039,24286.561732093232,1183.2907139655183,141.0,124.04601868157638,8.0
22040,47076.777403815824,30054.469226768633,183.0,122.61644368306821,8.0
22041,16193.9797001053,4613.923261384614,258.0,121.21650507322622,8.0
22042,40305.19175477738,8630.315194661136,96.0,107.99997635660941,8.0
22043,25060.486828159195,9575.075359670102,181.0,104.73470137423882,8.0
22044,23671.41951313712,1183.580430062864,55.0,119.36664431885629,8.0
22045,29071.293285577594,7415.615316422647,-4.0,113.37221932402998,8.0
22046,40706.91839403699,12777.382992615152,7.0,118.0020074342288,8.0
22047,24261.17677302573,5223.523978720469,295.0,109.04657886186871,8.0
22048,45563.37287222891,28107.710219396828,109.0,113.46100941903734,8.0
22049,51844.52391410658,13894.015607632342,202.0,126.58211656813785,8.0
22050,33194.585745933065,1473.0607742408938,290.0,131.79756100102838,8.0
22051,18034.303499062164,9422.312232694057,9.0,113.77526151329323,8.0
22052,20833.9862113541,10253.538177995464,188.0,121.73470763118615,8.0
22053,37472.82806816554,18463.75270907424,84.0,120.68350084184848,8.0
22054,61145.05174977751,43518.8521200808,64.0,117.59376479966777,8.0
22055,32295.646739956035,6638.867814012125,289.0,110.98525697893389,8.0
22056,55830.07650862867,4301.789792695905,149.0,128.02397055913542,8.0
22057,39779.505117473214,2390.334266981865,81.0,120.81459229418499,8.0
22058,53761.543500942316,5231.621606063359,222.0,118.55635545637932,8.0
22059,49572.3895975045,1732.9036172956432,121.0,137.07879170455988,8.0
22060,19851.918894508264,1473.759099694851,27.0,110.30286413489046,8.0
22061,53279.373953372546,924.9085088196167,42.0,130.6050645045001,8.0
22062,53113.44137783767,925.0116780420267,122.0,130.39293655460915,8.0
22063,23636.27582449521,925.0578089891435,6.0,118.37599824487728,8.0
22064,59480.84241222498,43151.75457517748,120.0,124.60841796404571,8.0
22065,20818.66901451106,1180.9233776982805,160.0,126.1462286515636,8.0
22066,29633.89495251113,924.8608469056237,56.0,118.95231639316575,8.0
22067,34115.32858535797,21430.71750444809,32.0,119.68099235024305,8.0
22068,45471.12603563683,924.9498541344288,186.0,129.136009449309,8.0
22069,26921.958381449665,1180.8433196106655,26.0,112.76963638849078,8.0
22070,57992.120094103484,1184.4184445398437,356.0,139.2483304017126,8.0
22071,54625.11202688102,8733.62255521733,199.0,132.11704510595132,8.0
22072,4419.919561615917,3682.6832050243856,-6.0,89.71643274973346,8.0
22073,24467.356962149777,1180.6330284037033,180.0,126.35674020501571,8.0
22074,40365.67873245432,925.0264509413731,13.0,123.55683429818642,8.0
22075,42135.28582589802,16208.334153161972,139.0,121.67553197141584,8.0
22076,25571.039015182578,2366.910434932312,76.0,113.0324991195657,8.0
22077,28220.817090765566,8452.97075545893,249.0,111.66999956870087,8.0
22078,14846.40103140173,14116.236760929845,-206.0,99.27215203383524,8.0
22079,51146.24290460298,3771.5905235222203,131.0,125.81568729892777,8.0
22080,22589.17860211022,1182.9168695990006,194.0,130.48565795490805,8.0
22081,28073.695853947393,6877.391834088817,29.0,113.21755208342023,8.0
22082,19652.601052471484,4615.397301769689,78.0,107.892433910828,8.0
22083,39159.78382410785,17867.415769802767,222.0,126.54700655516925,8.0
22084,46947.66564523385,924.9187665835047,247.0,135.52246491637158,8.0
22085,20087.158632261235,2362.088085687826,405.0,128.76494049887958,8.0
22086,34464.15091889908,9011.083106912356,21.0,122.53830519500241,8.0
22087,28494.161144667803,9266.599384296647,186.0,116.73195170842189,8.0
22088,19230.52279310907,2208.9205921901926,67.0,113.49225669642958,8.0
22089,34075.79928279534,19974.233279283366,163.0,117.33039777979364,8.0
22090,46993.88436623297,4037.255798651802,46.0,124.28483710735753,8.0
22091,31894.799235320806,10245.131387344636,337.0,124.1609939789063,8.0
22092,52152.380328845415,1180.4330342186038,49.0,124.4700013536611,8.0
22093,16428.067430070256,3795.109030942145,42.0,102.6731091012968,8.0
22094,21197.675549646865,2392.2071850370053,113.0,121.19182527369942,8.0
22095,52655.251218100035,11398.534865846077,76.0,109.96109249994296,8.0
22096,36380.13894149519,19538.91153900776,71.0,112.91586283844016,8.0
22097,30841.1366090918,11196.523288543785,247.0,104.1898141079944,8.0
22098,27464.48052757247,8454.398607699852,80.0,108.83881306100157,8.0
22099,56826.34470677219,3553.1803785443963,43.0,124.2188401554217,8.0
22100,11316.56064233792,924.8799252399884,31.0,109.8509194720603,8.0
22101,38020.7504016356,1737.5666204689492,158.0,127.06167801011537,8.0
22102,52270.688317432985,26317.82647347093,88.0,120.34624875468951,8.0
22103,44667.91433921142,36355.07372199127,95.0,111.18411074846742,8.0
22104,46829.424899679274,2871.4414964509083,40.0,121.49214855127701,8.0
22105,37026.75016402804,1849.8578523712945,35.0,114.75560833654421,8.0
22106,31756.152479536253,2774.96532929628,41.0,121.36423654023555,8.0
22107,26594.70951357889,2397.424340215738,26.0,110.84410633870661,8.0
22108,30840.22676626428,1182.402756242216,119.0,125.29911366330181,8.0
22109,49127.58310369051,6383.080570832214,56.0,120.5808749346792,8.0
22110,41409.19780054117,25925.883606110227,181.0,111.18550964326091,8.0
22111,47503.36040857799,4315.089246598903,65.0,117.46702425106852,8.0
22112,23123.14640219327,924.9050177349241,73.0,119.53441394939384,8.0
22113,26861.250503894087,734.5606152628428,175.0,129.06306477911514,8.0
22114,26033.458182632174,19200.906831304466,-227.0,109.18498119112512,8.0
22115,39594.72373482504,27310.76395603077,75.0,113.20152756089527,8.0
22116,43283.09040012273,28854.966251699683,64.0,115.43477556457952,8.0
22117,47151.49722228463,3984.775767320544,65.0,124.00400110709188,8.0
22118,25876.96825126904,1474.5818244260113,118.0,108.66332278916617,8.0
22119,22775.071619838192,17555.705153721217,111.0,107.08069290590493,8.0
22120,24774.344822461408,734.9050151280588,166.0,128.46417544015134,8.0
22121,38852.32342647225,3699.4285811661607,122.0,115.37201409558082,8.0
22122,43290.30428310947,29075.042290522837,7.0,114.6715943915554,8.0
22123,51369.20962192596,41173.130030294305,94.0,117.44034809733432,8.0
22124,30691.773356288806,5226.010101004306,210.0,127.78853787498741,8.0
22125,16763.625692027545,9577.712126769879,173.0,117.45580417010069,8.0
22126,31032.336611045117,736.3264199762007,32.0,124.62563755397981,8.0
22127,14183.357346411407,2870.9817758250383,243.0,122.35822692581962,8.0
22128,42687.69509879661,23904.918896451898,168.0,115.95358650336483,8.0
22129,51746.10450306081,2359.8902401893765,76.0,126.71975431419803,8.0
22130,59190.68449277449,1992.1116992094578,36.0,126.17428436173438,8.0
22131,39881.309432319234,925.0423547243324,73.0,124.23940195996796,8.0
22132,16794.734260595033,924.9721309847777,-8.0,102.83238257759173,8.0
22133,47539.54629285717,5477.50548445182,20.0,119.09816822596139,8.0
22134,34916.1978733274,17040.55630276682,81.0,118.26668414369266,8.0
22135,30182.62125931745,3800.9544142458694,45.0,106.31411005628006,8.0
22136,25889.918557240097,7116.828294577761,177.0,108.05889447844667,8.0
22137,43950.64526416264,35638.011789406024,116.0,111.61783772761714,8.0
22138,43312.02141494919,27314.984491599986,208.0,112.67731415800183,8.0
22139,21286.0097399771,925.0104958905708,74.0,118.66180505054788,8.0
22140,42700.201654814344,10956.054016345028,46.0,119.78183246523618,8.0
22141,69226.21881455087,925.16417287447,48.0,125.90128228646859,8.0
22142,66264.22669242843,2890.0837921669795,120.0,130.09169064548843,8.0
22143,64192.935892553374,1179.5755081886614,33.0,121.53279431710745,8.0
22144,7590.041356249688,2394.376730229878,109.0,97.53377421722595,8.0
22145,43627.184135461066,6516.4329749505605,69.0,114.55991316104627,8.0
22146,64250.97409575215,61891.517620257626,-147.0,120.15328919112982,8.0
22147,14559.98371472438,5972.409990993267,41.0,104.07551969723204,8.0
22148,9103.56817897505,8266.438683101489,-106.0,93.87148165257679,8.0
22149,50182.23452413647,1743.3252502416553,319.0,135.53754423016872,8.0
22150,41539.38994920371,739.3446965652091,61.0,124.72198026961283,8.0
22151,40361.73122364685,8678.448084754447,96.0,117.69809209796294,8.0
22152,18629.8618269163,9278.622353367293,-30.0,105.83123609730853,8.0
22153,51109.912571276036,27955.38028562485,332.0,132.05399902290696,8.0
22154,29973.734693057504,15551.669063141355,38.0,111.68588937931112,8.0
22155,22210.856239638277,17589.344477040817,-61.0,111.09681085693722,8.0
22156,32520.552582916655,14904.717364149039,61.0,115.42712728168601,8.0
22157,28244.0488079822,16699.874570588865,61.0,113.03088093962228,8.0
22158,39855.47808611283,22167.77103294038,45.0,118.30749613352778,8.0
22159,31779.929452544788,5742.685193324068,34.0,120.21279987101715,8.0
22160,44612.2242853898,736.4246797548502,135.0,130.6894889827411,8.0
22161,13938.867485471397,3142.6122215687806,345.0,124.54497657966394,8.0
22162,41627.193819489345,925.0486733915573,32.0,119.61856332751601,8.0
22163,32965.26437589349,21403.252301069686,120.0,111.86837241679554,8.0
22164,32897.552466106434,12667.663820134116,71.0,108.89225080754862,8.0
22165,27639.05506306487,5209.448966767628,32.0,108.44491248302516,8.0
22166,50604.59472968218,2360.83916962728,80.0,119.86720265637118,8.0
22167,58362.78079068765,39577.985129364235,187.0,117.74944066604174,8.0
22168,43399.96952262735,9019.25569725641,51.0,120.28898947722278,8.0
22169,41946.40480447295,5477.322118954318,200.0,125.88380512823437,8.0
22170,30496.208177328845,9507.722295687423,337.0,126.28783826531543,8.0
22171,26272.300952215493,10280.32052392391,175.0,111.71046532916287,8.0
22172,30917.60425929821,23556.111502776075,68.0,112.39386972807765,8.0
22173,51926.52824357879,1184.8110879287944,7.0,124.13179360886534,8.0
22174,47990.35582522884,33893.55497181745,81.0,124.11992372207966,8.0
22175,35662.43581162895,11765.082015506474,220.0,126.052358678649,8.0
22176,43844.967096758235,26387.27632363318,109.0,118.48357485551352,8.0
22177,61164.980347545505,28598.0344079081,9.0,117.45395894469435,8.0
22178,24417.471959494665,16831.92485727842,209.0,106.94496699666853,8.0
22179,40198.98956407173,26754.16212404961,78.0,118.18489501532628,8.0
22180,9805.706810512873,1182.466794489222,14.0,98.80753493173738,8.0
22181,48936.38625031576,925.0688377222916,48.0,120.33765621161896,8.0
22182,46127.698832842776,1179.758976698206,144.0,141.78211413167602,8.0
22183,50359.50845815375,924.8459076143296,50.0,122.6322466908862,8.0
22184,53508.0572443962,924.7327958815355,16.0,132.18785128739196,8.0
22185,47978.632675806606,31884.419821787462,461.0,131.83418132923637,8.0
22186,47085.62484332677,1992.2266952148989,68.0,120.12473968467326,8.0
22187,47173.01485416378,14799.682676693108,185.0,123.11021253221767,8.0
22188,46428.27770460056,737.5445852661804,131.0,140.21168215786946,8.0
22189,25477.767991262877,924.8533300131828,86.0,128.87949030987244,8.0
22190,47538.17581518456,1849.9564519428084,91.0,124.08926626841665,8.0
22191,47315.315038516965,1849.8749732079327,126.0,123.07180403953255,8.0
22192,46895.43633775097,32795.93943075019,163.0,118.70671892782039,8.0
22193,7185.355229283002,6512.508194024105,-74.0,91.76797211825398,8.0
22194,57125.655999855495,14985.23341592415,193.0,119.485129181821,8.0
22195,48174.229966264415,36634.2161967337,-120.0,113.66665092583735,8.0
22196,54397.68623367158,6649.435843925664,455.0,133.99779511298357,8.0
22197,57380.50122383884,38844.39365958906,161.0,115.20992922335189,8.0
22198,43590.220563895295,5843.996028888212,74.0,118.45103668067588,8.0
22199,9102.163851554324,6282.645704254152,2.0,102.96096717245459,8.0
22200,59646.73481179047,11392.290883235491,548.0,134.3733457332222,8.0
22201,48309.291458266496,1179.762195569276,54.0,116.50426637664921,8.0
22202,15670.22743068136,6840.359354045612,48.0,100.86851386404655,8.0
22203,24481.287101334965,2871.045714590567,102.0,124.71480913459013,8.0
22204,47770.453753858426,1989.9965526751662,75.0,113.86283676586075,8.0
22205,55506.85388073641,18884.293819994946,25.0,115.16192292987411,8.0
22206,60671.015662592145,3553.6417340304242,119.0,132.45747863403275,8.0
22207,30272.111112923783,924.9442752595727,70.0,128.01888971192224,8.0
22208,45604.723719269336,11397.449267553517,37.0,115.56735155218064,8.0
22209,61804.913372414856,4738.140581660494,186.0,129.67824181260062,8.0
22210,45451.779788125205,2361.0126860344194,120.0,136.54864128698495,8.0
22211,45536.38314769512,925.0435954902255,30.0,130.93278663691206,8.0
22212,45657.07365919614,13675.933977083389,198.0,122.46583364627419,8.0
22213,49968.80210335072,9249.744701057614,271.0,114.74770927890944,8.0
22214,38371.13182107595,12366.512460800841,132.0,110.23374413126385,8.0
22215,37985.80412733975,1849.7056431509395,65.0,118.7093757868492,8.0
22216,54148.92886392945,25242.528637840944,-18.0,118.62673077696499,8.0
22217,47860.24397751248,733.8819944084557,49.0,123.4215574087504,8.0
22218,52968.39100405148,21630.905566838366,-1.0,122.53652313281748,8.0
22219,9103.057886786488,8265.906090306578,-348.0,91.6315293106762,8.0
22220,42077.702632976405,4304.741787351916,132.0,130.9630477542403,8.0
22221,31456.339562148896,1849.8370005656627,125.0,116.29754719363105,8.0
22222,17819.127499209164,924.8649862387589,43.0,113.2185039492141,8.0
22223,31525.378601203138,13893.745883087373,30.0,114.32831960759503,8.0
22224,33267.76287274849,924.8772145855588,193.0,130.72526203470306,8.0
22225,47917.08576695641,1180.5519986010672,207.0,133.54607126392295,8.0
22226,25146.151988081365,5598.220930768771,315.0,125.39079441462734,8.0
22227,4308.420788633444,3141.0637981496616,92.0,107.05250491963614,8.0
22228,35667.188668470604,5241.237294099297,381.0,130.14452523231571,8.0
22229,22816.996306633642,3680.3543753353906,244.0,123.57888456929624,8.0
22230,54335.06099439731,1179.9351076213552,35.0,121.72589945893563,8.0
22231,58309.445005996706,924.833384442198,60.0,137.64111318055402,8.0
22232,46831.75918765223,9366.653719585714,63.0,117.5273684066578,8.0
22233,38361.13719129433,15260.559022245965,405.0,118.55947520804487,8.0
22234,40485.372483431296,7442.492276071109,121.0,110.8984319633151,8.0
22235,40406.271273189515,738.4339236368128,116.0,128.83404834514266,8.0
22236,12294.072516085023,4045.307922431182,11.0,102.04502505450563,8.0
22237,48711.92836804329,32613.165721201047,475.0,132.01205214483164,8.0
22238,46427.20624833577,924.8636492911688,102.0,128.29863729476827,8.0
22239,40512.324727081075,924.9614611201431,50.0,121.49407538893576,8.0
22240,54011.90838370604,52047.82205879813,-28.0,111.47946257384824,8.0
22241,53338.99615897308,27183.331974279987,-14.0,118.12944833404228,8.0
22242,51513.40616011004,9366.25124592967,138.0,109.93455573318182,8.0
22243,39049.142211797,23380.802689119137,521.0,119.79199757282927,8.0
22244,63049.72031995062,1732.1063294139622,216.0,137.46912795994612,8.0
22245,15069.677345904922,3139.787047513971,118.0,120.10864713240696,8.0
22246,41299.47119731029,31350.24284256286,393.0,130.0528221149765,8.0
22247,44821.88137378598,32024.7406169205,87.0,118.74423211729462,8.0
22248,41533.10697313149,20000.490149260495,101.0,116.27861546807291,8.0
22249,49879.629777736314,924.8851117755984,25.0,129.6937594329753,8.0
22250,26658.823229119298,11819.080207905341,198.0,105.1121742908284,8.0
22251,58115.843086775756,924.810393747629,131.0,132.6174946953606,8.0
22252,53096.18470136285,5750.794220349142,71.0,122.64530063651745,8.0
22253,14871.920254293163,3699.5851368918325,13.0,104.86021741290898,8.0
22254,31727.761769477765,1472.697677731304,10.0,111.7090450120707,8.0
22255,39543.977034511576,18774.134145531152,463.0,127.40067101976268,8.0
22256,26533.089411266097,11048.545738274232,141.0,118.09610147125281,8.0
22257,5598.222905397693,2774.7796632635195,2.0,93.49166470196116,8.0
22258,15249.289305905668,4852.907147481236,40.0,102.05378947924021,8.0
22259,31868.850383704164,19087.098309526722,87.0,115.43207369755653,8.0
22260,41533.25454434198,13677.184480232043,52.0,115.1311688544101,8.0
22261,46393.02236908179,4624.900510048633,122.0,127.42236193187668,8.0
22262,31654.385164522457,24292.892952680457,68.0,112.45668462551373,8.0
22263,40016.3768546848,7435.9717379453905,32.0,116.68740479334332,8.0
22264,3794.4249380472215,3086.0102605822854,-63.0,87.96995692125168,8.0
22265,38040.3817181487,734.2143966419607,97.0,127.34276257278941,8.0
22266,27507.34919263556,736.5243588060804,148.0,127.38421341315112,8.0
22267,22469.59691076894,3549.0821016160867,46.0,117.17217732144525,8.0
22268,26813.23863310941,21611.33331382026,35.0,117.50760771921252,8.0
22269,37850.07757119931,16519.500314670146,512.0,130.47831605243675,8.0
22270,26257.04571218804,2871.12551909794,178.0,125.30387009284489,8.0
22271,32002.067841620916,17161.846298676042,198.0,107.57417119790537,8.0
22272,39934.649904912476,24891.61223647562,87.0,116.17396603211559,8.0
22273,36316.29504538126,1180.8788758991423,114.0,125.57509249583899,8.0
22274,47264.99671532728,33793.742200050656,104.0,128.10244847005666,8.0
22275,15748.835575862844,736.8926770281304,74.0,116.84785314508116,8.0
22276,55165.406146904206,14961.351303550075,277.0,126.53377030701759,8.0
22277,22602.56989897051,2396.4827059374493,58.0,116.42169051270363,8.0
22278,51325.03797599102,14186.280537815013,65.0,122.70316887465455,8.0
22279,55429.3923854663,42737.10573535986,32.0,123.24445678790113,8.0
22280,26940.60494485029,1181.5863267468324,138.0,125.39357041149867,8.0
22281,37358.56579974929,8145.3178252919715,56.0,121.52322528595909,8.0
22282,19057.172692922944,8831.438290573697,378.0,105.634642876884,8.0
22283,41342.70469153157,4780.273447408158,299.0,129.83417088394307,8.0
22284,32503.937133111096,3089.4163139671955,287.0,114.39558927890386,8.0
22285,17635.277215261765,16713.66556390666,-239.0,105.39509619913908,8.0
22286,38166.27581703274,26788.40417730371,-48.0,112.8417567059961,8.0
22287,62866.60419439374,9911.267999623951,46.0,120.1512162079239,8.0
22288,32288.153036991614,13060.509054375521,173.0,123.96970321068424,8.0
22289,22525.907765469074,738.4462368186054,33.0,114.11410444209207,8.0
22290,54736.632589035544,2369.242173724122,84.0,132.39320828851706,8.0
22291,54602.45032883031,925.1579041164376,33.0,126.82913942936156,8.0
22292,54017.28770088464,1850.0231776362823,117.0,127.35162229179164,8.0
22293,54070.66695900265,1990.0041883058445,77.0,123.80997120213256,8.0
22294,7544.341763433748,6639.705303525429,12.0,98.5727514261242,8.0
22295,61540.56896455784,51353.81244701126,116.0,118.62003701073964,8.0
22296,49797.51065555998,31018.37469686067,187.0,117.42227751965633,8.0
22297,19057.19314251277,6842.080101246053,232.0,120.55354915390285,8.0
22298,23977.027460167472,1470.9969857831272,54.0,114.9423516175805,8.0
22299,22234.52327526694,736.5670834193722,39.0,114.87583983015314,8.0
22300,42400.26082080544,1989.5838018196634,93.0,116.00588006645002,8.0
22301,55094.85499963397,10413.766029251223,39.0,124.88701868777656,8.0
22302,41783.208776741456,9345.04973903449,65.0,116.60483781554878,8.0
22303,17662.01838018124,7722.990675827033,289.0,123.33117082279955,8.0
22304,31786.80213420605,25642.34185221969,-66.0,108.37219123371057,8.0
22305,31501.221320872122,18706.726764532523,87.0,114.08251439273735,8.0
22306,6840.514935579968,1182.165583289134,99.0,110.73127371291712,8.0
22307,35237.403209065866,925.108502388454,34.0,117.4953166401588,8.0
22308,53692.92532346946,15741.760942574283,121.0,120.6075192385477,8.0
22309,42132.65357431771,739.042998145465,32.0,119.77702766485729,8.0
22310,57428.80511212963,1179.969893347868,48.0,118.46271792048253,8.0
22311,51300.57512580871,1180.0800629891414,6.0,120.16314213106867,8.0
22312,46456.95639565718,4683.15723637401,127.0,122.91060733709129,8.0
22313,11316.437963947856,1990.7504521285741,65.0,115.32095822565307,8.0
22314,44477.388499578185,8550.863171445013,276.0,128.08943522994448,8.0
22315,62213.032149515464,49417.68258811317,87.0,119.25291070842337,8.0
22316,39389.84567052822,736.553059823349,193.0,132.70992860860042,8.0
22317,53093.26147477359,30277.707127223246,316.0,132.2846079768864,8.0
22318,50778.49793958929,9435.601644135286,95.0,124.5625698929789,8.0
22319,48767.70452235601,6331.055652580157,302.0,143.20021966184677,8.0
22320,51039.58224004775,10981.727916445607,24.0,116.83129684312337,8.0
22321,22921.069028144764,735.5561065930095,83.0,128.2314160738924,8.0
22322,24986.35251679607,23264.944582588138,-19.0,115.56172223045796,8.0
22323,48457.30093937572,22828.46559667236,148.0,126.8828430079822,8.0
22324,68476.18177109813,22510.20961242248,63.0,122.74820733844032,8.0
22325,40614.91354207464,23758.650862333623,71.0,119.92483115415546,8.0
22326,32029.221919464722,26816.294126728913,-200.0,116.35556201127032,8.0
22327,38836.848251998075,18319.34782750393,47.0,121.92184830207148,8.0
22328,61943.65488188055,41179.55995265619,111.0,116.48266626770666,8.0
22329,35550.84667569452,2391.1737671624546,-8.0,113.16261673912155,8.0
22330,37544.766079979316,3139.3315470932007,36.0,132.04283287736436,8.0
22331,53726.10580983101,13029.604258392943,63.0,119.47379263045343,8.0
22332,60712.19725289313,1179.5778819912164,34.0,122.6215370766898,8.0
22333,49341.01532579417,7079.31904852813,397.0,135.09382493509523,8.0
22334,27262.853577213693,19177.909916504923,59.0,116.94849779378534,8.0
22335,27099.990652788387,924.8730810308887,55.0,134.22416467419652,8.0
22336,60941.45589916584,54290.174128687024,80.0,117.2822469724403,8.0
22337,54886.745434562676,7435.5831156631275,139.0,118.51493973986207,8.0
22338,28463.670346757695,8088.213321872604,64.0,118.3281777453501,8.0
22339,31983.743021359318,18310.28210240284,97.0,125.10256055832984,8.0
22340,50909.00359337215,2403.053953996727,4.0,120.35788033829402,8.0
22341,26735.792602032016,5224.459404754609,139.0,118.90441095684108,8.0
22342,10590.377928757778,9793.154886480334,-396.0,92.94601239465706,8.0
22343,23239.640759383597,1740.4172041518311,44.0,113.06902929008292,8.0
22344,42694.55291485851,924.8796669925172,12.0,122.27513424161299,8.0
22345,10968.55740245369,10200.979912703133,-198.0,96.2869795190894,8.0
22346,62533.06567126777,1746.1961198253,118.0,130.05351684159186,8.0
22347,49708.09533469465,7107.050805986024,22.0,122.74174928796182,8.0
22348,17444.80141887102,15736.133414447933,27.0,112.79984694181863,8.0
22349,35956.47241894431,4852.448340684501,116.0,113.50475653644169,8.0
22350,30158.154142506955,28216.080092143628,-13.0,104.27287185280348,8.0
22351,47822.574491064996,3143.975234560449,57.0,119.59198136715872,8.0
22352,23390.70450663567,10593.350688375122,106.0,107.38501328814678,8.0
22353,21887.49267174519,7544.064211824402,215.0,123.57882546016558,8.0
22354,34113.474659329026,23164.018997229527,67.0,117.79020076212808,8.0
22355,59714.53604514814,7589.793028900715,271.0,130.0658296214633,8.0
22356,9744.64901934997,2393.673240372854,85.0,111.85484457658484,8.0
22357,57675.008882206675,23613.91062599625,74.0,123.37052844828904,8.0
22358,42550.95936097154,5549.139024946,159.0,124.83357517528432,8.0
22359,14727.644687078086,4786.702995559684,14.0,107.39479836332278,8.0
22360,36279.13100285093,2391.8350492358354,235.0,117.40607336719705,8.0
22361,36701.31741540041,15366.967143626998,503.0,130.21775967063988,8.0
22362,45002.86866737566,2368.362923108131,38.0,122.83903751398566,8.0
22363,21638.089965885534,1181.2208898220952,16.0,115.87757198298755,8.0
22364,57544.64569957341,5476.072929721726,162.0,119.47423350406737,8.0
22365,35357.40098028162,735.3471473585478,104.0,126.67456434642904,8.0
22366,47864.56792556425,4683.356122271082,67.0,123.16510695636211,8.0
22367,41209.77187265082,1184.5831550029066,72.0,127.90804445931397,8.0
22368,58088.11366867008,7079.704854893046,176.0,133.0425891845477,8.0
22369,24751.32476590416,3139.7243759304392,84.0,115.13869360222373,8.0
22370,52476.83032471705,3138.618200529351,146.0,122.70406305935416,8.0
22371,22350.398074106288,4795.534454765508,148.0,118.7749781130389,8.0
22372,13951.772731123465,924.8989673290213,53.0,112.02778201185973,8.0
22373,57326.66847371923,1989.5857893391776,61.0,112.34201925860386,8.0
22374,9015.15265416438,924.8805650508236,56.0,111.97769566249023,8.0
22375,44390.4254222851,1180.4302929677042,98.0,121.57475935587226,8.0
22376,51481.424629397,925.1478541266226,29.0,123.20927545578849,8.0
22377,38641.97640893848,735.1824734420989,3.0,119.78648933711696,8.0
22378,54237.42740782451,5231.546766370286,73.0,112.29166630906958,8.0
22379,40126.1488504041,734.6680398092508,40.0,121.84410866711876,8.0
22380,31340.561118242204,736.9964967826121,132.0,127.51986638654834,8.0
22381,35033.97815349646,18029.06209042077,183.0,119.96776551899302,8.0
22382,37719.017874805,3771.911101404583,24.0,116.82138285187627,8.0
22383,56732.827004662075,924.7306726099314,35.0,132.7075983049011,8.0
22384,54873.42060002835,1989.9220785123794,12.0,117.07802673096833,8.0
22385,57124.29381088193,4302.032174520442,202.0,140.58929977201657,8.0
22386,23032.039761062384,924.9775581564089,120.0,124.41302037016992,8.0
22387,35768.80403115472,18863.27239484507,50.0,113.74295633285624,8.0
22388,25797.21487263928,10312.251084890966,181.0,105.12360379616749,8.0
22389,62677.77506548517,924.9403791759128,144.0,133.713189894492,8.0
22390,26032.0816987823,3771.739837774555,183.0,135.1758382718143,8.0
22391,44480.33524759425,10955.20041214873,95.0,121.15358457148858,8.0
22392,17066.051160263833,4854.134348901978,243.0,120.77216571064477,8.0
22393,42733.254757271796,5892.562715715621,53.0,116.41208956892793,8.0
22394,45238.3993096972,2871.8127465482935,63.0,116.44145369286838,8.0
22395,31100.772135689847,8610.512293068505,303.0,121.97605913477764,8.0
22396,41722.82613648625,733.559372110894,193.0,134.68461174508093,8.0
22397,64957.5896087196,7437.068967976464,240.0,131.43413359862566,8.0
22398,25572.735200124487,10430.608077641391,140.0,121.5031781743551,8.0
22399,21999.773967566365,4306.378512120089,454.0,136.07987759268346,8.0
22400,56091.54549814978,6290.454210816805,28.0,119.36190745365903,8.0
22401,26232.978445788773,14082.069580377805,39.0,111.27949689862086,8.0
22402,52355.3139060529,8625.644603666617,80.0,115.50612832949628,8.0
22403,46805.853415087004,925.0521323001798,10.0,120.23563925433021,8.0
22404,24840.92400499648,8102.707458501193,25.0,119.4873034567006,8.0
22405,61833.82849808855,924.9265624666401,280.0,139.5873600442781,8.0
22406,55620.613569833426,925.1383153458731,79.0,127.21452381296913,8.0
22407,21682.673773430004,8313.125235326104,14.0,108.56368978942126,8.0
22408,33014.81320267484,9979.16626757979,45.0,114.67226989914897,8.0
22409,44616.98324675023,1989.9511564353652,48.0,115.98848587208066,8.0
22410,43225.45309208844,2211.2877111813823,156.0,110.896677212398,8.0
22411,60007.230420606385,925.0762557472735,192.0,135.73720162866366,8.0
22412,21302.52449156127,12086.943272445726,67.0,123.88287387636946,8.0
22413,17689.843116313248,10345.98978499266,24.0,107.94489085434299,8.0
22414,28241.795280858296,26506.82031450187,60.0,117.23331753270935,8.0
22415,50487.82022123457,1989.439160047702,35.0,126.5088154166391,8.0
22416,29273.16128380133,2871.275665082264,76.0,125.80239212423655,8.0
22417,34630.391862714365,1742.439981818338,141.0,119.98817453520056,8.0
22418,54567.977466945194,31806.30568193503,119.0,115.49842792195318,8.0
22419,56322.03292095199,39300.05633007237,183.0,124.1428117060682,8.0
22420,21650.228467872985,924.8771461274765,45.0,115.89099340512871,8.0
22421,40706.52906562932,38753.73738542498,65.0,110.68934926433049,8.0
22422,42721.29783930677,13257.668442874754,369.0,108.46716045727855,8.0
22423,32941.60191184759,924.7896173363141,101.0,125.23275536736068,8.0
22424,15272.392649181855,4308.17179057904,59.0,109.02508241069336,8.0
22425,40410.23033071312,7412.031942778064,251.0,127.16822631484507,8.0
22426,44658.23289950275,2212.2639250791544,118.0,125.8579773035492,8.0
22427,43550.82125783263,1740.7518508700548,49.0,121.34930280644915,8.0
22428,39292.22884193764,5962.266585199959,317.0,120.90745100676108,8.0
22429,28456.423806432304,11409.543225032954,72.0,109.57320241387163,8.0
22430,42380.81355014938,8266.359226507739,31.0,112.0578480394029,8.0
22431,6841.341002959223,4853.75494694634,-76.0,91.84149258223687,8.0
22432,32728.87455050959,2208.420212717457,411.0,133.18326731359844,8.0
22433,11123.476438766787,10200.811064679485,-149.0,94.03267405986976,8.0
22434,24451.802479576374,3772.572615797667,81.0,112.37054068856543,8.0
22435,50558.683977267385,739.3580754299551,18.0,122.99298408604523,8.0
22436,50356.867000157115,14791.981895437584,171.0,122.2218449720218,8.0
22437,50714.42130182773,1735.6650552140375,83.0,124.23060496062325,8.0
22438,18511.70038336372,4307.315336995501,304.0,124.65894913381032,8.0
22439,61698.93491837139,11416.681578620117,148.0,122.68353488522203,8.0
22440,33167.68055609746,10253.043745463592,-13.0,109.64539808431721,8.0
22441,31446.26738627892,14798.048226975638,259.0,109.66056758188775,8.0
22442,56108.655804710885,9712.002531291597,95.0,121.55505095325549,8.0
22443,42881.04254004403,34605.66038042332,153.0,109.60646969097985,8.0
22444,15074.02661177464,2870.995887079279,40.0,109.08909514423182,8.0
22445,38374.963734771176,11195.721145107816,272.0,108.25011723098493,8.0
22446,35835.84251191787,5226.552392772499,254.0,126.79524017715727,8.0
22447,54920.470282761264,1850.1366075023655,49.0,123.94776440804306,8.0
22448,29083.652711214057,27361.184824541764,-8.0,109.12322170195922,8.0
22449,38667.29967121105,1471.7235299750112,277.0,109.97838357765676,8.0
22450,44352.56307069263,11939.432982754946,167.0,124.2728620686348,8.0
22451,41987.07644201207,2871.651611714263,49.0,114.17404774667946,8.0
22452,25025.003771259446,5888.364045471739,259.0,123.16770490540357,8.0
22453,60457.3534861686,4721.117453769823,129.0,123.37030877965546,8.0
22454,50894.41166833941,13894.178469036757,199.0,121.24780247834826,8.0
22455,55966.16992963596,732.0360743571946,19.0,119.63377869854723,8.0
22456,16780.881497607825,2883.3584101522115,64.0,112.77285329438158,8.0
22457,45320.01728145636,924.8329121461234,16.0,115.46989686472166,8.0
22458,55075.7069931561,29118.053374634925,88.0,120.18483055260683,8.0
22459,51246.829815905585,734.0831969368263,116.0,143.30949991506407,8.0
22460,52971.30969717237,6515.9077698234,547.0,135.22264115072326,8.0
22461,22508.08446876402,5769.524378794816,16.0,119.6423745319681,8.0
22462,27516.80831850094,6171.431845384667,225.0,104.0629720486867,8.0
22463,41094.204872446804,733.0776674676415,15.0,115.61559692301662,8.0
22464,34419.480657636464,5597.939759232155,125.0,121.3991748026101,8.0
22465,52351.08122960227,1992.284115566047,144.0,130.78565238925532,8.0
22466,9249.190874316853,8324.299603787897,-108.0,93.47009676485084,8.0
22467,43547.50122779133,17928.22321714031,76.0,113.20281364149194,8.0
22468,19946.182881527056,3090.6433620184926,66.0,112.7050589301442,8.0
22469,43950.54093432648,9757.8325979018,346.0,107.27028585580564,8.0
22470,67599.06577873765,2359.697133032764,114.0,127.98111334204563,8.0
22471,42287.548039921516,38271.22097668957,-19.0,112.539445804827,8.0
22472,58010.247172973846,14528.28556948793,288.0,128.7582052602839,8.0
22473,63065.51758101318,2871.9019359487397,37.0,131.195748292784,8.0
22474,37323.437899258846,20993.228976875896,334.0,113.6447337508371,8.0
22475,44657.86155377599,1989.7360728620702,328.0,125.14504471814035,8.0
22476,33044.0936383942,20258.660173082622,87.0,115.6544317529806,8.0
22477,41277.25701399544,1183.3716539008242,152.0,129.22368950872573,8.0
22478,36316.42492188841,1183.5384311733058,101.0,124.61196647065213,8.0
22479,59179.113722856244,924.8237371812288,77.0,128.1794602942605,8.0
22480,25643.54286656711,9025.621121435392,138.0,107.98185520312217,8.0
22481,25705.171956212132,9977.677590416662,-116.0,107.15720620441033,8.0
22482,39070.82141896917,22741.816050276844,-116.0,109.8519644377971,8.0
22483,33538.69836348688,733.4136614499297,82.0,139.30728173918158,8.0
22484,57144.31909765431,3138.0714837877367,77.0,116.2449726474355,8.0
22485,42464.87366865023,30844.781455685283,-34.0,113.34770321343153,8.0
22486,30462.994527572726,6876.787768474374,30.0,111.75599486373328,8.0
22487,46127.49481146287,1179.6108711501279,48.0,120.65043781956435,8.0
22488,47025.18463958676,5742.863774048164,61.0,129.18282048960165,8.0
22489,33606.29149162962,1181.2805691280482,14.0,121.27688442290419,8.0
22490,14265.26577884917,11927.07864728714,-121.0,101.51116379555111,8.0
22491,40811.29157039177,3084.353598856981,58.0,120.32002133301803,8.0
22492,10820.659618194808,924.9578977594213,62.0,114.72987479068486,8.0
22493,48670.31539430299,28298.205409314578,88.0,118.84130469159246,8.0
22494,43018.16238213489,2884.5701294148444,118.0,114.36291590229689,8.0
22495,49948.55934482798,26797.876144846963,332.0,131.8727443650372,8.0
22496,27645.23350098562,2877.652253564771,149.0,112.29193497747264,8.0
22497,40692.482676291555,3983.9976196428797,70.0,130.2062246113228,8.0
22498,47743.055840291425,39291.46012599021,370.0,130.07453332738027,8.0
22499,18845.974686337602,10248.5676362158,4.0,113.34408356256274,8.0
22500,47987.26887901547,7543.119878051838,525.0,133.5460901280817,8.0
22501,44360.47069789394,736.3240801838404,24.0,118.20907773877242,8.0
22502,30391.15748856494,3090.0560954393277,158.0,111.8337802644158,8.0
22503,32715.435707709767,2392.537183568718,68.0,112.73468579496938,8.0
22504,29070.20543514941,8687.352076781413,40.0,113.92618984100497,8.0
22505,51350.91216467798,8665.373817805497,38.0,127.24805208869378,8.0
22506,39780.2188769355,4418.274504325376,329.0,130.002229411094,8.0
22507,53648.835863724176,12948.142302004522,175.0,121.13900275947037,8.0
22508,29414.66556868992,736.3452003710355,41.0,117.64417590993014,8.0
22509,39381.466340834864,19179.054464851662,62.0,121.10336068541312,8.0
22510,39305.90033810751,22516.99279739167,450.0,111.84076579760192,8.0
22511,12575.57707296012,924.8934843283758,15.0,105.09350943528285,8.0
22512,37095.09284185924,8743.867219164831,21.0,116.84981877224452,8.0
22513,55168.89333114323,924.7876819457716,23.0,126.78260555479326,8.0
22514,45643.85251181472,35063.28316946636,328.0,128.89331803594487,8.0
22515,35217.49312804473,12970.451113151088,34.0,116.81807091576182,8.0
22516,36215.07501203714,19207.469558696812,183.0,120.3964385294339,8.0
22517,32984.608564217255,1472.167637166586,6.0,115.06457607268348,8.0
22518,37956.602280373205,19420.30225488452,125.0,112.74205541176262,8.0
22519,21850.155285989717,5235.571382388524,150.0,107.30631986321522,8.0
22520,45006.02331309745,7545.7958651222325,77.0,117.65054580436062,8.0
22521,19243.402298071393,2210.4141875405985,84.0,115.42721494405733,8.0
22522,52493.765225571806,1179.4025815114992,35.0,123.5952005327203,8.0
22523,21152.341040987554,7834.637859157213,201.0,120.42509829328759,8.0
22524,37025.7320471175,26832.398384054857,83.0,120.99952743644496,8.0
22525,45117.58007692624,18020.366090501255,157.0,109.26676848096719,8.0
22526,55166.73877474124,4314.382371012317,215.0,129.3613627443515,8.0
22527,17589.35683891408,1849.9449275270192,11.0,106.99402382762275,8.0
22528,42709.37814593006,31179.577127377,81.0,118.56141265635677,8.0
22529,36563.78612522114,21530.311261661656,87.0,116.69197300561268,8.0
22530,46359.396292220954,3541.905485566021,20.0,119.34156582319899,8.0
22531,23647.506715895426,10965.04082034172,50.0,115.82151820096306,8.0
22532,59234.40253611233,21615.705964430406,55.0,119.8767475199956,8.0
22533,60505.557846398435,53850.82589290859,80.0,117.2421804379406,8.0
22534,26101.430093349103,4787.356099962701,239.0,123.65815023588999,8.0
22535,11048.366035097015,10312.085831188613,-64.0,96.86399084042617,8.0
22536,61815.658032355546,12581.916816524285,33.0,127.55717817015494,8.0
22537,55663.69233221849,4719.403747575858,269.0,130.96114139419817,8.0
22538,56949.43404600953,740.1479663276442,54.0,126.63312930410463,8.0
22539,45061.19273346333,1184.3227625580982,30.0,120.94235490902729,8.0
22540,11820.200789705388,11086.368900563672,-93.0,96.78509446974863,8.0
22541,50033.3336785819,925.0378290953659,10.0,120.57965219686965,8.0
22542,35177.4681310538,24983.340689516695,142.0,121.32413908247028,8.0
22543,48624.84658006149,1180.2657141060288,278.0,148.46097511904327,8.0
22544,57901.08741585947,6409.47829898445,251.0,131.85484357815386,8.0
22545,60807.12507831346,12549.768863156416,565.0,134.4256080701872,8.0
22546,30475.580188100867,4854.7748013314085,92.0,109.49770744280319,8.0
22547,52765.826337391234,3699.5605734936503,36.0,115.3110351525979,8.0
22548,54577.86543725213,20349.64449796478,145.0,119.52172109445189,8.0
22549,53642.810475390266,924.8049809906883,14.0,119.36263128624668,8.0
22550,51498.88618704635,27635.814395590834,132.0,125.47271719765513,8.0
22551,34719.025724250525,14806.969812626969,109.0,111.21582078792031,8.0
22552,8312.895989856113,7595.838848921592,-126.0,91.4012039659462,8.0
22553,38451.73722368021,14117.697283831054,139.0,114.01476940118977,8.0
22554,37813.906671938406,9449.223275114535,11.0,117.23931152333768,8.0
22555,13938.80026067592,924.8536277100296,43.0,116.48297043096782,8.0
22556,20832.363848817575,8621.383452718635,65.0,111.43086132949625,8.0
22557,39590.865643826524,7430.805348525706,45.0,123.9217029733042,8.0
22558,5741.722579470577,1991.1083263772473,51.0,94.78059271162644,8.0
22559,62017.177485669454,53757.101371694225,153.0,112.19121908190014,8.0
22560,13045.229784797313,4510.406834300687,169.0,101.37355775853707,8.0
22561,45271.11771651051,738.3626362328966,67.0,129.6957410820434,8.0
22562,26556.042744550847,9958.308251759976,81.0,107.37281734810834,8.0
22563,17588.871956737858,7399.347237755298,141.0,116.62779440050028,8.0
22564,5959.853027742302,5234.271818565777,-214.0,88.62108117617171,8.0
22565,25193.36530577665,3681.930474659799,22.0,110.9423080204855,8.0
22566,53725.5106869482,1849.783540773088,35.0,126.15036628968144,8.0
22567,61410.8711559541,47226.20404780314,243.0,132.9087344205817,8.0
22568,34597.22194179742,8654.78843655987,139.0,120.0100316002933,8.0
22569,56112.68992354078,37329.52281550552,187.0,117.5473211423713,8.0
22570,40198.59415009998,22079.793581923303,130.0,113.51683541873481,8.0
22571,52977.207626643765,3984.5496496254646,81.0,130.15541754490982,8.0
22572,58553.04052552697,17400.76536298163,44.0,121.96683412609477,8.0
22573,55954.57138093414,43157.60218172084,87.0,119.5705344827422,8.0
22574,44718.91705823824,33110.64137717933,381.0,129.66048343818514,8.0
22575,51786.762131735944,6669.616118649941,61.0,121.86034065041801,8.0
22576,42349.24722211197,4737.250869917564,40.0,116.8934882151377,8.0
22577,53267.75299209756,4737.542428694999,187.0,111.30809068091844,8.0
22578,36538.67788952101,1183.3780800884845,93.0,121.73848824187715,8.0
22579,51983.443439203744,3469.3918511436377,74.0,121.0147261593598,8.0
22580,21994.599340749206,1740.7105962984515,67.0,116.1792316567146,8.0
22581,23040.996800832207,3143.437444756901,105.0,107.24413636765357,8.0
22582,32380.064920449277,7399.038026847362,239.0,124.68791838235248,8.0
22583,49045.03415201706,11318.98220000939,50.0,116.35603254335678,8.0
22584,16940.901483949463,5892.537447241856,30.0,101.87449415911544,8.0
22585,61366.55230041824,38550.46141630489,334.0,133.50837190048236,8.0
22586,54588.444391548204,10173.358389275249,56.0,115.63649097615561,8.0
22587,34564.40411247249,4312.176267356217,212.0,125.47367901084246,8.0
22588,54536.86155365344,52560.89999388659,-61.0,111.65843023080805,8.0
22589,33385.11001959512,925.0917179478998,50.0,119.47069149496042,8.0
22590,58717.239439136516,4315.634288031525,194.0,133.30435220654047,8.0
22591,43881.34578955352,7082.965231446581,186.0,124.94095299005502,8.0
22592,57578.98752518643,26479.346712594095,7.0,118.04212993771934,8.0
22593,40227.595157143085,27218.45336953292,324.0,129.0404799643236,8.0
22594,51461.266333881584,14915.128421315867,55.0,115.79518595943178,8.0
22595,37407.58079663858,11936.544535670064,315.0,108.55795981661146,8.0
22596,56501.26933700818,37964.26799294211,161.0,115.12676448950691,8.0
22597,22181.60876651081,1990.414802374778,42.0,112.34215874893616,8.0
22598,28598.995150597704,26862.75919207489,4.0,108.65066713913149,8.0
22599,47344.622344658346,1734.6448629939698,82.0,118.91939530373817,8.0
22600,14558.797286655243,9705.75560386378,-29.0,115.8628356844069,8.0
22601,56773.32949216469,1179.818517655443,33.0,121.76529255884027,8.0
22602,44069.8798440982,5210.746618514977,314.0,123.6498020549592,8.0
22603,40756.032106338294,12969.485214532826,66.0,115.61931910184997,8.0
22604,18202.025697864305,16470.136831878306,13.0,105.34495021082077,8.0
22605,23019.24654578694,735.785340933787,5.0,115.5123551590235,8.0
22606,25618.47998225638,23631.929121795518,22.0,106.95038619630714,8.0
22607,63189.272321866054,12161.620273962746,154.0,130.03452462227992,8.0
22608,20387.804439464308,13908.490430855112,-91.0,105.17910064388354,8.0
22609,12925.760500482278,924.8781136603262,132.0,120.51121150248767,8.0
22610,37553.80135697547,3138.345512669035,24.0,115.30998787854332,8.0
22611,57124.49795849809,1179.0135656755235,59.0,121.56046869086359,8.0
22612,39134.13077512305,28185.81582444368,117.0,124.82886149321158,8.0
22613,14048.888026539624,924.9757876894877,79.0,115.34783071564894,8.0
22614,43235.64517489546,11539.90445579577,-11.0,113.15496480062664,8.0
22615,49146.05095748292,33055.70750502299,464.0,127.80690212792712,8.0
22616,39426.444385804556,24387.15735946563,87.0,117.52146622948851,8.0
22617,25624.51763458748,14803.890865050107,42.0,105.89076441347935,8.0
22618,22339.31025505036,924.8712173756248,271.0,130.6324899672533,8.0
22619,42137.23953101475,15365.200298880687,37.0,119.22605424588113,8.0
22620,43266.1167762953,24244.667249543498,303.0,128.57321492480725,8.0
22621,49661.06915262848,734.8486551567199,199.0,135.67365761063832,8.0
22622,44803.88943965571,39337.0751413086,-146.0,109.66416207127854,8.0
22623,42420.01748269773,27392.92254672216,87.0,118.3030877420341,8.0
22624,46894.353084964874,739.3386141781781,234.0,136.6354082266963,8.0
22625,41790.07170035531,20284.505380612194,139.0,113.71621590843792,8.0
22626,31003.545928648622,2871.0548484023757,187.0,124.52033618025544,8.0
22627,49632.309466031504,18528.656626688487,126.0,121.20525475240497,8.0
22628,57735.59308508204,4623.25404779414,29.0,124.354257722704,8.0
22629,51706.779550624815,29378.261119040457,491.0,130.5622428412171,8.0
22630,49419.78951142732,1179.8398262283733,68.0,133.40791732032866,8.0
22631,42738.848802273606,3552.3656141713486,8.0,114.71615726249478,8.0
22632,59056.79483429943,5208.260583313321,55.0,123.55348173437454,8.0
22633,49256.15559407289,738.5993503938357,57.0,137.6611158459009,8.0
22634,23614.001927047295,8639.179888274772,22.0,110.83546138230861,8.0
22635,53371.1389911,5739.386062854065,272.0,129.87865765821854,8.0
22636,26780.529655418173,13983.474199361935,87.0,113.6175239891641,8.0
22637,31005.5666281731,5127.968981130118,64.0,112.5066373187074,8.0
22638,50886.42380528677,33145.03322353018,12.0,119.65379176735662,8.0
22639,41342.021064963505,2207.955706290621,259.0,131.0132430911828,8.0
22640,58010.657730583196,924.8017914097593,54.0,131.46450210341965,8.0
22641,51325.49530472469,33206.27557709129,132.0,113.99211059087912,8.0
22642,21438.71147072506,14023.300020303077,-11.0,103.72210635574791,8.0
22643,21545.109640027233,4516.846588856852,108.0,115.77482717658185,8.0
22644,65409.923470807444,28322.36151253981,21.0,117.84949335144267,8.0
22645,58325.145505890025,3138.307805555542,10.0,126.54670989515337,8.0
22646,29907.778546440593,735.9214809934597,17.0,113.0957659306534,8.0
22647,59879.99883535195,5922.844971218256,162.0,132.3140814228334,8.0
22648,49494.23181005832,734.330973260386,144.0,140.8199121222166,8.0
22649,33978.92175423241,17353.971301203528,93.0,116.85663512497747,8.0
22650,54282.4663485867,924.85261062087,62.0,130.54401611909455,8.0
22651,25372.696830562207,924.889260743427,135.0,125.35904987103831,8.0
22652,36914.134004778745,739.6147275576908,44.0,126.08452295931687,8.0
22653,38958.745274778215,6516.041114721272,54.0,122.84292740729938,8.0
22654,54683.61179109946,8256.171630136634,451.0,132.37314993831006,8.0
22655,47815.55882638768,1180.4036661987054,78.0,117.59394095545302,8.0
22656,22750.812319308578,2878.3311879347666,215.0,135.82372056661234,8.0
22657,43190.554709400065,1735.2253985117331,45.0,115.61929890463574,8.0
22658,63004.90245458603,4717.793985112222,254.0,111.247624234879,8.0
22659,22603.754659127913,1181.6829806283497,24.0,106.51690650647625,8.0
22660,46720.99000863955,4312.85747761261,246.0,129.82343336186457,8.0
22661,39319.67454676181,1989.9878011041737,120.0,124.95514711789718,8.0
22662,47989.19385467196,31083.33273779281,69.0,112.46073623019407,8.0
22663,22600.41730041759,9320.71424188997,-8.0,106.91711303335917,8.0
22664,30562.492238160736,14125.039752728151,64.0,116.21329637983993,8.0
22665,52562.278918216594,31395.569746376692,72.0,116.55114209607572,8.0
22666,23188.47733869904,16545.589890055177,71.0,108.0098029083885,8.0
22667,50096.464227486365,33764.75065893759,307.0,115.82496660304692,8.0
22668,53954.4823457039,36932.9510241478,183.0,123.7767212281735,8.0
22669,54156.21090376726,1989.295182070288,106.0,141.57964188394288,8.0
22670,42031.68125130078,10245.877850954294,-10.0,113.84629681497465,8.0
22671,38677.06494601342,8825.719059629911,275.0,131.55630094739527,8.0
22672,46324.86180856859,1992.2952849519631,54.0,115.07206838547363,8.0
22673,26038.795813084278,7585.118765948064,118.0,120.55797540411263,8.0
22674,43495.80056839487,38706.53731874759,-124.0,110.29696580187142,8.0
22675,13280.444234687799,2871.2591241713762,22.0,100.65699398333712,8.0
22676,24456.09322337793,6181.290633175355,39.0,107.30175148785202,8.0
22677,46157.54402604893,4115.120556185997,181.0,126.31903228534479,8.0
22678,31260.405636428794,1182.7926241797618,86.0,114.17368160156751,8.0
22679,33557.93370543249,1182.702826805461,125.0,111.0515761349511,8.0
22680,16443.536995838,14270.002707364607,-71.0,102.657807071579,8.0
22681,21888.604748480775,6921.467128216809,22.0,109.42884187198055,8.0
22682,33859.88001325826,14346.877866495583,-72.0,125.97797001425644,8.0
22683,24941.474837309845,1990.4198456821448,192.0,130.60650063113428,8.0
22684,41416.88262515013,2368.597724104485,24.0,119.96862915299188,8.0
22685,11641.953861827817,3085.5328655159433,123.0,101.58547243979136,8.0
22686,44458.48547118383,3472.282687538563,87.0,120.43562774122415,8.0
22687,32300.130483633264,22790.612683521787,345.0,126.38959106557816,8.0
22688,47718.753850898545,17221.57632197354,32.0,114.2532291946385,8.0
22689,50483.22660419548,2869.7711000836975,116.0,126.14428587661094,8.0
22690,53693.46805698598,12970.698898055138,70.0,113.94046820581626,8.0
22691,28442.631256771074,2879.420504510512,15.0,113.49893411182214,8.0
22692,61889.66345258535,8259.145478527513,51.0,114.75911462060483,8.0
22693,56122.10811839749,32964.55745726618,272.0,130.28108776143935,8.0
22694,25164.508994520766,737.7342697845017,60.0,119.993053752898,8.0
22695,26632.211080143446,18028.016282543784,3.0,116.71949084948957,8.0
22696,25782.059818403464,8839.83800411124,186.0,119.59994464647079,8.0
22697,43902.92020697433,1180.5899344990833,33.0,118.56073916534984,8.0
22698,25448.286568439456,7443.35169304549,365.0,120.97899917459904,8.0
22699,34728.97866273801,7196.722315779545,62.0,122.26694048214743,8.0
22700,19479.10931438447,924.9716081625897,153.0,124.056697404733,8.0
22701,18460.426078922552,1741.6204198772182,19.0,115.39971347993526,8.0
22702,36552.05272561979,924.9818608450937,42.0,117.82602187650726,8.0
22703,27541.689206516778,26894.00085102671,-238.0,107.14377723426519,8.0
22704,24084.858488707316,6518.880089167567,87.0,116.03670159315848,8.0
22705,59197.04231545733,38432.52773957004,111.0,115.10472149075571,8.0
22706,20770.67999620877,16724.510048631884,21.0,106.17893225990127,8.0
22707,30602.011361561228,924.9538609470269,27.0,111.09255418114984,8.0
22708,23639.38484494602,2366.6619421956143,29.0,114.38953825711683,8.0
22709,45271.16410217938,1181.660125579906,94.0,111.46790198151584,8.0
22710,18862.013167646186,924.8524758912085,165.0,124.4109547199089,8.0
22711,41514.685621526565,8158.015625003778,129.0,107.24969372776917,8.0
22712,50394.51415153461,1181.660125579906,94.0,115.14121044842224,8.0
22713,55240.28478068135,10928.321068068264,554.0,134.42371441690585,8.0
22714,38527.45847995156,8624.72996988409,332.0,127.89078620222443,8.0
22715,54831.80068843962,3540.597728609681,52.0,125.79062992242292,8.0
22716,42867.12085442139,25841.804392178226,77.0,117.14735184149119,8.0
22717,48613.55820481485,7603.927011900028,236.0,121.47514319454916,8.0
22718,57364.573726002905,5231.30894944545,302.0,131.79942937381333,8.0
22719,53668.316281283944,1850.0486365056158,41.0,125.87017987189496,8.0
22720,15049.921422292162,5476.713542777322,210.0,117.98327465669844,8.0
22721,57068.162935532724,20522.0623777671,55.0,116.94542155580328,8.0
22722,34739.09194415447,2210.8402051534035,29.0,121.02701169820914,8.0
22723,17295.72142089761,2879.9458802718614,101.0,114.99134525018863,8.0
22724,61001.16351025851,2888.719806560957,69.0,129.65396935036688,8.0
22725,41383.322409826855,733.7355580639884,8.0,113.41829836532834,8.0
22726,38325.36604895455,5472.729653060995,40.0,112.70280373548201,8.0
22727,59550.50736229775,38018.00697569907,35.0,120.05658814988261,8.0
22728,54242.191196476735,7103.447911458942,94.0,123.99909659898738,8.0
22729,21907.546359454125,1183.4520194619745,203.0,128.8101647710982,8.0
22730,49287.8753282614,7118.869746176678,32.0,113.59747382468112,8.0
22731,35057.01832302458,1992.048300082233,116.0,129.32671447207036,8.0
22732,46693.26448305476,15003.504407723156,96.0,116.72405080402413,8.0
22733,38925.12067511546,5864.551581291666,212.0,127.58489988602821,8.0
22734,51169.51339575548,1989.3575558146256,18.0,121.3019179795095,8.0
22735,45180.765156215966,4734.541112316725,296.0,129.97146977873928,8.0
22736,48626.66832764637,4721.780989458081,301.0,131.4876879803568,8.0
22737,30552.15638631893,10378.016493446348,67.0,108.08426022791824,8.0
22738,51908.988439683824,33953.57443391688,321.0,112.87848211021556,8.0
22739,22707.450184619724,1180.7763515245256,91.0,132.76816438370827,8.0
22740,33589.953695474585,20584.399438117576,340.0,127.80857819484653,8.0
22741,33319.992343147365,12572.872921556076,44.0,111.20165583009677,8.0
22742,48494.617581391976,3540.527442479287,118.0,132.3926956315015,8.0
22743,14100.996327455809,10638.205352208499,-139.0,101.09997414415469,8.0
22744,22076.4079963939,3983.5697132311657,114.0,103.72716935711792,8.0
22745,50399.07398605698,2359.8239040202875,27.0,113.9444213326206,8.0
22746,33695.78303570423,738.404017775897,11.0,125.94623128317019,8.0
22747,56206.50568723174,14949.873556560307,76.0,110.94518778927329,8.0
22748,56168.58777792077,925.0737591760111,37.0,122.6420199263986,8.0
22749,28823.992602315706,925.0536824594557,13.0,117.85278338756045,8.0
22750,20712.74329921223,737.4707622418641,5.0,107.41923779402977,8.0
22751,21624.72974187874,4793.668339019554,-1.0,113.62314323672376,8.0
22752,33191.410951855774,21375.370520368204,-55.0,107.65629684710186,8.0
22753,19024.740965554272,6931.492894986884,177.0,101.22785490456863,8.0
22754,41355.50041606804,3542.5372512113813,9.0,117.01462857360114,8.0
22755,39719.11295414706,1992.5865788383987,39.0,114.38097457729819,8.0
22756,18513.503852472328,2774.8637230386603,7.0,104.5846738904522,8.0
22757,38689.36828705608,8149.929857997615,451.0,130.59949628179376,8.0
22758,27816.80528709943,15034.499845182656,87.0,114.55420628721556,8.0
22759,9967.391312830592,3086.8877620779467,-7.0,101.39541598882927,8.0
22760,27488.605796005686,2366.5116475361233,242.0,120.08906769214323,8.0
22761,46274.6435818901,1183.3295506480183,32.0,130.05158456228614,8.0
22762,47533.40112325927,1989.995981747492,141.0,137.20995752231684,8.0
22763,32118.937917314088,18397.617509904016,219.0,124.64500254585704,8.0
22764,39094.33408071336,2947.4980885172563,29.0,112.54023844024837,8.0
22765,52898.23980097069,1183.7112696164543,92.0,130.31296898885495,8.0
22766,52424.57356657586,22501.445491126422,278.0,125.57361420738314,8.0
22767,36170.846245818335,27495.603879154278,-55.0,126.69316052563892,8.0
22768,45612.624384231516,35338.44807945967,213.0,114.77362481509407,8.0
22769,39834.38872038217,4624.97558868075,113.0,123.35611337131604,8.0
22770,49150.004574242346,733.1304248503975,127.0,132.45939794164008,8.0
22771,47233.5450904885,734.9851307145876,55.0,127.99912265067489,8.0
22772,13682.250398376349,12810.52325915291,-71.0,102.29539143784523,8.0
22773,37589.92755272561,925.0197533336417,24.0,116.05809503375104,8.0
22774,27199.578660710544,1182.9058308264894,102.0,120.15865268122838,8.0
22775,40673.242931340596,9097.64261885022,135.0,114.83036809507333,8.0
22776,46642.82991804278,1991.7838734472357,81.0,124.88198976794831,8.0
22777,49519.79227232636,2367.8430957177056,168.0,128.7273693099521,8.0
22778,52809.45576766688,6384.970518016402,52.0,122.56232624523815,8.0
22779,20156.293099113478,15555.497430845859,45.0,102.85499090101538,8.0
22780,27804.670386767262,5223.823445900668,169.0,107.32358056435736,8.0
22781,44518.69468203988,1741.1651118985194,213.0,131.1914523998714,8.0
22782,5911.468154873068,4729.234289387537,-29.0,92.91275266467458,8.0
22783,7722.088212809895,924.8916392164075,18.0,103.028609331286,8.0
22784,37779.53286656594,2212.3425988142417,18.0,115.82880306175062,8.0
22785,22933.737243871474,737.2943466931949,142.0,127.42203361531939,8.0
22786,36384.05652298123,734.4530777678148,34.0,119.81034806091023,8.0
22787,39066.28450487848,8250.864688207022,158.0,123.5072965564586,8.0
22788,31478.4535831599,9464.825531345183,485.0,129.15725207822538,8.0
22789,39493.40238386249,3980.057388464969,39.0,116.05803200798387,8.0
22790,22328.603112590157,21624.66167353663,-185.0,101.42168664053655,8.0
22791,38799.434252006555,4617.805635721186,224.0,127.99587694355995,8.0
22792,53373.91392079999,1179.3846023542446,239.0,135.3727267811246,8.0
22793,54478.88007535524,1733.3940518668444,70.0,123.1887055678182,8.0
22794,30039.59487329458,1183.8549818971683,120.0,127.63135742120149,8.0
22795,36911.591920703504,735.3821481250177,14.0,119.52722608436706,8.0
22796,64058.622700009306,925.2515350659471,15.0,127.08622794611068,8.0
22797,39799.3063019168,924.9209717511955,38.0,128.233175794467,8.0
22798,17834.89500480797,736.900692437931,69.0,117.57522370346992,8.0
22799,47522.354562230954,32480.761476056323,87.0,118.00708105714811,8.0
22800,30561.3942160071,23402.55825978714,114.0,121.08110117821144,8.0
22801,43476.4712595385,2774.6140591750486,133.0,127.12094805442587,8.0
22802,31336.321202579387,16303.849303662724,87.0,113.4644666363819,8.0
22803,5741.932791343835,4853.87048721346,-25.0,91.47664619532668,8.0
22804,24302.039720348876,2396.3260703505157,14.0,117.01762971017203,8.0
22805,47424.7318582881,16329.421421480101,116.0,114.1264460635137,8.0
22806,44289.35376035757,20391.48020886841,214.0,127.83747984475535,8.0
22807,40159.87329128341,924.888722517267,55.0,138.8667719928269,8.0
22808,31865.966316698916,13089.176922681736,187.0,113.90136495396378,8.0
22809,15033.549878463476,9221.712705251699,17.0,107.72969206526115,8.0
22810,45271.42616050386,7545.738104210211,49.0,118.24445915884901,8.0
22811,45594.16536964576,1989.4710016466524,170.0,128.9112350493356,8.0
22812,6516.365279475653,2774.819275894045,50.0,102.14804271036877,8.0
22813,51005.17314061503,2876.0948939512523,435.0,129.28659786233953,8.0
22814,37871.89879874349,4682.974364867677,28.0,118.10112852886209,8.0
22815,53307.30345897189,2360.125652348754,266.0,133.17420573286682,8.0
22816,35400.742066352075,3682.19498287964,331.0,129.7742228651507,8.0
22817,23901.45323492422,3143.437444756901,105.0,117.44041291948686,8.0
22818,56632.40627503772,43837.392517913955,87.0,120.18782606576734,8.0
22819,63604.93255851165,1989.1049382892688,110.0,136.13771293909303,8.0
22820,66830.13186019342,731.976737684996,29.0,123.46868681255253,8.0
22821,39388.09769756418,1470.351895529466,78.0,133.46234999283618,8.0
22822,12295.956326157984,2882.4777165351325,10.0,110.44595636242866,8.0
22823,11812.268918451009,4415.791312421547,171.0,109.12100660974886,8.0
22824,39817.593904398775,738.5479427988104,21.0,117.93575123030394,8.0
22825,25441.834707004855,5231.562135386205,115.0,117.42113688711109,8.0
22826,34604.72657065567,13712.897546502913,51.0,114.09747896825618,8.0
22827,30851.807552103808,23268.96591744549,86.0,112.05498296239259,8.0
22828,61421.64380941904,4720.235534507761,23.0,117.26535069176715,8.0
22829,25441.328569882036,17348.302178217156,68.0,116.43280059367697,8.0
22830,54802.65719679242,6383.337892656612,14.0,119.77323107337138,8.0
22831,42035.994761648595,5844.246437985749,524.0,133.65482803103754,8.0
22832,39503.78977032984,11485.93864216018,46.0,118.28116979177226,8.0
22833,36477.23480148934,1471.2503762236686,191.0,132.42072345075724,8.0
22834,54873.16951085527,8628.882530540395,150.0,133.08713024031584,8.0
22835,13009.16847586296,11826.971903484633,-513.0,94.73277398342205,8.0
22836,37316.41985207272,2870.3761753172803,56.0,116.73692075029794,8.0
22837,56763.24481041243,14077.649109997814,553.0,130.97496163011326,8.0
22838,51786.91384124284,1733.6290591882455,374.0,127.3914144026869,8.0
22839,23251.104376473057,2883.8466361047845,185.0,115.94149695272074,8.0
22840,25453.457759013887,2362.088085687826,405.0,127.2729780702717,8.0
22841,38628.597989103844,2876.746628264457,45.0,115.81390167007177,8.0
22842,13242.51309339435,1736.8347010869886,273.0,128.64031164153602,8.0
22843,43305.53708024529,1180.4369172612312,41.0,123.5598055703088,8.0
22844,48142.72310138254,38194.08840741484,303.0,130.8742284360585,8.0
22845,63788.97425194825,5472.883602692085,167.0,123.7460571457016,8.0
22846,64559.14540245637,6274.868586512103,84.0,123.76612608309088,8.0
22847,54437.40159379857,3539.296914201899,386.0,135.00244127837263,8.0
22848,49192.93486377225,1989.7939376468698,143.0,127.77579160271203,8.0
22849,49689.976545011516,31245.5527563792,163.0,123.07571326854877,8.0
22850,34916.37184198169,5127.551153328405,156.0,116.91560340572113,8.0
22851,45583.42038206776,734.9933820410805,300.0,137.95888088266295,8.0
22852,48798.944118514526,1989.963682541495,5.0,118.240006611128,8.0
22853,48083.50952304651,5977.617870763543,43.0,115.19734663529002,8.0
22854,8695.4194701804,5217.010835066819,54.0,107.59997449372494,8.0
22855,6173.322435326444,4513.0785476945575,80.0,106.23084203418468,8.0
22856,30760.907706159865,6287.155083223592,268.0,128.56177054495456,8.0
22857,32401.717454117676,4113.81257146718,110.0,119.80652117344107,8.0
22858,53601.292864016985,1179.9807771398791,160.0,131.9618546887666,8.0
22859,47851.41688295947,8768.593000856268,215.0,127.97179584149609,8.0
22860,19171.954005420303,4124.205366101899,168.0,118.78515985412045,8.0
22861,49887.970223639626,7106.022021216083,142.0,126.8873184769424,8.0
22862,13691.629891178192,4120.258116022645,197.0,117.61733680789416,8.0
22863,32728.399603034137,924.8730810308887,55.0,124.38875627838974,8.0
22864,17705.386824083977,8841.285020646961,16.0,106.27045896434423,8.0
22865,46116.327012273934,1181.078720752812,31.0,123.26197422494303,8.0
22866,36531.23325036726,4518.642071743357,199.0,124.88524406213114,8.0
22867,62052.42841512475,20610.41935722017,61.0,112.79491407805233,8.0
22868,40545.541329287524,5889.787598231884,346.0,111.01414234374961,8.0
22869,32740.54258547053,27524.56472883965,-262.0,115.81237355062908,8.0
22870,31102.399382729527,2870.4995738912635,39.0,110.01423758828315,8.0
22871,46023.93403010374,733.1244228324197,88.0,140.7131119195184,8.0
22872,44077.6564474809,2361.442396800844,31.0,115.95423027509932,8.0
22873,31779.63884059451,9510.373831165816,176.0,126.18876902316384,8.0
22874,42413.24191834098,735.1824734420989,3.0,116.3477807099539,8.0
22875,35106.96012893705,1737.5126373657295,28.0,125.23500712095401,8.0
22876,23540.766052171333,6639.218541047597,112.0,103.85653477595845,8.0
22877,39563.671621407244,18026.003363484135,107.0,116.70286874965281,8.0
22878,44926.40966406913,1182.940013159826,41.0,121.31481426265469,8.0
22879,46369.01592843977,2390.862166827933,336.0,133.8844008306913,8.0
22880,22268.148828513098,736.9205656394823,15.0,109.57569804413896,8.0
22881,31575.85286036226,1989.922034674932,50.0,116.1627117650787,8.0
22882,26062.19666668759,17371.29062666061,170.0,121.33874606882858,8.0
22883,35212.11717560001,734.6680398092508,40.0,116.2764891183646,8.0
22884,53117.73255529448,41018.37410920901,183.0,120.35030001625907,8.0
22885,42647.418103709286,924.824991732131,37.0,122.44076574906867,8.0
22886,66286.12812821964,9478.488731046327,280.0,132.9682908687705,8.0
22887,57281.74320295913,4721.18187613326,17.0,117.87151516563941,8.0
22888,48102.69012572778,735.4175054485548,47.0,123.38580644190336,8.0
22889,14369.337056374326,12655.992508135507,54.0,111.4861510188654,8.0
22890,35397.3512638085,736.0096266866107,39.0,119.76980780210316,8.0
22891,45554.667785394144,738.6675240470191,55.0,132.07781476976547,8.0
22892,41196.14938451596,4722.715280614186,198.0,123.92950873178353,8.0
22893,8092.469799956589,6395.828456062251,5.0,98.23595352061781,8.0
22894,59545.478086949326,732.5417377935171,21.0,125.7228009796049,8.0
22895,55790.80130957888,13405.054888915029,81.0,125.28294187402555,8.0
22896,48756.39377481218,1181.2816018910598,174.0,132.10413195500507,8.0
22897,50969.786624821856,44308.48138345391,80.0,115.42786984242309,8.0
22898,35765.701667716945,13750.251754371633,301.0,127.01630394923981,8.0
22899,50318.61541363464,2869.9161269940287,246.0,131.80234930965307,8.0
22900,44785.41797402434,11196.370700520607,98.0,124.34123678455141,8.0
22901,63752.29388345186,6379.352825156265,117.0,122.5233142338597,8.0
22902,40118.864148925364,6885.7789392143695,95.0,117.82687307302761,8.0
22903,16774.721177738807,1740.5712924416791,123.0,118.38856132405382,8.0
22904,61368.78128305549,15399.522716189826,63.0,121.3111245644806,8.0
22905,51089.418947319406,5232.123594302267,33.0,123.23130083163835,8.0
22906,62431.068917769095,2369.474071498889,68.0,132.5981091027354,8.0
22907,46532.393122850604,8356.505700118269,104.0,113.58839309701095,8.0
22908,14499.734829606638,4310.074539739465,77.0,101.89958740070168,8.0
22909,34604.88587071239,13271.372540218325,37.0,118.64084153788954,8.0
22910,49497.93940853452,1180.394041673803,134.0,136.72566740951075,8.0
22911,49036.4781646564,32134.90091386928,76.0,110.78089767398673,8.0
22912,26107.590835084422,8706.233208796462,45.0,115.79757985065268,8.0
22913,12948.68609151941,3699.663602011315,153.0,115.50769945678132,8.0
22914,26962.116626923817,9941.13265346994,175.0,116.79566608176634,8.0
22915,44950.000737543145,2885.680958289777,302.0,125.91260220845307,8.0
22916,27903.13142611073,17634.59714625777,239.0,107.08274343311072,8.0
22917,14560.77667337175,13682.498196125345,-158.0,101.5834719701662,8.0
22918,33727.12211594519,15688.3246304641,87.0,114.52698829397957,8.0
22919,47873.50459307633,3541.7815874022094,70.0,115.87873099105597,8.0
22920,9423.693956638977,2364.05597228918,2.0,102.52843149399364,8.0
22921,34742.29317737132,26592.313641228327,-2.0,110.2823188073418,8.0
22922,13758.695896359508,1739.2214392194835,54.0,111.59248547063811,8.0
22923,26079.973957920534,1181.5363670775446,8.0,122.16105257527084,8.0
22924,57529.2931940689,8291.63594973011,33.0,126.35605168130215,8.0
22925,29388.548534757658,18425.953124546173,343.0,121.62422863236819,8.0
22926,57710.345910886885,1178.95323823124,29.0,144.16312189497168,8.0
22927,39289.16534059861,12113.248615024886,232.0,124.76894397133336,8.0
22928,41190.14671852306,1989.9965526751662,75.0,112.71139193657115,8.0
22929,50525.01781807855,3138.0714837877367,77.0,118.51884620095841,8.0
22930,39415.052537732234,3086.42298502035,311.0,131.03882670379764,8.0
22931,45886.85617909277,1989.6135259999428,106.0,131.63104109011698,8.0
22932,9745.943589093975,7589.668339929679,14.0,97.8930437439821,8.0
22933,36072.41713445683,924.9753290529701,7.0,116.6712550245357,8.0
22934,42053.70485082498,734.1852349354351,11.0,120.47256451211253,8.0
22935,34332.41179723023,2884.9283513290566,111.0,129.68457195553395,8.0
22936,41671.733387734675,1742.301594370321,21.0,119.37856486743198,8.0
22937,29476.98889166739,2209.7067796141896,111.0,121.17338657008914,8.0
22938,57477.53001996842,10261.164952468029,33.0,122.58039729306356,8.0
22939,32321.57621007589,12821.07726359942,176.0,105.58802700595189,8.0
22940,37523.11725713035,924.8729461933186,35.0,124.7486384529062,8.0
22941,22311.64970887893,21608.376598059673,-179.0,103.51791949775219,8.0
22942,37076.44015123205,26259.510584837448,80.0,109.77406223366465,8.0
22943,31641.767222876613,9320.084987701983,156.0,119.50414961523897,8.0
22944,59696.272955785906,8735.080560821641,114.0,112.4141702133375,8.0
22945,38025.200818314086,1179.9890796637478,75.0,124.36235208787659,8.0
22946,59773.4175880257,17381.7836481892,81.0,125.81743535323406,8.0
22947,20467.899335234546,16713.709541372562,-241.0,106.65915931714821,8.0
22948,38795.08820528926,16465.97476927421,102.0,119.60138266502268,8.0
22949,40506.64225745428,7584.700822997771,131.0,128.9721554040102,8.0
22950,3699.6687655829746,2774.7774948888828,-7.0,88.01952797849779,8.0
22951,25312.50331031943,23323.20156858785,-354.0,105.46029386068449,8.0
22952,14017.871563831814,11080.906460152437,14.0,106.59353026299084,8.0
22953,43749.06906091553,6332.851930560871,-71.0,114.99514950210103,8.0
22954,59637.52813189555,924.8537010532721,61.0,141.57384310694957,8.0
22955,33855.66702860981,11950.788337942271,235.0,128.86150218875582,8.0
22956,61547.35637007288,50584.36799943012,67.0,117.64734704985531,8.0
22957,50550.25644384703,1991.883813727652,95.0,135.14609280465953,8.0
22958,35336.67566149487,13011.266109779473,170.0,121.47399392804641,8.0
22959,11930.19110026874,9752.971840167598,-12.0,99.13583771015786,8.0
22960,33787.736820396116,16452.049781854777,65.0,119.5466387916214,8.0
22961,9278.539689863264,8356.895351479694,11.0,100.30266714093105,8.0
22962,41812.88096976947,2875.2975980502424,243.0,130.09610318009828,8.0
22963,66867.13302324433,925.1542064794595,43.0,124.76145907923654,8.0
22964,21980.241011830407,8689.165570448495,84.0,110.81142296093105,8.0
22965,33342.0151057192,32610.547180963855,-273.0,107.43002944599557,8.0
22966,64214.69988866648,741.1996297276489,80.0,130.93078256935547,8.0
22967,41857.983185225334,31606.429956798886,130.0,122.35866961719182,8.0
22968,41054.71588363795,924.7703461138786,15.0,128.37702581428766,8.0
22969,46627.82525507806,734.0831969368263,116.0,142.7463379558759,8.0
22970,56658.482421544606,6273.809699665139,179.0,128.00475791229695,8.0
22971,28639.18402551967,12305.982788729183,363.0,107.60170798726686,8.0
22972,48801.48929806184,2877.49553582186,241.0,127.27833420590053,8.0
22973,24467.58940911318,9621.601171965931,16.0,110.75167953230032,8.0
22974,54633.44266184733,3144.9400833178815,53.0,117.87999772675856,8.0
22975,42688.40696217879,41520.269866905066,-516.0,124.55361879961045,8.0
22976,47833.25696374372,924.7190478922575,59.0,131.61956992287014,8.0
22977,53406.46448062102,12161.431992198619,76.0,110.19071029758813,8.0
22978,34811.77735714363,19969.222248708815,198.0,108.5852773419247,8.0
22979,43052.53363012408,2360.833455696465,334.0,133.4718911658275,8.0
22980,34078.91530608926,19235.467360054896,198.0,108.33476709500512,8.0
22981,33124.69400861002,4734.139645762209,112.0,128.3201111458611,8.0
22982,58695.75612679932,4737.8845235093395,246.0,132.49278378394797,8.0
22983,10588.459528521485,3981.914373863826,76.0,108.31093244895114,8.0
22984,35771.448167559814,1736.3610522002411,70.0,119.86723484373341,8.0
22985,38421.254777206086,27057.18118640561,-21.0,113.28717652578865,8.0
22986,28236.532683932586,4852.184594731412,10.0,108.46959045051531,8.0
22987,37704.480190533766,7172.197676563783,62.0,112.91526563128848,8.0
22988,50197.80366363032,1992.0054349538466,52.0,129.4791502938323,8.0
22989,13081.24336923833,12236.445226865975,-595.0,94.78076373274234,8.0
22990,19437.289845620675,18513.09691499172,-11.0,106.39877527463996,8.0
22991,38985.625903667555,3084.561192875328,24.0,116.09624606803362,8.0
22992,50860.52649809609,13137.916149450082,45.0,114.57470514024637,8.0
22993,57483.52739861436,15086.83402002493,81.0,125.51396685054294,8.0
22994,31373.153651881985,10208.16711816172,72.0,108.48782532257508,8.0
22995,33449.83768850283,4052.24516019031,197.0,110.71917893556268,8.0
22996,48380.319247823994,9790.267100364294,145.0,122.03410092601246,8.0
22997,50176.85929331406,4129.923721970437,246.0,113.06767300557746,8.0
22998,41810.95941999538,2871.403014601653,100.0,128.1591865947156,8.0
22999,34506.290592774116,925.0673197057216,58.0,120.59794020525196,8.0
23000,25886.06130924108,8831.438290573697,378.0,109.15986469429919,8.0
23001,40362.39653325663,16078.395695187623,320.0,127.68737198669658,8.0
23002,48934.94444013513,1184.5023200697226,11.0,125.4548019581307,8.0
23003,30305.6245995103,3551.138924793862,22.0,111.0443083475983,8.0
23004,26169.37877641693,1471.8103045562866,69.0,106.72586553438198,8.0
23005,47632.392817123844,21475.024414079522,43.0,124.19799384477847,8.0
23006,41771.25082717865,6163.562675070929,544.0,133.6983664219205,8.0
23007,32553.419999784906,27077.102733092735,64.0,109.34412310060348,8.0
23008,49405.15895071464,4315.259830966998,28.0,127.55395710119242,8.0
23009,6282.609296946558,5482.750115391762,-157.0,88.41058427468981,8.0
23010,54792.65330540112,1733.1736971696148,261.0,134.7201208829282,8.0
23011,30894.06326794226,1740.025255636879,204.0,120.58120153858606,8.0
23012,56972.21181189206,732.3616781337795,97.0,144.8499293639031,8.0
23013,44063.84117482667,4314.2819868142915,36.0,113.95068557377769,8.0
23014,16172.268272187872,5766.599963152376,3.0,110.05918966062438,8.0
23015,39177.37980524419,2207.38727780635,116.0,114.00841003664087,8.0
23016,38775.94388471814,10410.402316903399,41.0,120.47420501334983,8.0
23017,45048.69368424453,26932.33923230968,132.0,115.21162544625669,8.0
23018,35523.19900322692,27074.313200781144,330.0,127.61208987955962,8.0
23019,56086.71265024448,43078.966201111136,163.0,130.94767863215802,8.0
23020,40974.479668509535,21935.978120040058,60.0,121.43891762974289,8.0
23021,55452.44081822055,37331.82988002022,132.0,114.39733735258284,8.0
23022,25009.157545153947,7192.317713019262,141.0,107.07311973342746,8.0
23023,19646.035855932685,924.9906744555398,50.0,115.35706713794737,8.0
23024,28246.24046248709,7724.074336099547,75.0,116.47842112893939,8.0
23025,47242.137329258636,3078.6610469166617,513.0,141.1082366721015,8.0
23026,54335.57636620012,1179.315607512552,184.0,133.30139993342453,8.0
23027,56052.22482507113,6641.821551396606,30.0,125.82983943254845,8.0
23028,27138.12865333628,924.8947042672102,54.0,117.99737839492224,8.0
23029,52517.119803145535,34864.723451194375,348.0,113.27751272251281,8.0
23030,22346.978979530628,1183.3345446644962,59.0,113.82636157242388,8.0
23031,19202.271896468585,8263.356652296474,45.0,108.37253079969952,8.0
23032,6956.501793857646,1738.5121049184897,-4.0,99.3346732208778,8.0
23033,16218.295918549291,4311.171686927659,61.0,110.06552957475752,8.0
23034,22273.382903632693,7424.756655819897,17.0,109.59308713137665,8.0
23035,55185.773315851606,1989.4076533902507,237.0,127.20415977256607,8.0
23036,15844.83038177864,7578.7673061169035,-29.0,98.0615566836413,8.0
23037,40771.2619159138,924.8579556024629,66.0,127.55811663621944,8.0
23038,28757.638325404696,1181.3646641611329,122.0,122.52336271614075,8.0
23039,54510.234203651686,43555.13844855115,67.0,116.66072369896095,8.0
23040,45469.35689293906,3473.09854306968,252.0,124.60484719906552,8.0
23041,60281.00779257313,18001.76665412094,345.0,134.35328497901335,8.0
23042,13829.527210246846,12097.192218154754,57.0,111.21043285936713,8.0
23043,40656.54711393564,1474.8275753036216,21.0,111.87295780101675,8.0
23044,59600.39327692153,5778.235087410829,67.0,124.62555916441656,8.0
23045,50320.91579690482,3541.7675728183544,51.0,122.17059122702216,8.0
23046,18144.880464645226,3800.713191702734,6.0,108.56975839232769,8.0
23047,48874.79974576535,6409.937586823018,63.0,116.20548495933124,8.0
23048,23228.102572553198,924.8958556951918,31.0,113.7195630273726,8.0
23049,39717.65328560334,924.8215339148346,304.0,136.75251661332774,8.0
23050,41080.362238407804,5739.9169477078085,201.0,127.90688513525566,8.0
23051,46767.113516343816,3979.953687750568,28.0,120.48489900341492,8.0
23052,35348.87408153499,17670.16423158866,45.0,114.08178362884989,8.0
23053,18406.387682924,7446.58352110306,52.0,108.56543564337437,8.0
23054,30222.06259711072,7720.010411848967,287.0,125.39318293591279,8.0
23055,40323.563388436836,5474.00870490547,143.0,121.5728032515928,8.0
23056,27628.371754474672,2870.412494836222,29.0,115.02779317436396,8.0
23057,63997.40521002989,1179.8926759511658,53.0,123.18112926401955,8.0
23058,26064.425969575488,15792.068903460193,244.0,107.0612264749878,8.0
23059,20798.32751344614,2208.7879363944817,154.0,115.95347715933627,8.0
23060,53095.23989960703,34057.948246357766,60.0,123.63995088162338,8.0
23061,47857.976070980345,7542.973475920977,497.0,133.19290029854284,8.0
23062,57403.62293211014,924.9290572162467,37.0,138.91926232221817,8.0
23063,32339.22350928201,18237.71512250899,163.0,116.70616099663019,8.0
23064,19310.957050289206,5222.231840951174,152.0,111.07875733896775,8.0
23065,55336.89328145038,733.7467465299504,143.0,134.3415883213558,8.0
23066,62666.864936293816,1989.2911568594702,101.0,142.8354752723357,8.0
23067,50444.013197154534,3541.1762099590087,65.0,120.20614113930947,8.0
23068,55151.28662197353,1991.7574463144438,33.0,119.69393373679816,8.0
23069,7721.669600058636,1182.0284486449345,62.0,111.63638834294473,8.0
23070,54424.246442514945,1183.9735750582597,33.0,120.34844545400684,8.0
23071,51768.141299417635,27317.401573502848,180.0,114.8156660729881,8.0
23072,51517.3742128113,39955.62937712925,120.0,114.05181327998099,8.0
23073,8905.893221254599,5476.922681009788,48.0,107.6509491545318,8.0
23074,24012.286314766065,7422.7528368232115,197.0,119.91545869321567,8.0
23075,54295.67667847686,28137.406306267258,-4.0,115.32040975308293,8.0
23076,25321.56240696679,2210.6965939728093,63.0,117.35934107070311,8.0
23077,38497.627344112414,924.9090950793453,21.0,128.39127913071022,8.0
23078,57990.78306361497,1183.8416167099633,98.0,135.8533491419078,8.0
23079,56414.98663790461,18979.142024668967,74.0,120.4844990394669,8.0
23080,46378.37402105732,1179.7553289815153,67.0,133.227218265421,8.0
23081,10374.306009798516,2365.6696141094567,9.0,103.31546459801433,8.0
23082,41100.834442816566,23644.693896234374,109.0,118.01399169998751,8.0
23083,10200.69210226915,9278.461501248308,-17.0,97.62703789414367,8.0
23084,38645.43372646285,7480.194500813846,45.0,119.87820507052751,8.0
23085,50149.17099616574,733.5250719361877,43.0,123.34562909768034,8.0
23086,62947.5715438747,45924.65264653726,183.0,125.09224942276823,8.0
23087,34602.327380013965,737.4829146332961,46.0,126.90602030005597,8.0
23088,29109.89595539379,7601.480297430958,139.0,106.87158767458469,8.0
23089,48103.59626873608,13874.718496630185,201.0,124.43234658832836,8.0
23090,46476.29257590257,1990.1021382216068,34.0,118.08101218375619,8.0
23091,57612.01392084526,6911.36743589246,72.0,120.3405429504288,8.0
23092,39325.210659838805,17676.123561394616,146.0,116.61239301478767,8.0
23093,59313.287535134135,5490.977927060706,422.0,134.61202637328418,8.0
23094,34456.26078685136,1181.6956234561615,33.0,116.83839083552637,8.0
23095,51403.08260153386,1849.6822613885372,28.0,116.76158882113576,8.0
23096,17051.792064887235,1991.5364178055063,25.0,108.99795662799602,8.0
23097,54252.56431052064,8661.929690250188,427.0,114.93552727334828,8.0
23098,48324.58075036618,2869.6383284837298,206.0,129.62526494203655,8.0
23099,46326.471548518275,8615.238461300149,48.0,116.0085683741793,8.0
23100,45046.217064394164,26930.30419588247,157.0,112.65474369863887,8.0
23101,58924.761646014194,16800.423541959444,-163.0,119.90066131180157,8.0
23102,17848.323603354173,13241.390859136423,58.0,102.95391713913351,8.0
23103,19436.837049975264,2774.655468591757,100.0,116.54274385099987,8.0
23104,47274.403512888784,5487.340038883049,130.0,124.13593832822392,8.0
23105,31776.194469365037,5487.311678035825,40.0,114.32149790655167,8.0
23106,57734.9342293948,40713.449269068085,183.0,124.35416035676425,8.0
23107,33515.0918200108,735.9913104730375,93.0,125.89110787827765,8.0
23108,39793.211287562146,24233.65054708214,126.0,111.16184392426402,8.0
23109,51877.1038107466,11122.754489440838,118.0,120.74818684024125,8.0
23110,26740.496603994427,9098.602578829152,25.0,117.25400816741768,8.0
23111,29793.055002055607,21181.989927823026,37.0,113.45496167003833,8.0
23112,45632.300615255095,7602.722127272518,56.0,118.927251548072,8.0
23113,26730.958388904284,1990.2254093570205,17.0,109.1817521969998,8.0
23114,38632.21287402716,20679.765255559883,234.0,105.07904468015056,8.0
23115,55829.1014803604,6837.852712047706,95.0,114.16197506221623,8.0
23116,27667.44711280621,10647.774232505502,175.0,119.85498404177767,8.0
23117,17241.058157520325,3142.6858119362946,269.0,123.22076358262274,8.0
23118,34678.74861707781,2947.427643699882,26.0,113.41209699791301,8.0
23119,38354.16593920362,7368.396866177627,94.0,116.09054225441072,8.0
23120,50139.3285779234,13032.238983244803,80.0,118.2258755827566,8.0
23121,2944.000992193625,2208.217870933404,-17.0,87.93505874299093,8.0
23122,37740.28894047253,1470.8554803659597,159.0,127.79628262902543,8.0
23123,52386.818154343346,1183.7145190520248,69.0,135.74808971516902,8.0
23124,55260.78799786479,17827.606259137265,74.0,118.97657426457727,8.0
23125,42475.44098684065,737.7079298351892,138.0,130.84121579401625,8.0
23126,53127.071685999,1993.006784581509,14.0,123.56210939998135,8.0
23127,57604.75790895238,1992.2151060607885,26.0,118.76206138153908,8.0
23128,52369.49807976232,8626.545853616311,430.0,132.80482784631053,8.0
23129,29369.923178166584,6945.968266350754,29.0,108.23015395225433,8.0
23130,40205.052829003864,924.9519382182982,12.0,117.74848602937158,8.0
23131,10674.345832280047,9026.755738105976,80.0,110.3168659825193,8.0
23132,5481.777625290112,4308.188964669813,60.0,108.29209861370958,8.0
23133,60271.424225286406,6276.354920039225,81.0,124.56067895861909,8.0
23134,26905.05555812641,8308.479547340967,118.0,119.73466607524932,8.0
23135,57489.88566220815,4036.0348656718907,89.0,120.04569363306953,8.0
23136,19336.15290127387,1472.0893311935301,29.0,109.5929059324524,8.0
23137,48120.29556426866,925.059538961917,73.0,125.06222188209526,8.0
23138,27067.284728408304,25337.494870133993,65.0,116.90915402561028,8.0
23139,36099.353729782524,15471.706732982817,26.0,119.57590260482115,8.0
23140,13548.6041840498,2396.104711792865,15.0,107.32766821407945,8.0
23141,63198.57393322468,56539.734902630604,80.0,116.9817411658004,8.0
23142,58180.14751989838,732.6393178161823,32.0,123.42191162461742,8.0
23143,51840.32058444384,7471.404319467575,22.0,115.95020944921467,8.0
23144,67443.12932135926,4302.442873473012,130.0,128.56580330436384,8.0
23145,43471.123724508616,23631.46788002205,113.0,121.94009129948748,8.0
23146,39535.8055170846,737.4829146332961,46.0,122.41884059184866,8.0
23147,59712.27525895493,40665.6503720818,-91.0,116.9229980040466,8.0
23148,58648.37958370697,1989.4184621787292,113.0,128.0729112591694,8.0
23149,35088.522154118575,33353.51995077151,-99.0,108.7004517344711,8.0
23150,44845.72499231946,737.2177182034459,76.0,126.52645564656689,8.0
23151,15032.681106903112,3476.845372473774,59.0,109.39621611330108,8.0
23152,29010.610015918162,924.9309943403762,75.0,121.09378024724995,8.0
23153,57492.861645435725,1992.4513450440916,81.0,126.74806573314824,8.0
23154,55513.3648325094,7106.022021216083,142.0,118.26518059235919,8.0
23155,30197.907992288627,5156.012755771343,77.0,110.44862390330213,8.0
23156,11375.13864822774,9454.034083789968,73.0,96.81046313982581,8.0
23157,10588.69412118198,924.8597410079167,7.0,101.48363380146674,8.0
23158,62767.831378803145,924.685744844376,43.0,132.6328304984878,8.0
23159,35538.13284931436,1472.576636875896,346.0,134.05188487749479,8.0
23160,56075.18701916615,24491.4555438393,48.0,116.58966124609358,8.0
23161,46095.24229028618,18181.607050345854,13.0,118.07486963087891,8.0
23162,51983.74975260513,10200.54331073231,102.0,123.6289455476288,8.0
23163,16854.09965502805,5909.370999953169,51.0,108.35063788873157,8.0
23164,45374.38422928272,7436.002864538428,55.0,113.87869621214709,8.0
23165,63189.63396870856,46172.212792663966,183.0,125.12504770701307,8.0
23166,24201.908319262595,11518.326113752706,50.0,116.01505363999966,8.0
23167,50944.04993401705,925.0629028681502,0.0,118.80366991737071,8.0
23168,12686.205641964732,5220.62700609136,19.0,104.13513191836034,8.0
23169,56731.44267941226,3136.739259887209,128.0,138.01961349854918,8.0
23170,47858.14675029236,1849.9177911613906,83.0,130.5694571882558,8.0
23171,31265.696101880887,12653.798546589991,143.0,120.51216163773644,8.0
23172,57144.61778325179,925.0902741695724,81.0,128.17388656169237,8.0
23173,67027.02758511383,58748.57672611145,153.0,112.88268072797376,8.0
23174,51634.73413153721,5209.9383693118325,63.0,122.41017828645454,8.0
23175,29943.95384595795,1180.7222592029202,66.0,130.0062466929953,8.0
23176,19029.187022004917,8076.706786636428,206.0,115.7543817465863,8.0
23177,50800.6744155997,7559.524168219729,158.0,121.85964419243919,8.0
23178,34196.41159227575,13315.253652345233,85.0,115.59644017678819,8.0
23179,45201.71359098056,1184.753407560974,18.0,115.301142622365,8.0
23180,40089.44118236983,6838.974794342085,155.0,111.7399688319834,8.0
23181,36065.68890428865,1989.88434927082,73.0,118.77450367727873,8.0
23182,59458.03638948264,17320.450698982488,-191.0,119.1414890310747,8.0
23183,29427.026503951005,6400.411834827537,150.0,116.95949032163335,8.0
23184,32963.13309205241,2399.852488714109,233.0,119.99416823852341,8.0
23185,26920.629595748433,3980.4519408240226,192.0,126.81678221075114,8.0
23186,43528.62850171426,10201.125438297382,359.0,119.2347550145077,8.0
23187,52345.79556464134,3137.711340080174,155.0,135.27747220087392,8.0
23188,59274.40601298278,38900.49646263812,88.0,119.7819110433259,8.0
23189,38456.369467927725,12572.827495669564,294.0,128.5917384539643,8.0
23190,23506.588971007524,22791.474015702843,-362.0,100.59431843109006,8.0
23191,26361.079347030387,5960.886930858979,256.0,118.26335191930264,8.0
23192,52892.94629018058,733.1578835894802,20.0,119.28778124394555,8.0
23193,40105.60580786657,1181.156979784689,305.0,128.67315238976113,8.0
23194,43311.842593549634,9790.490082195938,95.0,120.9270340853779,8.0
23195,24692.19625806408,1183.3534041020694,168.0,134.65400682870813,8.0
23196,42195.17148775854,2942.7741769460836,220.0,128.94641493100985,8.0
23197,48942.39830319422,8631.08231683766,214.0,125.59403927066167,8.0
23198,53152.629524792,28299.69919873631,51.0,123.64915325989712,8.0
23199,31455.589057741137,3699.539298351624,53.0,115.84884283972606,8.0
23200,16915.21679108764,15177.530714196286,37.0,112.65040389915056,8.0
23201,27012.95484830647,9418.363860909913,275.0,123.84132391498778,8.0
23202,36374.1927605338,2208.174037193757,51.0,119.83608472401548,8.0
23203,48623.37008427355,28369.292170571236,73.0,122.89117696950215,8.0
23204,21476.36652373811,8357.026496139008,26.0,116.55476387658356,8.0
23205,41605.74224907768,1181.3895307422704,19.0,117.50305220419465,8.0
23206,31781.704530079027,22891.553203278374,167.0,103.51203708308068,8.0
23207,53777.83877296003,43821.974884147916,369.0,132.02862605003773,8.0
23208,50234.4557744644,38136.68944088426,183.0,119.76766268847997,8.0
23209,53999.46029957419,1179.3696477015799,118.0,145.60887989285777,8.0
23210,55203.02968943263,21325.278873246356,136.0,112.58530574044059,8.0
23211,33396.94684090287,734.3917137606461,127.0,128.59735352885755,8.0
23212,55446.50576229933,1992.3276398139076,26.0,117.78244409208052,8.0
23213,29428.405900420417,2361.8735125850926,18.0,123.71489125331385,8.0
23214,44664.02605048402,2212.91621810974,23.0,118.62956312099126,8.0
23215,39942.35884830451,29127.216017348273,356.0,128.22907873618553,8.0
23216,34586.94822604383,16566.66261039886,87.0,118.16060877969122,8.0
23217,50068.20915304129,734.2483901226809,176.0,151.97609446346925,8.0
23218,21390.62709506831,16822.969210611773,52.0,105.51169815910617,8.0
23219,43570.08863249784,18556.428585097277,133.0,122.75833445029917,8.0
23220,14981.071429570446,13252.792251692037,78.0,112.9990999009199,8.0
23221,8277.836295027862,7095.609197350734,-218.0,90.91273020825716,8.0
23222,30614.223095447007,11394.793838483632,140.0,118.82021078055509,8.0
23223,20773.834406913815,3142.6122215687806,345.0,113.59082642324739,8.0
23224,22308.052453162345,924.9309943403762,75.0,118.86006315811395,8.0
23225,56698.56401749825,3136.9045755250836,39.0,127.25445612556089,8.0
23226,33297.62635925037,6474.625678604936,115.0,120.62825755067983,8.0
23227,29593.94324105019,10353.080397322494,181.0,103.88681049503086,8.0
23228,36674.75136255231,20237.74424384533,73.0,112.93250128279412,8.0
23229,39115.34919124825,29606.920542964803,282.0,127.38429748994557,8.0
23230,59119.02467957968,9414.92687638529,80.0,122.018152280462,8.0
23231,53475.97788019481,35354.429967999255,132.0,114.20270161761702,8.0
23232,25473.39291142939,4305.685387762294,234.0,123.80256594892458,8.0
23233,58148.487826953606,31048.383809813073,-88.0,113.59847788999552,8.0
23234,46172.998974091744,29838.595980815146,234.0,107.96332710459089,8.0
23235,37758.67532727393,2397.7795410761264,166.0,126.49537583610645,8.0
23236,23237.843226890578,4050.407589796074,67.0,116.62918828288241,8.0
23237,25824.53092403673,11078.796151794277,126.0,117.43320171502037,8.0
23238,52217.86215382839,1849.5960528982687,55.0,126.722868035288,8.0
23239,16713.8039485642,924.9069607689288,24.0,110.75656100171209,8.0
23240,22401.205415134442,6691.4606586537375,174.0,118.73860357999897,8.0
23241,23204.885659838794,5486.074439831278,164.0,108.02770026207669,8.0
23242,24328.41327043053,11196.532636777198,10.0,117.41017455075063,8.0
23243,49857.04487920189,43199.45675961944,80.0,115.75168990331909,8.0
23244,30814.513548422758,738.1310450497123,121.0,127.51877892833886,8.0
23245,37065.55123769406,14737.487358758179,148.0,118.64742929861642,8.0
23246,15179.783561423637,9325.501354142572,13.0,106.04749933177436,8.0
23247,51395.46750574891,924.9658837599492,208.0,135.24350756661346,8.0
23248,33652.757333156354,2398.688014734239,111.0,122.34608720942951,8.0
23249,53247.69659213621,9961.523387208135,42.0,116.34141938799023,8.0
23250,13829.572200315548,1738.5294026133217,41.0,107.60188482359013,8.0
23251,12795.504625333815,2392.566368720089,348.0,123.80400940481529,8.0
23252,41445.17467407853,2367.910951023837,253.0,134.66160135658131,8.0
23253,21152.06574060292,4307.166358632994,53.0,119.03801431091301,8.0
23254,57889.39622462922,4056.209177450749,67.0,124.37695701954065,8.0
23255,28902.884866545275,924.8941745536438,34.0,119.83757396320807,8.0
23256,7489.749121943258,4046.925151599249,39.0,106.04256324954223,8.0
23257,55448.81328723044,37328.61870388704,146.0,112.91735558377665,8.0
23258,34098.313704381624,14181.0579662571,293.0,118.70902009000338,8.0
23259,39417.8869218976,8881.354858227485,349.0,128.89845710563662,8.0
23260,34161.88445128758,31794.765550897664,-136.0,111.790194104931,8.0
23261,48350.479126995924,1184.1903395090462,96.0,125.36802043394748,8.0
23262,30990.836241510373,24492.917451348167,-237.0,107.99925774498969,8.0
23263,26579.21277294966,4418.435978136008,24.0,114.80517239433996,8.0
23264,53374.391176842946,25140.625693775135,44.0,119.28910918659645,8.0
23265,30498.40499977897,1990.229316763738,36.0,114.55957246833134,8.0
23266,38908.531727349335,1849.7799146606785,57.0,119.40761833840995,8.0
23267,13997.313835058527,5893.76553688538,12.0,105.38882977652895,8.0
23268,32550.741934580663,30864.09873734016,61.0,118.44590425579494,8.0
23269,42953.53000214226,5598.406536821924,101.0,116.1420942720445,8.0
23270,49040.7452986565,12045.892910952623,97.0,117.2685683105672,8.0
23271,38034.02270444705,11315.435221484444,350.0,117.14952109595683,8.0
23272,52377.83394186976,2359.7960156797826,362.0,135.8107600559895,8.0
23273,27320.551118765936,10355.710650211793,32.0,119.11126693396528,8.0
23274,31053.129265162337,735.9400403571108,18.0,116.6065008415592,8.0
23275,51260.71562400423,10935.785828503176,212.0,112.25298856040091,8.0
23276,63758.75082202937,3538.9498259583906,37.0,131.29101155293384,8.0
23277,39553.72569921902,736.4724832602624,63.0,129.9905318459492,8.0
23278,58656.87251111907,41819.89845469834,99.0,124.48934886896471,8.0
23279,29116.886098471685,1181.2273958982025,158.0,133.9634248268424,8.0
23280,43433.55446753817,10307.392791921764,26.0,117.57341264375304,8.0
23281,31654.77264721682,2876.582578020843,175.0,134.59249806597427,8.0
23282,24790.26853574626,4306.867920231021,18.0,110.81175754830113,8.0
23283,29401.58688823319,7086.927869921099,564.0,118.25568797029621,8.0
23284,51816.95586320623,1180.6270070683227,74.0,124.91437569186058,8.0
23285,52478.384574318385,1180.322893897095,105.0,126.44894068517854,8.0
23286,42451.05454576011,5483.414920452761,30.0,121.7387991430902,8.0
23287,18001.286484663335,734.675734801284,6.0,110.2084525654355,8.0
23288,44053.08607161307,33861.40322553297,116.0,116.10968899239379,8.0
23289,37876.48300556932,24596.996565637703,128.0,117.79115251992678,8.0
23290,20630.858348186877,2208.295520917059,233.0,124.26734412887336,8.0
23291,49861.482793108895,924.8726345678772,112.0,138.37537554581277,8.0
23292,50917.21411263141,924.8161237141408,12.0,121.944200552423,8.0
23293,55624.054874633715,13690.600076050954,81.0,123.3970756223866,8.0
23294,36140.66068670093,924.9482784476522,92.0,124.59963053505412,8.0
23295,18859.077417741108,17130.356922625866,13.0,105.64505348062163,8.0
23296,38641.70738587708,26538.51896850727,183.0,116.91749888753175,8.0
23297,32313.139846878203,12098.81742163755,96.0,109.92137362342135,8.0
23298,43111.35969410784,32921.16036923202,116.0,116.76879470461766,8.0
23299,55690.37648917434,49029.21178927516,80.0,116.23799077042031,8.0
23300,45947.86002110695,734.4234906463076,61.0,125.02642801809066,8.0
23301,9819.453459093866,4120.2245161786195,4.0,101.09898129569012,8.0
23302,35964.68514617514,5742.522160217414,189.0,114.20358286524024,8.0
23303,38140.579799261,737.0617010073568,14.0,113.91158713252725,8.0
23304,56440.5007588195,14374.772289816668,75.0,117.36227007492728,8.0
23305,59399.59396787243,5232.442044667066,259.0,132.56512476726496,8.0
23306,43178.41318684951,3771.968877885544,63.0,118.24444517267843,8.0
23307,39560.12829333466,4304.779963984019,157.0,131.22609384193106,8.0
23308,21285.530881209303,924.9616976123339,108.0,118.35354134164436,8.0
23309,44630.819566522456,4113.303835211016,311.0,126.14216986722194,8.0
23310,31452.491418132176,15357.003723947737,503.0,129.24907419268416,8.0
23311,54433.32168620844,41427.11402690049,99.0,119.48336467981115,8.0
23312,53777.9468682927,2871.4781036643085,41.0,126.09474031874771,8.0
23313,54342.65861302795,5902.197822231704,35.0,115.21997956744958,8.0
23314,28249.64025826779,27539.4190645778,-380.0,103.1339315920803,8.0
23315,46040.60217081651,1849.7120145677377,22.0,116.29952886914838,8.0
23316,16430.57256974337,10952.202322405865,63.0,103.70977865460891,8.0
23317,17241.765027149344,1182.9976964433051,17.0,111.21158094264833,8.0
23318,38683.08757450193,924.9825714349739,37.0,123.59058106003435,8.0
23319,36422.642134750706,1180.3604587566233,126.0,137.52137163938454,8.0
23320,55240.65160640031,3539.640361912677,279.0,128.43761844717,8.0
23321,26003.196749933246,16433.812841267893,134.0,119.1141791527452,8.0
23322,22349.08955163086,7450.967511686426,37.0,109.52192662231977,8.0
23323,60931.18452187788,1184.6174673329936,130.0,133.29620937248703,8.0
23324,29706.346458859083,9626.403502973233,133.0,105.75818407920738,8.0
23325,37686.96015289542,6915.015965393658,78.0,117.06697454041111,8.0
23326,31006.127330098538,22745.99092269075,153.0,106.9327362610703,8.0
23327,9822.955968428732,1183.04616943369,42.0,98.81108389947988,8.0
23328,47069.05779212977,1179.9607745293697,99.0,131.74665310234937,8.0
23329,57344.156073848404,924.9880174826615,64.0,140.558880018464,8.0
23330,18033.096527267124,7090.8522435541645,57.0,108.77512024874422,8.0
23331,50091.43388694652,1734.7961095602686,115.0,125.22548469257812,8.0
23332,40401.78807850574,33741.628897796225,55.0,111.3121522194383,8.0
23333,38856.30796908752,30791.316776551776,-405.0,105.51571087172131,8.0
23334,42505.46957709618,9978.183070077872,102.0,109.99504117091132,8.0
23335,40399.851643466565,25970.01480862801,64.0,114.99459126505066,8.0
23336,51928.37392198527,924.9753499537518,36.0,130.7027262432212,8.0
23337,50959.50524410223,10982.369099633777,43.0,118.80817257414738,8.0
23338,41551.08464134121,7598.65838845866,415.0,130.72869111618482,8.0
23339,40854.26696747158,6181.274443147514,210.0,125.02882739113456,8.0
23340,44691.16990882566,734.1117136874342,66.0,127.42191677172075,8.0
23341,32781.28703599593,8454.30986341821,128.0,119.07008677933858,8.0
23342,50720.38250682174,15996.043530706876,19.0,122.37487122780338,8.0
23343,55784.55287677525,5977.792401903571,28.0,123.27612510530095,8.0
23344,31597.90780213316,7116.727387733033,268.0,128.74221482518664,8.0
23345,54933.27154798027,3771.8835172712643,62.0,117.91877374000536,8.0
23346,32295.787854932256,19615.362985805754,32.0,119.38388637861355,8.0
23347,35233.88261618945,924.9489670514838,118.0,127.32269395668675,8.0
23348,40763.115385196405,3144.2730355808158,41.0,117.4921845780493,8.0
23349,23228.324133118876,3699.5287566087877,283.0,125.33999717738075,8.0
23350,25059.973372822406,3682.7507054032417,74.0,109.54477231736816,8.0
23351,31192.612526636978,14056.324425533685,163.0,109.68809251506771,8.0
23352,50719.61914880067,924.9780616777338,42.0,121.41387311503942,8.0
23353,57951.04434708756,5900.63804419358,84.0,122.17326981613004,8.0
23354,24594.712355542306,7544.792311585176,239.0,122.0535876629881,8.0
23355,48334.12616213865,3080.5122019863884,306.0,129.85979514973337,8.0
23356,43775.97960332025,5598.234565492542,140.0,118.30434685973353,8.0
23357,37317.82217619332,1989.9500205597694,24.0,116.42733455297237,8.0
23358,55200.267963856924,13094.583263037426,43.0,117.62511681806892,8.0
23359,62052.39674013106,15627.757487951969,66.0,123.9935158271465,8.0
23360,17898.540181117343,737.6925646616569,5.0,112.03993943285786,8.0
23361,35907.3851949446,8452.788856232572,279.0,126.56304236521134,8.0
23362,52121.19425541634,35331.105200757454,421.0,111.97476417172217,8.0
23363,42857.52419101034,924.95245033454,26.0,121.19415845460651,8.0
23364,55978.21145101327,739.3379012397821,91.0,131.28467835704433,8.0
23365,54146.498252422614,14047.149340122685,167.0,120.23409119234789,8.0
23366,47941.46408254782,30932.159895871653,221.0,130.9614829664478,8.0
23367,31709.338860821877,29973.414841477454,7.0,117.88726910134513,8.0
23368,43275.55094300587,738.5356395282647,270.0,137.34911114670192,8.0
23369,50054.26979161364,7590.225665329521,63.0,114.22876524952716,8.0
23370,15674.945828305503,4727.294101433501,51.0,108.37327824314647,8.0
23371,57504.129624094356,1180.1856527385096,20.0,121.41265425631056,8.0
23372,6283.4511212116395,5483.868436569127,-19.0,93.03507624629864,8.0
23373,48454.88812591822,30336.4906580965,132.0,113.71422549404281,8.0
23374,33046.93239314893,5970.719802263375,172.0,109.53827023501971,8.0
23375,20633.69098092889,2945.5043860127803,43.0,109.65057516449654,8.0
23376,66128.32718069463,2872.4333748159875,103.0,126.25718655269134,8.0
23377,43190.59816523681,1992.6350998685987,76.0,121.6020887409322,8.0
23378,25839.374579756128,1991.6406934318723,76.0,117.56541375268891,8.0
23379,35256.736596462615,2870.0502821023692,166.0,112.77451979901957,8.0
23380,34716.00390541994,9107.00337259064,111.0,113.70157421289686,8.0
23381,40705.535617603695,1735.54033391041,28.0,120.35663205467853,8.0
23382,59563.015056253775,4036.03672302796,343.0,134.74146809830307,8.0
23383,19227.955470749384,735.8883354405411,34.0,116.77303679818296,8.0
23384,49899.877555993386,1180.6246632141406,263.0,143.09208231646022,8.0
23385,40455.3592329095,28894.655288177888,120.0,112.35930501710021,8.0
23386,26105.682979430123,1741.3942769420557,124.0,121.43632528443246,8.0
23387,31278.50447738293,9951.151314863455,458.0,129.1050320589286,8.0
23388,37063.98120771291,925.0615306534769,154.0,129.34613840602572,8.0
23389,52269.59565785687,4850.747084139368,187.0,140.1418600861723,8.0
23390,10588.038242505081,1990.8271274643396,19.0,105.29336787346786,8.0
23391,44326.00077861578,7477.917193723414,225.0,125.6592171473797,8.0
23392,50082.316448688965,11123.87225688731,370.0,115.86646574592285,8.0
23393,19674.953112938725,9427.770187294498,292.0,124.23241168956869,8.0
23394,19198.876301954613,1181.5859921331503,9.0,108.89470048323494,8.0
23395,20559.55030508685,9453.89923345847,114.0,104.51655241861198,8.0
23396,45842.936287194134,21560.866698237773,159.0,113.16012145850168,8.0
23397,45674.30940090369,15447.741575280945,218.0,117.86763074964519,8.0
23398,23540.385966490896,5740.919860272212,82.0,118.0411138624456,8.0
23399,58439.642714504036,2368.757861993596,120.0,126.47299744845014,8.0
23400,21523.712692245415,735.612729432493,22.0,110.91472394697212,8.0
23401,23742.68608122171,12133.355356878455,18.0,109.45051513878364,8.0
23402,12658.148662351883,4515.122608941668,11.0,108.76694737228198,8.0
23403,9614.949623415394,2208.5704288385223,6.0,104.36073855827951,8.0
23404,55672.93771460595,925.0120479136967,52.0,126.88723477954633,8.0
23405,25898.590412207817,2774.8868700476824,77.0,117.6973331700363,8.0
23406,45435.24747558059,3553.2101708427363,15.0,116.2631500516387,8.0
23407,52847.834376667626,17634.69953543489,175.0,115.65548055052102,8.0
23408,46457.046494701935,924.933826241323,119.0,128.9208067652508,8.0
23409,45471.38311780532,924.966622296282,251.0,135.8154962349524,8.0
23410,54425.310549928,14240.071918220629,75.0,125.09222256563704,8.0
23411,24208.755957835878,7594.106520679941,194.0,106.47399777758369,8.0
23412,44091.501941572395,1849.6119690824958,24.0,116.67840467831978,8.0
23413,23288.24339658389,8248.237063506649,102.0,106.7694501004977,8.0
23414,28797.976414150722,13821.272019349353,15.0,113.2368616345976,8.0
23415,42554.55809090031,925.0626376843002,125.0,128.49129937483605,8.0
23416,33836.54232278183,924.993947664369,59.0,132.06488762833118,8.0
23417,44541.459723751475,738.4481170321835,97.0,133.23052746623554,8.0
23418,13462.680726138316,11483.64688081639,33.0,99.1278625531861,8.0
23419,56575.76264022044,1179.2696785765595,21.0,123.31206880230525,8.0
23420,25847.050746685476,924.8504698283672,26.0,118.54698186042936,8.0
23421,19909.271211483334,5155.919362927399,17.0,111.77421495476926,8.0
23422,9365.952376228492,3772.442297690317,16.0,106.18348459734263,8.0
23423,35357.35681703679,15694.8698184155,218.0,123.6172943493246,8.0
23424,54832.39261987601,1180.7510088377537,59.0,134.95239100079388,8.0
23425,47875.18185659457,5774.318459306351,373.0,131.83729301799553,8.0
23426,54651.49449168286,21324.90299533764,291.0,127.58343221634544,8.0
23427,31730.729046003034,23639.429957758308,22.0,118.0062410017391,8.0
23428,25359.771927318463,924.889260743427,135.0,125.19221272008329,8.0
23429,34482.905040028454,2393.8697606982228,272.0,120.93890546707172,8.0
23430,32321.987300485678,12373.058883614223,133.0,119.43761292296595,8.0
23431,20616.274805694393,3090.7830920278793,147.0,119.42600820735188,8.0
23432,47086.48921288601,22636.65825418052,187.0,116.43630502151446,8.0
23433,35358.70467022953,18416.495853316206,186.0,109.32080569197042,8.0
23434,25917.926693108962,3682.3501283584837,35.0,116.61454308972137,8.0
23435,23604.130692057184,3794.5190018824865,29.0,115.77330293877836,8.0
23436,40773.12290728,1184.4670693373446,9.0,117.70005186653707,8.0
23437,59729.30077424056,13889.573725179003,33.0,125.55130373267974,8.0
23438,48517.58195949539,1184.1665355653793,29.0,126.71792338174984,8.0
23439,39702.019433760826,737.2314494281634,27.0,121.17193080958674,8.0
23440,33931.921126970694,734.9973532006238,17.0,130.38093734045583,8.0
23441,26009.409822724854,9275.472989709377,25.0,119.33847806808207,8.0
23442,16606.595479830023,9021.21604952846,213.0,114.17231519254041,8.0
23443,52257.37679935781,2367.954596405337,118.0,131.26998445292554,8.0
23444,34040.512292791565,1181.5549357447,97.0,133.75770692212342,8.0
23445,19675.744571876607,1183.1768210886232,93.0,118.6621999767078,8.0
23446,47793.75719252165,5867.159067822991,254.0,122.88804889860639,8.0
23447,42728.92934514284,736.1440766215921,7.0,115.45067912184632,8.0
23448,41427.49547221799,24388.94602616245,113.0,115.10572071231803,8.0
23449,38495.34936028375,737.8610435296976,47.0,116.4019130171632,8.0
23450,48605.70398695656,5922.050114951992,127.0,128.11392361637357,8.0
23451,23169.912644668755,12969.85144234507,188.0,104.89761344983081,8.0
23452,50104.73492409948,7958.822772773539,99.0,113.30919122433205,8.0
23453,33953.11199026169,15897.734449547488,141.0,108.25211124356247,8.0
23454,14988.96573958308,736.9699369185322,21.0,108.70814068496449,8.0
23455,31790.96606000212,16307.924030598746,181.0,108.03028207749742,8.0
23456,49083.308131171514,34992.66400840369,163.0,118.9784553971003,8.0
23457,62443.213281634475,21195.621430884115,76.0,114.00859730263898,8.0
23458,50775.547226560855,925.0139916140481,32.0,125.93490772095751,8.0
23459,23310.124098215183,5598.37229060017,270.0,102.55524953939259,8.0
23460,44074.026181435765,6336.578449519936,119.0,114.14869422574213,8.0
23461,18784.858033322274,7115.365290528983,-14.0,109.6622440614765,8.0
23462,26038.958388710747,4513.468492430824,37.0,114.13555848676698,8.0
23463,61352.3781025633,4057.719571856109,253.0,111.50812025571105,8.0
23464,42684.796168289045,1184.218313412638,37.0,124.42276333556927,8.0
23465,64479.75348704547,18501.401838943253,63.0,122.15803288100871,8.0
23466,49689.43435849346,30958.029396966976,170.0,117.73580795322577,8.0
23467,52586.52989320394,39793.41907199942,87.0,119.91579176324564,8.0
23468,50174.20800406905,1183.9298976336665,43.0,123.93404223664004,8.0
23469,60434.7280237929,3145.003572666068,131.0,131.18032687158933,8.0
23470,32478.45093939258,4042.685795473478,35.0,112.50777151459087,8.0
23471,41590.26300104357,2877.0156748700283,178.0,117.98444016040636,8.0
23472,38260.077487846145,7083.048207522481,191.0,134.8456041591915,8.0
23473,46729.358065173605,34630.54978651178,135.0,122.27867205942869,8.0
23474,24326.99855872706,4793.200815140084,72.0,117.02619318366212,8.0
23475,24262.59207261078,7497.161709649672,90.0,116.92115086503787,8.0
23476,29423.931783205586,7500.433048622737,38.0,114.66599050940128,8.0
23477,28484.744201677793,4854.668318867052,123.0,127.46812440134583,8.0
23478,32525.44550548893,3801.5111330352283,252.0,122.8256984954356,8.0
23479,31171.243476572035,13353.445470469971,78.0,119.09339940465559,8.0
23480,60915.35212721827,2872.0454350292935,124.0,117.21460589534284,8.0
23481,28163.34892197691,8269.999726909715,111.0,111.35207908821734,8.0
23482,44647.63760646473,40631.9820898599,-40.0,112.77879024678818,8.0
23483,39824.693688232575,4506.058370434768,381.0,131.6356292775214,8.0
23484,52947.949652165116,924.8831907786455,167.0,133.14700697053314,8.0
23485,31401.602858196373,2207.0827758572204,70.0,110.71610321325338,8.0
23486,29811.205895967145,1183.580430062864,55.0,120.5869660467515,8.0
23487,13054.184387143847,1739.1586386368492,46.0,108.99957259426321,8.0
23488,23688.90433706618,3771.9079376664085,186.0,122.75904150140562,8.0
23489,27988.456936518047,2946.5583774644506,51.0,114.77592187601415,8.0
23490,41297.6333312354,11084.067560893396,42.0,118.48096118010551,8.0
23491,47768.525795932626,5904.256214060594,14.0,121.96465502360252,8.0
23492,39941.17080821319,3699.420515790219,128.0,124.02442062010944,8.0
23493,43775.23800916996,2774.8926347874126,148.0,137.84350540943592,8.0
23494,43271.271808813784,1989.9546315373298,18.0,116.56466829607189,8.0
23495,56909.176542452,1180.2054777546066,94.0,133.12994528119577,8.0
23496,34543.00476376924,21165.618466375923,336.0,111.94979634691848,8.0
23497,10680.56105410214,6883.659305113273,1.0,98.73606976634049,8.0
23498,32463.40681648382,734.6238007023217,71.0,122.25629849312067,8.0
23499,35348.37893046964,17227.730748933718,148.0,108.26657166544125,8.0
23500,14651.199068558557,8272.162211234536,0.0,105.1002533392656,8.0
23501,50770.47546233455,739.0938055812637,104.0,130.6371786964655,8.0
23502,44292.775256282075,2359.6600905412606,115.0,139.5011973304295,8.0
23503,62259.42477479472,22977.87047806957,44.0,124.35784618084554,8.0
23504,35737.93311478269,1181.0301736333,22.0,119.03782766352415,8.0
23505,47321.041570080095,1181.088177234719,51.0,121.41506401398561,8.0
23506,16442.30409948219,1472.953948018123,16.0,106.40053691803625,8.0
23507,7449.04454403192,3141.70247913157,42.0,105.41999542197999,8.0
23508,9575.41154600264,5155.909045223546,11.0,106.6414196832221,8.0
23509,17050.516170154995,1990.7504521285741,65.0,116.55277311506933,8.0
23510,48181.787213790856,925.0486733915573,32.0,123.22631041029503,8.0
23511,33324.84292028172,15564.752875418286,64.0,115.4885429943635,8.0
23512,33524.16163331629,1737.5058086425443,6.0,123.91931338359683,8.0
23513,37575.21467454405,5891.967302448199,159.0,115.71816305332592,8.0
23514,22180.26315237893,1473.1812294742078,56.0,118.44450578688279,8.0
23515,44695.42842861625,924.9684512542401,51.0,126.59632423887282,8.0
23516,50141.53961640953,7436.099607701919,410.0,131.77414873837324,8.0
23517,15740.770467177015,3699.5970091111258,5.0,104.80239445696797,8.0
23518,33659.86443859453,18898.94398913879,183.0,108.86294178554556,8.0
23519,32918.056396269225,6653.484671368363,124.0,105.47623627561396,8.0
23520,44401.45197333925,3699.582204779022,51.0,116.4236488384422,8.0
23521,45644.32125341319,21303.3040862857,139.0,113.81434257738239,8.0
23522,25309.335671656412,1990.0911138931235,243.0,126.92185519843333,8.0
23523,9509.161859927864,924.8774757897095,7.0,102.08463081563247,8.0
23524,46388.27010420792,739.2569943368752,141.0,137.18969925573913,8.0
23525,21134.162688884866,1472.9055252524786,60.0,109.71870840714482,8.0
23526,43064.05641139529,17220.35289500124,33.0,112.75822546898624,8.0
23527,60519.52696723046,18054.78568117581,63.0,119.86821499146792,8.0
23528,51982.8792444535,3699.3403210810975,40.0,117.83863160756343,8.0
23529,49235.669769562206,5119.710180948693,60.0,126.66252132947486,8.0
23530,47316.614222222575,1183.6549619896093,246.0,134.39100598915476,8.0
23531,55282.33304751813,48621.10532181951,80.0,115.95910945728858,8.0
23532,30395.897330483127,22978.052426568123,88.0,121.97317225471781,8.0
23533,49035.1383704441,36931.76175757198,100.0,116.74048625097745,8.0
23534,16763.78691430997,7185.707621586794,210.0,118.19699444968384,8.0
23535,56809.23536553784,5922.844971218256,162.0,134.40241108865686,8.0
23536,29797.826679252932,1740.345081487347,179.0,123.19148882271793,8.0
23537,21387.35892546419,12113.879615186725,194.0,108.01627489158739,8.0
23538,40466.27211782031,1184.0405639758437,23.0,118.40684167923541,8.0
23539,47537.731102867656,1849.9582736362433,24.0,125.69935891789515,8.0
23540,61956.281153983284,41197.624116947394,111.0,116.86190960726918,8.0
23541,44427.08797544832,733.452455086554,224.0,135.90820770141409,8.0
23542,40012.840201426065,4115.851855976767,390.0,108.70732942524043,8.0
23543,39830.959393077486,1179.8452035219018,111.0,126.21211550586489,8.0
23544,47421.22224851028,15438.69314914069,185.0,129.9764892288079,8.0
23545,53666.82266429019,9249.671603428544,236.0,129.8347776203838,8.0
23546,44388.45203078179,5482.719661641194,90.0,122.11721572002105,8.0
23547,5912.635064710731,2365.268004465493,-10.0,92.94925023828746,8.0
23548,49797.26460673619,9110.242942859591,95.0,118.32407090753459,8.0
23549,43045.333356438445,36651.91329928981,-121.0,113.85223581593897,8.0
23550,48988.2958386584,6837.852712047706,95.0,112.69170575407267,8.0
23551,54269.6667499298,1184.45531169334,85.0,126.81309683503925,8.0
23552,16222.231318732982,8882.221233436196,26.0,107.30551338958988,8.0
23553,52296.70578936685,11486.09884872045,117.0,118.84394562218455,8.0
23554,56009.97390472353,2360.909709933759,78.0,128.14285665340566,8.0
23555,11928.266157175092,9751.53105094078,0.0,105.66659991014197,8.0
23556,50382.54960212073,3771.540630195867,144.0,135.00618943001803,8.0
23557,23630.388018667618,5905.320314376893,452.0,127.81895066742263,8.0
23558,52393.2522267144,6640.692010635294,109.0,120.33991186708697,8.0
23559,37587.81105357167,13137.144464803876,172.0,116.40069602951289,8.0
23560,66487.93717461379,2890.2771165040817,257.0,133.94804043398165,8.0
23561,30840.12609554144,2774.846253165926,134.0,123.66963167194328,8.0
23562,29774.630967921337,1182.2812730976814,48.0,117.3961185359238,8.0
23563,51130.79442433433,31584.292986079705,273.0,113.6177945535036,8.0
23564,11196.207106596208,1849.8002989077597,50.0,108.78503275047149,8.0
23565,49459.878632844826,42809.02342006741,-23.0,115.15736908688669,8.0
23566,33790.73468678847,7430.357343331397,45.0,112.35687482182577,8.0
23567,28349.213226902422,17375.357143854126,78.0,113.06705336549139,8.0
23568,40698.135959023304,1850.0019572013366,71.0,129.132560636654,8.0
23569,53277.25081443668,924.9101480348404,35.0,125.3807142127948,8.0
23570,22746.328459713277,924.9746693984683,20.0,113.205586232867,8.0
23571,57477.13082457481,1184.965175696516,89.0,127.44811863986035,8.0
23572,28054.515962886686,7177.377745988767,9.0,116.74768036516731,8.0
23573,41835.326104571686,1736.8827650763615,145.0,131.69744787712125,8.0
23574,62873.354115485934,732.0365759041157,58.0,131.34848755785413,8.0
23575,48257.929595208785,2360.21310544486,129.0,132.0373095225977,8.0
23576,62319.681892307664,5473.040308571899,142.0,128.84185313624928,8.0
23577,28606.01936238766,7845.6015768897805,44.0,110.50493623784931,8.0
23578,54882.81353534769,3979.1448284516046,400.0,134.88998969991982,8.0
23579,31337.90601324267,1180.7642492576178,51.0,120.2450028948556,8.0
23580,45138.65732201825,24884.90266338913,73.0,122.25943701466484,8.0
23581,23495.06947096315,3796.05464288735,75.0,107.83203405704256,8.0
23582,36453.219093664025,1183.9520748401528,105.0,128.78229295708684,8.0
23583,23879.42658893535,5122.6216332768445,282.0,121.07600342050887,8.0
23584,46946.58003697475,28172.863778493887,166.0,116.68892024327012,8.0
23585,27068.668330868575,12090.936447134463,22.0,112.955737797046,8.0
23586,52398.503226789086,1735.4530869813323,82.0,124.30061451893062,8.0
23587,33904.28361204498,23652.464300685202,199.0,121.57576252253797,8.0
23588,31993.02508882419,7580.9859849665945,116.0,119.18752270728382,8.0
23589,44230.437808527415,733.3820157702391,185.0,134.96357185716386,8.0
23590,56780.459879172326,7440.073275389549,174.0,125.82198729459438,8.0
23591,9425.936436367574,7449.58471780546,-25.0,96.7576728556808,8.0
23592,54587.54084206731,4624.221800536348,41.0,124.63548591815042,8.0
23593,68019.38179982516,924.6666976590848,103.0,131.96386094521424,8.0
23594,53862.80852074763,12383.783982319812,21.0,119.45335806148881,8.0
23595,47490.22190678589,924.8579556024629,66.0,124.96631958058198,8.0
23596,57265.9413933537,1184.315940910644,76.0,125.9250372048998,8.0
23597,37467.049815087674,2366.484298802701,75.0,123.13374200499473,8.0
23598,29440.421483285605,1181.1741970875603,87.0,121.79804142380448,8.0
23599,43060.05744515022,34608.59534183722,369.0,129.27459242545189,8.0
23600,27003.6829196459,7176.642027765786,10.0,114.40192112146553,8.0
23601,23931.116527370596,4115.734645903544,8.0,111.85098281593909,8.0
23602,12568.537940389982,2366.2048583313785,175.0,117.78297490402286,8.0
23603,12138.793308925115,1182.2838284537934,16.0,103.38934467344427,8.0
23604,43785.22511125104,1184.158256714606,20.0,118.60394211369066,8.0
23605,45375.45033827475,924.9253081113957,83.0,126.65054029163775,8.0
23606,12107.530712159622,5964.215732125696,24.0,101.88723058935143,8.0
23607,51907.31213760131,10463.552402156633,61.0,116.80752875865983,8.0
23608,37319.861488659655,4796.679574599685,257.0,118.51788739599695,8.0
23609,17910.401664047346,738.0203087175357,66.0,118.25234816495873,8.0
23610,18198.905475553795,9930.06361506539,14.0,107.73662051605254,8.0
23611,50650.61828386372,2871.278050359314,63.0,121.61500880222121,8.0
23612,38910.09329057866,13893.805931919858,14.0,115.90635457828016,8.0
23613,38314.29449408632,1472.6805289242816,53.0,121.49854548170657,8.0
23614,31292.273841975526,9253.233593559167,21.0,117.7680120115706,8.0
23615,56323.57206473265,7558.531899481419,444.0,125.93821788544578,8.0
23616,39223.888899684556,734.622013889907,37.0,120.5519281075118,8.0
23617,48115.751510217306,5739.789781884552,108.0,125.61074500137713,8.0
23618,21949.069849938485,3548.6699304727904,143.0,117.87709709238548,8.0
23619,39526.86511013039,5955.14956287931,89.0,130.0109900947699,8.0
23620,3699.6729179350323,2774.780606204169,21.0,93.24091861976889,8.0
23621,15660.394220074511,1740.4031128818544,54.0,111.52224432164692,8.0
23622,37865.27479629321,29586.708586581055,153.0,120.58571765651999,8.0
23623,27015.436366905866,3792.1115886852394,102.0,118.191440313937,8.0
23624,34542.74845826184,924.8656871175546,88.0,124.46642128466573,8.0
23625,67177.31608488003,25924.02229050375,76.0,113.71507739863085,8.0
23626,44684.49102921694,1184.2532860428505,55.0,124.75066046587872,8.0
23627,11196.29167879165,10280.168106785928,6.0,101.80858145374637,8.0
23628,24751.53122431353,2870.513031658178,22.0,117.00710100600224,8.0
23629,32923.61319050262,11400.771742376106,59.0,116.76362235751233,8.0
23630,47989.545878077544,2870.0235795423146,40.0,122.23198259527814,8.0
23631,20560.37540488473,924.8542638715282,71.0,122.92472052321455,8.0
23632,44093.369066997206,8454.64768790602,107.0,119.7436079378591,8.0
23633,8612.371544005859,924.8947523412531,11.0,100.20706706617275,8.0
23634,40375.22317314969,7959.7981965757735,320.0,121.55874992160628,8.0
23635,49303.69626674966,4719.491318321625,448.0,134.28093258103848,8.0
23636,55185.279936034334,7438.636453417412,403.0,132.8541232649435,8.0
23637,36849.51478050608,19840.426402994053,493.0,134.88584092151098,8.0
23638,20422.64470423069,5240.181203932972,15.0,111.05373113646522,8.0
23639,31822.87945544335,3090.882707101061,164.0,114.48681521370231,8.0
23640,48433.74892268816,21967.786126523926,-26.0,120.6459456033231,8.0
23641,21567.655931564186,736.9557324636102,29.0,113.00244128835422,8.0
23642,49769.80521069861,3471.6171701303283,181.0,132.58532579819138,8.0
23643,47213.09158479579,6915.328055539627,220.0,113.92924032594466,8.0
23644,61184.02208105244,40431.75217363639,111.0,116.80869107116766,8.0
23645,7425.408249303505,6694.502647575794,-37.0,92.72046052335682,8.0
23646,8275.462275209482,3546.9951617578126,15.0,97.61012155254298,8.0
23647,29679.465201775012,4683.045288817338,268.0,108.78008574348235,8.0
23648,31827.434095860768,27780.657387327574,10.0,110.85524387946208,8.0
23649,28087.82801945513,5484.558945576841,80.0,116.98385572357678,8.0
23650,12225.650332870258,4683.037547650175,124.0,95.63212837527051,8.0
23651,57850.88428804646,5978.015337068278,48.0,125.41895970360838,8.0
23652,33578.74641890556,12708.580649771953,85.0,110.83684107924655,8.0
23653,66336.00074269633,732.2801504291167,21.0,129.54547341355905,8.0
23654,27493.446815237374,10351.935978699321,176.0,105.8688721056869,8.0
23655,38862.89026247957,24104.277122343578,183.0,107.50479751597764,8.0
23656,56847.71285601136,11391.116735632839,290.0,134.55162696028532,8.0
23657,44947.17804437978,16450.485997237723,78.0,123.81603428920951,8.0
23658,47007.00313899141,1180.9613858779235,34.0,121.26991709219035,8.0
23659,44825.09290748175,1184.4164836137024,13.0,111.87423867917954,8.0
23660,54647.35980262073,1849.6948942533575,20.0,119.98137222483665,8.0
23661,34909.7787549146,736.0895713652357,234.0,133.327500437626,8.0
23662,62019.58623122861,6409.5467556355625,134.0,124.53902531566189,8.0
23663,55462.177128258256,1744.6476223731495,73.0,124.0116293217713,8.0
23664,33925.960892233015,1182.8327865976767,76.0,122.39618394569666,8.0
23665,51938.29738032567,2888.948790774062,67.0,122.80615440098815,8.0
23666,45836.66559103451,14086.843121318687,8.0,119.30352682167796,8.0
23667,13995.541552439743,2946.127052509619,17.0,104.88354591697716,8.0
23668,35101.19866951974,13751.935607122263,-42.0,114.89859237727765,8.0
23669,55970.63458773548,6385.333676156037,69.0,117.43926845591632,8.0
23670,11112.838259422937,10639.526319659253,-166.0,97.28228017126507,8.0
23671,39155.95082454899,735.0520690435171,107.0,128.5650181643747,8.0
23672,33993.62773041196,734.3009099296596,85.0,125.52070631250194,8.0
23673,54508.12116272805,1184.976043864753,60.0,130.56744463907498,8.0
23674,39536.28123484355,14181.15046465471,384.0,112.54566909397707,8.0
23675,56238.63451430551,3137.854032195364,268.0,133.1257517711524,8.0
23676,45117.17302082446,1180.22920199168,16.0,128.2165737235417,8.0
23677,49180.21285159106,924.8591045005546,112.0,131.26160089932662,8.0
23678,38635.917211146174,737.8851451127382,198.0,133.27938883872446,8.0
23679,13279.450766847092,924.8958707033689,67.0,111.6380300586279,8.0
23680,16617.26099655019,6173.357287197659,191.0,117.9859697646591,8.0
23681,22114.317725294113,10310.44260283246,58.0,106.87245469060318,8.0
23682,20735.418318003645,5759.8447860248425,22.0,110.06848376018387,8.0
23683,55804.27339673057,12069.745400394006,60.0,119.79881670926272,8.0
23684,28226.373862131877,6945.177337656737,83.0,122.72929982315611,8.0
23685,39594.41239686722,2212.0788470299553,30.0,112.48565065370964,8.0
23686,42704.16634711804,1849.6094872633398,18.0,118.73050484267208,8.0
23687,40524.544864173855,736.3136635776891,94.0,124.24614735523602,8.0
23688,34229.39198242408,22209.80035811745,110.0,110.12697348809647,8.0
23689,28825.04751402411,14645.391106915677,523.0,128.96562892958724,8.0
23690,66095.37840655514,1178.9703043836514,21.0,134.4234018278245,8.0
23691,25628.51865273584,3793.3525317658073,147.0,120.27268225209639,8.0
23692,40173.85120076731,14124.376813301895,163.0,110.41791703010671,8.0
23693,14377.734993607432,737.6856360556267,0.0,105.12327921413814,8.0
23694,35874.949394699586,12786.019493873657,54.0,112.0372886161942,8.0
23695,43104.4322511399,1471.2504969617119,17.0,116.3724112405694,8.0
23696,47353.48509031267,28904.635000157115,163.0,122.666239208783,8.0
23697,53049.871676810944,13952.330944134099,40.0,119.19265765003605,8.0
23698,46279.9711686372,4622.953908411201,16.0,124.6871561192163,8.0
23699,23850.1188211724,6692.176961844844,174.0,119.1024237664958,8.0
23700,22209.847016977656,3699.5162685141386,278.0,110.96527511919292,8.0
23701,42648.06013625907,25015.98230930319,62.0,119.04461674792145,8.0
23702,48098.59115571761,4113.236315184392,370.0,132.7854615944899,8.0
23703,39974.559758123425,22951.683397387962,183.0,121.2298084471612,8.0
23704,32406.20591343394,2774.8775826078504,85.0,117.40034426642143,8.0
23705,53725.51707119341,3699.457676191434,54.0,117.537089042379,8.0
23706,61874.99605827819,48149.39855349454,142.0,121.97199671047872,8.0
23707,53689.85579205246,4624.392198264806,37.0,115.94620380172778,8.0
23708,41824.18613052637,30737.319550549735,194.0,124.10978355515138,8.0
23709,46612.485558236214,2875.380967238346,52.0,118.5329091635107,8.0
23710,56506.55142691486,733.6638130100093,46.0,125.25016399145788,8.0
23711,28206.121879918504,20788.56648235653,180.0,114.08529148336811,8.0
23712,35448.19124166769,1181.1626310425113,136.0,136.66659748864794,8.0
23713,44784.91459277109,6970.130778980425,287.0,114.17970477286018,8.0
23714,36902.94698773826,11084.075461599989,47.0,122.62672793369299,8.0
23715,35850.05966213487,17072.26447836395,185.0,111.08824195821722,8.0
23716,28190.06379819926,5122.807021836094,448.0,138.49574595029765,8.0
23717,34736.86696189049,13087.881387260075,351.0,129.2393759844855,8.0
23718,51315.99929748853,733.8729995572556,11.0,123.17441287871401,8.0
23719,11123.65280817244,2774.837580710395,17.0,104.25769819801168,8.0
23720,24775.650450979316,10362.724522940924,33.0,110.81848337001705,8.0
23721,33500.6017482927,1849.8433106655716,22.0,117.90788563761801,8.0
23722,39535.733055193545,11315.29218439476,306.0,131.44107950570867,8.0
23723,57423.45829090338,1179.6938519691744,202.0,134.45150414274912,8.0
23724,24673.802438940114,22707.430085860215,26.0,103.07815141815311,8.0
23725,12104.818324201688,1740.8119881403006,130.0,115.9361471139944,8.0
23726,49778.73289663497,3541.313870020258,66.0,121.4937522500098,8.0
23727,43728.24070633237,733.2934567885466,101.0,141.19581669224118,8.0
23728,22768.791680961476,1183.3387829140374,40.0,111.57845628974597,8.0
23729,12999.239823222048,1181.297485450553,180.0,121.60315027206167,8.0
23730,23899.774036611772,924.8136889190032,15.0,119.29252419086602,8.0
23731,41539.18870516506,1992.2089534700192,36.0,122.61547124840963,8.0
23732,14894.759266359655,6281.603130310915,15.0,109.31826361435037,8.0
23733,51744.574245987154,27847.85064239964,300.0,129.5987315176517,8.0
23734,48344.404538478,734.621109297311,199.0,135.1601237191229,8.0
23735,30042.547692091855,1990.5274203619194,57.0,115.85011750807783,8.0
23736,54095.75467007503,924.7370965026854,39.0,127.82067215282578,8.0
23737,16858.666618140105,8568.762794138167,81.0,98.711320484662,8.0
23738,20769.24026514229,924.9496463258708,43.0,123.44158243503608,8.0
23739,23009.581007390738,2948.45902171661,129.0,108.61436799721463,8.0
23740,9261.518857924824,2879.6486001045278,19.0,97.29767666685964,8.0
23741,16907.698459483327,15089.721362071356,-126.0,102.10248978093867,8.0
23742,46169.81544088496,15004.665675053462,95.0,114.6682583739086,8.0
23743,8154.9682279066055,3682.8739880610087,8.0,105.96545980591111,8.0
23744,41703.25330259375,1184.0598498730078,6.0,117.12678849524762,8.0
23745,66324.58605749182,59664.78829385504,80.0,117.2957129136615,8.0
23746,42987.04684522037,11094.902448672396,89.0,114.23803735392222,8.0
23747,21673.32219292312,736.7695222202159,74.0,127.4005707130313,8.0
23748,44426.78133649771,4720.342494824898,77.0,124.09786895015843,8.0
23749,40180.58870263184,30236.033106781266,394.0,129.8483531479576,8.0
23750,19907.055165146605,5123.230771850896,31.0,107.68485645820972,8.0
23751,35814.631536496745,735.4272595813787,132.0,118.09249803438145,8.0
23752,49419.782775492116,1180.2657141060288,278.0,135.37628920823616,8.0
23753,20094.38879223998,924.878898805567,104.0,123.13641285825456,8.0
23754,45228.58022777733,33619.32385168027,306.0,129.31842997009028,8.0
23755,40119.114819193856,2390.4593662287807,355.0,133.3360449029235,8.0
23756,56040.87888458185,34704.85346453746,5.0,128.83262664970027,8.0
23757,25680.01279281572,2393.3128921456546,70.0,116.13795721692881,8.0
23758,51417.27632489669,32884.18055672747,161.0,114.65128657343574,8.0
23759,65687.02492910813,2359.378318327956,46.0,132.16118370938875,8.0
23760,46143.12754582309,5842.730498193325,300.0,130.08518558193407,8.0
23761,32615.532798487417,17770.54143510702,198.0,107.80760900282934,8.0
23762,50134.19087852946,6844.174063415941,57.0,117.1075471551504,8.0
23763,55448.23116394907,924.7477930748295,19.0,130.42985833641524,8.0
23764,16220.144722418156,10346.88276503822,234.0,97.03820745351807,8.0
23765,58862.07010033882,11392.290883235491,548.0,137.9489361486665,8.0
23766,45269.10279757964,924.9090950793453,21.0,119.64214339210494,8.0
23767,26984.07939360126,3699.760518022605,176.0,113.75225495088235,8.0
23768,47756.59199297131,4039.0790236408056,75.0,120.00813904716478,8.0
23769,32945.02801807169,20257.71595960892,32.0,119.11189235974251,8.0
23770,58333.41546585231,15941.64362395636,81.0,125.62778611462392,8.0
23771,38100.57613274321,27904.15621300738,116.0,109.521691384547,8.0
23772,60384.570535911946,2871.7247191816064,46.0,123.50033245073564,8.0
23773,9458.068592008265,1181.945182191067,14.0,101.00672194092392,8.0
23774,45373.916310987785,1849.7590283413324,43.0,123.83173585374273,8.0
23775,46338.08501856006,5549.0541651103695,141.0,126.14861449455131,8.0
23776,48143.274681119954,33104.580741957274,87.0,119.62678328510867,8.0
23777,31086.68430168203,21589.930629376744,342.0,126.79650303988166,8.0
23778,37370.560465921844,11412.777062703897,88.0,114.44182753368302,8.0
23779,40316.29908974622,3084.8577415570153,98.0,127.39299509144891,8.0
23780,14045.680769718223,6179.212426713578,41.0,103.92287731022408,8.0
23781,41643.10626230393,1989.905277036797,46.0,121.47252917281263,8.0
23782,45918.03918766736,1992.5933307845742,44.0,129.6788247071463,8.0
23783,24438.3905275707,3795.6707878340585,32.0,112.37640189614388,8.0
23784,44427.3469416979,2875.8108964567054,38.0,114.39239938178976,8.0
23785,47537.45089377134,3471.1299227203713,100.0,125.24072737905672,8.0
23786,36401.68723577587,924.8534277953532,72.0,124.12092170367933,8.0
23787,64181.90123453479,61834.80986404873,-218.0,119.8565514527668,8.0
23788,33879.304775997094,12557.573321836675,517.0,129.87102764361003,8.0
23789,56218.25991301824,1733.7777712450336,64.0,123.23870566913287,8.0
23790,17921.987489480052,6842.136485729977,196.0,118.92559260319128,8.0
23791,27615.347163478815,7413.958805324899,130.0,121.68943547276149,8.0
23792,51246.81158832433,732.3558436479817,27.0,120.85523618441474,8.0
23793,14468.848958621837,2394.76096266856,47.0,109.38327251747135,8.0
23794,47216.26708926823,2361.490302355472,191.0,128.05457814532753,8.0
23795,28336.99689775011,6961.567717837727,3.0,115.85961626844721,8.0
23796,39108.55224037781,2870.4342179697574,34.0,114.78803171531695,8.0
23797,48522.967600152646,32862.4131186161,359.0,119.70864770409267,8.0
23798,47713.70542780116,10624.506618777677,66.0,115.03188974960605,8.0
23799,26880.704334217906,5849.6938286475915,91.0,105.85446466209993,8.0
23800,51875.20744416425,3772.6003731939445,56.0,118.72097439841527,8.0
23801,54228.45319326944,2401.4877099942983,180.0,131.61929276613486,8.0
23802,42791.09576120305,737.2815422070552,259.0,135.9799194529571,8.0
23803,39560.85793783044,23849.593120755966,176.0,116.70538505989416,8.0
23804,48928.9276341694,732.6897855979435,24.0,126.66062505401835,8.0
23805,30010.01785644186,1180.99645449714,7.0,109.02445719319698,8.0
23806,49612.52728111076,35427.83122590547,459.0,132.0935158574381,8.0
23807,17891.867934120375,1182.0605563769936,35.0,113.79315909518127,8.0
23808,30400.977176532015,12646.963222428307,70.0,116.3502597510593,8.0
23809,29799.432314951184,4311.4999582807795,50.0,116.73971882856918,8.0
23810,47628.949887263196,37050.23205985597,300.0,129.07411992381884,8.0
23811,66312.93819663132,22372.45386170059,212.0,132.98787766009045,8.0
23812,33882.8877308088,1740.8304791357853,15.0,119.83433290153884,8.0
23813,37484.60505460271,6934.94148935859,158.0,126.2270331652555,8.0
23814,45069.326344306486,24040.975224462753,69.0,110.63939899373575,8.0
23815,31046.531689371946,22775.225988072754,153.0,106.85955789408277,8.0
23816,25851.204671385683,8889.569503540673,32.0,118.7236478850136,8.0
23817,42848.29877090074,1182.9436807499155,152.0,118.81354381257744,8.0
23818,22215.283845505986,734.3542675518702,21.0,111.85007787100085,8.0
23819,5964.818993897903,3797.4268786463513,1.0,99.7253038080363,8.0
23820,6347.883637340138,4612.554051364836,-5.0,93.25487008839255,8.0
23821,38496.175683315836,3771.9032612234278,6.0,115.88975718906019,8.0
23822,27990.006904800903,10307.692397493716,45.0,112.96011283481891,8.0
23823,24840.785946747113,1736.7697653758241,47.0,119.21606714880508,8.0
23824,36984.85082791257,735.5906714495176,195.0,132.12364869173518,8.0
23825,38271.555460885786,734.5267652697789,103.0,137.12967017922028,8.0
23826,38468.39795205582,3800.3813047298063,210.0,126.3250425548846,8.0
23827,33500.2669471331,13951.741792236759,301.0,103.40615628449319,8.0
23828,21555.409626875713,1183.4766156445073,38.0,120.78128519198818,8.0
23829,52957.04753027485,2362.0637142229402,91.0,124.12606676264934,8.0
23830,44451.64091374269,1849.9579267759873,26.0,113.69981621990732,8.0
23831,38530.600987151374,12574.26506326371,88.0,114.8828996393271,8.0
23832,12969.78159837795,2774.7504616703213,135.0,99.20179741589004,8.0
23833,29481.35286386478,8839.83800411124,186.0,120.44355263696264,8.0
23834,58323.811296781074,924.8642730174611,308.0,139.53139681556263,8.0
23835,52068.7113034312,9963.089603048455,43.0,117.65020751180919,8.0
23836,55521.45711491461,9443.493221632674,8.0,124.3567825374907,8.0
23837,48184.88655130994,4624.32255993814,155.0,127.42990044861358,8.0
23838,52806.12679723505,925.0124841387236,131.0,143.21542496733196,8.0
23839,25294.930524735257,5469.981192577195,11.0,113.3575488495218,8.0
23840,42489.62329953862,5843.741167066357,193.0,119.78857136422444,8.0
23841,58336.8333504389,9824.755424215673,382.0,127.52149442891516,8.0
23842,37680.9171636601,2211.077364356112,82.0,114.73358134207928,8.0
23843,21635.687313229882,924.9997199073822,-5.0,118.30553218016122,8.0
23844,64490.81166134791,2358.844425027518,67.0,122.60078250777882,8.0
23845,37719.76844251481,9507.585036984347,255.0,129.1647622942351,8.0
23846,48487.63019405535,35795.81134748364,32.0,123.59708427174233,8.0
23847,20776.283076641623,925.010187971217,48.0,115.229303837809,8.0
23848,13544.272461809178,5237.728528368645,61.0,100.08903915950228,8.0
23849,61061.165088195674,1179.3564841487337,45.0,141.83089913137252,8.0
23850,14547.197795858432,13730.60250766969,-109.0,102.32161929405042,8.0
23851,8829.125235389507,3981.496436748047,51.0,111.98864562857514,8.0
23852,38035.537466440066,4683.312580357478,109.0,114.63984698595856,8.0
23853,35607.69355922965,1181.6128943091499,60.0,121.94369025178455,8.0
23854,51109.32822127995,30869.182553075676,73.0,123.31535902899455,8.0
23855,10251.767523064773,9425.90448866026,-228.0,92.66375820647224,8.0
23856,35636.66495944243,13135.559573791566,25.0,107.79287944404663,8.0
23857,49165.880024311155,1180.809878028523,52.0,128.733771507889,8.0
23858,21643.758361071934,924.8804827332613,48.0,118.51887198998078,8.0
23859,31599.7997372621,12102.699249915348,176.0,105.27970519946497,8.0
23860,36064.91125878175,1849.8857255468051,189.0,128.08165427843326,8.0
23861,43445.57830647498,1736.9485490236918,107.0,136.63342104100172,8.0
23862,29925.24137456085,924.9502244892795,6.0,119.15906194805454,8.0
23863,26481.959606878245,2884.424542404502,207.0,123.67674408236482,8.0
23864,21408.748528927998,2365.718049514564,28.0,110.51964373658674,8.0
23865,46145.812901084326,3984.486951064421,49.0,115.40404250782528,8.0
23866,23997.0506280567,736.6575339464158,10.0,109.13447273032584,8.0
23867,36419.27743042342,10256.532442265545,46.0,110.99601456732996,8.0
23868,48716.79736215471,31883.108988665736,99.0,122.90749845592993,8.0
23869,43856.144892445845,17920.88994251266,139.0,122.01487364809978,8.0
23870,39832.17091411472,14816.501444343134,198.0,123.62561442688572,8.0
23871,30006.270024627313,15826.003906838592,531.0,129.22792187509626,8.0
23872,52048.948079629685,8609.246805127254,297.0,119.73411043707537,8.0
23873,45957.21201230874,19926.28073692386,131.0,117.55330476940689,8.0
23874,19666.947733722052,6280.942273885876,143.0,109.17685106923331,8.0
23875,32381.73433976719,6474.763596494259,42.0,119.76140762090967,8.0
23876,50894.34486506431,42615.7932505628,153.0,122.861089173929,8.0
23877,51702.91988647157,4303.898917090763,84.0,121.56137388004217,8.0
23878,25362.83530054848,23634.608461395586,7.0,108.09452022701615,8.0
23879,38375.68163788677,3771.8702325524077,45.0,116.20302357163487,8.0
23880,29973.312106794518,14261.777706103723,176.0,109.01845224805906,8.0
23881,27607.446020226344,924.9496463258708,43.0,126.24859803934169,8.0
23882,18522.604781442376,1183.2907139655183,141.0,122.00604053632185,8.0
23883,36942.763919393474,3082.542410762606,43.0,117.64935537074564,8.0
23884,37429.607130186545,4602.907783832932,294.0,126.00527461409743,8.0
23885,45743.805273295024,19014.89837793521,248.0,126.56020047574836,8.0
23886,52375.13247110692,8078.1720487112425,211.0,127.65809366502117,8.0
23887,43504.16413512673,3553.318937803244,76.0,119.67355823136917,8.0
23888,14802.72095576683,3142.8121717901286,155.0,98.25122338852844,8.0
23889,40714.83015430279,7863.254734887334,20.0,114.23573256984764,8.0
23890,31994.09229876444,3772.2493601666934,58.0,112.86321478297373,8.0
23891,42814.65609490718,2366.8575977553874,263.0,131.23211920689496,8.0
23892,39082.908852760156,26791.19437477771,-11.0,124.24577601515853,8.0
23893,50960.63086744644,1180.6862802075611,41.0,123.06286718520467,8.0
23894,27602.838269240627,924.8772145855588,193.0,129.22163196375357,8.0
23895,47582.29541701893,28746.14440120758,-125.0,112.4758485505713,8.0
23896,8690.913953383304,7585.712862778132,-347.0,105.86177617845541,8.0
23897,33594.17324997941,11836.468386340966,88.0,110.52210507367697,8.0
23898,36834.25080831763,17333.65804263638,167.0,109.34688910248009,8.0
23899,32448.164495985697,3699.802225462786,36.0,118.04646698039927,8.0
23900,49228.253224227075,1744.8863704409116,43.0,128.4570546930609,8.0
23901,9578.081699288776,8903.78682951456,-203.0,95.46390897255331,8.0
23902,42142.5769926587,26658.003452869627,181.0,111.38784184312178,8.0
23903,63025.96621960117,46696.160091817466,120.0,125.10288507723021,8.0
23904,26913.557485768262,9278.425617894121,154.0,108.25624759222413,8.0
23905,57113.21803964482,2360.0990073233997,29.0,115.84758198949909,8.0
23906,43451.00575094931,17952.729598481983,70.0,123.141824391916,8.0
23907,42789.17477173312,1180.1572326442372,113.0,127.35189184219416,8.0
23908,26219.57180951391,734.5627829972732,61.0,133.66620004636022,8.0
23909,37879.858379103,3144.1643577630653,37.0,116.99278822805867,8.0
23910,8880.580250804756,1472.2342762482103,114.0,114.24450432005358,8.0
23911,31823.520745930713,734.309398953588,75.0,122.82662111422768,8.0
23912,15929.510796292025,5126.3168525668925,24.0,106.81038924489005,8.0
23913,46172.11261143543,5739.97382557124,30.0,114.57705332146986,8.0
23914,46302.00262832206,734.1430536424451,51.0,124.57390480690174,8.0
23915,37710.50134959304,30295.516699014577,-46.0,115.71712486319434,8.0
23916,44996.101127199254,32204.124132039546,69.0,117.94108276801863,8.0
23917,39711.47795928001,1180.4302929677042,98.0,128.26814604567903,8.0
23918,9327.416601614177,1738.9949173662246,59.0,97.64810971797361,8.0
23919,16842.689352493508,4049.9401934210528,82.0,106.05766826013809,8.0
23920,48520.35154512646,924.8941446201261,201.0,134.0355638845762,8.0
23921,40404.510455119766,12992.451440181914,11.0,116.75341926814113,8.0
23922,23639.311604401504,15363.194321080253,12.0,109.00680983374747,8.0
23923,14048.36399507821,1849.8769653871273,64.0,112.06950261113559,8.0
23924,35177.22673075458,924.8399355606606,23.0,115.25071623530671,8.0
23925,40875.25355265914,2876.7353574567137,350.0,132.82685955125834,8.0
23926,31446.318216182226,10426.844124703328,111.0,107.7677878287308,8.0
23927,46111.86985388531,8630.315194661136,96.0,117.34435457098313,8.0
23928,48145.89847535309,1849.789973744651,28.0,114.62170713264535,8.0
23929,38063.20474291788,11766.18449031303,44.0,116.52885638526122,8.0
23930,26287.467755224956,1990.5787845187165,222.0,126.55635606613944,8.0
23931,29927.64848596251,1180.7690163366271,234.0,137.3510816214139,8.0
23932,20217.54594048349,5482.301359136542,51.0,103.59518617617915,8.0
23933,40520.03748043517,11783.051372842427,146.0,111.38950690220447,8.0
23934,37112.87448665492,27834.570142747336,113.0,110.39035848224539,8.0
23935,43621.69077502715,4052.753059640139,221.0,119.13830110147497,8.0
23936,54576.48355812456,9475.806919707475,61.0,120.39467396388193,8.0
23937,53852.37369741443,13342.336476405255,38.0,121.04669823365896,8.0
23938,23862.429740932123,7544.680675239348,323.0,115.58017987504448,8.0
23939,38059.54282658981,8269.323360077247,150.0,118.45865653425719,8.0
23940,51766.08646266475,43313.28590809765,361.0,130.6722015418124,8.0
23941,43124.220815890396,6651.7061789109175,179.0,130.94482025199468,8.0
23942,61683.384471786645,1179.4426189364444,54.0,122.7967286450274,8.0
23943,36103.22486345775,13894.01214822229,48.0,112.51663379905791,8.0
23944,12691.661338404989,2365.755339440031,93.0,113.23162115700868,8.0
23945,63412.534992839835,1179.1955763917815,333.0,148.3757159577522,8.0
23946,60681.13967655977,47884.9704811053,87.0,120.53751832638945,8.0
23947,39399.19356543049,6965.363680357948,37.0,110.3862000242969,8.0
23948,37626.60033163547,26667.645765748548,67.0,113.71920577189505,8.0
23949,9278.406441502739,2774.7143367692233,4.0,100.28628938931942,8.0
23950,42570.70405122669,15439.522448788726,239.0,120.19676883751676,8.0
23951,56107.461486839966,1992.4330689918945,96.0,132.56057764662054,8.0
23952,61285.71344007271,925.0903318765296,107.0,131.24333507044588,8.0
23953,52850.938287040095,16714.306316913884,312.0,119.29758158497202,8.0
23954,47277.476583618176,2391.152408826492,164.0,132.51534179302388,8.0
23955,55864.00354966689,733.2446536911408,142.0,155.84894169163456,8.0
23956,48925.816236812476,12078.704449815636,103.0,121.46159872513924,8.0
23957,54155.29790492544,3144.7734795916585,155.0,128.68742186732496,8.0
23958,43947.92909472921,9789.876793374322,96.0,121.05109148963442,8.0
23959,43094.29720741945,12664.164301558854,450.0,110.20814690438182,8.0
23960,39940.80721306699,37585.84102759349,-32.0,116.12092288529153,8.0
23961,20865.55010230064,9322.573592978693,59.0,105.89674558177975,8.0
23962,34890.43909722002,8610.691683128482,106.0,117.07231846409861,8.0
23963,24819.950089671758,22455.059665364926,-38.0,108.4901834076255,8.0
23964,42049.529006587356,5207.386030728603,284.0,129.65611290993198,8.0
23965,35341.00343339456,8610.648125303123,334.0,127.4282689412065,8.0
23966,13461.883938300136,1182.0284486449345,62.0,114.94789202186709,8.0
23967,13279.631214373167,4682.902153346442,24.0,101.33320476622497,8.0
23968,18482.21064355123,13021.926065678892,64.0,104.4674059936544,8.0
23969,45528.81707586488,1184.3897636628462,35.0,125.8265435145974,8.0
23970,33718.53560033106,4519.188125177152,271.0,116.33408454483398,8.0
23971,57668.92230507729,30569.584480629266,-73.0,110.63359540563071,8.0
23972,53643.84888518197,3699.409962426626,54.0,120.36482740510763,8.0
23973,43056.840482332125,925.0452696256131,38.0,120.72252420476698,8.0
23974,13136.226649129976,12225.553966601052,-112.0,97.13232115613299,8.0
23975,60521.54534047947,1180.1360808436757,80.0,130.3847363070228,8.0
23976,27022.988111308103,924.8004353189572,30.0,126.68429861664387,8.0
23977,31780.92055597456,1183.8762575113512,13.0,110.46152562734316,8.0
23978,24327.52024436807,924.9087058467184,120.0,122.6170907620536,8.0
23979,38670.55530067257,3794.4589474612576,176.0,125.22865953042393,8.0
23980,35184.223383951845,5771.175526767789,183.0,123.9196084381193,8.0
23981,47071.33795004118,6670.004069624009,15.0,117.4902415979902,8.0
23982,31161.12041703158,734.1425779147502,91.0,136.2034948166557,8.0
23983,46282.319617806505,2360.508513527321,40.0,126.89067678114284,8.0
23984,26532.783114278198,2209.732581953883,25.0,110.75100055532305,8.0
23985,42678.72368693772,2390.281575364509,445.0,116.60626345414767,8.0
23986,55165.7573178053,1992.4574885432348,41.0,116.6578648173907,8.0
23987,63916.151116729336,7108.491938000591,320.0,132.81689468965897,8.0
23988,59988.57423886054,10622.990065431126,63.0,119.55115650395811,8.0
23989,56997.279549076935,17250.90512820942,-212.0,113.78358017537235,8.0
23990,16098.792577582768,1182.6099574087789,56.0,110.1794160808654,8.0
23991,47296.96342340035,738.8555048291618,90.0,140.472781716775,8.0
23992,49538.69157686533,3485.470914240343,245.0,117.61737100761336,8.0
23993,29358.955305981675,10823.849761927033,155.0,113.83594552483144,8.0
23994,26719.567953250233,17148.579983258525,6.0,116.99798921126325,8.0
23995,34922.18554050753,11765.287758281365,341.0,126.82443241067867,8.0
23996,19411.871226285737,17426.36979358791,37.0,101.51382042565797,8.0
23997,55193.16076754413,925.0652973779727,39.0,128.7085392072579,8.0
23998,41521.71937579792,6872.87931160058,110.0,113.80579635548784,8.0
23999,34648.87772029154,9510.362747040674,149.0,114.18719352701197,8.0
24000,32633.123290339845,924.9563415297799,61.0,129.39990127675094,8.0
24001,60955.457802989906,58971.03699958296,-415.0,114.586275278088,8.0
24002,30179.106343536474,13555.083390202073,133.0,109.87081569008689,8.0
24003,26509.0553853911,3481.3864684379687,164.0,121.73891927766894,8.0
24004,25312.0691076283,1180.9233776982805,160.0,132.41168732005784,8.0
24005,24577.50833467681,7421.966421322236,175.0,119.09075245820728,8.0
24006,31712.260750047648,6280.092256519203,18.0,122.46015606078461,8.0
24007,51758.58848297605,925.0315069360911,52.0,131.15034025017334,8.0
24008,43612.456134489126,33416.198510204056,116.0,116.83222880797351,8.0
24009,38063.87489157516,737.2356746046318,198.0,132.76064698681282,8.0
24010,52693.73145444763,1179.208856684716,234.0,137.38661176595392,8.0
24011,32669.28517510695,6640.6216349931965,39.0,117.2750699991558,8.0
24012,33426.43960545613,24148.669747821223,217.0,112.66622869846684,8.0
24013,15146.177352620396,7091.8807203132665,67.0,112.13363460643117,8.0
24014,20008.787349896505,11403.041294020819,11.0,114.69711601929808,8.0
24015,22260.84681899671,5236.540045758865,32.0,109.79379637485548,8.0
24016,54057.75538583758,925.0914764362724,23.0,124.4748895982093,8.0
24017,54063.396232679,37733.994218153755,339.0,115.37942290111337,8.0
24018,55143.644831786114,925.0142984234509,139.0,131.8912684667199,8.0
24019,36945.607586352315,4115.851855976767,390.0,119.7028312534034,8.0
24020,30810.585231167817,6339.997632384973,27.0,116.60663722040631,8.0
24021,47261.894574479076,12046.047241916978,165.0,116.85280797116253,8.0
24022,32326.520731113822,20799.884551242812,81.0,119.62486249929583,8.0
24023,41167.16999079077,20284.426241468012,85.0,116.55679986027714,8.0
24024,44328.17903423618,2362.5259465813992,145.0,126.34578412977478,8.0
24025,55435.06667977497,7958.129673230604,428.0,130.83612248384765,8.0
24026,49763.43661727818,5968.397642083421,6.0,126.48697699701674,8.0
24027,48940.91682974208,12127.229178745247,136.0,126.07005501411861,8.0
24028,38721.8794246562,737.5646121767043,128.0,129.36475273924026,8.0
24029,60130.063289332684,1989.1016574318483,165.0,130.93440658414883,8.0
24030,52904.6695124665,924.8251917072325,16.0,115.6321443747754,8.0
24031,46254.32204654573,8629.10697864962,55.0,111.88955956619525,8.0
24032,48450.75184483907,924.8964584470771,27.0,119.57645665663911,8.0
24033,56478.98206336113,45513.64598144229,-177.0,129.4897079332966,8.0
24034,31483.99327000543,10447.238615257704,16.0,110.06073468255669,8.0
24035,55022.85854157829,13766.044735021813,76.0,110.63562990368328,8.0
24036,8277.623329362988,7095.426431339883,-63.0,93.59380607968785,8.0
24037,35783.18872680216,17161.846298676042,198.0,106.81196165667824,8.0
24038,39038.817958468404,1473.6432838816288,73.0,124.0481132770856,8.0
24039,49582.250385884945,6939.443194050644,529.0,134.5752928228933,8.0
24040,45112.21504223113,19034.35122257038,-10.0,118.62819193432351,8.0
24041,27990.760188794386,924.9266387532232,82.0,121.60555040057909,8.0
24042,42895.01549976756,25858.31411697647,113.0,115.10309112685762,8.0
24043,17224.193916946155,1990.4179469899234,45.0,109.84400195061556,8.0
24044,29108.892903271782,9036.145207597052,133.0,105.87160543156503,8.0
24045,56028.8050389911,4851.376421801526,55.0,119.57295307221334,8.0
24046,60631.893713634454,58645.79704717259,-465.0,123.72522930935058,8.0
24047,41986.814348135646,2393.531540540918,180.0,127.6508714618044,8.0
24048,50649.032985418606,33593.000423959034,453.0,110.55679874625298,8.0
24049,52742.23466243159,8324.732215403794,283.0,130.17362636294882,8.0
24050,44401.286016568425,3699.5569689672348,128.0,124.97206331309579,8.0
24051,39770.82262981801,15723.130943535183,195.0,123.82845701714695,8.0
24052,33522.722551947234,735.433853325936,121.0,127.9663441509745,8.0
24053,32772.19698735733,5224.500298244078,187.0,114.73030825787203,8.0
24054,45200.1975334119,12676.820285037858,-6.0,117.1711630246065,8.0
24055,42897.521360230974,1180.4270062980718,13.0,116.44551163618934,8.0
24056,58297.89589131724,5472.883602692085,167.0,135.02489917395434,8.0
24057,65981.59987230595,924.6592089983831,148.0,134.6850155021769,8.0
24058,18625.997542371144,7425.555888203819,-1.0,105.83864007983397,8.0
24059,8700.167296427813,1740.5190419021067,-17.0,97.0075887623707,8.0
24060,23103.36419956448,16444.216280871085,27.0,108.11363596043424,8.0
24061,27812.45894066185,2870.2091393417973,30.0,122.50704500906575,8.0
24062,3981.7023487788447,3141.029010800476,9.0,93.06985106515157,8.0
24063,12683.89647304123,1181.69890897336,11.0,103.64461442332863,8.0
24064,55541.39093734855,1849.8098102138217,28.0,127.81770585571448,8.0
24065,56734.47707023052,38419.51435484439,56.0,119.85340729553945,8.0
24066,36645.46421836321,19187.70482510387,109.0,117.22416119241288,8.0
24067,52053.09570345156,43451.907485176096,-11.0,117.551722401788,8.0
24068,53873.25896990171,1989.9093909361848,26.0,126.86340905407604,8.0
24069,34797.434290834084,736.0075931976584,202.0,132.04141878382376,8.0
24070,42399.69174529492,17048.361492811367,347.0,128.16001638478951,8.0
24071,25242.644454372417,1849.81615606988,-1.0,111.22347519863479,8.0
24072,46861.245863087046,737.6262702746128,86.0,137.07556476922508,8.0
24073,47729.64143405804,29608.340971805326,165.0,114.10979452505963,8.0
24074,63050.341902565815,3137.5513069225162,353.0,135.84846303306404,8.0
24075,33445.32837090428,21894.092485881112,57.0,113.94261119829521,8.0
24076,25992.482563166785,8267.41698094257,382.0,126.70685989025165,8.0
24077,29445.81780623225,22084.324005193306,68.0,112.34066725984448,8.0
24078,29610.9302935998,11097.503550692018,132.0,120.74405308138239,8.0
24079,47296.55043550623,16132.077313891334,95.0,114.77878839780347,8.0
24080,43815.659632791365,2368.7843999546894,53.0,117.56625613900746,8.0
24081,49792.98481848778,1184.670276011228,29.0,131.72901678614554,8.0
24082,33492.05304480319,2885.397183971595,223.0,127.02772032671291,8.0
24083,33522.63651398976,8083.529454569517,-19.0,110.09726820180816,8.0
24084,20785.598483584134,8705.556515789149,167.0,115.33765602322312,8.0
24085,53088.3919691517,6909.786377015148,388.0,123.82609991313875,8.0
24086,50852.14397939546,33947.42447649794,34.0,110.39762700440001,8.0
24087,52470.0372520442,21507.909315148052,-172.0,118.46988679829086,8.0
24088,37675.556463503846,3484.009908692032,240.0,127.85393074762032,8.0
24089,47080.33267333386,924.9913621945528,7.0,113.99170810033795,8.0
24090,46340.76527273123,925.0589661835801,109.0,131.58769391675838,8.0
24091,33879.55693795694,1990.2314828424699,98.0,124.4541111413053,8.0
24092,54189.40822659413,27087.51832270007,59.0,115.35181179765942,8.0
24093,31669.661537828204,13989.334078863238,45.0,113.58566679414136,8.0
24094,22158.417765344257,4415.910866482018,57.0,110.9179267208725,8.0
24095,46726.00743127197,12666.723965141495,74.0,121.57307796611093,8.0
24096,20468.13339425983,1849.8627302377583,48.0,110.43272669020766,8.0
24097,48944.11169268176,1180.4330342186038,49.0,131.7921006199034,8.0
24098,41232.92618205747,33874.109163624744,68.0,114.60834701129023,8.0
24099,35419.34770026116,1475.0112015644688,23.0,117.071011267306,8.0
24100,20187.915782564392,1741.3942769420557,124.0,114.08854343256581,8.0
24101,43664.05556226496,7118.869746176678,32.0,109.91139393388946,8.0
24102,36838.57809979204,2210.594093832939,31.0,114.94659428334596,8.0
24103,28908.830055449955,10280.79739024367,161.0,110.34220565843155,8.0
24104,36296.46131719185,737.6945194989227,162.0,130.38462508065408,8.0
24105,54277.04965563768,14215.243489254552,24.0,120.82905895186978,8.0
24106,15997.809803012738,14183.831832814998,-82.0,101.68462566390745,8.0
24107,34254.001225229316,3798.365687538088,-8.0,115.44316369991395,8.0
24108,45574.73180809541,27459.94007834373,41.0,116.61028552706125,8.0
24109,63897.46423533301,740.7931791696552,86.0,131.61880462454374,8.0
24110,46871.750854173966,5864.387497201212,249.0,117.33085250177469,8.0
24111,45868.009360967495,735.7206606083954,62.0,123.30689654441707,8.0
24112,40937.72084037568,924.8801584295861,59.0,148.577478491673,8.0
24113,48726.781206976484,733.9705708188546,37.0,121.34791579479136,8.0
24114,27815.612830116832,6280.479990414923,109.0,110.24845236812598,8.0
24115,44887.62275852098,11196.294203686404,81.0,128.89752985143798,8.0
24116,15566.806743859092,735.6730987293305,4.0,109.30018262850271,8.0
24117,51211.77555760047,7436.080824662368,74.0,120.95629997926363,8.0
24118,46172.441549171526,924.9719717704756,57.0,122.83598190927705,8.0
24119,21387.830084477482,924.8740493832933,61.0,126.95920099192435,8.0
24120,20198.247445834608,7966.144166570622,194.0,119.87048269782284,8.0
24121,33121.15788534264,27233.204763649166,-175.0,103.19785490776658,8.0
24122,19649.26237403227,737.2125676438405,192.0,127.59600376397535,8.0
24123,24272.52706544553,5479.08735220932,283.0,124.31112203569992,8.0
24124,57280.73927442089,3984.152227564358,120.0,119.76809720292458,8.0
24125,30265.848008389636,11765.801168780084,132.0,120.88448740205395,8.0
24126,10640.568931626945,5912.102226269935,9.0,99.88093013012265,8.0
24127,31778.970046523296,3983.7060196853904,114.0,125.97955220682765,8.0
24128,36627.85726864823,22443.13802756828,452.0,129.88250085626504,8.0
24129,52765.81760659132,1849.779550118001,14.0,122.52146463879293,8.0
24130,63551.88205912634,21096.449552168462,63.0,120.98792121450057,8.0
24131,19354.293451842037,9104.435346723185,378.0,125.10125810006178,8.0
24132,17559.62836937826,15824.140191811075,24.0,112.82236678414908,8.0
24133,14432.829618334541,1182.6259967188068,106.0,117.38200853833428,8.0
24134,63599.53084790974,4302.995790483965,27.0,116.78591450886884,8.0
24135,39127.49592557092,4417.3023534957265,490.0,133.29824825169732,8.0
24136,51925.96591292486,8356.76249397155,41.0,120.21727883970303,8.0
24137,39980.39660016928,19222.246200634785,58.0,113.79215372356902,8.0
24138,38479.45741985834,19238.53487599001,181.0,107.53982293727113,8.0
24139,24714.854216477317,24012.972908959473,-504.0,100.30694428321182,8.0
24140,53726.41949839913,3980.002392059045,15.0,119.7954506222553,8.0
24141,46392.35224107029,924.8485797417916,36.0,128.83583418770073,8.0
24142,36192.1201632942,18557.00807232708,168.0,112.18651912075885,8.0
24143,61277.2027716063,6410.012521417001,178.0,129.95937140280674,8.0
24144,53836.59932757099,4850.923494492376,48.0,125.40562023332818,8.0
24145,31438.041513368244,2210.9231871329653,224.0,106.79983205993749,8.0
24146,45152.88100661982,5838.700129088164,360.0,126.44451552665117,8.0
24147,42441.261800626075,5957.213195655381,160.0,123.27511785285984,8.0
24148,41807.88385805956,1737.5666204689492,158.0,127.86209683612412,8.0
24149,42905.309479477735,7578.669447703885,489.0,132.28897800780908,8.0
24150,31815.12534226025,27249.80418328694,67.0,110.29993848079498,8.0
24151,19825.235205450565,735.0694341661585,142.0,124.47510813777515,8.0
24152,43397.2697078859,23143.77966940554,73.0,121.92567291870932,8.0
24153,39583.737348796414,9445.263539009276,87.0,118.36237557759196,8.0
24154,37326.086430220326,1182.6826220603832,95.0,124.25413125286374,8.0
24155,43995.29520662678,13739.434890726863,141.0,119.31651116065517,8.0
24156,42684.73390432116,5228.6029068530715,107.0,120.72794659035058,8.0
24157,50420.49885694532,2889.902445104941,12.0,114.3231531891722,8.0
24158,60967.687614207105,1179.8926759511658,53.0,123.74740984721316,8.0
24159,29131.630309853197,12224.771989452478,104.0,106.73772292772625,8.0
24160,44406.255127526245,27398.633846781555,479.0,127.59074093043888,8.0
24161,53061.45329093445,2368.122809083209,66.0,130.84149054802288,8.0
24162,19412.534947832515,924.8909523197902,94.0,119.83696626322127,8.0
24163,58314.17495003632,925.0555050891123,150.0,133.15284175527583,8.0
24164,39308.35402130675,20077.236023047117,181.0,107.79161408757916,8.0
24165,62568.26196777724,1185.1598050069906,27.0,123.0311402936815,8.0
24166,25920.010508466126,24188.29737757258,65.0,116.54401968191985,8.0
24167,50969.3773855666,3771.976890866376,127.0,124.74319469561638,8.0
24168,39972.8060517944,29010.212948951077,67.0,114.1903646361373,8.0
24169,32056.683916096208,12363.299060852638,73.0,108.38081906750666,8.0
24170,37872.37316095142,7966.817995769363,346.0,128.24969916522275,8.0
24171,16727.29943793455,4045.397265713986,43.0,112.87516281193375,8.0
24172,17660.807693022343,924.9578977594213,62.0,117.65418583821607,8.0
24173,15661.126342674062,5221.51894318919,113.0,115.03804012800242,8.0
24174,41608.88886753792,3543.2239799217264,45.0,120.58592116491744,8.0
24175,49014.63011802109,924.8599961719842,60.0,131.30241238311515,8.0
24176,56364.879409058965,46410.58597280279,418.0,132.57322802284722,8.0
24177,61167.465856556024,44840.580510178625,120.0,124.84717544056996,8.0
24178,9023.80107028323,6877.611281973096,14.0,98.19218192972714,8.0
24179,17560.832936578023,11705.334237576022,14.0,107.22165062823635,8.0
24180,29607.458953206376,3699.812388984016,101.0,118.70173256252089,8.0
24181,28226.837716052047,17267.186209758907,328.0,121.54544970686034,8.0
24182,47543.19512957838,1735.6074229581181,178.0,130.37730085826928,8.0
24183,12172.814527182478,1182.138626031006,51.0,118.22780542760817,8.0
24184,19709.550409875857,11397.652792915433,33.0,100.1264301827204,8.0
24185,55186.039736377366,924.827045912385,7.0,122.63014232160457,8.0
24186,43664.86021703546,2206.2370394736504,140.0,126.34974281334746,8.0
24187,26314.716457222512,19661.986561885053,73.0,108.14350731296284,8.0
24188,24697.55267069476,20210.83619552456,91.0,106.57741561217127,8.0
24189,27958.330214278263,12305.315701236374,288.0,125.8643576220578,8.0
24190,34603.5526966189,1180.8489060683717,37.0,119.3895262959456,8.0
24191,14763.534929600002,6630.904582562837,78.0,99.09056836756866,8.0
24192,4610.896068971208,4047.2734611637966,-13.0,90.14502403793561,8.0
24193,34636.76502972032,20203.504398316913,64.0,114.1501803919926,8.0
24194,31597.839359468297,5975.358044456756,185.0,113.90440291260944,8.0
24195,43288.58296923996,1989.775294825987,18.0,118.3750566258526,8.0
24196,51911.48944091116,14186.433086464553,50.0,115.95886539409778,8.0
24197,40825.52151107815,4510.038043290724,158.0,123.88731115928171,8.0
24198,29596.10116364178,2210.198588828253,93.0,120.22055941802523,8.0
24199,62318.220922243185,1179.0930492343252,75.0,114.2296467580684,8.0
24200,20192.311553861426,1181.7874149169422,59.0,115.55510124360646,8.0
24201,13059.770438599173,736.6396471431609,29.0,108.2512477650827,8.0
24202,42465.07698654104,736.5371353323368,106.0,126.49080431789497,8.0
24203,23860.398941667387,20094.267974054746,-370.0,104.7324754828402,8.0
24204,41809.46131562329,6497.992915477829,86.0,137.84643697176722,8.0
24205,41784.26537995794,3699.8317057111767,151.0,125.18984136375943,8.0
24206,34880.07627271784,15181.430240070875,77.0,112.69608319099147,8.0
24207,56932.27003845835,33772.29260627408,246.0,130.29401035151483,8.0
24208,42047.14922208793,18414.818612897336,-107.0,120.44481362939786,8.0
24209,63913.0851904407,14473.304634440128,247.0,132.99889464322118,8.0
24210,28401.825180926167,8567.609573504842,113.0,118.35349612721657,8.0
24211,46418.02469296235,7561.817897815445,77.0,128.2965517780532,8.0
24212,25998.235761254506,1471.2282217472532,48.0,109.4310970981165,8.0
24213,61373.12396668517,3145.0399675854696,133.0,128.59535128218258,8.0
24214,23741.08071632829,3089.525427146353,28.0,110.23451758407239,8.0
24215,16218.300765138712,5974.55929866346,160.0,116.77870021564385,8.0
24216,19877.69538278558,7098.602072038663,79.0,108.76377306716552,8.0
24217,18630.162647462595,17712.16606063447,-174.0,101.3208067166321,8.0
24218,13741.173824820364,1182.4872744981049,38.0,111.31383642650661,8.0
24219,36865.74060161964,10487.424302774105,45.0,113.33919602708548,8.0
24220,44397.187729932564,1849.9761591626216,130.0,126.63958824544943,8.0
24221,25023.213420397893,5971.712132407812,111.0,109.28064290643921,8.0
24222,54480.289429697026,52493.50569684819,-135.0,111.25234116200299,8.0
24223,45650.336705378075,5838.194004538016,486.0,133.97882207292758,8.0
24224,28363.898301014295,12653.821806000424,176.0,111.41595237479471,8.0
24225,23863.295622153168,10593.390709841298,11.0,112.57590677667618,8.0
24226,48754.42814357993,5868.162173809218,323.0,130.85381549605987,8.0
24227,51908.68491916383,9032.90813353953,19.0,125.78570742792286,8.0
24228,52908.778479906905,1184.153492966514,67.0,141.355960314617,8.0
24229,47943.242999092174,3082.5842106088576,130.0,129.26741924816758,8.0
24230,52432.754315800375,38248.74766106527,196.0,131.30443196083496,8.0
24231,44483.446007406645,2368.2395701769647,55.0,112.30276133292492,8.0
24232,43067.78348754626,7828.61133004427,196.0,130.4351500767812,8.0
24233,52377.30432702329,3470.6792862362945,115.0,135.3516604185511,8.0
24234,14962.900151070819,11196.433788257742,-6.0,104.04175019063963,8.0
24235,24707.51529775184,3550.545526159583,65.0,106.7287395714117,8.0
24236,54045.8214787668,45229.72859878773,-80.0,110.06905790073941,8.0
24237,22062.16443815694,736.6052310231632,150.0,125.7270173350218,8.0
24238,20094.624151688713,11818.50471454241,8.0,106.73425904731081,8.0
24239,52539.64527330732,1183.3735855825657,164.0,145.9406885073465,8.0
24240,35215.34048328585,5598.305114501575,86.0,119.52052532399098,8.0
24241,54777.6153892473,17054.871771485185,57.0,121.49202791301548,8.0
24242,29104.052336760004,9589.159822984064,3.0,113.57693273928365,8.0
24243,54815.50024449615,5121.271026446924,87.0,121.17544995213954,8.0
24244,51177.87698597118,20291.815017375724,-19.0,114.79889726292247,8.0
24245,34194.82632621949,735.1067898973077,194.0,136.1338864156326,8.0
24246,32955.66396391786,734.8663679220373,104.0,126.11458214908586,8.0
24247,37566.7671631866,1992.132282782419,71.0,119.99681952084256,8.0
24248,47582.06761516199,924.8472108784123,267.0,136.69269285195185,8.0
24249,63051.35186887536,56406.096227394206,-127.0,118.20425285384299,8.0
24250,24093.219074904133,12970.026766703832,-105.0,103.41677459167047,8.0
24251,42968.76810897875,11380.91662343527,256.0,109.07921890884215,8.0
24252,36259.35181417745,1849.7998736813363,40.0,111.8870553441699,8.0
24253,46185.20214239714,733.9372029861447,199.0,146.8372007595703,8.0
24254,37297.40225063137,2397.0948009854897,137.0,127.35777055559586,8.0
24255,55472.21851690981,1744.828241137873,93.0,129.92334287699907,8.0
24256,26085.216651030147,18506.354817668147,199.0,107.11943187212762,8.0
24257,52850.7896480533,3540.4463062842333,165.0,127.45120933216168,8.0
24258,31236.24979166095,924.8639189068997,17.0,117.2936820007188,8.0
24259,38689.35137542054,3081.550851770362,512.0,135.130575002462,8.0
24260,11647.173831925897,9965.785079649891,80.0,111.0039299170185,8.0
24261,11947.756394178421,2871.0162613015004,-23.0,98.3347822730516,8.0
24262,43471.26054474377,3541.905485566021,20.0,123.28173443454013,8.0
24263,52805.00537555882,924.9734017278674,31.0,129.9269041722793,8.0
24264,47418.903632916736,1181.0563010389642,5.0,123.21463584931622,8.0
24265,42648.92326943711,18557.36203454182,-14.0,116.32756128754967,8.0
24266,38778.8305395546,21728.48080688763,256.0,113.01174831655409,8.0
24267,35182.22765770698,22500.486850605244,32.0,120.00485554339036,8.0
24268,51274.527994923585,1990.0041883058445,77.0,123.34902111221369,8.0
24269,12521.734989590108,1473.3693238302856,51.0,109.21181036136218,8.0
24270,31820.001299238174,736.8411958862981,34.0,116.39965042885308,8.0
24271,48520.901163333394,1735.295570344891,186.0,130.82006756539542,8.0
24272,39084.26692174437,5918.720344022842,286.0,129.44615999285517,8.0
24273,59565.50748782432,15625.607230308397,-88.0,117.9594411992721,8.0
24274,54153.29672029953,2360.0757705991437,93.0,144.57349657140983,8.0
24275,43479.3167167389,1850.0132847305192,244.0,131.68321937669523,8.0
24276,29401.668850158738,4306.2720782797705,188.0,118.98303879968265,8.0
24277,66405.29320417014,4717.512935890053,437.0,136.51691080573426,8.0
24278,25477.955230720312,924.8690336708968,146.0,123.67236588261994,8.0
24279,11646.583753685618,1473.0411301779222,26.0,101.13544368877331,8.0
24280,23574.266915211545,2946.601646035903,27.0,107.74377475103623,8.0
24281,32381.578877616186,924.9308474595649,5.0,115.36285734805058,8.0
24282,54919.81440888377,31230.17920794358,84.0,118.35164378338908,8.0
24283,47928.3632434605,35235.492376571005,32.0,122.05195738663653,8.0
24284,58576.66649301542,1989.4204477538601,231.0,122.82725692534378,8.0
24285,21398.30260095462,2870.5666846479794,203.0,119.59735163249331,8.0
24286,43067.33724199168,26633.348124466167,104.0,112.491591491263,8.0
24287,23651.397834731142,1738.5616193042117,35.0,111.86411028012641,8.0
24288,41105.421436713776,4785.999450768603,154.0,123.54760216050326,8.0
24289,43272.78650076773,31179.69567197822,183.0,110.97941558095775,8.0
24290,40347.82183352454,3541.7245619218447,171.0,125.81224667489988,8.0
24291,61305.60443106185,20610.585048312143,63.0,121.11690089883766,8.0
24292,14222.889657236943,1990.4386989541906,63.0,114.94693744215401,8.0
24293,48450.51478318171,1180.9753199448799,53.0,121.79811283168668,8.0
24294,42867.59461996869,8149.939304053546,390.0,130.28752182136628,8.0
24295,60595.283721769105,16586.507264083186,33.0,126.8732585927134,8.0
24296,4611.950840097037,4048.0654565222753,-51.0,88.61953057249117,8.0
24297,45528.86079023034,1184.3346982796122,18.0,117.0137960264609,8.0
24298,51495.685770721946,5742.848995184696,109.0,116.00091067255377,8.0
24299,29595.5646132339,8827.363051155771,517.0,126.65662239472421,8.0
24300,23391.61088235099,4854.789218816199,138.0,119.42240914570594,8.0
24301,50383.73025769693,27074.58781976521,35.0,119.36543597471231,8.0
24302,55701.519415149305,23133.33501901709,46.0,116.5396869037318,8.0
24303,20361.676150074756,924.9044293599865,15.0,108.61905094738138,8.0
24304,24511.577475246726,14546.683866228694,24.0,117.21897419249221,8.0
24305,55012.13067495288,731.9674396387068,102.0,145.90265971594127,8.0
24306,11974.965335804802,10262.409246538573,63.0,110.1240169250862,8.0
24307,47004.59939488133,15259.380296482012,18.0,122.69406095933141,8.0
24308,53475.35631195413,21890.544633895614,74.0,118.89478000965012,8.0
24309,31862.883662467048,14104.954782513318,64.0,116.31997700666211,8.0
24310,32140.075816674176,14184.259524896679,292.0,109.23798849028611,8.0
24311,28423.69354194053,2877.60071858469,101.0,126.52832843375785,8.0
24312,63459.11880495729,5491.3212582026545,102.0,127.45993044076366,8.0
24313,25373.465376957163,3772.1531802820946,41.0,111.65740827726637,8.0
24314,39530.730696771796,4041.3524816964396,45.0,117.83386532961187,8.0
24315,60026.528595776595,732.2808936340997,223.0,139.35390876401306,8.0
24316,41686.36112653857,31494.113063057797,116.0,115.72740857609858,8.0
24317,8453.541652568747,6516.175765371613,42.0,95.04021762588307,8.0
24318,59324.631733446884,44410.89926777078,-64.0,114.66044493962683,8.0
24319,62354.37773737196,5491.750992015958,129.0,126.348675229671,8.0
24320,52395.413830098136,34274.09239155624,162.0,113.54612636322268,8.0
24321,18508.160452175005,17774.851190854264,-113.0,100.77494214238938,8.0
24322,32726.857824465977,1180.9054448238298,70.0,120.12903057809018,8.0
24323,67597.01521093021,924.6666986477584,57.0,129.10084479959144,8.0
24324,31273.785984691644,16435.854491687165,198.0,110.32656481871544,8.0
24325,33862.74715792437,736.2799398910691,34.0,117.50635884126659,8.0
24326,25356.745364701786,3472.533003055332,170.0,129.88856031135612,8.0
24327,43042.64455323739,2943.5486968467712,31.0,121.75928446444867,8.0
24328,39097.295146526085,924.9335381882298,50.0,119.11179785043556,8.0
24329,48898.76965124081,31992.220516382346,65.0,112.4045379002337,8.0
24330,54150.47535541454,4683.417371492001,55.0,114.87812928419598,8.0
24331,48588.58533522014,3138.618200529351,146.0,117.84378887569812,8.0
24332,10280.244219222508,6516.186036965059,20.0,102.99501073556551,8.0
24333,19160.969267044,17448.10800615621,21.0,114.4753811892777,8.0
24334,54152.44155113802,33775.401667377795,88.0,119.17261059632051,8.0
24335,12680.244292878231,8089.212236258716,52.0,98.20565358464698,8.0
24336,39679.47894369363,14181.286345032879,328.0,111.24699241012796,8.0
24337,35269.750668218265,12046.060513917128,242.0,111.2897992077228,8.0
24338,39113.3628451911,5889.131464595145,427.0,137.8802836946585,8.0
24339,53265.39520569508,32759.90852645415,314.0,132.28214794058977,8.0
24340,23043.56544262474,10363.6522462728,43.0,115.54664793856107,8.0
24341,32881.44344029077,13865.911081559052,219.0,125.6518835547374,8.0
24342,16830.609691485624,1737.9699374459979,40.0,108.89139780491355,8.0
24343,36994.444849738364,26059.309464579943,43.0,109.0133939224632,8.0
24344,48552.71388903638,29827.154134440152,167.0,117.54116663706048,8.0
24345,36634.77028044581,24949.858021666183,136.0,109.41778550735322,8.0
24346,53156.41241759801,924.8803872147263,121.0,130.86835663719535,8.0
24347,34458.5241223263,20743.204326020692,147.0,114.88266669687914,8.0
24348,29598.419687740065,924.9314064243765,53.0,118.96669291319563,8.0
24349,43252.21637473448,3541.313870020258,66.0,117.0358054379285,8.0
24350,50197.602106814134,33350.432643611224,508.0,122.48611756940564,8.0
24351,40722.554604922756,2774.6507300631447,105.0,114.01959434487276,8.0
24352,52527.63139429882,1184.129865708393,62.0,123.68476076177436,8.0
24353,13843.55037246194,9260.110272313133,51.0,103.07734718068717,8.0
24354,32423.551309350853,13384.07816675116,67.0,115.92958069034746,8.0
24355,46651.59607407975,924.7879305546008,65.0,126.0186616058622,8.0
24356,23066.685751324327,738.4908721383113,52.0,116.80885299095875,8.0
24357,41803.85174508412,30185.100369664277,8.0,114.39728020173013,8.0
24358,48750.96387160716,5969.217269803149,59.0,115.61881715981218,8.0
24359,51472.6844077314,5206.744941419001,195.0,133.15293193312414,8.0
24360,27795.01399294857,6518.880089167567,87.0,113.94393401022394,8.0
24361,41464.402015133615,4603.8274250517115,37.0,120.24967585768924,8.0
24362,18994.279333109662,737.7087204181959,21.0,109.08705195384736,8.0
24363,17588.591487498314,10200.55108484209,-143.0,104.71163942940238,8.0
24364,29102.75709698766,6286.86120219532,374.0,128.09394936143272,8.0
24365,43692.36475270433,5977.186231249237,50.0,113.99570647176141,8.0
24366,51225.757564245294,2368.521965683207,260.0,132.6996582907713,8.0
24367,14801.59241724073,3982.8452889128953,51.0,108.84822956147799,8.0
24368,19870.523229395883,3548.2218307054845,98.0,116.29471411978506,8.0
24369,55542.108750017986,47997.699404361265,147.0,112.71048470872456,8.0
24370,11649.027252151096,4513.356787329332,30.0,100.41862639096031,8.0
24371,30726.677312182594,5906.735811360689,44.0,112.72283121266611,8.0
24372,38616.76247964228,1992.0310154254819,50.0,115.81205290953973,8.0
24373,11088.18876492129,6694.0047626446085,9.0,109.54755745752682,8.0
24374,57618.245591517196,34507.79559445488,365.0,130.64753864538315,8.0
24375,44235.592004662256,42557.80548380363,3.0,120.80606963568863,8.0
24376,50770.19329675944,924.9035639155979,39.0,141.92614482599885,8.0
24377,50196.82305668802,1732.8237941952411,216.0,147.57220728000698,8.0
24378,42500.49191360837,1181.4228538634632,51.0,120.79780566555195,8.0
24379,35143.0422697546,18289.2763592396,71.0,119.22830853257423,8.0
24380,27366.221944551206,6352.028544232966,205.0,122.10485982852677,8.0
24381,18119.48582726006,3772.092293589331,126.0,121.12381803694856,8.0
24382,43021.46639580814,1179.6078308610104,35.0,134.65243843610682,8.0
24383,24969.63963336783,734.8095568863597,126.0,140.8217171055052,8.0
24384,19645.38730763325,1849.8597536983164,93.0,113.04976019160867,8.0
24385,39556.5280167443,735.6616722852285,89.0,122.13824280306729,8.0
24386,61155.59413440659,1745.1477227006633,164.0,131.40340941476666,8.0
24387,28461.241211755878,8269.633743605646,72.0,111.89906876525748,8.0
24388,47203.77420003901,3469.380389782211,54.0,113.91101149746535,8.0
24389,23661.0813553357,5223.873670151033,104.0,116.28979601961294,8.0
24390,40170.73559183355,1180.400082156438,252.0,133.30512832789643,8.0
24391,47221.57091764116,7398.934856414334,66.0,124.14662381384285,8.0
24392,15580.593691192707,11089.650667941403,-9.0,110.99526564325222,8.0
24393,59239.24142524802,20213.334252974873,43.0,126.30162165189492,8.0
24394,31905.55801819485,8268.379464539228,15.0,117.47526528156124,8.0
24395,52223.62326429473,10982.624122000012,76.0,111.45768311437773,8.0
24396,47274.197002822715,9789.876793374322,96.0,116.08002709694213,8.0
24397,46426.05631847354,3144.195296162439,140.0,117.48144364109956,8.0
24398,60692.27556154609,3539.2521768787838,108.0,130.25742383093277,8.0
24399,26642.18936389417,925.0917179478998,50.0,117.93959941185292,8.0
24400,31770.554374863666,11690.052701176779,277.0,126.6389578284435,8.0
24401,38805.27258573738,924.7630796305725,36.0,129.09686037630692,8.0
24402,55356.359193776516,925.072427684523,10.0,127.59981489826359,8.0
24403,21324.486292423357,924.9130686558489,-2.0,108.50332614718837,8.0
24404,41108.705916992156,925.0333871706554,80.0,125.21553502579371,8.0
24405,17062.10092897727,1990.6378588277178,-1.0,105.7900915057996,8.0
24406,10965.955934263593,10198.18068402871,-54.0,100.40201122424159,8.0
24407,42551.771892724595,1849.7809173786397,158.0,127.68689316598648,8.0
24408,41412.545296566575,4735.653449481803,197.0,123.2944493083689,8.0
24409,10434.400216919143,6955.991732613841,52.0,108.99766286525102,8.0
24410,47902.03024038662,29365.429365687945,161.0,114.33681465958796,8.0
24411,47869.97555197674,21928.6657399755,139.0,122.75842943430038,8.0
24412,49949.75916964397,924.9346492793575,26.0,118.4162928510733,8.0
24413,27369.156497273496,8832.864013410961,161.0,114.53709242362704,8.0
24414,31753.02074844269,1183.1393781948095,149.0,126.92380654196376,8.0
24415,53576.20880630446,8111.590053566951,38.0,123.7167742729533,8.0
24416,54591.919198160824,14817.838309345014,312.0,128.44631738124022,8.0
24417,7181.226919825304,2393.477516840734,11.0,102.74001883456425,8.0
24418,36374.343482004806,8741.340819939776,32.0,116.30403851678979,8.0
24419,13738.664537699358,1182.1056325046989,-40.0,102.03013733190886,8.0
24420,3479.132859976125,2882.1433046196403,-63.0,83.50484023997961,8.0
24421,20347.73274806172,3699.5135719994137,132.0,119.33207276407515,8.0
24422,27520.1778260909,10673.056570557068,41.0,117.06329407762301,8.0
24423,41492.69636539396,4682.73435619101,29.0,109.30802413234761,8.0
24424,61166.55285322126,5207.396565616932,61.0,123.80082238577111,8.0
24425,38773.22381046579,1849.9280336634934,33.0,117.25880649363066,8.0
24426,44797.98916092953,18541.855280651693,16.0,115.50926943705593,8.0
24427,42618.54170131654,2209.8365302181905,164.0,127.59451488321693,8.0
24428,26582.5658740221,25848.039811759518,-71.0,106.3364365856994,8.0
24429,42991.79184404263,4721.980511600224,201.0,131.15712630497646,8.0
24430,55332.52501526165,10214.697082609266,61.0,120.83722192585222,8.0
24431,31725.373155743877,16229.934226504387,181.0,108.00370139118121,8.0
24432,43458.18463416263,30181.306508059715,93.0,120.45223711025287,8.0
24433,55670.83144530607,924.71109621064,47.0,127.40030590441268,8.0
24434,21385.292717706296,736.5072592479788,103.0,121.89256845148427,8.0
24435,12140.33076672137,2365.0841231551112,5.0,101.96102695499572,8.0
24436,42631.98816745199,2888.4011292061996,16.0,118.01119219526144,8.0
24437,41933.87670703194,21408.524405118034,-16.0,117.11777165273759,8.0
24438,44784.104156103545,4682.313772878557,258.0,131.409525817793,8.0
24439,38413.43559024271,36053.4236678357,-14.0,115.21445069119859,8.0
24440,55398.91943289946,15085.998055565882,483.0,128.44888147485878,8.0
24441,48738.08090082979,924.860604805668,132.0,130.94894037476672,8.0
24442,21597.199459656684,1738.1587140477227,16.0,116.14287779012301,8.0
24443,16108.617976040838,3142.112906393572,432.0,126.63845610495144,8.0
24444,41154.63981766282,1184.2856901451432,7.0,117.11136454697386,8.0
24445,43458.73152803647,2398.6296844729045,77.0,121.05304385909494,8.0
24446,31585.200565130617,13951.986290359491,171.0,110.19948157303642,8.0
24447,56798.36740402155,1744.84245585009,264.0,135.07440999609824,8.0
24448,10280.305637318295,5598.318985506133,-6.0,98.33962180514985,8.0
24449,25969.286350756767,2877.571920664938,10.0,111.95894579641812,8.0
24450,28222.73530572059,3139.8097877362975,152.0,122.64160031141827,8.0
24451,35674.55936780293,29287.989886101994,-23.0,113.17080639091182,8.0
24452,39330.42856461089,1471.2504969617119,17.0,120.00894004023655,8.0
24453,38729.60002762309,7560.621172602166,187.0,134.7663678369946,8.0
24454,35767.72111503304,924.9127669140413,44.0,127.82574833749982,8.0
24455,43332.12595325115,1992.3573781082064,91.0,123.33918100821407,8.0
24456,50462.576651638956,46419.16374281066,-55.0,114.40712747669461,8.0
24457,57587.26986299575,5747.873426191033,35.0,119.76759511567658,8.0
24458,41784.2142443148,24149.3878352889,44.0,118.46564322125553,8.0
24459,8644.056356983401,2364.482263470312,4.0,102.47689475323097,8.0
24460,44672.03754283453,27047.874435353482,64.0,118.22718846151088,8.0
24461,24059.876498854257,1849.9620028698198,79.0,117.54598797261824,8.0
24462,37269.93684385614,2390.0448380344455,228.0,128.62263342901602,8.0
24463,51334.914117981796,1183.8307198072648,41.0,124.88954284697162,8.0
24464,48532.37196306667,3137.729913474061,359.0,133.90318488748264,8.0
24465,56630.59856984767,1184.976043864753,60.0,126.48540924424418,8.0
24466,30971.949780201532,12548.530582218948,103.0,113.1971442053829,8.0
24467,38653.55417814383,2366.7446814905793,84.0,127.80108292514804,8.0
24468,24818.835391992747,1181.6473809259608,40.0,116.48984550335629,8.0
24469,35636.24570874629,924.9130297237002,97.0,126.24871580031768,8.0
24470,50505.44178580798,2869.835802723826,284.0,132.40914376380465,8.0
24471,36078.95537665748,8324.019297122424,128.0,118.23926076693324,8.0
24472,30856.934801206302,9019.930579352278,170.0,110.68054723157125,8.0
24473,23542.757927009017,2871.275665082264,76.0,112.92481753811057,8.0
24474,57385.74460901387,1732.9562475436971,59.0,133.05678512086436,8.0
24475,49269.85494693421,1180.6797589345335,215.0,118.03801931377184,8.0
24476,47921.04112769226,1992.7889401321588,12.0,120.0420870751552,8.0
24477,26125.05720593443,736.9293948468568,152.0,127.60706837102589,8.0
24478,21659.64397806161,1183.237553199668,145.0,132.85793296925465,8.0
24479,14892.745291081477,1181.7749668512156,15.0,104.83727927736349,8.0
24480,29922.7794051932,4519.188125177152,271.0,105.93521924143816,8.0
24481,59959.461084930466,2871.054324352834,455.0,138.03113097264696,8.0
24482,54957.16022295316,14359.778729150867,31.0,123.54432604059662,8.0
24483,25243.47438337564,924.9874669636037,120.0,123.79642155900154,8.0
24484,37018.965894232715,5122.376756757098,25.0,124.69679216267201,8.0
24485,12575.033901039385,1182.201723590508,17.0,104.96755921229366,8.0
24486,24399.540214644792,12785.354544708143,17.0,107.88906901798134,8.0
24487,51116.61119212112,732.8827488215699,204.0,137.035056916622,8.0
24488,17627.010809343,1182.593039403677,61.0,114.40400710229946,8.0
24489,25070.929634487144,24149.636533377394,-81.0,106.21318927260718,8.0
24490,17886.796374254034,8686.477179577094,547.0,127.02997354820965,8.0
24491,41876.288525919605,1180.400082156438,252.0,133.67091218319635,8.0
24492,22986.241927317507,3084.537940407959,92.0,119.80457115951782,8.0
24493,38604.23819124575,3979.9659000110496,186.0,128.90992341452005,8.0
24494,34874.15084179361,1990.0231459578883,85.0,126.73185708404327,8.0
24495,27786.1384783971,9278.254229472328,254.0,110.63352745180363,8.0
24496,54252.73436371585,40946.18021016269,-389.0,108.59493196332377,8.0
24497,37544.99660257549,26021.966227287652,81.0,117.22644999594507,8.0
24498,23852.89747461554,3795.8028696052165,122.0,115.53638126766185,8.0
24499,42712.91841414394,29432.93202900331,141.0,120.61901378845043,8.0
24500,32305.6544887405,8684.024393881798,372.0,118.76865600312492,8.0
24501,37949.86309620977,27756.907505237592,87.0,108.14848011507071,8.0
24502,45869.125089929235,1741.686325259676,77.0,122.66687808235224,8.0
24503,44924.38809856827,11940.867378695282,43.0,109.53742208013732,8.0
24504,39535.848606405045,17222.540478508778,315.0,121.31909756150027,8.0
24505,39814.07056903877,8100.40979306579,67.0,119.98588084832822,8.0
24506,49509.62507038088,10955.32907712505,79.0,119.69779443464657,8.0
24507,23631.278836920737,5962.68055421499,43.0,112.41341296054917,8.0
24508,58512.890314966084,5746.294982433808,51.0,121.80306880750416,8.0
24509,40013.594450457924,16151.938108722768,132.0,125.02239249619791,8.0
24510,17623.015114912516,6658.071758222042,57.0,108.74060728381397,8.0
24511,40385.0721923271,28292.42833809728,183.0,110.21443001244913,8.0
24512,6925.156657061058,2881.179319602044,0.0,95.79722108088318,8.0
24513,31662.883010080983,924.8671515927814,31.0,117.17264439450231,8.0
24514,26646.78063394631,5123.422153246407,111.0,108.49753299869423,8.0
24515,56278.80667414663,4850.633137367748,245.0,129.38239670537274,8.0
24516,46453.72080308774,4800.128487655478,225.0,122.74734346617153,8.0
24517,52351.33704085866,732.6998467520893,182.0,149.70983911392142,8.0
24518,46633.62022905099,5213.041689093846,53.0,120.01118563869227,8.0
24519,34614.447965393214,1740.8525548263904,152.0,126.03089597309344,8.0
24520,23093.413259413963,2390.8517727544377,187.0,132.49125718453274,8.0
24521,43172.14534444124,26040.754225922363,163.0,112.67598487857977,8.0
24522,31403.972001906615,7109.750949783798,275.0,125.30130097125942,8.0
24523,45598.542260405484,7561.495880270684,176.0,129.16407833426396,8.0
24524,29636.404735650744,5224.299429250167,135.0,119.83612954734662,8.0
24525,33500.78338764594,924.9509699179373,48.0,118.8349692525469,8.0
24526,33326.88116062123,5906.1656714328565,25.0,115.88207746883045,8.0
24527,26696.354641663627,7188.892559135799,32.0,117.83622433482074,8.0
24528,26467.286490093495,10253.404570300634,169.0,105.27929435142678,8.0
24529,40375.15312293896,19044.615857785397,437.0,130.53121503387442,8.0
24530,43457.51949098354,13993.892321957686,400.0,111.79056685657699,8.0
24531,51880.83350306104,1184.2718252940954,46.0,132.20497527682113,8.0
24532,56914.89735032513,26029.00379646174,-24.0,120.38647059559237,8.0
24533,49041.64226209568,31996.050406654576,263.0,116.2526103176509,8.0
24534,56049.635186028725,6669.248174255898,118.0,131.4676970441638,8.0
24535,36213.71891702487,10596.565980971081,205.0,127.33532041641075,8.0
24536,32083.468779677638,10426.248907256642,57.0,118.19500487143607,8.0
24537,65636.08090675175,2358.617114265259,38.0,133.98767618827353,8.0
24538,19645.857868920102,2871.3817430264226,200.0,122.15282973379057,8.0
24539,53955.65837835542,1744.2318316884828,148.0,129.65855079663737,8.0
24540,43009.673859253395,1184.4398179695634,26.0,117.113892594613,8.0
24541,13032.34956461892,9278.486278980123,-64.0,105.04196330716633,8.0
24542,32171.637890812548,11939.172295754915,71.0,108.59823260305095,8.0
24543,35327.60785808628,9709.467107922188,104.0,111.54377290864207,8.0
24544,45494.15740882351,735.9946296936666,66.0,125.2758152404958,8.0
24545,19057.87420992615,5758.813913161166,312.0,100.30940544927725,8.0
24546,19295.763895052944,13440.465726153361,9.0,107.72388667146643,8.0
24547,56509.14602834176,11478.583947270736,125.0,136.63952062828506,8.0
24548,62711.8581292909,1992.1782497208717,53.0,130.71863547777838,8.0
24549,36420.44643662752,924.7719725916916,63.0,121.23189737248613,8.0
24550,40449.902766902094,13043.232125165596,177.0,113.98544173716027,8.0
24551,25999.878584369613,1181.0448527919636,255.0,129.56437821839964,8.0
24552,36006.344727785836,17221.126012895926,-94.0,123.39970612236327,8.0
24553,39939.92257947399,9709.179960785435,215.0,118.61518485645679,8.0
24554,48463.01166146478,36358.40620945653,144.0,120.82924122178693,8.0
24555,19393.96712832479,11122.039029240408,148.0,102.41117668440138,8.0
24556,31235.750246367777,4683.1990932176595,42.0,118.71646860296565,8.0
24557,18540.21688629167,1183.4520194619745,203.0,127.53273235895864,8.0
24558,51309.880196374805,1989.3406935465362,134.0,130.84285456938605,8.0
24559,64297.058151995174,43532.15043730713,77.0,115.66345767677792,8.0
24560,51882.5866393727,33346.925200137,161.0,114.69409163701546,8.0
24561,43669.57884783836,1989.723836219367,78.0,125.6746852587769,8.0
24562,45209.00403659446,1742.522274351564,195.0,130.2559142598701,8.0
24563,20526.179247589465,14562.90730515059,-57.0,104.61937975611829,8.0
24564,39831.90130985366,2774.612556627299,39.0,115.08030034149215,8.0
24565,60376.24839005948,21094.417173458725,44.0,121.71495037294304,8.0
24566,37942.4576797396,2870.4995738912635,39.0,112.07577205922962,8.0
24567,23541.30270660499,3772.1531802820946,41.0,111.80887831525814,8.0
24568,39493.934438038275,1737.0893393594197,77.0,121.54451903612363,8.0
24569,35523.175963704445,924.9597990392912,5.0,115.63005858497942,8.0
24570,46091.03022134167,1992.351463143421,17.0,119.73886571960287,8.0
24571,36814.507617741736,13135.624672130263,94.0,115.14735681544818,8.0
24572,40054.773301817775,1474.3021116642497,18.0,121.24676981829225,8.0
24573,49792.984643021264,38705.61538017622,202.0,125.52653256514206,8.0
24574,34931.37101063403,734.8705062974657,27.0,117.52859046882888,8.0
24575,24368.886175274845,22004.815989752402,-13.0,110.76801718808231,8.0
24576,64997.06531300322,1179.2723357961888,140.0,132.21647810337652,8.0
24577,44318.94459183649,35104.95109455752,-524.0,117.98462564181335,8.0
24578,46268.62266200681,18512.402994736727,108.0,121.06928518976608,8.0
24579,7838.294799917788,1181.9003823710507,55.0,107.0838930333991,8.0
24580,25122.924070493973,11750.151273630101,40.0,102.07041737280993,8.0
24581,66749.46069735964,1184.7407109937603,134.0,132.90474440679338,8.0
24582,57118.24638958736,11640.069247926016,38.0,124.26254442387545,8.0
24583,51338.717283231745,5490.92897715293,15.0,116.17710855156196,8.0
24584,27805.886751445494,11202.331764625727,198.0,105.40377771679636,8.0
24585,37226.73918016062,924.7546953118145,79.0,130.6689922868738,8.0
24586,14433.617555349552,2397.569244387174,99.0,114.92683206371736,8.0
24587,27757.205946695187,4624.534738123408,-9.0,108.93242664361296,8.0
24588,53277.09154552124,1989.9118137795806,95.0,122.62022126449807,8.0
24589,34911.99977700347,26012.86299848314,-193.0,122.73434669470777,8.0
24590,23639.356007946888,3682.0068699562325,29.0,112.33562880504218,8.0
24591,13056.017273658772,7592.789484733466,65.0,99.25643170929447,8.0
24592,26474.22220663551,5222.616182796928,133.0,121.31700101550587,8.0
24593,24946.68927549868,1992.0029180337378,67.0,124.32629469836543,8.0
24594,59461.10927029179,19685.679671287067,61.0,117.57773406131957,8.0
24595,47827.51391433362,1184.7256659705777,14.0,123.81040175150241,8.0
24596,69119.70346479144,3555.0043894289774,236.0,133.55861485054265,8.0
24597,48382.4544849686,11507.106223563505,95.0,116.98706618735397,8.0
24598,29785.155777961154,8261.716095936834,94.0,116.04242528338116,8.0
24599,42103.251617424925,29876.5561389898,229.0,112.1125497539082,8.0
24600,51803.25437097249,10174.967069449129,305.0,128.5595187479203,8.0
24601,63603.45961396327,1179.3372038888808,354.0,140.04316866300863,8.0
24602,50117.774497297134,2871.2519735113665,67.0,123.6845640283894,8.0
24603,68032.67773643835,22055.404488201206,63.0,122.83972667676795,8.0
24604,41006.52461820699,21058.339976388022,133.0,121.44553665951379,8.0
24605,54749.89596986766,15792.719351565525,339.0,128.8466447620512,8.0
24606,32886.88483699695,6890.056319029292,198.0,123.94031857732011,8.0
24607,26490.461474645133,13821.373029666838,44.0,116.72748473586219,8.0
24608,31709.788866473704,6278.8379328815545,172.0,127.62481126254826,8.0
24609,59861.35581794188,2873.9200273654333,29.0,123.94828013938896,8.0
24610,50082.90238687376,19199.190675295788,38.0,119.91044064603892,8.0
24611,41678.52050256709,924.8114915157772,72.0,127.7484259986741,8.0
24612,53894.215406844465,19549.04990995141,65.0,118.41056483428534,8.0
24613,25313.704854527303,6280.479990414923,109.0,111.69331456514153,8.0
24614,32438.005906479848,6286.746955324988,42.0,111.06427877211715,8.0
24615,21908.462822998205,4122.298234273621,56.0,115.95862894188323,8.0
24616,27429.676790727128,25760.372562836255,66.0,117.02846222238482,8.0
24617,51293.08942960988,28963.16111184155,392.0,128.50355632020583,8.0
24618,65823.4662317129,55640.55624139751,116.0,120.54175189821811,8.0
24619,14425.562414856558,2880.6259467795107,61.0,109.70005040756791,8.0
24620,38876.62055758096,924.7605842205875,105.0,129.24181496674203,8.0
24621,24380.99904098799,737.324385805816,114.0,124.08078277077851,8.0
24622,35403.3862319827,17580.562163364466,84.0,115.63364682220028,8.0
24623,59712.24892929653,1179.4845261248347,34.0,121.23718689803877,8.0
24624,15141.440150716302,734.8324857681929,3.0,107.8474762803689,8.0
24625,37578.33919974779,3679.3226783444984,69.0,117.92998359690195,8.0
24626,13873.818321764462,1849.8953338170247,12.0,103.25622651892768,8.0
24627,51862.42497029945,1180.598330586489,64.0,123.78787210010013,8.0
24628,45677.140802908165,4855.020938439238,101.0,107.7298206623447,8.0
24629,42659.961231343616,924.8655051860424,163.0,131.29743907198633,8.0
24630,44153.6652817619,14233.068000397912,345.0,130.79941801261913,8.0
24631,22050.36281069324,1738.2447735475735,29.0,110.53161221938115,8.0
24632,8839.575190174492,1473.5333639402154,11.0,99.69604365460059,8.0
24633,56051.4695555371,924.821337865675,35.0,135.49860120693432,8.0
24634,66094.47545868081,1992.4257392850968,86.0,118.06437882109199,8.0
24635,8838.736630245508,6629.019402159798,-17.0,96.16438603172895,8.0
24636,43445.825822355444,36085.9431600958,68.0,114.46082545059745,8.0
24637,57380.06042041527,1992.0195110092857,182.0,133.43370448635156,8.0
24638,40589.2685314795,10589.972381213453,44.0,113.80991890266428,8.0
24639,44889.99106248759,36579.87549637936,116.0,111.72878387342693,8.0
24640,30780.363780451764,1471.6799197469306,60.0,118.83932679253361,8.0
24641,25057.633085246995,13313.338351642426,215.0,113.91393300658747,8.0
24642,50628.88451577134,739.3372200324392,8.0,123.23497730393888,8.0
24643,26002.3311118643,17726.215344187516,7.0,109.52833411357685,8.0
24644,32148.094299503948,10976.384471234895,75.0,114.8202385225013,8.0
24645,43692.736647841055,23174.14832295431,35.0,122.80086247544628,8.0
24646,27290.093229747446,9753.219159592316,181.0,111.84098509942692,8.0
24647,49791.15353739803,12160.417782852148,55.0,115.67197669086816,8.0
24648,49264.27334898183,1184.6775274889064,119.0,131.5712992664625,8.0
24649,37022.29169575432,5232.991021451318,281.0,112.43481990081148,8.0
24650,23169.75402703871,4624.512902494672,291.0,124.70510629323763,8.0
24651,31752.432979624467,15662.446197609037,458.0,128.61012151172613,8.0
24652,38105.984095827196,2389.352374497383,45.0,119.91104137447479,8.0
24653,36245.99405183288,735.3471473585478,104.0,126.72999416213935,8.0
24654,14490.594593171054,4731.159397176774,-12.0,106.48748208858558,8.0
24655,25614.540750648786,3139.3464006781437,291.0,126.91975466858706,8.0
24656,40763.5949600637,10967.612981192757,319.0,112.30980766005392,8.0
24657,35677.32390992271,733.724270566093,97.0,138.49435080049182,8.0
24658,33067.92985034526,6699.715468754118,45.0,111.95695213448786,8.0
24659,56693.80677509179,7079.968460040297,156.0,125.11140122409331,8.0
24660,33233.10889013451,736.3415626755574,170.0,130.5213981271775,8.0
24661,34303.590746294256,5233.183141068815,15.0,118.63562413193408,8.0
24662,26912.800508908167,1183.0996083457053,40.0,117.69283993179232,8.0
24663,33371.34596602765,11123.910659907273,90.0,114.48355179918474,8.0
24664,34454.735221743926,924.8700172307346,49.0,119.30705807301354,8.0
24665,29355.484055920628,924.9281538626126,42.0,114.94867804857722,8.0
24666,30993.215635121687,736.2976658573841,30.0,114.4447910309269,8.0
24667,26645.186016752836,12920.777381912263,301.0,116.25159282549618,8.0
24668,52608.078920077,925.0414467021669,7.0,115.27802540208025,8.0
24669,27498.80315440579,12654.280106405437,198.0,105.56697370941498,8.0
24670,42649.698208696595,6516.39966129294,298.0,128.3242502964796,8.0
24671,37676.138162835356,924.8655051860424,163.0,130.4774482579581,8.0
24672,64047.177845126374,2359.1797027703906,440.0,139.046874444977,8.0
24673,54621.16232565111,14179.768638088583,490.0,132.07945637119352,8.0
24674,30740.740764318885,4305.4142721034295,122.0,119.91182816477149,8.0
24675,46177.077480607826,4303.260398733231,309.0,129.94834277887708,8.0
24676,55315.44265404269,32163.028109906965,276.0,130.17627465258752,8.0
24677,35520.15510941675,32593.35891735983,-106.0,115.34712147005324,8.0
24678,50916.29882498543,924.7993046168785,39.0,124.59861378045419,8.0
24679,33398.178788663194,2877.5588321077494,83.0,119.33529461774458,8.0
24680,27787.449664878055,1849.8691541022652,132.0,122.70066178716505,8.0
24681,36668.57282350079,1735.7157881731123,96.0,120.53142330791354,8.0
24682,54577.80639431124,12024.831220293856,175.0,124.56742612777012,8.0
24683,13352.41853988927,5480.779922752929,46.0,104.03599179564692,8.0
24684,27695.620069222015,1181.7139542857456,15.0,112.01987734775378,8.0
24685,19920.625315246692,1991.5587576359076,267.0,125.72678178463923,8.0
24686,47486.059699730264,3552.83403174097,123.0,129.90683347422765,8.0
24687,7399.326317925985,6474.434006286682,10.0,98.34754028717128,8.0
24688,59063.543735402876,5231.809857512081,67.0,124.54831938930111,8.0
24689,46755.40907809057,1184.212116245295,226.0,135.56336020946551,8.0
24690,25016.46198561316,13893.549997687447,-105.0,106.58806737625807,8.0
24691,55244.293682130956,36459.824458485054,187.0,117.46936960204425,8.0
24692,53829.70812856539,11395.784997702836,116.0,117.56636594608887,8.0
24693,42874.64616865971,1989.604693084934,7.0,119.86234328668219,8.0
24694,62874.54342796823,21618.128155667426,76.0,112.46006956241811,8.0
24695,39250.41650848111,8071.068306900799,49.0,120.03107893552787,8.0
24696,56588.34965852188,13404.641574454818,65.0,125.39252198233567,8.0
24697,19241.69741611411,4420.110725470619,30.0,107.1949532402815,8.0
24698,49778.23307205126,1991.9701896698425,83.0,129.63866111735842,8.0
24699,66733.00416145571,56534.411820115485,79.0,120.31088128519129,8.0
24700,50760.74713632053,3772.433728205908,56.0,117.21584999414344,8.0
24701,49159.79668996153,10183.707755748443,141.0,131.17673612140004,8.0
24702,53244.558986736556,3540.6387258603213,51.0,124.20517581642702,8.0
24703,6882.445678154095,1472.414330384757,51.0,90.92945746972272,8.0
24704,35936.070188335565,3085.465671961217,44.0,110.5250518766907,8.0
24705,47893.16718772913,733.5989201976685,14.0,121.18945413240823,8.0
24706,33376.87393740126,12351.021409898196,103.0,108.67618570036207,8.0
24707,25146.223148291487,8305.841244912268,131.0,107.07587481067566,8.0
24708,52477.235783273376,925.0523589470356,38.0,121.46833255801575,8.0
24709,54266.42670951505,2888.948790774062,67.0,121.30180599112114,8.0
24710,23542.41737602019,1991.6361602216691,81.0,117.17211223450944,8.0
24711,7418.984751537267,4512.168509876561,17.0,98.3302986984082,8.0
24712,15831.678969020451,734.750185698256,12.0,106.55704575303642,8.0
24713,12139.279068775799,735.641610675808,10.0,103.35618112628002,8.0
24714,47987.96101364587,1735.0451616089963,72.0,122.64417813212174,8.0
24715,44265.57144616464,15000.674079367194,-40.0,119.44059230300405,8.0
24716,36195.61959691867,20704.69306088831,181.0,109.56773313422255,8.0
24717,55620.301658966164,3773.1805215111967,48.0,124.30692177193899,8.0
24718,7360.370770608754,1472.4081075799872,208.0,116.75944395649037,8.0
24719,67453.50059562922,3553.95934295711,158.0,129.24283178869877,8.0
24720,17588.907397828345,16664.87372966997,-9.0,105.53648501327606,8.0
24721,8275.45052572521,5910.557576377189,21.0,100.73127205401553,8.0
24722,51974.48261983833,39877.835861212516,183.0,120.12402942099109,8.0
24723,19911.102722910415,2946.601646035903,27.0,112.12321698961597,8.0
24724,40757.30691103505,1179.9644866677716,60.0,136.97904983574216,8.0
24725,22634.994450259193,1991.7177515559074,72.0,114.01339458227797,8.0
24726,57503.618954159676,36174.94260608569,-13.0,123.76267547598229,8.0
24727,25761.99174587332,735.4966700924182,37.0,116.90132371452125,8.0
24728,51302.56281392138,1180.2048629370945,195.0,133.29423528736524,8.0
24729,45463.96651646599,924.7310649815856,81.0,128.81862020583117,8.0
24730,51290.98744811938,733.7554475763968,64.0,126.66248493747223,8.0
24731,26571.51939698182,21351.419509966807,-31.0,116.54113755430724,8.0
24732,48747.541093044645,1179.8432490771145,282.0,135.9798894588114,8.0
24733,62786.68485850967,6377.087571227462,402.0,147.31527199292276,8.0
24734,29448.33369087504,11313.859574259672,104.0,115.99756317669878,8.0
24735,50019.85881301656,28507.96380690717,139.0,115.82166460574935,8.0
24736,29873.935014145125,22292.56703463477,4.0,105.8989875059361,8.0
24737,53724.59414756881,35215.089240740424,316.0,116.02182331318417,8.0
24738,41677.80175634925,5228.117177971723,294.0,123.86327735000329,8.0
24739,37707.97308771897,924.88871566036,29.0,119.41091908093665,8.0
24740,39475.53125156,22346.2093484095,163.0,111.63317614171395,8.0
24741,23590.146941341478,3791.2437796405857,10.0,112.61480157371267,8.0
24742,21403.579447957956,924.8947042672102,54.0,116.0311517514062,8.0
24743,38801.21399570937,20772.047291979754,87.0,116.46552994009721,8.0
24744,55268.59285698566,732.6897855979435,24.0,125.52386473560529,8.0
24745,54093.054245107094,924.8160175531675,131.0,131.67929131792897,8.0
24746,34189.8388210557,19345.30236135242,198.0,108.37182707917465,8.0
24747,55257.485811432445,4599.767777878233,74.0,129.92009697364995,8.0
24748,44673.48046565826,10456.610027416024,135.0,129.30535821657196,8.0
24749,43488.72980304331,736.8713292766129,131.0,130.12802762420665,8.0
24750,28796.01818825264,12363.299060852638,73.0,111.83986843574453,8.0
24751,40584.24878912536,1989.603721711388,74.0,127.77418083895232,8.0
24752,48034.58977901808,32991.73470742613,72.0,116.83536321821015,8.0
24753,33262.047692746695,8919.75111553889,139.0,115.07802446207145,8.0
24754,62232.42413200902,924.9529966210373,193.0,136.3680051714146,8.0
24755,39512.63295429036,739.0694663664312,19.0,116.42414871749826,8.0
24756,8453.530081144754,7544.5542032159465,-394.0,90.98854526979397,8.0
24757,52573.44176671495,40481.454799170315,183.0,120.24336303170233,8.0
24758,49780.39786832947,1992.6812463193291,18.0,121.20457189526063,8.0
24759,49579.742602427985,733.8819944084557,49.0,123.99653876719577,8.0
24760,54953.18731815102,1185.0019628205062,15.0,119.93003552633529,8.0
24761,14369.582979821009,7183.668609050746,192.0,117.00900419123397,8.0
24762,14977.83878258536,10952.356280377875,-3.0,102.29181683019937,8.0
24763,38846.29640852003,5750.205902916599,161.0,131.44596562059493,8.0
24764,44797.40563342302,33982.427338182024,380.0,129.20822096414508,8.0
24765,30281.41776155738,1180.9231785558823,143.0,126.12343943990207,8.0
24766,29473.22333359086,735.433853325936,121.0,126.54488019693576,8.0
24767,29079.67556147324,1471.969153221434,10.0,115.08631381565279,8.0
24768,45525.3603271567,25152.846022615904,79.0,117.65358836163672,8.0
24769,63299.63163373981,47209.59568257456,132.0,125.97501131918119,8.0
24770,32914.662651822924,7453.53189214331,359.0,127.71878029890141,8.0
24771,11114.01858188165,6396.793116483583,15.0,101.2157560105297,8.0
24772,47493.4352026936,39232.07998936552,153.0,110.427222862079,8.0
24773,46341.53272812848,5598.102654658177,107.0,125.75605098721407,8.0
24774,52026.74380706185,5750.7478944733,73.0,122.44142133950443,8.0
24775,39011.45839168415,7177.551101162974,4.0,121.45501668566698,8.0
24776,49594.648410917245,30585.705623156864,84.0,123.0593787362381,8.0
24777,7964.273455033932,1991.18330118419,12.0,95.78850294444733,8.0
24778,64628.7768284618,25347.882517736547,44.0,124.58877735749262,8.0
24779,46104.01452832443,1734.2929669390755,135.0,130.28213115016968,8.0
24780,54176.238563624116,733.0244096174941,223.0,137.92097152537482,8.0
24781,8356.82727552128,3699.742806835067,-1.0,96.83432791383257,8.0
24782,18628.428205669563,10480.836461011046,63.0,105.07680072438102,8.0
24783,40763.716535265376,15285.426091460695,157.0,116.77088259345464,8.0
24784,48070.14279749824,29006.403574968634,109.0,122.79389688001574,8.0
24785,43867.14867968065,925.0188977388925,14.0,124.48745852311363,8.0
24786,17553.394858315663,12347.563590680304,121.0,106.98476864119247,8.0
24787,56084.90848112617,33330.460333573144,154.0,111.71647257228943,8.0
24788,9954.940063019643,3141.0637981496616,92.0,110.29132359660818,8.0
24789,53381.491207005085,4037.778505672811,101.0,123.19619991046685,8.0
24790,5483.678547174483,924.89911123527,33.0,101.68248523646996,8.0
24791,42952.244433381005,9365.499754200115,84.0,127.52648736785241,8.0
24792,19770.340564277427,12226.075027084997,120.0,104.45961715069494,8.0
24793,64677.525229024286,54492.75936943446,116.0,118.845639232197,8.0
24794,38164.63322702523,924.980544204354,83.0,124.9666307297162,8.0
24795,43317.818787080825,33132.80072448308,116.0,115.99188663829699,8.0
24796,51497.0464643346,739.2705575716117,53.0,137.43772643121628,8.0
24797,57375.85078344021,3985.283130944609,71.0,131.0146961997302,8.0
24798,22834.46490278104,2943.4207462790464,144.0,117.6327148126799,8.0
24799,45563.446811407695,8082.043408496943,96.0,115.87547481201223,8.0
24800,35557.14743873868,4421.23707476804,172.0,116.45162590387378,8.0
24801,22189.71378122865,1991.7039941277321,69.0,107.17191838066366,8.0
24802,47223.315333972234,4624.848531900772,75.0,118.87835679250634,8.0
24803,44138.41525431186,23900.733454661986,73.0,122.06929323746327,8.0
24804,53099.169929733886,42853.715902763266,204.0,124.90312179628985,8.0
24805,11826.362710321619,2365.4105069987536,38.0,105.95790806489201,8.0
24806,25378.55427822819,18208.82555314347,-37.0,103.27461857850122,8.0
24807,29485.60005465282,17883.872019015296,26.0,113.73787058955378,8.0
24808,48453.22815391933,3772.988470172197,39.0,123.33316622801166,8.0
24809,10353.443248163143,5964.944236889757,14.0,107.9118560042449,8.0
24810,31325.820670687743,28982.762283104825,-74.0,112.94253562257771,8.0
24811,34230.377644897046,8324.538761618116,233.0,125.63208900115113,8.0
24812,36839.712788250865,1180.5407689382503,154.0,139.65175957204258,8.0
24813,36861.601335586995,2397.6029253952997,29.0,117.19505279509205,8.0
24814,38504.17731214336,4305.512016792339,87.0,119.09670610064035,8.0
24815,56327.079761040935,1850.1601990228778,70.0,125.01751978399301,8.0
24816,39501.774571836,14356.216734411895,231.0,115.650650948595,8.0
24817,11099.058834039526,1849.8679602311906,62.0,109.53254343752262,8.0
24818,16100.02528671864,1990.587795618775,-14.0,111.27375995693733,8.0
24819,53638.73670615372,3539.448124727195,442.0,135.994884351183,8.0
24820,42605.35734770382,20362.833287600075,38.0,120.02169977364116,8.0
24821,37062.14392816925,1180.349386938761,92.0,131.33070209708666,8.0
24822,24270.730496156193,2878.5900092725356,362.0,102.68872652920727,8.0
24823,27453.018387765816,3139.7166190271773,22.0,112.61955414030614,8.0
24824,31699.145410579782,15382.922131430567,168.0,124.45042673680142,8.0
24825,13732.405953521522,1182.766285562985,149.0,128.03131129481685,8.0
24826,34531.72361664852,15027.083158303227,-74.0,126.2006553210183,8.0
24827,34662.28850634132,33927.163328829476,-416.0,105.1514022699824,8.0
24828,50689.95067284101,4038.2380028237826,122.0,125.6412182626531,8.0
24829,64642.61804983262,7851.66817264481,338.0,133.68739538283666,8.0
24830,54880.83123462254,925.1858922391891,16.0,124.13396939990412,8.0
24831,38958.172823748064,5597.9100935910055,151.0,126.40737881893563,8.0
24832,15565.703873413018,1472.028024951268,95.0,121.4844976784363,8.0
24833,47023.74373396381,3081.370015609475,367.0,133.739331066506,8.0
24834,18807.782126108494,10254.364378313283,47.0,104.9975127203549,8.0
24835,31456.91802988609,8324.665788287897,103.0,123.23944157553956,8.0
24836,35119.384221288594,5212.989955797446,168.0,126.09926727304561,8.0
24837,39926.937401461626,1990.1278641579222,82.0,128.71486726580287,8.0
24838,12823.724275793506,4514.1962651942185,73.0,102.09361841919441,8.0
24839,37511.18215048736,10589.275934725645,241.0,120.21244759171006,8.0
24840,17430.41635406496,5742.427205470505,156.0,116.78667752033721,8.0
24841,38114.68011660533,23086.161932382245,87.0,116.20589669769363,8.0
24842,47042.942475276424,12150.759427580215,148.0,122.2946001407274,8.0
24843,18498.13823612732,1472.9055252524786,60.0,113.75278131066388,8.0
24844,61243.14921892532,15726.514377036026,76.0,119.86758607745674,8.0
24845,30374.128029094238,13766.32276518719,196.0,110.44935495998891,8.0
24846,38361.728045478994,1989.903152972048,107.0,127.06629500246322,8.0
24847,53398.90680312589,924.8092506951774,49.0,132.1232911749582,8.0
24848,50632.18079437248,924.9241339072688,80.0,137.65476878838456,8.0
24849,43622.723485722454,924.965094208781,19.0,119.28503357574115,8.0
24850,44675.50162732481,1992.179750319568,99.0,128.5274090561927,8.0
24851,34729.819912628096,734.7807472823866,174.0,132.62104231393855,8.0
24852,12099.006885329689,2364.889404397241,28.0,111.53106041838947,8.0
24853,61350.864046646355,741.0430394155629,149.0,135.90206439043664,8.0
24854,50998.253988402,1732.8359405263843,251.0,142.7058686312282,8.0
24855,38766.47678114173,7443.0753544895815,62.0,117.12445326503006,8.0
24856,45312.76341125658,3144.2730355808158,41.0,118.33119458646838,8.0
24857,9568.523139087558,3680.56073710526,203.0,116.30927745918385,8.0
24858,49838.43209842644,29463.21054032329,88.0,118.8776464377257,8.0
24859,33296.04309165269,16647.82393617458,201.0,123.10088059532274,8.0
24860,38402.72270699171,1989.922034674932,50.0,117.80813120852031,8.0
24861,53232.587393139256,24327.63135201902,-14.0,117.5445967249467,8.0
24862,43108.42905713666,19217.48286598806,54.0,117.13993764517464,8.0
24863,41623.08327112318,9249.75106719945,117.0,120.86312515585509,8.0
24864,30153.004724178852,2362.095946987606,74.0,122.39570448532226,8.0
24865,11609.258422296807,735.0195005726569,-16.0,108.35163059960047,8.0
24866,47000.01372282676,1989.5696911744333,57.0,118.1585533743057,8.0
24867,30153.13418738668,924.7909035707241,32.0,114.70546732260287,8.0
24868,34679.372359628505,734.9973532006238,17.0,125.67939990386304,8.0
24869,23402.311739726938,19376.830806736503,19.0,108.11599065607328,8.0
24870,10680.639561395246,9971.286901286601,-34.0,96.70408367737436,8.0
24871,52316.7447479685,43868.71533399573,373.0,130.80066686289703,8.0
24872,46087.346338849,2871.365899255299,31.0,114.9057694015089,8.0
24873,24124.196691374946,7099.195840879369,188.0,122.19404486676933,8.0
24874,37291.43673054174,734.8240728273206,68.0,123.77771152809734,8.0
24875,20622.88725814238,1472.4349584056272,14.0,107.56522689170896,8.0
24876,19521.726285732293,17796.478736525056,7.0,105.84285903594555,8.0
24877,32488.99451436485,3138.5308646468584,56.0,123.37727648129345,8.0
24878,54012.710308402864,11478.867829554158,237.0,128.82964186698266,8.0
24879,38136.692290867795,1181.1137996398124,264.0,128.8290589851266,8.0
24880,45939.561856616485,27820.954960238923,157.0,112.3628538967554,8.0
24881,36211.86392778907,737.6124598734556,24.0,115.92912121074562,8.0
24882,37737.1179754159,27277.1700352498,-209.0,107.94011672806423,8.0
24883,30180.441530358778,9510.988087208476,85.0,110.29457613166727,8.0
24884,41012.89415936243,1184.305070887815,144.0,125.55721606447077,8.0
24885,28856.738185813072,11832.706276385084,312.0,111.60870876668756,8.0
24886,37482.63232093899,738.2344387979779,31.0,127.32842023000413,8.0
24887,56208.37603943004,8734.652255133677,90.0,127.30964753392767,8.0
24888,25461.404111378866,9749.03026373341,170.0,106.32380416088523,8.0
24889,37552.73590143466,30194.438307982622,68.0,114.28543698899689,8.0
24890,8155.852110591816,3683.694421089523,9.0,106.05066022168381,8.0
24891,39035.51965691297,3682.605034870064,142.0,120.23641530931745,8.0
24892,29859.50596279249,9098.442173345727,505.0,129.32036766836856,8.0
24893,20502.78874436932,2366.099631050163,211.0,115.91219717700602,8.0
24894,40824.23044698038,8260.072288389307,64.0,115.57469068542542,8.0
24895,50252.25525664153,1184.3523420905922,105.0,137.92071275022434,8.0
24896,41283.14343154954,17228.855427994047,54.0,117.9085365484585,8.0
24897,58127.85563088706,739.3398730935895,186.0,137.22943237656833,8.0
24898,37790.337333378084,20670.9193064517,163.0,111.10134697324784,8.0
24899,27620.516861071537,1991.6612599361688,149.0,123.52574366057397,8.0
24900,20992.30162978861,7723.197379222392,120.0,114.96043552009775,8.0
24901,16308.773596812285,8886.085745717482,24.0,102.54134612513566,8.0
24902,52916.064990522565,1184.5714356921821,116.0,136.19802055717915,8.0
24903,52221.46609063353,4682.971944510124,65.0,118.05503558708043,8.0
24904,31685.6758840097,17584.90228870264,163.0,116.45538098010924,8.0
24905,50996.31946578891,31230.859364677905,-21.0,115.13154404434319,8.0
24906,30000.662933281747,2362.1624874742038,86.0,116.66143757543087,8.0
24907,40935.05870179556,2774.525209348335,47.0,118.705851775078,8.0
24908,17224.012484651656,924.8782101592172,134.0,122.85098910721223,8.0
24909,36860.30533877803,733.7391940950026,46.0,127.34116482969256,8.0
24910,43905.898223597804,1742.2591923321254,112.0,125.68774778785634,8.0
24911,37985.2318882321,924.9460573906932,45.0,121.0330447845627,8.0
24912,51388.660139711246,5921.127566625796,38.0,123.3617539541082,8.0
24913,35284.81358603792,18845.942160028262,73.0,112.4566971242191,8.0
24914,47502.05715416261,924.8661318267232,153.0,131.66880224921113,8.0
24915,36044.38407834739,1180.1797345923615,144.0,143.05218937790664,8.0
24916,25864.298158639296,1991.5645952224888,150.0,123.78750023912276,8.0
24917,43694.407013005846,34419.05673891105,103.0,124.11498420901242,8.0
24918,48308.83915721878,1992.663170958635,4.0,115.68950246587228,8.0
24919,34026.29262494382,14994.508246421039,60.0,119.86989051283409,8.0
24920,39041.221080949064,18160.196954598217,51.0,116.05105004364685,8.0
24921,50064.08775840139,1735.0707819560103,266.0,141.9646661041627,8.0
24922,43163.3598183266,17149.57562162721,-148.0,110.38929795392467,8.0
24923,60956.036331610536,14212.088743806029,468.0,135.52309687123932,8.0
24924,56335.33442117355,34324.9930472341,242.0,116.34558423863935,8.0
24925,53865.05451351431,924.7543364688617,22.0,118.46972148036107,8.0
24926,50262.77111928753,1735.2926594044739,294.0,135.2421328575045,8.0
24927,56034.83341754884,30726.22492576169,-182.0,115.82833044674102,8.0
24928,50663.97810002338,13228.682967795117,74.0,120.33689217356073,8.0
24929,30081.603008394028,5223.236509292212,51.0,118.83463673422595,8.0
24930,45042.50716579479,4111.349741532843,39.0,117.73173589863947,8.0
24931,19895.865148712066,1472.493678374628,225.0,121.73472740324092,8.0
24932,33979.39920845585,7724.074336099547,75.0,112.04595382568276,8.0
24933,25324.607264898576,15078.255541130919,164.0,119.1022652049212,8.0
24934,40556.95078472276,12124.820311995918,25.0,117.74277507312402,8.0
24935,40441.80060634438,36394.304890971245,-43.0,111.88225408936378,8.0
24936,47246.72036200351,3468.078306693284,407.0,134.62397403071873,8.0
24937,29346.089000709308,6838.541193788032,292.0,132.2677576746922,8.0
24938,38254.20993077516,2885.5375970643067,154.0,122.10224179531937,8.0
24939,49944.38558388304,1849.7658896804892,41.0,118.69795353936576,8.0
24940,34088.41648580355,1992.196775183917,22.0,113.37327281460968,8.0
24941,43497.46759205639,28004.916845770556,181.0,111.74753078678589,8.0
24942,46323.435828794114,924.8801584295861,59.0,130.47860422370758,8.0
24943,37320.41332849295,16798.692963860543,70.0,113.26922870399054,8.0
24944,45470.48623450631,3699.5174246717006,72.0,124.44302758659069,8.0
24945,36101.3886052507,924.9497047699138,45.0,121.75650133540793,8.0
24946,16149.333006488214,11396.46092829589,10.0,109.06497640294614,8.0
24947,44858.32753925411,5743.117181218393,44.0,112.68961837642482,8.0
24948,47748.42171830648,733.9179315424301,73.0,139.38331390318726,8.0
24949,63783.19746841634,3136.7355739957106,152.0,136.42002231870487,8.0
24950,53299.88762923703,34236.841277170635,56.0,123.49589633015808,8.0
24951,36454.88140943647,25498.445921511742,67.0,113.47442474508375,8.0
24952,46869.89879335563,36685.29540288212,70.0,116.64974909423906,8.0
24953,45177.69588144969,1180.8304012585193,196.0,135.85706524236863,8.0
24954,16664.500323650234,7399.171957792779,58.0,114.72839767349686,8.0
24955,36682.39108905798,5968.982922955747,234.0,113.90986370635834,8.0
24956,23523.007196377952,1183.8965054345738,40.0,116.56651444892834,8.0
24957,51905.19034250852,5751.405253874647,559.0,135.9322807930904,8.0
24958,58831.67462091119,1989.255546350002,119.0,132.40850759186753,8.0
24959,50634.41443384595,25148.487649778854,64.0,117.25944421701085,8.0
24960,57132.312934292095,925.2072644754535,93.0,129.45225134722526,8.0
24961,64913.69002715125,56655.55322339559,153.0,114.62984963232184,8.0
24962,50142.412398405526,11124.189884617981,108.0,120.73847568524876,8.0
24963,28065.585691437787,736.6881387741868,9.0,115.36823774337763,8.0
24964,49406.0427859899,1989.4778420970772,185.0,129.99178836985965,8.0
24965,31088.13815306639,10412.763073598358,72.0,109.51715900064644,8.0
24966,67586.02343516004,924.7938208479632,50.0,136.34107177234011,8.0
24967,19591.684619340005,737.6856360556267,0.0,111.44917262863379,8.0
24968,34635.403558112994,2389.7706902766986,77.0,117.96398621299332,8.0
24969,39873.99167871731,18853.03796265396,115.0,112.67355971737219,8.0
24970,47883.38706117201,5232.210033508945,38.0,123.85441244077879,8.0
24971,48662.6359682366,3144.897174648373,76.0,120.94767477670072,8.0
24972,43940.9479514323,18055.280972769593,106.0,128.46252107324472,8.0
24973,55836.812219325715,28742.236400947273,-69.0,113.90558368380383,8.0
24974,40754.48653339932,30567.340502776748,116.0,115.45042581792649,8.0
24975,9748.01822467213,7591.2332622625845,8.0,99.22411528835256,8.0
24976,31578.185311525187,1739.1822031424092,74.0,119.22938309593133,8.0
24977,45119.97639983642,924.9693808559581,118.0,129.4326451133444,8.0
24978,31455.438300499743,9248.867254745763,127.0,111.08190405505691,8.0
24979,22275.469144417275,12661.048800147031,-31.0,108.35165345257639,8.0
24980,42914.24712731626,1737.5167005136855,91.0,120.65322776393319,8.0
24981,45455.897573472954,2871.4377960199145,43.0,115.10485531230984,8.0
24982,41072.17000681474,5466.440142424761,596.0,134.65621089510688,8.0
24983,46344.18156612709,10609.968232310026,55.0,114.97340120411363,8.0
24984,20554.43526901117,4042.1345345946575,20.0,110.29002873456808,8.0
24985,38527.64681235823,733.724270566093,97.0,128.24746746527225,8.0
24986,43612.309577739376,1736.869005645936,157.0,135.50930691686247,8.0
24987,44663.76894333199,27829.19253250911,99.0,122.1696798217543,8.0
24988,30976.866829637678,9799.551113513598,75.0,114.97736456403557,8.0
24989,21676.750845979783,19941.836070247795,-27.0,114.18404342580662,8.0
24990,22393.128726897998,6516.451440609702,179.0,105.51155749024994,8.0
24991,20895.787277969215,14724.263515353405,-7.0,109.56136589172677,8.0
24992,11945.734761820553,3140.6187285613833,83.0,110.41920712204572,8.0
24993,39046.1880359912,18418.547041946058,32.0,120.26841032456892,8.0
24994,30744.58508525023,9419.631832729003,27.0,116.97507877592061,8.0
24995,42311.89338065842,23256.227783053942,109.0,121.71097360626263,8.0
24996,20821.76611789866,1180.8378484837212,100.0,120.73620010463492,8.0
24997,50231.05780968593,1743.526462805962,309.0,135.31321366172998,8.0
24998,24228.020144696922,924.9356035425626,13.0,109.4112710059867,8.0
24999,7435.876532642172,6516.182773093552,-80.0,91.19418033361725,8.0
25000,40413.17586244809,22955.121227820542,109.0,117.89405486454282,8.0
25001,58707.21237224072,1179.4099717147546,29.0,120.9576437572595,8.0
25002,39497.7255739141,19557.228973320976,133.0,121.12829240809177,8.0
25003,57280.0828107866,11802.78925008628,3.0,122.87527259827253,8.0
25004,34456.98113903656,24506.891690823883,454.0,129.03385644662166,8.0
25005,39236.86850527644,18863.27622634425,88.0,117.51927257403042,8.0
25006,19172.64805667119,11820.932955685055,-5.0,105.9869818754737,8.0
25007,52800.43715421488,12045.65831059583,87.0,118.74806282908885,8.0
25008,49949.03034956363,924.812980005956,22.0,120.41022674208958,8.0
25009,42909.66820108496,22026.70767735141,85.0,117.02889649510485,8.0
25010,36724.17110193284,24485.58056754772,80.0,111.78890602332143,8.0
25011,39095.5129473433,25645.941753656567,78.0,119.02441915402501,8.0
25012,35941.2299866695,20901.66280000658,87.0,116.5049386090909,8.0
25013,58796.72729868887,6380.228823275723,181.0,133.1124866351489,8.0
25014,16429.421353984944,9260.334819283895,54.0,114.6985446790566,8.0
25015,34998.86514109707,28357.96763800571,83.0,113.05790859335097,8.0
25016,39484.570546540184,734.3707757428097,232.0,135.039895800274,8.0
25017,43229.95258246228,11211.836195324593,210.0,110.8338226268401,8.0
25018,30391.29457936458,5225.287533742161,32.0,120.38996445267631,8.0
25019,19049.777146558103,1180.986420391239,63.0,129.41959506528602,8.0
25020,47374.76927440978,4850.870274822566,225.0,126.16585629152932,8.0
25021,41753.1457214528,736.9782918616642,22.0,134.36921977090176,8.0
25022,39425.73305626559,20804.269676472595,198.0,108.00143828271123,8.0
25023,52426.555353561766,732.2759146743512,20.0,119.32310522069108,8.0
25024,38732.15188917733,1181.0064250505513,195.0,131.13804145768145,8.0
25025,43491.05126289591,736.0861046506136,57.0,123.29960774646946,8.0
25026,34702.275780204145,8319.229801595855,45.0,109.03491686558247,8.0
25027,14750.91746715001,5217.837800608833,183.0,117.21751441521693,8.0
25028,25498.730424427107,924.9292672142659,74.0,124.0207517942296,8.0
25029,12684.457198867653,4608.444155587353,8.0,109.7503366603573,8.0
25030,30060.374602761487,18549.76492012321,81.0,114.53981512767494,8.0
25031,27102.339262291614,3473.9193198184703,232.0,125.49811007493699,8.0
25032,38210.979977323295,11480.665285910052,355.0,114.81844816242736,8.0
25033,33568.976383222165,1180.6186945729175,34.0,129.13542895782354,8.0
25034,25627.08929351104,8251.969838293518,103.0,115.81053558967966,8.0
25035,29982.710913696294,737.9144707134732,40.0,118.78649660534194,8.0
25036,13292.186002277589,737.2756081977525,21.0,109.10068885798368,8.0
25037,51628.09620740382,732.9534211607221,238.0,138.43372779784687,8.0
25038,44457.15908436341,32861.370537066075,92.0,128.9729017959813,8.0
25039,44864.94857023375,1181.6236442794689,21.0,116.90718807010936,8.0
25040,44550.27747763359,25482.54501476658,109.0,122.14809132786351,8.0
25041,28789.521296394447,6916.625672970433,25.0,106.10810643366058,8.0
25042,44884.03393612653,27431.631563524228,109.0,115.25505574557326,8.0
25043,44123.98836352214,734.871221972772,89.0,136.33473755969732,8.0
25044,24603.850909115616,737.9366052074027,162.0,128.85502106313112,8.0
25045,54731.11440171852,1989.5879574766238,57.0,118.43978487326474,8.0
25046,29244.113773402325,27509.19904498492,-10.0,108.51352320734085,8.0
25047,20405.77394043341,12148.93337888602,109.0,115.38022351363705,8.0
25048,43004.759735278145,925.0360234171,43.0,120.43524761456511,8.0
25049,27779.806129349516,18220.01355501951,-152.0,113.91981968323272,8.0
25050,41231.79945655084,21287.75940099064,133.0,121.49192662076715,8.0
25051,5973.00591636782,5125.171055945116,13.0,96.6460567120499,8.0
25052,7544.565255648678,5598.189688543341,56.0,94.97804778420243,8.0
25053,46785.83564119876,35969.76668870151,369.0,129.4739538273288,8.0
25054,34633.46819660491,5156.115923145586,553.0,132.764564929277,8.0
25055,20097.171890796664,1991.5521062299965,123.0,119.28805809393806,8.0
25056,44495.37931145432,8357.160966822172,326.0,115.91409007323666,8.0
25057,16183.517444111616,3545.7587128343193,49.0,112.6744801584276,8.0
25058,42949.91828583067,736.0678348395006,29.0,129.0483726926808,8.0
25059,34558.64375515756,734.4720400370355,32.0,117.94417633244606,8.0
25060,40036.515021037725,12936.66205738776,228.0,121.1412831067945,8.0
25061,19241.383554870517,1474.6941074541378,34.0,110.92723001508529,8.0
25062,26585.82707473368,9622.376696512141,32.0,118.91736002532706,8.0
25063,64393.80964854274,56115.93680404556,153.0,112.7695809532902,8.0
25064,44294.10704054561,2886.622288335824,154.0,122.32087991154651,8.0
25065,25660.891012168955,7545.4447765961395,122.0,113.02974469543014,8.0
25066,29057.856160540894,4114.384808643091,24.0,108.85933417895637,8.0
25067,9706.51193826536,3772.0458304298813,-42.0,100.81681637998015,8.0
25068,28434.957445501735,2362.6784436791904,440.0,132.24552603862955,8.0
25069,36830.1271326751,21126.36449843729,176.0,112.69249390262995,8.0
25070,44237.05727219462,2361.966941024828,42.0,119.80239199318582,8.0
25071,55171.09458053098,924.8572524041069,6.0,119.38387879264928,8.0
25072,19532.53830084042,1738.641130630078,59.0,114.12305750253779,8.0
25073,50213.10673029724,31175.002500279577,60.0,123.16480980630183,8.0
25074,59058.53705526755,8262.533134226855,60.0,116.87190755831233,8.0
25075,49153.33842994341,3540.625018743573,56.0,118.87744640805414,8.0
25076,16665.22141585916,924.9174084682013,44.0,113.04771569706298,8.0
25077,66701.99328712738,4301.914435725979,399.0,136.21061814997836,8.0
25078,37651.756827536796,22736.253942821935,96.0,114.31737544279622,8.0
25079,38003.528904928884,735.1999960028071,66.0,124.15310609677466,8.0
25080,34303.17921554735,21296.937771050183,99.0,115.8240183124579,8.0
25081,54141.55330443829,3540.376391262971,246.0,131.38453329594245,8.0
25082,25315.75047791293,15741.91401620297,155.0,119.27197309714836,8.0
25083,19479.517117161045,4682.8506640678925,24.0,107.67527994508683,8.0
25084,17402.20450796816,2883.7134284819517,89.0,103.05955327908379,8.0
25085,17288.02566181581,925.0312930495277,10.0,110.53229775588937,8.0
25086,57575.32256048978,1989.713839389153,37.0,120.60923735134571,8.0
25087,15088.912337623098,7544.337309308013,60.0,97.56507559589008,8.0
25088,34019.683129534606,738.0798786882859,62.0,128.43019188300482,8.0
25089,45934.56226580097,18832.788968538614,151.0,109.14186377117612,8.0
25090,33933.3397819248,9595.71268734331,139.0,114.85452132508398,8.0
25091,27284.864628239022,10980.881786780192,111.0,117.95980018752448,8.0
25092,31070.72886892844,11092.757981440609,68.0,112.82000276823811,8.0
25093,32730.505148610264,924.9919549536359,2.0,119.24104036553096,8.0
25094,46566.95045972421,19179.187704557873,11.0,121.79342411677072,8.0
25095,42161.20443489087,25123.569947532116,113.0,115.09769748282035,8.0
25096,28836.869687138285,13266.32790078651,199.0,108.79154152916935,8.0
25097,36237.31336221775,1989.8912960625012,63.0,126.2275686087568,8.0
25098,30798.02915379614,10960.639305562636,101.0,118.96302306422943,8.0
25099,34537.653428693826,14883.698826383512,273.0,126.27237081213428,8.0
25100,56577.22311681226,5747.426322612781,55.0,117.061402469324,8.0
25101,54651.34033128114,6475.020174867819,108.0,121.97322056830498,8.0
25102,43770.32250745499,39174.00199349107,-8.0,111.37268324931868,8.0
25103,47482.0633725794,2368.7843999546894,53.0,124.27741464331244,8.0
25104,35391.73650630149,924.9239667173426,32.0,116.84053117659082,8.0
25105,22335.642800038164,1181.328125070485,151.0,124.03473117806618,8.0
25106,36568.12499696086,1743.2817822803067,13.0,116.48659262702341,8.0
25107,30743.595902392157,7435.8098319675455,105.0,118.54249220865583,8.0
25108,45782.63012173397,15065.31937351287,85.0,116.26866906299163,8.0
25109,20781.06558276371,1182.7640389665635,80.0,123.20116859526306,8.0
25110,34851.054896934016,2870.0502821023692,166.0,127.34756136256198,8.0
25111,33427.41167996862,15792.65395105819,169.0,112.96330634449748,8.0
25112,26590.738771813198,1473.6929816493885,67.0,111.90499315250457,8.0
25113,24842.68716361532,2366.662140836674,40.0,117.54747847050032,8.0
25114,54613.192484426414,5777.952041628284,304.0,131.5900946544135,8.0
25115,41523.60717324318,27116.205888553868,-142.0,120.58870396710932,8.0
25116,46040.8426903013,37587.34970195991,372.0,129.80187241944066,8.0
25117,9220.032598726984,8643.609126341677,-262.0,91.74243235319938,8.0
25118,38468.24683060567,735.8375403227228,70.0,114.05322060632201,8.0
25119,5477.094484013734,3796.1318974781857,64.0,104.1703085182312,8.0
25120,44880.666031773486,738.8779779179152,102.0,128.50925778113333,8.0
25121,47862.78651264101,39409.343584782226,368.0,130.0857967510821,8.0
25122,28428.1488384666,4116.82203645353,60.0,114.5738530818718,8.0
25123,49607.75147551352,1184.7696462230322,128.0,129.1519335782781,8.0
25124,55995.92523884376,42715.916516416764,153.0,124.35001567464167,8.0
25125,41407.42482087715,8555.254371251449,19.0,114.28989593316702,8.0
25126,16188.204115047454,2365.3545250560396,-2.0,103.98929478995755,8.0
25127,55253.992022326056,1180.6270070683227,74.0,125.48082891095248,8.0
25128,14658.21145326309,14188.210137718494,-66.0,102.44113132437526,8.0
25129,53479.490277132754,1184.7310806026499,33.0,130.66518187692407,8.0
25130,41656.873005272886,21706.689020498514,133.0,121.57879234903871,8.0
25131,45672.457940817854,28653.981168575356,183.0,122.35923555687305,8.0
25132,6516.194874765734,924.886095061402,10.0,97.17043882330083,8.0
25133,19412.906259880045,10591.16456276798,78.0,105.17665983952777,8.0
25134,42469.34221699377,27633.065792286077,198.0,111.86385158204617,8.0
25135,33370.25585498464,11631.466267816497,88.0,110.53217926399614,8.0
25136,34136.22937566507,21908.462425432277,242.0,113.00549694128742,8.0
25137,28643.36014733191,12547.653196607604,486.0,120.84999526759785,8.0
25138,44188.202127170836,26734.00105472868,109.0,118.54107037603059,8.0
25139,65090.74838605474,1993.0026684757834,27.0,121.26937381967439,8.0
25140,59587.781953802216,11634.875033537364,425.0,122.80954453045089,8.0
25141,39092.21032540161,17592.98652854871,139.0,111.25316758363016,8.0
25142,16627.841610489053,8314.947817833186,101.0,99.4836945695491,8.0
25143,3086.020570261383,2394.197473030628,-5.0,89.2793517135124,8.0
25144,38912.05216179371,18531.46238002502,71.0,121.0019623290949,8.0
25145,49009.395362205025,9512.297703686829,18.0,118.73985393040147,8.0
25146,23636.81078188551,2392.4000497088805,11.0,115.76020036723602,8.0
25147,54162.04214127016,47503.1565635623,80.0,116.09595281556331,8.0
25148,45066.138891667004,1181.0658535802766,52.0,121.30234034330435,8.0
25149,46371.24714422697,19062.33705489008,380.0,121.33310477970565,8.0
25150,32572.324676251075,1182.6896109428694,182.0,126.79761140890466,8.0
25151,47894.82812289034,4108.511819251761,413.0,149.94184994213737,8.0
25152,52272.829075828464,1185.1975122127528,48.0,132.43749686288075,8.0
25153,46124.254382374886,6837.152388383322,130.0,135.60221826509508,8.0
25154,41276.59780374757,1737.7846477760022,192.0,129.47945521833924,8.0
25155,41602.831052434674,4511.821224722066,258.0,126.34421879795107,8.0
25156,13481.146324221954,1182.7474531460127,36.0,108.59826608842808,8.0
25157,29003.80293134122,9952.68116779722,45.0,113.43925012304511,8.0
25158,23008.823595353675,8914.75158229613,98.0,106.70180164239049,8.0
25159,43886.43683825537,2206.642218418325,331.0,133.7322093670992,8.0
25160,16333.006347284881,1183.2218593319974,6.0,109.10464964634807,8.0
25161,56443.135060521,924.6972920439187,39.0,135.45356266700415,8.0
25162,32455.359397066986,924.9798184834596,139.0,127.39560745761659,8.0
25163,27815.35567634743,738.8930076425213,87.0,126.54329362424357,8.0
25164,20821.457411934945,1990.6266356628591,131.0,120.48779509527478,8.0
25165,9259.753604443616,4789.015208714231,48.0,99.25623368847344,8.0
25166,15014.27823392328,1738.1415457337312,107.0,117.90659666620721,8.0
25167,42809.46034597207,31995.824022588007,382.0,128.88631662549437,8.0
25168,48639.31821657553,738.6012865568453,61.0,135.30442613662146,8.0
25169,55417.45893531183,44830.26582744243,294.0,130.251314851574,8.0
25170,39778.99548098092,22836.79456341227,145.0,112.52162836258832,8.0
25171,56359.23664848252,16584.79573919357,61.0,116.88812674360076,8.0
25172,60481.7339632065,3144.6005405555666,209.0,132.84882046250658,8.0
25173,46183.30241945942,2400.186803471048,282.0,132.5189843329955,8.0
25174,57626.02712436705,41301.45883363111,120.0,124.33805101720876,8.0
25175,44357.98845042057,9803.995451262213,36.0,116.7093661066229,8.0
25176,34967.615940224154,3483.3701364246617,87.0,118.52120649717538,8.0
25177,48232.04003774478,8273.505466693385,76.0,116.15041642395065,8.0
25178,16794.55717478119,924.9732252814371,94.0,118.520395274929,8.0
25179,54880.71635755599,48220.387237811185,80.0,115.90768699862946,8.0
25180,23414.948465408484,924.8789057074589,51.0,118.61601855262032,8.0
25181,25331.36085133521,6517.947416511695,93.0,116.59654227495543,8.0
25182,47482.82613856302,1180.4464636431594,6.0,120.11543758059624,8.0
25183,40373.270510072645,32064.630352371125,116.0,111.20664426016899,8.0
25184,58830.64856600241,732.6866134473581,129.0,134.25021712381493,8.0
25185,25907.477671545596,9248.771861391055,115.0,117.10977588440053,8.0
25186,40173.998250240875,737.7259222848587,101.0,127.89015109317319,8.0
25187,23504.93350188438,21536.441106895923,93.0,106.58887203386445,8.0
25188,37243.79015817416,734.4469844950063,202.0,133.0542151255474,8.0
25189,23524.962306633573,924.9229521377481,24.0,123.06784613618132,8.0
25190,56350.133508754734,924.8092506951774,49.0,123.8585984262529,8.0
25191,37618.169724851294,25320.597912868452,64.0,116.4667184067535,8.0
25192,47772.59104200196,13467.55435637354,3.0,123.61448783438533,8.0
25193,44274.48360456349,1475.247864694005,7.0,126.90629292087041,8.0
25194,25145.58409829516,7435.833631707215,57.0,117.61057345743495,8.0
25195,35410.99801064375,4421.179337931128,95.0,118.80799663399227,8.0
25196,9029.646089028156,6692.4716356731,26.0,99.93585962424659,8.0
25197,13769.336201591703,5479.8693900926,102.0,100.04871239860748,8.0
25198,30168.93672775089,1743.1226902471121,22.0,111.30513187761018,8.0
25199,46088.82066035909,734.0951902827403,159.0,134.09796687647426,8.0
25200,10467.872460201912,735.5875549408165,72.0,117.6582998268477,8.0
25201,54996.10164772699,2360.6067256263154,128.0,117.98113549492675,8.0
25202,19706.97766277256,8313.968466876677,0.0,106.68531921390422,8.0
25203,19645.532827987434,1849.8578136206825,9.0,121.00310593909104,8.0
25204,43876.37359404002,1180.6174260274888,35.0,118.79795474435623,8.0
25205,65142.49193648576,58482.504013366895,80.0,117.17728448938591,8.0
25206,34821.523886368974,737.3874915492962,160.0,130.05362958973296,8.0
25207,58519.083344501596,1744.5394570884127,143.0,136.677877179905,8.0
25208,54012.23955910733,52021.18866365565,-152.0,110.63552093799782,8.0
25209,21379.318261142296,737.6787963337375,109.0,123.38341985887772,8.0
25210,45143.855029724866,1181.1306309205013,100.0,128.8717135371839,8.0
25211,60121.51702353841,1989.0247289118577,312.0,136.214744795814,8.0
25212,28056.250888193674,22591.624871683078,-4.0,107.9589647239819,8.0
25213,12557.047640073702,4419.595348525263,10.0,103.41867014814214,8.0
25214,13874.086117570714,924.9106251865397,16.0,106.61837871201003,8.0
25215,52718.96981051664,924.9341916193918,16.0,116.70618348745529,8.0
25216,44923.54920162388,733.047885027352,147.0,132.81958748302975,8.0
25217,33561.591334560515,12675.402895945297,51.0,113.72729059172673,8.0
25218,40820.2542533835,14938.884577420558,312.0,129.14811365484616,8.0
25219,52796.85005831331,1184.877661413945,76.0,127.54658872219333,8.0
25220,35255.59702156736,21532.01344774123,86.0,123.86076081721325,8.0
25221,22251.107889415453,1474.1809033819814,48.0,113.90901757260971,8.0
25222,32610.648380462706,20802.85512080605,-73.0,111.86118094312434,8.0
25223,43614.75675475607,30334.70542398475,117.0,120.90150394104306,8.0
25224,26862.41351409435,10200.454645780976,104.0,112.12670316859924,8.0
25225,25885.82696408842,13328.026236031568,40.0,122.07376691400913,8.0
25226,45037.23563069569,734.330973260386,144.0,151.83439523877618,8.0
25227,15188.054540675445,1182.4815965138257,162.0,105.96108535407136,8.0
25228,37904.098119133065,1181.273274860516,143.0,143.61345892716378,8.0
25229,36439.45325205396,18732.695179594004,223.0,124.17907693851994,8.0
25230,57807.939636724404,924.8884910463372,106.0,130.0813861708806,8.0
25231,53038.44190702972,9201.604305592471,496.0,133.90313019046104,8.0
25232,35653.39379800413,17037.682007934658,198.0,106.76669768922463,8.0
25233,32882.91471559173,11991.919176683354,51.0,113.47131935433801,8.0
25234,40449.1295447575,7501.471428058153,238.0,125.17625401202201,8.0
25235,24277.178083389077,734.9739981682332,49.0,121.3584339410278,8.0
25236,40481.61605247027,1180.1797345923615,144.0,128.57284190137756,8.0
25237,25616.460237476727,1990.5787845187165,222.0,134.1803674270071,8.0
25238,49383.29567833243,4738.102300960825,84.0,126.50229854015183,8.0
25239,27757.070592093518,1849.8178450197315,63.0,115.56480422266092,8.0
25240,22484.48439202555,10380.448925157456,174.0,110.72326635280396,8.0
25241,9100.655063770795,1990.495622064973,22.0,112.66957247248452,8.0
25242,36170.13193876991,1180.6217605392098,193.0,141.33796817973905,8.0
25243,52645.591214173925,42689.835436325695,399.0,131.96702809130522,8.0
25244,57990.76193328233,1179.181501885458,209.0,128.40646160101446,8.0
25245,31757.037528546116,29427.09174276792,-62.0,113.33992740790211,8.0
25246,36106.79162000782,19251.14105283871,71.0,114.96907698152573,8.0
25247,34947.70323275203,4124.701861090435,174.0,109.90337786587793,8.0
25248,11113.79422971066,2880.565667217115,17.0,101.58587278043562,8.0
25249,42706.038078297875,925.0429646541722,182.0,131.85161206872408,8.0
25250,31677.150550857128,1181.5549357447,97.0,123.10469290634737,8.0
25251,36352.063614706516,3482.582997133316,156.0,119.31447196623672,8.0
25252,53698.10392923109,8072.418400823489,41.0,130.75015605088868,8.0
25253,21266.71665456608,736.6712002571171,76.0,119.70503210754785,8.0
25254,36847.95694122258,13464.949495579787,207.0,127.77171974708659,8.0
25255,21398.558525047578,3772.008933156705,240.0,105.49408346211531,8.0
25256,31994.65994356049,13465.509161996242,131.0,112.72304704134964,8.0
25257,39249.68829993734,20799.006946566864,163.0,121.07501432880441,8.0
25258,33574.38394939454,1183.5621237093003,19.0,119.6578137317359,8.0
25259,53566.65416212721,11500.658189672517,233.0,127.83354881923191,8.0
25260,53716.19941764982,924.9881361052561,11.0,122.34988093332899,8.0
25261,12923.868419665829,10962.179431827253,56.0,99.90388911842287,8.0
25262,48987.468580244335,8290.804573835883,63.0,117.90428158302998,8.0
25263,36417.419512052045,35248.194271789594,-343.0,123.43752362116115,8.0
25264,61033.39414876969,48238.54714176839,87.0,119.05052434434508,8.0
25265,18457.71016280706,6930.07497824442,-81.0,101.42599669472378,8.0
25266,16874.53259916118,1991.278387782443,79.0,122.02054978800001,8.0
25267,38119.42342939366,924.8804870421669,26.0,114.34905341545092,8.0
25268,23644.579459528173,12557.327950180514,-6.0,109.4957119035825,8.0
25269,38461.8021768001,24202.981962615555,2.0,116.2745096621643,8.0
25270,26001.219983403927,1181.2718616934312,43.0,114.97340739067248,8.0
25271,48978.51709766473,1180.3845580614477,76.0,121.38894465657229,8.0
25272,40488.91286818378,7362.742178970521,26.0,116.51408384272324,8.0
25273,64795.82192918136,1989.863980750223,2.0,123.16687687317093,8.0
25274,44847.901435066655,2396.3388822683214,327.0,133.44487409613873,8.0
25275,55322.78400213705,12946.603198733592,33.0,123.9480456947477,8.0
25276,51164.35832889716,924.8757848294866,52.0,145.6145445692453,8.0
25277,49134.73021345282,2360.749838599572,64.0,129.4079056751115,8.0
25278,48981.86474135239,13024.84847609174,118.0,122.07435402888294,8.0
25279,34400.1399869333,13756.471410570392,45.0,114.54397161867814,8.0
25280,24026.636719852897,736.6881387741868,9.0,111.43887941442371,8.0
25281,42702.941477222805,5773.39500987775,117.0,129.17842856755868,8.0
25282,10434.632434859683,736.7148103463556,23.0,105.6418545706068,8.0
25283,40340.909647465654,1470.5925647393856,130.0,127.02215658984308,8.0
25284,43962.59510496888,4855.416260353701,46.0,111.05892062126915,8.0
25285,39314.53047741628,1183.4229867055963,131.0,128.93576231971235,8.0
25286,36300.820564249065,733.5614726756286,144.0,130.90677634014276,8.0
25287,35239.79393663219,6169.857346708901,16.0,119.02202136315545,8.0
25288,23638.580129146718,2362.402186722541,16.0,110.5604652145604,8.0
25289,53741.758204748134,925.0274218357558,37.0,121.25496523061702,8.0
25290,15577.186134100717,736.1710313634414,146.0,122.35999566743712,8.0
25291,21936.956255644614,17889.937561482064,23.0,106.68183735410764,8.0
25292,49727.269545354466,8290.739227623588,61.0,111.256880353235,8.0
25293,35215.69587706445,924.9497047699138,45.0,117.76743769221113,8.0
25294,23649.675185564003,5851.5246058544735,19.0,115.39642210834985,8.0
25295,35765.330887827586,28221.314943045803,-44.0,109.38756537437837,8.0
25296,44974.924573879594,44409.50060363426,-479.0,111.03417464087894,8.0
25297,5125.271653599627,4309.15308334221,-13.0,90.14240214704307,8.0
25298,4512.106385422666,2394.0703698892185,11.0,91.55378763650656,8.0
25299,48935.13456768965,734.3251019876932,115.0,131.18481604905804,8.0
25300,45680.123007819406,3772.9847008769625,68.0,122.96081650140175,8.0
25301,39051.62529376789,3980.3629157173623,47.0,116.72017320015864,8.0
25302,58730.663305070266,50452.31458678307,153.0,111.55986061800498,8.0
25303,45511.34098182217,734.5237813067704,20.0,120.20836043660243,8.0
25304,40905.07741310052,733.8025128051482,117.0,129.90379658794683,8.0
25305,5741.909680940472,3772.24305702925,-18.0,92.20324415737423,8.0
25306,53316.30589752562,733.7467465299504,143.0,134.25952449735098,8.0
25307,32471.56429004017,736.6314831683036,18.0,120.90309816123019,8.0
25308,41227.171294532774,23843.284149988373,71.0,120.25190602066799,8.0
25309,46078.01153107497,43713.12819966062,-81.0,116.58111057357473,8.0
25310,25909.035636849494,3699.92888621442,45.0,114.97324300569035,8.0
25311,53814.628569777255,42207.231986862156,190.0,130.99177286641762,8.0
25312,43858.38795090278,734.7543791916839,102.0,131.81418181273787,8.0
25313,45021.31626719241,19090.875922597083,139.0,122.23734474528,8.0
25314,7964.363653238522,5973.255327399754,55.0,95.70524951215219,8.0
25315,47440.92039060735,35749.35244977829,277.0,114.20462614370793,8.0
25316,38042.723073001944,19923.052482776013,126.0,112.67613447144056,8.0
25317,29781.971497900002,1183.448037773775,33.0,126.25204252582459,8.0
25318,56098.22612130718,13405.105111953288,72.0,125.3253368854254,8.0
25319,25824.169400317565,6687.216498235238,122.0,113.07859176647854,8.0
25320,29577.675685403963,21299.102879512047,153.0,118.7874598842361,8.0
25321,27086.104651465652,6929.392424641699,157.0,108.91497333660391,8.0
25322,62317.72690187162,5203.648342324745,422.0,135.3614178092074,8.0
25323,56640.72135451475,37020.876389848774,190.0,128.9752940195076,8.0
25324,62888.27788611009,4037.165872092264,128.0,126.16470172780838,8.0
25325,43825.827737377134,1181.674049073063,121.0,138.05957152785078,8.0
25326,47415.24103869927,1742.7513993271457,100.0,128.33442074329028,8.0
25327,39512.61179539443,25415.215122907062,-140.0,109.60670261732689,8.0
25328,14399.107842169218,9799.276154431644,52.0,100.25343272615265,8.0
25329,50113.62935300791,1180.111713785987,28.0,128.67535529571376,8.0
25330,55957.183856421194,2359.400538812888,85.0,137.58678980936105,8.0
25331,41183.84458208909,734.8414606850599,17.0,119.72071920792088,8.0
25332,41433.47112277679,2390.9631625087486,526.0,118.22014629134844,8.0
25333,39266.341385301086,733.8087942029324,91.0,133.0790744543253,8.0
25334,46136.61340612892,2885.688869073083,278.0,123.25373426387938,8.0
25335,39017.095118800324,5886.505523399778,390.0,132.18419180250902,8.0
25336,59195.827956788045,52535.72987693181,80.0,116.44821912253457,8.0
25337,34419.65007995038,14871.70273915412,241.0,124.38779443939538,8.0
25338,31942.091298766034,14200.658914473961,115.0,121.23316542767397,8.0
25339,51843.36965129621,734.3961742150822,83.0,131.0253330856025,8.0
25340,36934.064942481295,15547.309059083189,280.0,105.51844213406878,8.0
25341,43193.53520540154,737.445510038454,200.0,133.92520997158687,8.0
25342,27367.44172043691,1183.2893478629524,19.0,111.67649963571772,8.0
25343,27459.43987515573,14670.547264003155,87.0,113.64418688158165,8.0
25344,33298.26853390117,924.9363000268617,43.0,118.55236964649409,8.0
25345,37260.72869361689,1849.8384598218745,22.0,115.09942911307097,8.0
25346,57663.860577459214,12581.885432762514,28.0,125.68695441885043,8.0
25347,50995.60921181806,3771.767779435345,58.0,128.31613222202736,8.0
25348,46270.661994275324,5549.854320723928,251.0,128.08634935145272,8.0
25349,39333.538030769254,6169.230260513365,48.0,111.59506499606165,8.0
25350,25624.507915977836,1991.9836472822522,86.0,126.49138088117259,8.0
25351,64793.94197997996,19685.679671287067,61.0,122.37502232174039,8.0
25352,32229.51210197547,3470.8060619745293,247.0,136.75848523850598,8.0
25353,47424.41266213108,12157.422865685496,-11.0,116.3341399929779,8.0
25354,43530.2116953767,19195.488784063833,139.0,113.78833668872286,8.0
25355,12367.048645370547,3089.4011236677616,26.0,106.65056781784452,8.0
25356,40283.959151832976,8886.29709217926,127.0,119.42070525670493,8.0
25357,64985.72020558194,1178.88347574048,249.0,166.81264020077037,8.0
25358,27519.220418329744,10671.901073030072,105.0,108.502877973715,8.0
25359,61821.83147846059,10662.050810721943,53.0,123.49037296119106,8.0
25360,20361.52037871995,8750.006003331959,19.0,106.38422533934745,8.0
25361,21046.84228350703,6961.760189465038,-60.0,103.05426644374546,8.0
25362,40752.72080701898,1741.686519871652,79.0,123.50632401665419,8.0
25363,28901.13894358577,7720.014863769053,225.0,130.04605784036815,8.0
25364,18063.9532064016,3088.6549348268995,21.0,107.94911941435139,8.0
25365,63111.806702797236,1992.1336026080776,197.0,126.81652433852622,8.0
25366,52964.6694898178,2359.8822628053836,276.0,130.03954813776477,8.0
25367,38111.72668279503,2208.6148476861244,26.0,110.42088713045202,8.0
25368,33903.54330118247,13262.862616759234,101.0,106.64925994680732,8.0
25369,28682.19758075371,2774.8352250717544,217.0,126.40283682399357,8.0
25370,40289.946500993676,1736.358887485969,93.0,121.7766034401886,8.0
25371,50224.08819976036,8772.198653693571,61.0,110.57860041944373,8.0
25372,49279.306888667015,733.9299167444506,187.0,136.0110324488793,8.0
25373,43749.85212491638,5211.970766920449,61.0,115.25282321134331,8.0
25374,69121.08717024761,740.9498863434223,134.0,136.28565110909625,8.0
25375,21444.41126892462,4420.85323850674,111.0,115.9679641037415,8.0
25376,53682.431883135374,739.9314468812322,29.0,123.73364976947819,8.0
25377,60079.147165224495,17382.227989357612,72.0,125.85719425474593,8.0
25378,35758.15964736697,31172.053909821792,5.0,109.82344680679711,8.0
25379,16429.241309362264,735.8427330039235,9.0,112.57026069714016,8.0
25380,51377.48310781424,1989.548188869113,157.0,129.45005879931324,8.0
25381,34275.49304851712,2397.8065779619787,198.0,123.75670743959756,8.0
25382,57604.95447670276,5475.910590005109,29.0,122.06739416165962,8.0
25383,21890.055756575777,8613.417515143023,137.0,114.5503678602537,8.0
25384,32439.25973970721,7599.585690910762,51.0,119.46805492981598,8.0
25385,56504.14327323016,2874.048617719223,67.0,123.14726797651167,8.0
25386,12350.224008834335,4513.728963895647,74.0,99.33814880523974,8.0
25387,25843.27523887904,5472.476378164303,71.0,110.88577138287518,8.0
25388,52550.23159591898,1184.917391180831,12.0,123.56648177037664,8.0
25389,38845.9394720035,3699.5948899376185,53.0,112.84826971645415,8.0
25390,16525.27198991699,2362.789882378392,125.0,125.33883844593238,8.0
25391,27903.984025181453,9278.592983487875,146.0,112.42635846902573,8.0
25392,31448.39716242076,925.0448495381127,38.0,124.95933564721506,8.0
25393,58393.394186066274,2873.291011135751,525.0,139.14258488876527,8.0
25394,20401.349539773284,2774.7929892106577,73.0,114.64384133603494,8.0
25395,26067.203648161067,11988.231540353841,40.0,112.73729060688052,8.0
25396,22510.135190885343,925.0449226988916,63.0,117.70027920606591,8.0
25397,54830.98933651706,1989.9863609296824,33.0,127.47949487710437,8.0
25398,53280.48176425275,925.0149606902323,120.0,130.2679359694587,8.0
25399,23588.897134447652,8102.500177187088,175.0,118.78295865906645,8.0
25400,37516.82435138962,737.0721303169781,74.0,120.34156178541284,8.0
25401,57855.124419460626,15681.448879978914,72.0,122.77558226737904,8.0
25402,38310.520827824155,18076.55572473322,71.0,113.43975007619548,8.0
25403,31983.985748924195,3771.727684659467,299.0,128.2271743929002,8.0
25404,24167.559137082826,924.8822954811175,202.0,128.37145775971499,8.0
25405,31896.816996016503,11400.306466016726,3.0,117.09482356638809,8.0
25406,30332.190610024365,20823.858513387746,344.0,126.63429742596138,8.0
25407,50077.46243558217,5751.390017349858,640.0,115.74633023015434,8.0
25408,50618.319922386465,1989.4710016466524,170.0,132.23180201456051,8.0
25409,68197.35156427843,11399.925084514629,203.0,128.18118300406599,8.0
25410,45066.25027737533,34880.49977287884,91.0,114.49601748452677,8.0
25411,50835.94535089494,35804.79775424427,35.0,118.32772817696629,8.0
25412,38639.24066782406,24542.533262296733,163.0,118.75981358394587,8.0
25413,49014.78296905297,5742.863774048164,61.0,115.01438557042542,8.0
25414,42401.26716002148,2870.3761753172803,56.0,121.20054894873424,8.0
25415,53663.35848373136,35152.7350865699,286.0,117.96961299249575,8.0
25416,46341.72678817468,22289.136103664736,15.0,118.58618606116775,8.0
25417,28008.91568213155,11051.091416098172,32.0,124.07289158107343,8.0
25418,51798.6722332798,733.1032581764657,80.0,129.0109397499508,8.0
25419,13388.880832038594,7447.141536050867,6.0,102.53235809829903,8.0
25420,42254.717498463826,1472.109470175609,142.0,126.82283734019308,8.0
25421,15792.612242190578,5598.397709869355,169.0,117.08120820795313,8.0
25422,45048.53296141205,7725.311239475396,76.0,117.98939245454409,8.0
25423,31899.2605281887,2361.335294378856,10.0,120.50622362241248,8.0
25424,51737.58964054365,1179.3898620674756,92.0,141.24699993670953,8.0
25425,20689.529795489463,13278.63044870995,147.0,119.46331850089612,8.0
25426,52647.1368339068,31304.479463904372,353.0,116.30473662855327,8.0
25427,34292.623083222345,924.8399355606606,23.0,112.37055014975036,8.0
25428,53375.32754386409,5968.814988099686,74.0,120.85040289095996,8.0
25429,41610.47504697681,1180.8447797098634,20.0,118.18327360320247,8.0
25430,27421.27780528244,3142.3899538903993,106.0,120.37982419020523,8.0
25431,42496.78398738594,6166.498839020979,256.0,127.62021356264034,8.0
25432,51552.71834356485,17673.980545568305,164.0,112.33298867461383,8.0
25433,19206.826758377432,2365.9784437430394,106.0,115.87537191870608,8.0
25434,60509.94278043132,1989.1997516000329,146.0,139.9839869277702,8.0
25435,23304.356354389398,22582.9204936963,-419.0,100.1255219813798,8.0
25436,43475.91315671222,8323.770168290246,147.0,119.54885039666686,8.0
25437,29306.050800090798,19061.605760253482,204.0,120.67820237460965,8.0
25438,22076.28374368134,924.9838246956607,22.0,117.02884408000563,8.0
25439,37584.55752450887,15261.024194198826,508.0,130.99986521584393,8.0
25440,41855.87531470471,24228.351743544878,100.0,112.5020382916563,8.0
25441,23117.967007959163,2396.9727075712963,182.0,122.86670855387963,8.0
25442,42201.513948789914,1736.0881670862782,425.0,121.70271647452238,8.0
25443,53587.08256668358,3984.697223328799,57.0,128.08921650248223,8.0
25444,40901.68099254326,2361.3007736857085,45.0,118.8397980099512,8.0
25445,44666.708305399035,20387.93731219888,177.0,116.98564355042376,8.0
25446,11070.16985673851,5857.464986170741,87.0,96.87806271535874,8.0
25447,47014.27323798934,739.3267178724236,152.0,132.78394037418138,8.0
25448,59873.45511694268,17595.30068223058,475.0,132.13261948495568,8.0
25449,63006.23209015947,1184.690991797838,51.0,129.5565375049936,8.0
25450,22787.21073544407,5222.616182796928,133.0,113.92423291632788,8.0
25451,42000.37714897962,736.6470466548335,43.0,131.16271016517464,8.0
25452,51222.7125378377,6911.8003201835145,597.0,116.54193178877979,8.0
25453,39683.853733042924,22634.80827678797,256.0,111.60058110611519,8.0
25454,46594.24491835952,925.040470219566,74.0,125.71389175518877,8.0
25455,7591.154407065001,3087.2817961290725,0.0,98.98964363446984,8.0
25456,42744.44848928955,22797.326313629685,133.0,121.79717382120886,8.0
25457,59685.34957055628,18240.95238565023,61.0,112.30473952017137,8.0
25458,24449.39874114125,924.9056671707419,71.0,118.52887355824386,8.0
25459,45837.42634165022,4315.062896425482,22.0,124.70991049954586,8.0
25460,67309.48181331223,59033.26705500519,153.0,112.9246990925726,8.0
25461,38680.33202480328,924.8661839247646,78.0,130.70773438525626,8.0
25462,53293.20323373086,2368.3403721508685,86.0,124.36969424009227,8.0
25463,36140.29406072719,1849.8578523712945,35.0,119.24534528519546,8.0
25464,32434.451455508766,31817.8447361963,-286.0,108.5366402242378,8.0
25465,37719.46182035935,17952.729598481983,70.0,123.05485191375274,8.0
25466,34994.624536850846,18899.554583229055,391.0,129.13419578347035,8.0
25467,37375.8732290509,27128.720952399635,200.0,122.26823743607459,8.0
25468,20388.094295180726,18649.732860749944,23.0,114.12135136380103,8.0
25469,39065.152190599954,28247.44010266816,370.0,128.15419637697698,8.0
25470,36538.602746600925,1739.8969298586892,237.0,136.3346638138767,8.0
25471,58220.46773546392,32262.93850342996,88.0,120.31369063440971,8.0
25472,38295.95534856475,31110.617249931296,-203.0,111.87084503399254,8.0
25473,21905.557689706304,12351.121739395676,193.0,104.06024621380782,8.0
25474,28670.53695735107,6663.144802934404,229.0,105.87304960509677,8.0
25475,14848.630654165405,14118.302018412964,-61.0,100.42008050322498,8.0
25476,21627.598832650106,4519.128849761628,156.0,118.67125189446502,8.0
25477,52345.67718244131,1184.3346982796122,18.0,120.26875423713113,8.0
25478,45807.70643653058,1181.6740763492653,15.0,120.46553207512834,8.0
25479,20404.168085883754,924.8056629540832,39.0,120.33855098563282,8.0
25480,43315.54325317899,9948.953701326209,139.0,114.46798749571282,8.0
25481,29590.53318186688,737.6651811600781,63.0,125.5877789443448,8.0
25482,34589.71135397582,1740.5324782199536,75.0,116.84578533217405,8.0
25483,43201.700920036856,4784.725509653472,320.0,130.22346317739402,8.0
25484,60104.26967672169,43082.93933015516,183.0,124.69743578898942,8.0
25485,52079.51039502661,1992.2097687445378,34.0,118.44162280953097,8.0
25486,14798.846181821285,12808.346458871993,-8.0,98.58596011166287,8.0
25487,41155.65779930812,3802.2954690328984,186.0,126.21346585279214,8.0
25488,63960.05742211826,57299.88422288834,80.0,117.0584463223991,8.0
25489,38527.02714310929,734.5331669372329,142.0,131.5907003370126,8.0
25490,36165.30243785222,735.4292588713845,95.0,126.25904811127063,8.0
25491,54799.13056435138,35797.98876035798,84.0,123.90910359586881,8.0
25492,53667.9339208851,19438.433238260204,220.0,123.15694313709096,8.0
25493,44241.23545971878,2361.33483980831,3.0,120.90604058439145,8.0
25494,18314.444048260262,1182.766285562985,149.0,118.45306242693002,8.0
25495,37622.020634113,1473.3009521557383,29.0,116.71736045529835,8.0
25496,20062.718408208748,12646.092801563707,130.0,118.96910055492343,8.0
25497,10200.705812385208,2774.7617706631827,39.0,105.17737867330285,8.0
25498,9790.45854653438,1181.774345856729,14.0,104.02843650922587,8.0
25499,27133.787102474413,5213.162234544416,291.0,132.94767932995046,8.0
25500,46380.38697809108,3985.0874367372835,36.0,123.46852544055179,8.0
25501,41641.41810339,16146.326475553918,318.0,110.2623650922587,8.0
25502,27146.093750863034,734.7080343514696,11.0,116.62163758714267,8.0
25503,42100.58558834734,3081.550851770362,512.0,135.85810081209402,8.0
25504,37550.45648529345,1472.3922974264426,202.0,136.4852832694092,8.0
25505,7399.50700614543,2774.8103937680953,69.0,106.27884647319915,8.0
25506,42372.14177538893,6699.330020225243,45.0,113.12127873114653,8.0
25507,54177.819570607666,7828.401261316874,93.0,120.0540027276324,8.0
25508,21286.50201848332,924.9235157063462,89.0,119.87971458232667,8.0
25509,56672.83132223755,1180.1492040921084,14.0,119.42513555823429,8.0
25510,48541.04135098098,924.8472108784123,267.0,137.04184032648442,8.0
25511,53717.70708854681,27432.882577092703,31.0,111.98329361477431,8.0
25512,47863.64009389053,924.9071752282617,34.0,118.54924261844754,8.0
25513,44649.58367007833,2869.8220483331993,72.0,130.7285928800837,8.0
25514,60504.0711385684,1179.5755081886614,33.0,121.43937616244365,8.0
25515,15665.640785545915,2883.769027075851,287.0,123.16542269237547,8.0
25516,54264.0034168491,8290.804573835883,63.0,119.23083348783868,8.0
25517,47714.61639594825,2869.6913271118606,171.0,124.23548983016843,8.0
25518,50571.41745636413,2369.242173724122,84.0,129.69538190531887,8.0
25519,14024.876206232122,11820.970174849132,-36.0,106.29172182830938,8.0
25520,35985.486707675605,2875.3391574275956,176.0,137.02784926402097,8.0
25521,24938.73802427476,4732.39897236914,214.0,123.63871408749088,8.0
25522,52996.616167288834,1184.7256659705777,14.0,122.54366580477424,8.0
25523,44978.14336507315,20641.155861087,139.0,113.80234661646223,8.0
25524,5238.738736513145,4515.785843008103,-6.0,90.8262966554329,8.0
25525,13006.257479623056,3547.7781331011947,-28.0,100.5498208192191,8.0
25526,32593.50974298438,11082.965477710959,139.0,108.76350200250654,8.0
25527,31064.352653771115,3980.60297372715,115.0,119.94469613331415,8.0
25528,66747.31175413869,60089.19367006782,80.0,117.33789656103076,8.0
25529,58888.26168090509,9439.388574899536,201.0,133.36385584587907,8.0
25530,30518.31200210312,18219.419672769833,64.0,114.2458302305444,8.0
25531,43601.760300694994,8882.321534071118,220.0,115.17767293308943,8.0
25532,47857.975089275504,1184.9193856889176,69.0,129.17467125806246,8.0
25533,3086.625159440827,1472.3027294575545,-7.0,87.37805949984141,8.0
25534,30466.81312581788,10638.97431683674,113.0,118.94132741063927,8.0
25535,25921.305237524295,5757.457526991891,-30.0,111.55421429741321,8.0
25536,18681.852920361856,7570.218090357375,129.0,108.1306933608704,8.0
25537,19920.777404139644,4854.321066571117,54.0,110.03964374164676,8.0
25538,51171.37543318932,3771.3292238736403,200.0,137.34388865169322,8.0
25539,33589.81907303392,7436.058272939658,88.0,115.69324211550543,8.0
25540,56176.57042411537,9414.891136415705,40.0,123.27844916438019,8.0
25541,34267.03022618549,2361.4777185289126,85.0,121.0084539295851,8.0
25542,56007.00080249951,36955.46253749524,55.0,121.68572476454422,8.0
25543,49640.26018958614,37539.001444143614,183.0,119.64222781582224,8.0
25544,45654.54886822956,3979.164606819915,11.0,125.93326776037448,8.0
25545,57678.078681727355,8078.149083256138,78.0,118.59629308206252,8.0
25546,44090.662014927744,1180.8304012585193,196.0,154.54170192099014,8.0
25547,32580.737944122808,9278.172051066284,107.0,114.23995150510267,8.0
25548,59637.10757830313,39257.46363775502,88.0,119.84523006532373,8.0
25549,52412.31892969776,39615.14473650232,87.0,119.22285488454705,8.0
25550,33267.95830504274,14046.870401901706,173.0,121.0853918093388,8.0
25551,53849.03028269453,2358.9957379423918,254.0,132.91396259371157,8.0
25552,60838.03213409079,52560.20299954898,153.0,112.4236175913243,8.0
25553,32830.304532768954,1736.7522089848912,13.0,123.52281952942519,8.0
25554,26494.384372551238,734.3202318468185,117.0,137.21789747720607,8.0
25555,40578.987052554774,4112.021747202142,125.0,122.33134868199083,8.0
25556,48328.87095478072,7725.550655144012,31.0,122.77898398936281,8.0
25557,19943.226392054752,13439.853263693469,-45.0,105.94562727304569,8.0
25558,56845.19904603,44057.93120341011,87.0,120.28602908901208,8.0
25559,29858.348430588634,1990.0345424057655,13.0,110.60004119465206,8.0
25560,29441.077234223747,12825.612818487092,198.0,106.19212407331132,8.0
25561,32337.24071083567,4797.581119700119,193.0,117.62158343996138,8.0
25562,48443.02260561263,4851.522525664336,64.0,124.2822072117338,8.0
25563,47865.450695132684,29135.917721461778,172.0,117.60273204803146,8.0
25564,57042.9784282887,48769.73618531381,153.0,112.23439737682462,8.0
25565,37690.09124487127,733.9915019271978,53.0,122.7123956549492,8.0
25566,19237.46363614944,7422.457904937191,48.0,105.41331149841156,8.0
25567,22315.696780161936,1739.0567100016024,12.0,106.95998099492984,8.0
25568,40741.00039866501,4510.980838269738,97.0,120.83425691222553,8.0
25569,41832.212216175234,734.5252435130137,98.0,137.8893170301239,8.0
25570,22307.679436411952,3772.457449198483,313.0,125.65200522311024,8.0
25571,32141.486104231484,12637.129190656759,201.0,135.18128215371917,8.0
25572,32802.61592730656,4040.3059937693347,243.0,127.8113581710069,8.0
25573,64585.78103733856,8605.49623922776,208.0,129.02874602127628,8.0
25574,23113.245630135796,1471.9524089521287,37.0,113.21685065905825,8.0
25575,27814.23702203295,737.9366052074027,162.0,129.54719079203272,8.0
25576,51208.54873213861,7473.011735928186,84.0,116.71568687813972,8.0
25577,28130.300261757257,737.324385805816,114.0,125.30027406041893,8.0
25578,26273.311627601513,7545.414352393499,175.0,119.75272366956376,8.0
25579,48355.094106997654,9283.111278938983,212.0,128.03886079729799,8.0
25580,53476.241570396596,6910.983998428993,21.0,122.5646564651725,8.0
25581,38713.82402531702,2392.331840712353,286.0,131.06999176076351,8.0
25582,62863.41467779843,924.667931153426,57.0,135.56097188825373,8.0
25583,36622.21740484694,924.9902429103876,134.0,151.201967691899,8.0
25584,31534.992223897327,7196.414817390664,139.0,115.81546964935636,8.0
25585,60658.853033700165,48906.75686647803,0.0,128.4361384953477,8.0
25586,61467.14833107199,925.2289799411683,76.0,121.78506757408658,8.0
25587,24273.995621484944,925.0880893622262,18.0,110.70097451367502,8.0
25588,45075.772370679246,7456.64025510829,55.0,111.39282782708058,8.0
25589,12564.920172295264,3981.828146021536,22.0,109.149654735582,8.0
25590,36439.04414065445,16794.729765197386,155.0,122.6055048373759,8.0
25591,43854.97917660805,738.1179745137114,80.0,128.45544210637865,8.0
25592,62745.146502302,19617.397536983153,32.0,120.32543359890086,8.0
25593,44549.28696435955,1850.0070384424844,176.0,129.4191767216052,8.0
25594,22725.674949962,2366.9340781772567,93.0,122.45637002154506,8.0
25595,27826.719404647312,9796.439925557675,87.0,111.65884819881398,8.0
25596,47192.23020006051,12045.925718933793,142.0,119.97227188799481,8.0
25597,42354.84702027415,740.1957235743263,6.0,112.36744734988187,8.0
25598,16789.41861854482,924.9819906298728,230.0,126.80289906413225,8.0
25599,33210.765101641424,1471.368096748601,29.0,115.03852526811914,8.0
25600,48043.9445144212,1989.9220785123794,12.0,115.80587877658388,8.0
25601,47441.90385137559,1184.922763725781,4.0,117.9538586023823,8.0
25602,27138.928346300534,15052.12428835684,183.0,117.30981307840874,8.0
25603,59849.65188649464,732.3616781337795,97.0,134.24620026032449,8.0
25604,50289.35595597045,2869.9678582940955,110.0,130.80841341398627,8.0
25605,58456.08921441914,1746.0923886613255,292.0,136.27569629245826,8.0
25606,51756.43183696216,1180.0743386736542,181.0,134.86000657406947,8.0
25607,18142.658614744454,2396.9727075712963,182.0,120.83825138560849,8.0
25608,14100.499278098048,1991.1271573474928,75.0,112.49326135957206,8.0
25609,53200.215102701135,34131.72257227431,57.0,123.48298624188612,8.0
25610,37034.69438440349,3084.8577415570153,98.0,124.18339942332354,8.0
25611,13286.944814724475,4116.684452894704,539.0,114.16562835970882,8.0
25612,27810.596882159978,1990.6037772932557,23.0,108.86442996048247,8.0
25613,50502.13627062127,24658.93885127067,49.0,116.52032683854492,8.0
25614,25879.038086970675,7961.600964535824,73.0,118.07427557352565,8.0
25615,23965.81907815776,15372.226290021237,-2.0,115.99570488896057,8.0
25616,41355.844091511826,24747.685380936007,198.0,112.15711328337593,8.0
25617,27782.475803086996,6390.344760197902,92.0,119.94747721532761,8.0
25618,44571.773681690065,21188.817673121568,217.0,115.4697892875276,8.0
25619,20705.368812931465,5237.651099193887,173.0,118.84575515608665,8.0
25620,28744.054048673395,737.5703670588127,77.0,123.04872034930881,8.0
25621,25023.396902438955,4852.796887710769,70.0,107.16578515494872,8.0
25622,42857.36249668986,6516.0377389151045,51.0,120.19664670366194,8.0
25623,47146.73279507057,924.7328148946772,45.0,131.47182479510906,8.0
25624,38834.42973468455,15447.741575280945,218.0,128.21059389696723,8.0
25625,41777.454269255235,3801.1948755037015,42.0,111.90120000644843,8.0
25626,62742.859970663194,23694.66701107659,31.0,119.12939486010926,8.0
25627,47027.96530548449,924.7392769699273,83.0,134.01398120209734,8.0
25628,47903.3130103965,924.8426189357127,80.0,129.8708248133309,8.0
25629,7093.527226803238,1182.457394007264,29.0,102.83074017880689,8.0
25630,26546.34657152991,1182.9038035125955,67.0,117.95352933565908,8.0
25631,42833.09762691856,1184.617232626431,36.0,120.56281227263236,8.0
25632,24302.487443549297,3474.5535785710404,3.0,111.51060915897966,8.0
25633,52693.434466775885,925.095132192761,9.0,121.45218813809798,8.0
25634,25125.04763307697,2362.6216300476535,159.0,122.9660914652736,8.0
25635,35260.42052649583,734.537404835834,84.0,125.5847959315826,8.0
25636,26659.811724198782,11761.956273623373,49.0,116.9867155395249,8.0
25637,29441.526355559214,17462.726124763485,-70.0,110.50016604877138,8.0
25638,42473.15242170069,23851.20591200381,198.0,108.89911346728509,8.0
25639,52915.90372276707,41953.05978900331,67.0,116.42092128299868,8.0
25640,37033.9938420289,3542.7807161351016,281.0,129.2015883980094,8.0
25641,48548.462223493385,30014.27070618946,161.0,114.39317432229763,8.0
25642,40378.22628696254,21329.911438382842,83.0,119.1089871665753,8.0
25643,40835.721139668785,7597.936735563017,95.0,117.46905099251593,8.0
25644,36421.347684108,15439.621485167621,337.0,127.46868888194334,8.0
25645,36447.60396478418,10824.118477780457,111.0,112.73086308967089,8.0
25646,37677.32556063341,2398.839518093447,47.0,123.39647818034504,8.0
25647,26833.142215211228,2774.8463015248285,130.0,121.32922758712351,8.0
25648,41881.792771810186,925.0405899722631,44.0,121.2670653696216,8.0
25649,51427.76621008408,8717.274252080588,383.0,120.14844666340369,8.0
25650,27183.23692425024,7543.87058851366,211.0,124.03446113064646,8.0
25651,31425.879719583594,8269.152283425676,346.0,128.46648392203605,8.0
25652,52385.371855874626,14953.267973292137,74.0,121.38937068469234,8.0
25653,53974.46790220596,732.7115685065315,148.0,147.28726275505673,8.0
25654,57663.78151121666,1179.8926759511658,53.0,122.33674417740295,8.0
25655,42884.69967310406,19022.43295734867,130.0,124.97305855559472,8.0
25656,30879.612189763608,11387.547945950851,176.0,106.46538984111658,8.0
25657,38275.60801996279,5965.115635818922,464.0,131.5253237796287,8.0
25658,30806.89221704456,10424.722381355761,-57.0,109.24798509126686,8.0
25659,41811.97656262356,17957.716053899418,129.0,124.9234294665516,8.0
25660,13874.070263335343,9249.373652288561,29.0,108.73579673090387,8.0
25661,25961.493115443165,7453.402466438148,115.0,119.6575296764302,8.0
25662,42170.60115353878,16224.497723054466,23.0,109.00795201785559,8.0
25663,28364.789620671152,4682.672933691155,72.0,107.85871617287827,8.0
25664,21324.051386824583,3699.800430537412,42.0,112.63776969310926,8.0
25665,46268.279198451,4624.25493841062,115.0,114.74020191401739,8.0
25666,57811.68279903284,7436.088730405785,205.0,130.17430461887804,8.0
25667,48371.401241688516,925.0442435188424,74.0,139.89230582826488,8.0
25668,26335.31523077607,3084.1915434463076,135.0,120.48420529296658,8.0
25669,25072.578108195652,23400.643580224016,62.0,116.24084415447398,8.0
25670,55968.31972112757,8625.714415298513,71.0,123.0964254872221,8.0
25671,47084.02850179598,11132.602659896243,156.0,124.09208464776833,8.0
25672,54747.05028764321,5598.323124220371,96.0,124.51233224039176,8.0
25673,32405.78690368993,1181.4895817724664,8.0,118.22049832395577,8.0
25674,53833.13073374554,32200.971051335695,316.0,130.9307110544301,8.0
25675,16548.965643017484,1183.0267850802445,15.0,112.7833184654621,8.0
25676,18781.44102533888,736.9699369185322,21.0,110.34581073952266,8.0
25677,28365.589140034645,8611.508175769522,19.0,110.50474706058618,8.0
25678,49218.72025589624,1849.6217639200472,36.0,121.18961521358646,8.0
25679,37128.137597299705,6696.389402560369,345.0,129.0485881511927,8.0
25680,26526.69521138139,5766.4573361419925,167.0,107.29940152988124,8.0
25681,38996.763639061115,735.7669812329246,132.0,129.3279748283152,8.0
25682,50140.54485410238,3699.7934450722664,523.0,136.61927573419518,8.0
25683,38631.31265874514,21590.08595618113,257.0,111.2046346361906,8.0
25684,46250.82202036809,924.8348890960624,9.0,115.40987904387252,8.0
25685,23945.126286895644,925.0407475924045,12.0,115.96227873249643,8.0
25686,27184.586168105918,18731.853017334448,342.0,125.73933257574384,8.0
25687,51853.13055233626,2870.099736851828,59.0,120.7056139822344,8.0
25688,58822.89797870269,38067.841969101035,111.0,116.6587976014786,8.0
25689,37786.35806966778,20935.52917286479,71.0,115.46595669045782,8.0
25690,31338.6643481801,737.8098078822932,82.0,128.07997169810588,8.0
25691,56881.42577168688,925.1579041164376,33.0,121.17675754442584,8.0
25692,50129.276277787096,8273.991315619878,64.0,124.46501261090427,8.0
25693,47322.24957497735,35231.83576750229,121.0,122.21598585210393,8.0
25694,21210.259040498488,8558.440657980656,32.0,105.56494447322015,8.0
25695,46051.64830568667,4618.3246051762235,280.0,114.85732013335343,8.0
25696,25107.348431038918,13287.308541748143,19.0,110.03631095170206,8.0
25697,27067.406502185317,16112.283970847007,386.0,126.99141862925075,8.0
25698,26018.507398783815,6517.927665673212,118.0,105.53370895227714,8.0
25699,51360.187196156665,3552.83403174097,123.0,125.40159530921657,8.0
25700,43551.073648340054,24766.411242341233,172.0,116.21052476764245,8.0
25701,20295.151683029104,924.9432092650001,35.0,112.37663862935634,8.0
25702,44891.84182656081,7082.985828410679,104.0,131.2829558700379,8.0
25703,65334.74319279065,24647.906763729927,63.0,121.88260850842018,8.0
25704,36826.14517110107,1473.2248167447203,88.0,122.74272417940858,8.0
25705,33285.014361983114,3139.3315470932007,36.0,113.0190268525427,8.0
25706,53023.93363184234,2361.2379934758305,63.0,121.44822610673747,8.0
25707,57211.19096703304,6275.219549565132,408.0,133.27135602570354,8.0
25708,51331.77923978497,924.7281303745649,45.0,132.16950175766766,8.0
25709,8324.319861649103,7399.427550043105,14.0,99.45944810277973,8.0
25710,40403.32704519491,1735.387843962689,44.0,120.29780019549723,8.0
25711,32669.043406970308,1991.8578579023697,25.0,121.82487910589242,8.0
25712,34774.37536090697,1184.1595226324002,60.0,122.48634287990303,8.0
25713,35531.448414275335,6838.618706569717,190.0,119.34101732866449,8.0
25714,9249.423694438772,4624.727082336097,82.0,98.48004146078203,8.0
25715,23019.078215492456,18523.48515237649,100.0,106.1710793538353,8.0
25716,50505.231532008336,2359.6260402053517,32.0,127.25176794106316,8.0
25717,42586.36810252792,28911.88148107189,8.0,114.29614380495556,8.0
25718,39941.887594658016,25106.57994252452,198.0,110.20100918144524,8.0
25719,35914.485469427564,7566.0820739674355,21.0,116.70691789990914,8.0
25720,46918.02669625396,4126.964504197569,300.0,131.01688684047832,8.0
25721,38797.07633018133,738.8180970447213,16.0,129.1816567596693,8.0
25722,23995.96128805247,3792.1115886852394,102.0,122.6217879888006,8.0
25723,46855.05636387063,29835.935944644592,183.0,122.57633662110793,8.0
25724,40772.14613010106,6654.098440665946,61.0,114.52231974017951,8.0
25725,44434.012867553305,32344.279054025697,175.0,110.24146198957683,8.0
25726,64630.62408181459,1746.6869915019986,27.0,118.6343105349219,8.0
25727,41279.294763697966,26481.87648457935,46.0,111.19233699074124,8.0
25728,41022.00413180567,2871.489130071902,138.0,122.22894507438743,8.0
25729,17703.734031089094,736.4252702354053,18.0,108.20727878968316,8.0
25730,45329.13627532683,3700.0358974639016,108.0,122.3817501210032,8.0
25731,43945.96499265555,1474.684280518073,30.0,120.71291988214864,8.0
25732,49628.79312684681,1179.5574390975805,39.0,131.2968791708339,8.0
25733,9509.728956646879,3772.289395682314,-11.0,97.41564766887383,8.0
25734,20989.995167970836,10410.614855374213,37.0,110.60614172894428,8.0
25735,18469.141414327813,1991.50672863537,115.0,118.05613580933547,8.0
25736,36924.384403977856,2208.660262743853,325.0,132.23688611029425,8.0
25737,55820.55552879116,8609.296901564736,365.0,131.4387859243171,8.0
25738,19350.731941778093,736.1710313634414,146.0,124.17822059911714,8.0
25739,35267.00196663402,12151.489221939597,-83.0,111.64274281141755,8.0
25740,28392.894086185017,18931.949978593966,53.0,112.94360004679882,8.0
25741,48333.76506402223,4599.272644648836,58.0,114.54492122717852,8.0
25742,48657.04371756274,924.7992624881726,24.0,122.96018272404847,8.0
25743,50603.695912444884,13283.033929531703,66.0,122.76303243241185,8.0
25744,19019.52913602317,5742.064391152806,127.0,115.74853401856508,8.0
25745,23647.05539039045,3143.4599805354655,39.0,111.4117174952965,8.0
25746,40571.82720673194,733.7881980327556,105.0,128.71929173781643,8.0
25747,42331.41544741231,16050.902370800737,119.0,110.99727563628606,8.0
25748,16546.51510137108,7721.651653238828,60.0,102.67777883676439,8.0
25749,21344.685816642814,2208.0426032392284,232.0,124.51821350548646,8.0
25750,16752.720387219375,7862.344823353837,340.0,122.50595732098589,8.0
25751,16558.022723920796,8280.188597090564,16.0,102.28932101784727,8.0
25752,59187.97878696333,19608.13056684174,137.0,125.39590479118155,8.0
25753,15655.35052130272,735.2613545670602,165.0,125.21370649091841,8.0
25754,45642.38034412534,19684.653939936048,88.0,113.18931022012532,8.0
25755,11756.04135753181,3141.1081494622895,14.0,105.59623717272446,8.0
25756,17556.893630088653,735.8883354405411,34.0,112.44680167289246,8.0
25757,16148.756502325605,8612.009104823046,44.0,110.44254816825142,8.0
25758,28223.714044528344,3772.8193044965287,130.0,106.13590635600107,8.0
25759,20679.31819827795,6516.261751448524,13.0,108.74794832720947,8.0
25760,61036.65330547131,4036.987087635787,50.0,124.95435412256411,8.0
25761,27709.76462095032,4615.076876379313,221.0,123.58858636363624,8.0
25762,18629.827464086386,924.9074659485234,3.0,113.74834568808504,8.0
25763,18276.74833256559,3088.967274746684,7.0,105.92142830320881,8.0
25764,55371.861587248044,739.9271266535784,115.0,133.05572794293118,8.0
25765,59451.091090795206,1992.1336026080776,197.0,123.97307698989647,8.0
25766,36842.77929546164,2942.932377234879,91.0,120.20968674975163,8.0
25767,31587.07115359756,1180.768383087097,27.0,114.39784437113984,8.0
25768,46297.64841269083,21284.91610777391,194.0,116.85972212437729,8.0
25769,24972.66333270477,924.9716081625897,153.0,126.04035373182543,8.0
25770,45660.316538477135,2870.1981293022586,37.0,119.26484973205366,8.0
25771,26651.542312993253,924.7867553041361,55.0,124.43277953232261,8.0
25772,41203.432571453,6700.142183705108,42.0,123.80640258624598,8.0
25773,42036.378845994914,33588.913572198806,369.0,129.0910373190008,8.0
25774,28635.968568531,924.9126443876908,38.0,124.52149990725741,8.0
25775,32441.73955168323,22193.931718649183,204.0,121.34059637594314,8.0
25776,21683.250491508883,11068.225843918965,49.0,113.55324881381904,8.0
25777,40848.677013957924,16511.126713224647,139.0,113.84727270398747,8.0
25778,43729.93483570156,3468.4059913349215,143.0,135.97532276868853,8.0
25779,27646.688980222276,2877.9475493833534,50.0,117.12998243646643,8.0
25780,55683.85188065047,1992.752547317818,25.0,123.93302376068209,8.0
25781,52097.351431317125,1179.6323612794895,28.0,124.66905451519273,8.0
25782,51257.993567002966,734.6007443965647,49.0,124.26258043730022,8.0
25783,57871.89647213034,4719.289253579769,229.0,133.19375129525798,8.0
25784,44820.913223412106,3084.494974448571,254.0,130.365202576789,8.0
25785,24294.221584126037,6877.391834088817,29.0,116.00691926361107,8.0
25786,31491.912786361096,735.2355125624848,43.0,118.60028104631374,8.0
25787,37211.412630842104,735.4262572133724,107.0,127.09200738808414,8.0
25788,58125.47005170783,12160.594817839763,63.0,120.63821066338798,8.0
25789,14100.778143608744,13450.68620240648,-213.0,97.69026817489689,8.0
25790,30220.777571985433,9578.347588916515,113.0,106.449151963825,8.0
25791,14182.768467130254,3772.209367452751,37.0,104.55339883483066,8.0
25792,54479.33662101388,1184.5020435316726,65.0,130.35880987488525,8.0
25793,44993.95990244285,32889.552718230574,183.0,118.59020439887712,8.0
25794,16846.4493478308,5475.0770226813565,58.0,104.92231835078972,8.0
25795,19240.94869548784,18507.345996663724,-191.0,99.58372265058716,8.0
25796,32233.879718599852,2362.5354193094545,14.0,113.6049642894753,8.0
25797,5598.123547324244,2774.7969002544924,-4.0,99.85986548030091,8.0
25798,16334.07037355376,1183.1389662437389,42.0,105.15695977517892,8.0
25799,55612.356660396435,6277.037866772528,176.0,118.46761408028875,8.0
25800,35932.37969697065,735.3381099114702,4.0,119.26585579064285,8.0
25801,33652.076481094766,734.8240728273206,68.0,122.98314327621011,8.0
25802,14871.63081111472,1849.774526517953,23.0,106.68932783797436,8.0
25803,37556.763626100095,925.0890686079462,47.0,119.82292261290627,8.0
25804,58352.20823842335,6844.06224508695,103.0,119.03470773136497,8.0
25805,33445.63946379676,1737.632834055921,251.0,126.13921985793911,8.0
25806,27139.505181093005,8614.077233065796,161.0,114.60781017841632,8.0
25807,19513.40942345263,9263.120310607881,97.0,112.09631644673688,8.0
25808,25642.842416597356,1736.461529740947,122.0,135.8479918172683,8.0
25809,44683.993369179894,5743.6495924657975,39.0,113.36391092510146,8.0
25810,33329.47259821257,4624.514053469937,95.0,118.2221978019981,8.0
25811,33448.668422018,4051.846758578409,44.0,113.55154022719272,8.0
25812,16277.813638764184,14538.65839225843,39.0,112.34467322159422,8.0
25813,51630.68817295846,36592.19620822758,87.0,120.34740483905425,8.0
25814,44121.0196189835,5474.00870490547,143.0,109.95743755671953,8.0
25815,37076.30962382449,26259.604368712975,350.0,127.65131951696773,8.0
25816,48550.26809291539,18730.72423117303,53.0,122.83326952181895,8.0
25817,53743.80330396909,1180.6810042123034,43.0,117.53676859448915,8.0
25818,25634.162854928833,5127.987424611006,35.0,110.77758836186679,8.0
25819,55028.23495587393,13885.390724772573,44.0,120.37935066628131,8.0
25820,45479.833759751105,4040.883339129045,53.0,120.4977007958922,8.0
25821,42353.042481103395,1743.9133740583336,48.0,118.8468016036419,8.0
25822,37005.434976243625,5549.825413982564,85.0,116.41435428110505,8.0
25823,11404.785823298387,9101.557397685092,8.0,103.13638951656431,8.0
25824,38192.257471783894,5210.42580837528,165.0,130.84275361208276,8.0
25825,48548.48511233682,22391.602859681137,51.0,124.48430928384553,8.0
25826,36917.138652815476,24137.135363394027,87.0,114.47081278778535,8.0
25827,30437.371600718725,10359.982174954917,129.0,105.338719559608,8.0
25828,37259.65143634384,924.8261293931081,35.0,122.94102281716786,8.0
25829,38409.97243629649,12244.77201629752,46.0,111.4723422798568,8.0
25830,45719.88377859268,24696.15150260132,21.0,110.21888805317698,8.0
25831,31996.27976634168,15673.174246122935,120.0,119.35250226515976,8.0
25832,55000.1643741574,1184.1665355653793,29.0,122.01318716115662,8.0
25833,42586.4033369901,16337.023537512341,45.0,112.7394905156856,8.0
25834,37839.08883720267,6689.796553193266,386.0,129.86081792456457,8.0
25835,24051.767764043383,925.0622822093004,56.0,117.40476091839122,8.0
25836,37963.88018464611,20808.90605151336,119.0,119.24827309748741,8.0
25837,33216.65448907095,15759.980697754549,109.0,116.61216308142222,8.0
25838,48450.582029818455,3471.5043589967413,43.0,124.05188061167371,8.0
25839,24340.54824439164,3481.7171000431963,43.0,113.47073118881134,8.0
25840,34962.98284793391,3480.681029535639,109.0,122.70008932799773,8.0
25841,46669.866703224136,7587.046260634159,183.0,127.54713658143484,8.0
25842,58869.93031685244,1184.2724171435632,124.0,130.46026007981504,8.0
25843,58325.90925547351,731.8761395103302,73.0,129.65818082687292,8.0
25844,45803.6108280092,924.8059642657437,49.0,121.62173462577563,8.0
25845,38648.32844680647,735.3735288986114,41.0,120.35683345523789,8.0
25846,43651.8694757054,28891.29563941207,183.0,108.80656980061613,8.0
25847,50070.85048418517,6274.79038905835,47.0,126.62935671813513,8.0
25848,41993.55004332411,8838.517006354885,396.0,129.88982579129612,8.0
25849,53615.2208588568,924.8245434128089,101.0,129.54360325261553,8.0
25850,35371.71500134448,30786.12686909741,-66.0,107.57230176849873,8.0
25851,56437.5732848209,4035.6593314661914,256.0,133.08554100769427,8.0
25852,51411.58435813287,26560.62057209159,51.0,123.36555052523718,8.0
25853,46778.55828076164,734.0125563417963,95.0,130.05530221220027,8.0
25854,53734.4241441338,36888.601963748966,493.0,122.39827922785724,8.0
25855,53743.34792126905,32577.087138324947,72.0,116.65278947999049,8.0
25856,30955.92549080756,6516.526552500391,182.0,121.53394215827444,8.0
25857,53153.96561704075,11687.176823307784,406.0,129.6519164867119,8.0
25858,28787.330174570594,736.3562346420597,31.0,113.32100689895309,8.0
25859,40034.70990721732,1734.61377625201,135.0,126.4541023213375,8.0
25860,19017.438327147982,924.8983080282967,182.0,125.48605900705013,8.0
25861,19379.792303756745,15365.557746471099,16.0,106.5072101636079,8.0
25862,14894.398250046457,1181.5775250086554,266.0,107.85463767001006,8.0
25863,48430.894128830674,8923.017700188107,114.0,122.74948456765951,8.0
25864,44305.40340166478,1742.3380687978763,109.0,125.35617532507491,8.0
25865,5854.319538339134,2394.95919344518,49.0,104.46315024535217,8.0
25866,54931.25456481523,41651.55285370791,153.0,123.94042777216495,8.0
25867,57189.957163801446,1180.6862802075611,41.0,123.03488229102673,8.0
25868,30190.11629222716,4312.149231465,130.0,123.34403622280998,8.0
25869,35765.85075317074,1990.053395014549,57.0,117.31251438243227,8.0
25870,59114.07083866458,3137.5513069225162,353.0,135.3254479511222,8.0
25871,56700.04136697134,12766.57636827573,276.0,123.27366065329878,8.0
25872,58689.967787814756,41667.65651952813,183.0,124.49416292528008,8.0
25873,18032.0010429455,1181.979875211821,172.0,124.22246421821374,8.0
25874,51794.09085516982,1849.651918825376,87.0,127.62558111816477,8.0
25875,39083.65574301436,5893.327200940558,548.0,133.19267313374255,8.0
25876,31132.13539391859,22575.09116480106,-73.0,118.01272200031222,8.0
25877,37586.696604073426,736.71890228558,117.0,138.4000485002427,8.0
25878,64404.59945043179,740.3940143460296,46.0,130.11804058642903,8.0
25879,51210.77501665885,31662.15562175635,299.0,112.2869794040768,8.0
25880,38011.062232355485,21583.554818355584,73.0,113.29421108954084,8.0
25881,48119.55123476814,26481.87648457935,46.0,112.8590261589536,8.0
25882,37352.50051758955,35682.96153110529,56.0,119.59199233549468,8.0
25883,47280.982881835465,3095.3849406680697,102.0,122.96050260132105,8.0
25884,67219.749286566,6413.872588402968,176.0,128.38499680171944,8.0
25885,52467.78308902754,50499.02861149074,49.0,113.40120850663848,8.0
25886,34444.65938985358,13458.692255780654,291.0,125.8672833325646,8.0
25887,50330.92050290078,734.2344316930672,38.0,122.58409102114874,8.0
25888,28098.154735934924,1475.0644855982741,46.0,117.90530400536262,8.0
25889,38140.88536010514,25139.87278903506,380.0,113.0464697988726,8.0
25890,49628.47349756364,924.8754250886212,26.0,126.89909723856542,8.0
25891,16194.864278643563,2365.661507749973,47.0,111.55071396274467,8.0
25892,43623.54464253909,9417.276825847044,90.0,116.48990187500459,8.0
25893,53608.03942220151,733.333179774834,143.0,134.07787521038784,8.0
25894,33076.83361889001,1180.4678925899627,40.0,130.56063195193695,8.0
25895,21581.81502154228,3549.0564769954763,85.0,111.43194640532525,8.0
25896,9221.544509962383,736.7662141922318,7.0,101.51467653046399,8.0
25897,41627.07732257503,924.9465592795416,142.0,129.45501790487174,8.0
25898,59312.52595043306,4314.8203946863905,67.0,131.90787605295873,8.0
25899,61597.577956405716,40431.401789103315,72.0,117.40655349818685,8.0
25900,15835.272863732986,4727.062944806937,128.0,107.2203692154506,8.0
25901,5760.590607336827,4608.570297289007,-172.0,103.29004413692176,8.0
25902,56697.77743540499,1179.9319709602053,318.0,138.3355220325084,8.0
25903,24010.980704343914,4518.400365548519,183.0,121.01964373667379,8.0
25904,23721.288577713698,7585.137346954834,47.0,110.54020801926697,8.0
25905,41862.32388577101,4114.575498903919,109.0,121.52138266601827,8.0
25906,44969.05030739636,10650.431106306558,26.0,121.26483025174873,8.0
25907,51805.621047476816,12540.519450416945,39.0,119.65481390629273,8.0
25908,44155.160349336125,6356.609362270195,328.0,119.18135237762114,8.0
25909,12379.296213266012,925.0056401888249,30.0,110.47003006379842,8.0
25910,28262.426785311636,4614.355624022564,143.0,118.32557197245417,8.0
25911,15424.207420166644,736.8103681621882,43.0,112.67917372543454,8.0
25912,21390.916095190325,1182.899384339314,31.0,111.3650712138388,8.0
25913,48613.33396998303,924.9052499984184,49.0,130.52048166594432,8.0
25914,54067.26828146201,7725.550655144012,31.0,124.64166064836247,8.0
25915,26731.916982995237,20089.851247467355,57.0,107.73521408763818,8.0
25916,40016.79778841526,38298.810773357625,-139.0,119.19407187518759,8.0
25917,51301.173777847434,1849.7070825896994,21.0,113.67547180023772,8.0
25918,33132.22351569908,736.484594760941,22.0,116.05966173946182,8.0
25919,58834.76248039073,38453.279170651775,88.0,119.70777475488927,8.0
25920,39932.7525458102,22903.831092361535,77.0,116.38327408501098,8.0
25921,39413.935599869554,5236.951903424722,345.0,129.6445821037633,8.0
25922,11826.264385014843,2365.791500390352,128.0,107.51656292210194,8.0
25923,50612.44374412428,924.9658837599492,208.0,134.96017548103873,8.0
25924,20498.276769891174,14543.560351167025,-29.0,104.56706894668494,8.0
25925,34270.03319166666,9450.098689344526,50.0,117.12361937463766,8.0
25926,44353.473792178534,1180.3972329104513,209.0,132.78767599584174,8.0
25927,27919.90345307405,8083.42505990572,29.0,119.49340536867601,8.0
25928,47645.86739705091,1179.8461195378775,10.0,114.76283372242358,8.0
25929,47533.261786613955,1181.0948822764112,97.0,122.10341629968414,8.0
25930,5215.241663532906,735.5518322056581,56.0,105.72203298150492,8.0
25931,42742.781002397554,9570.821061977827,16.0,116.30977945196422,8.0
25932,31683.027002351497,4126.1093826272645,189.0,120.16307515405865,8.0
25933,46391.49161568952,4624.2082718783,116.0,123.78122586486884,8.0
25934,40015.66688325155,1849.6107070852058,47.0,120.28707488950452,8.0
25935,22632.357765734803,2870.4646117355005,188.0,123.41516992968161,8.0
25936,50435.303029921626,10660.288049451317,61.0,115.43899120460145,8.0
25937,51802.32968113104,12024.758231761802,390.0,111.83142036968565,8.0
25938,29115.100374528512,4311.739339258519,38.0,115.67995749255068,8.0
25939,30565.948057262285,5213.688975428463,82.0,108.06226240716794,8.0
25940,51545.743777377174,2359.6839414262663,25.0,113.14011236084343,8.0
25941,50090.80037793375,1989.9890336682581,31.0,117.65663659519291,8.0
25942,49758.02697561239,1179.5933409979505,20.0,121.872150932904,8.0
25943,30538.75450046144,924.9792157803315,24.0,118.50511836235046,8.0
25944,51265.21055545408,925.072427684523,10.0,115.71526785814208,8.0
25945,48521.597409159374,30074.80685761327,163.0,122.87336263730614,8.0
25946,13009.040293690596,3548.5675922426612,127.0,105.32605266108143,8.0
25947,64240.82389379931,7556.64015068013,51.0,124.1516657482629,8.0
25948,46296.45440924138,733.1344755954126,141.0,133.40072824799432,8.0
25949,29424.521478671344,19847.289976488046,-251.0,112.37992066010321,8.0
25950,56853.449817414694,45894.98481005735,67.0,117.00165083191371,8.0
25951,61160.44902761611,1185.176905442997,124.0,125.46831092063456,8.0
25952,51451.28368623668,9028.57976240145,278.0,126.89924813523582,8.0
25953,57211.34338183581,924.833384442198,60.0,134.90680510125748,8.0
25954,55362.846759786975,4053.503532889318,197.0,126.47137522642568,8.0
25955,48269.242403676806,44230.290536279186,-40.0,114.45785924087197,8.0
25956,20824.21722720327,7089.662984493825,139.0,120.08430646458079,8.0
25957,45459.10094122171,1734.213509832106,53.0,119.93966008916078,8.0
25958,27066.548280534367,1183.3571211205667,274.0,142.25517356318102,8.0
25959,36717.546122309155,22630.512728763173,163.0,114.80372498033643,8.0
25960,60129.341207464546,58146.11650598232,-418.0,112.56010572588254,8.0
25961,41491.88523285192,3680.5242327148712,305.0,121.209281112555,8.0
25962,42500.43590081471,31920.93602677302,352.0,128.48969183038938,8.0
25963,23689.22785017156,4852.503122797796,118.0,119.97316933422144,8.0
25964,51636.32105933787,15999.497322177314,106.0,118.58883003536155,8.0
25965,34281.56072760433,2391.661597803126,31.0,118.88113907431902,8.0
25966,40808.56692024233,924.9973522471436,16.0,117.1578430241767,8.0
25967,13301.211877873953,5858.053806572638,-57.0,102.66130075307812,8.0
25968,33174.117937314084,25828.167987171557,68.0,112.94262404275257,8.0
25969,35342.672099398944,1180.9866728631523,96.0,123.68564687377926,8.0
25970,30562.027470925834,7453.17107003595,129.0,120.85762426910304,8.0
25971,55227.41376783069,924.9417201144,39.0,138.2749474998107,8.0
25972,46046.67947945392,2361.1089286117094,53.0,119.1511727790602,8.0
25973,22590.876836019077,2884.9713898709606,30.0,111.5063135344349,8.0
25974,32248.261434382446,13739.61756695921,132.0,121.30070814723572,8.0
25975,49762.378360484145,925.1268572240168,21.0,118.1346852233063,8.0
25976,17711.864842170984,16794.64211404917,-355.0,98.52748813835939,8.0
25977,35918.12578158056,15677.481687913176,140.0,122.13943507962263,8.0
25978,59866.16654834965,29941.316282436368,312.0,124.25062015800194,8.0
25979,21397.843476928032,1990.321058179269,26.0,108.87788825298284,8.0
25980,34299.252257632135,11831.669816189118,108.0,110.89889841281504,8.0
25981,46527.82725266807,1183.9298976336665,43.0,123.66491596325744,8.0
25982,48750.79275576568,1179.6078308610104,35.0,129.00057460308201,8.0
25983,23101.69845226614,924.8653378684179,91.0,122.76060961044509,8.0
25984,8244.038283121714,736.6337625730885,41.0,103.49960755780722,8.0
25985,48751.28010225463,4737.658019369656,33.0,123.90233165563953,8.0
25986,33359.8223962649,2948.097114725775,515.0,133.9799611372315,8.0
25987,23134.52693670951,22210.126283734167,-187.0,106.27024439637688,8.0
25988,27037.241395046716,3142.8603895690467,93.0,122.28439056698811,8.0
25989,16852.868391725187,3545.0854697851864,185.0,119.4017159041644,8.0
25990,13893.289737395877,924.8897107212197,46.0,111.05908610528974,8.0
25991,39711.12785709497,3138.814470657543,6.0,112.41465321358862,8.0
25992,39423.78799567283,33948.77644661474,44.0,110.40325936090073,8.0
25993,12548.830251220008,9614.204533141768,16.0,105.84133235071612,8.0
25994,22508.66991455766,7721.0154197729635,49.0,107.88172764207906,8.0
25995,48716.33774152426,5205.580966254144,336.0,131.943048607346,8.0
25996,34313.11625004899,737.2501932425193,100.0,126.63393102484108,8.0
25997,43450.19221699994,1737.5167005136855,91.0,123.88333052084757,8.0
25998,29825.617043107784,925.04007679108,40.0,117.99390026392481,8.0
25999,59187.070793367566,924.8122953052673,67.0,134.24099798792082,8.0
26000,41057.496563883884,20531.327693866926,26.0,121.34374118477875,8.0
26001,18462.47741956659,4726.995020944457,148.0,119.58141373839727,8.0
26002,39592.12195108003,37231.83671263564,-19.0,115.05421652916121,8.0
26003,47177.91168447091,7399.818166744246,334.0,129.75592497980253,8.0
26004,43497.62463101293,9280.97980783931,187.0,129.45682536867722,8.0
26005,64228.91133698002,2871.352041969085,210.0,134.09513630850068,8.0
26006,22392.605485079755,14962.492021876942,-74.0,108.34027157258907,8.0
26007,63412.57360327354,41083.242389420964,132.0,125.69678709410395,8.0
26008,55619.11814730719,44801.71913367109,332.0,130.63333809090233,8.0
26009,47287.410609074934,3468.676940910279,398.0,151.23217304090247,8.0
26010,34479.74833744233,24005.381897670133,-319.0,112.98198382536978,8.0
26011,28368.61095963352,20824.751764433495,132.0,105.30908219731944,8.0
26012,29781.50056911984,4312.2033246164765,257.0,120.92440305376772,8.0
26013,16277.832429541288,8692.653538892508,42.0,106.39973531271309,8.0
26014,32893.91022082094,735.1866536891322,45.0,116.88032833876714,8.0
26015,52728.00382022863,18499.61193844218,216.0,118.8152879977821,8.0
26016,36013.65164414449,14485.31605135887,476.0,122.0515722883319,8.0
26017,52878.84770443053,1989.7264357757058,65.0,132.30674291034074,8.0
26018,33785.64921219103,3090.511468983899,180.0,122.66269181571636,8.0
26019,45979.02172777848,35783.295559262304,43.0,115.71608448574052,8.0
26020,53530.09815647472,9794.882798529154,437.0,126.59211245773969,8.0
26021,44417.77225412084,1744.149419400785,38.0,117.61876086581528,8.0
26022,33206.94559314179,1473.2658586212226,32.0,121.59594129311304,8.0
26023,18537.349034602703,5974.810735687037,43.0,112.79425430466176,8.0
26024,7721.747667041891,5741.235347852754,76.0,95.74198094874086,8.0
26025,38590.17958661727,25800.958746701686,87.0,115.34199953062404,8.0
26026,43116.00865523232,19220.223352468456,246.0,127.80903099216904,8.0
26027,44739.68169711341,733.5134660235584,1.0,120.95456318545173,8.0
26028,66162.3758444111,2358.17038964755,219.0,146.63709436224656,8.0
26029,43294.42381273171,9417.292335183161,149.0,111.09770232309697,8.0
26030,28398.367389794028,1474.0946326343606,191.0,127.27575133952328,8.0
26031,46161.02564597996,2387.5323319730855,426.0,139.51252043446408,8.0
26032,25277.920977692185,4041.885006620376,29.0,116.62585674265273,8.0
26033,17051.7245792878,16150.00336724096,-148.0,99.36750313536619,8.0
26034,57390.86340489044,16134.51567037571,76.0,111.25395751899144,8.0
26035,64216.35752314956,7107.703445037513,90.0,131.6234404529764,8.0
26036,49159.06788885289,33064.90559189084,467.0,132.04314467255818,8.0
26037,52724.23442405663,16647.726673826197,90.0,112.6964094727936,8.0
26038,38690.82088548773,4305.262514166169,30.0,128.2438313171975,8.0
26039,27912.184686089684,3140.3165960488836,50.0,113.02104161004658,8.0
26040,13848.074484483192,736.310887105344,163.0,123.8367850297702,8.0
26041,43565.457040979716,1181.0526113948542,179.0,151.3646217814847,8.0
26042,49195.22034642527,41651.55285370791,153.0,111.99716679903277,8.0
26043,34067.78216940695,21769.555281091565,64.0,115.42648813652434,8.0
26044,55433.132634096524,925.0056097711113,25.0,119.11289061956114,8.0
26045,29598.385327034477,3699.82487732137,123.0,116.7177450305836,8.0
26046,23067.453543899588,10981.540640396377,173.0,102.93026430056774,8.0
26047,53734.9222422042,924.8250575477743,22.0,131.3840409756185,8.0
26048,39940.66897217927,2774.538029858142,50.0,116.78450549915459,8.0
26049,52365.71832678994,733.7409766582791,40.0,136.21357442326354,8.0
26050,42755.23809556298,32557.20300421505,116.0,116.72474887690029,8.0
26051,33037.74872302121,736.2596292935551,170.0,130.36060165995664,8.0
26052,34608.32527948568,26158.307482988184,346.0,127.50759510926443,8.0
26053,34440.157962311816,11940.164568156093,310.0,132.3195308640377,8.0
26054,66397.54319289332,924.6729200221184,165.0,135.69814501787084,8.0
26055,29653.822098323864,13757.842026041017,77.0,117.7194077631857,8.0
26056,17703.967219386872,6630.135420980005,29.0,107.71580870270284,8.0
26057,38700.56294782295,1991.9740018061027,50.0,129.7425431269034,8.0
26058,31101.259995295888,1181.5761954260527,38.0,115.81538515575572,8.0
26059,28741.75490327999,13258.330682709113,181.0,111.6406118318305,8.0
26060,37737.27041553396,20627.666701216607,-13.0,112.8055442865971,8.0
26061,42114.63525820197,4128.154795030039,272.0,129.21902780873378,8.0
26062,39399.50992731181,1741.8690528395418,43.0,125.71327475238597,8.0
26063,39272.566161235605,924.8242034553385,88.0,135.59096884451463,8.0
26064,42835.7227057241,7583.407118659019,259.0,120.04311669638477,8.0
26065,15061.674342306309,737.7746463069428,11.0,106.23284589007076,8.0
26066,12360.390480299591,1182.7221743580894,80.0,113.61512772556138,8.0
26067,23147.876991836794,1181.618991117705,89.0,127.80526727218826,8.0
26068,46158.917721333855,3486.3704816610157,352.0,129.66004910125108,8.0
26069,58852.711159811464,1179.3557758678735,104.0,128.98760706542657,8.0
26070,21324.13871963106,1849.7429211414876,50.0,108.45117498732097,8.0
26071,52258.96398270067,925.0916263453057,51.0,123.91519372266663,8.0
26072,19575.320004552792,1990.3653420248622,19.0,106.59069159538386,8.0
26073,33051.35072936967,924.9953253889558,13.0,112.27734342100933,8.0
26074,36618.279978872466,4721.921781637188,132.0,131.83916204759763,8.0
26075,44158.82857282975,1743.9133740583336,48.0,119.10300516294227,8.0
26076,50560.62262633013,1744.84245585009,264.0,134.03702572362522,8.0
26077,51908.20623505006,3486.8375270802,277.0,131.989327953351,8.0
26078,43171.11700678309,1471.390977248927,364.0,136.06675728596025,8.0
26079,26723.380535828088,6350.41434603699,64.0,117.79830651294938,8.0
26080,57226.730980402055,924.7421166075128,26.0,120.0364019168865,8.0
26081,56581.47676647226,924.705410641398,12.0,132.88550507881234,8.0
26082,38167.9655697859,2360.926839084967,32.0,122.23919473123414,8.0
26083,38354.23944317927,2876.8954756080484,45.0,118.315893707693,8.0
26084,40430.850947602485,8707.995258744162,5.0,118.33627220218042,8.0
26085,9620.508258489523,5238.4958488436905,5.0,108.66350029887074,8.0
26086,55202.25467017611,1989.4832155531794,150.0,129.5676604702839,8.0
26087,57677.2004509796,11395.096048517997,108.0,119.70182816035624,8.0
26088,23670.85139939402,2397.643716086986,167.0,122.29460732602699,8.0
26089,9578.469918832752,7868.256445298164,78.0,109.4369896951152,8.0
26090,14492.407426545746,924.9856774720231,190.0,124.3218019418635,8.0
26091,47271.44602906508,1742.0624911741904,111.0,126.45027727564923,8.0
26092,40156.716118949174,6278.25718392167,172.0,111.91991330054896,8.0
26093,27137.769172206026,10380.877869670634,71.0,117.00052506640243,8.0
26094,45884.83802340708,1992.161867585828,92.0,129.4538294520542,8.0
26095,34277.532649179615,737.2356746046318,198.0,131.872121907211,8.0
26096,36189.58208950795,735.9255994184973,147.0,123.08728596088531,8.0
26097,27254.49518561732,9571.726016023551,45.0,112.77815771338062,8.0
26098,48665.295558720376,7970.0366708163465,95.0,116.2686503409462,8.0
26099,21551.28969156666,735.612729432493,22.0,114.77502328738368,8.0
26100,45573.19466107612,11480.493416802523,20.0,115.35003279622133,8.0
26101,37463.35875938618,21590.14454382578,142.0,115.77731765226062,8.0
26102,33696.68516919321,736.5053924108693,29.0,117.5802269736148,8.0
26103,60857.20373226812,740.2277738331902,51.0,125.27353750263836,8.0
26104,27870.681949994912,1180.8784755405316,11.0,110.10784281812471,8.0
26105,34317.86271675012,1736.1955367937542,14.0,118.95226578431519,8.0
26106,15438.586833521396,9966.878614712206,58.0,99.17075813552051,8.0
26107,41627.234727750714,924.9528665226524,55.0,121.63156470119179,8.0
26108,43061.399346514256,27186.145331974327,125.0,116.53168135795079,8.0
26109,13442.991516654498,2881.6849506765793,53.0,110.02718953459268,8.0
26110,36842.86100911489,734.9063978708037,10.0,115.04042669594914,8.0
26111,17685.711364874896,15373.824119238276,2.0,108.64719714405174,8.0
26112,56170.064541889464,4054.47626809359,94.0,129.23086995069613,8.0
26113,69398.19491692592,61119.7228751533,153.0,114.05669641604949,8.0
26114,41877.80581848739,1735.0763204711475,61.0,122.20617475120862,8.0
26115,42998.32712819336,1741.7655366023534,11.0,117.18474262052021,8.0
26116,19918.857742572065,16148.22753065756,-136.0,108.4447429846376,8.0
26117,63772.77610356608,4036.0348656718907,89.0,120.25845625203326,8.0
26118,43866.79145566181,25418.282841099055,34.0,112.29227234368264,8.0
26119,39023.32286774766,4518.125490078651,263.0,123.92056195695537,8.0
26120,17169.415244294793,2210.3115946345115,16.0,107.08767654517897,8.0
26121,41855.42859260353,924.8397401819773,15.0,112.64472103841364,8.0
26122,59452.56489444562,1184.5513944874347,60.0,135.93119784250345,8.0
26123,37258.95913220527,10279.599572801071,298.0,126.7050585710981,8.0
26124,32358.462238611348,1180.4312165139404,125.0,153.28793797046885,8.0
26125,40303.30811294117,4114.047936000988,532.0,134.6791945045865,8.0
26126,33821.059325678354,12792.875794355517,97.0,106.90805076158424,8.0
26127,32131.761920812885,8622.688903204917,325.0,111.28354716320315,8.0
26128,50757.50857197709,24816.094560851507,139.0,123.25656998382341,8.0
26129,42693.44577429929,1738.4432521838924,113.0,125.29478102177396,8.0
26130,28509.76952621276,737.0048436932126,131.0,136.1176488840195,8.0
26131,45829.42910047827,19995.612419694968,58.0,115.37798686284162,8.0
26132,44839.15549977903,15064.921372723576,9.0,119.88730411661359,8.0
26133,28979.573361236973,3139.593518558686,39.0,111.3587852293538,8.0
26134,34455.122741321335,16336.72924645508,129.0,109.29931322881917,8.0
26135,65829.07671375427,2370.15796121384,69.0,131.75403326592084,8.0
26136,56348.66223809309,3538.318659012362,215.0,143.4028441234525,8.0
26137,23127.29816303639,1472.7912644483263,15.0,109.66301067777313,8.0
26138,34974.33583921549,3139.445480976557,40.0,122.21550784694152,8.0
26139,54693.11552086747,924.8049809906883,14.0,116.63609103885796,8.0
26140,23226.63577342193,735.1516153667646,71.0,120.37188721387261,8.0
26141,11118.612746974763,2883.559422205703,138.0,114.12972133651881,8.0
26142,49045.15378323728,8324.949018112724,113.0,116.6683575788806,8.0
26143,25472.141857153958,10479.68569209909,-21.0,112.13243279080515,8.0
26144,23042.539080949453,12091.071582780705,170.0,120.04806717085647,8.0
26145,63062.57214755586,40734.654411096904,144.0,125.55917443177512,8.0
26146,42806.935679061695,12578.076336984954,208.0,116.49697202837093,8.0
26147,54795.15073511836,5475.910590005109,29.0,124.83971678046136,8.0
26148,64049.91618539198,23361.31014448423,-14.0,129.96581408036033,8.0
26149,41679.65800523492,13893.042918439485,-14.0,114.59935470353867,8.0
26150,31092.22932953249,735.433853325936,121.0,127.59818107726772,8.0
26151,14749.739584345452,7182.423141583544,27.0,100.77387831019783,8.0
26152,30462.12712352677,924.9989745912926,72.0,136.71998330199332,8.0
26153,47016.93026092375,30180.39163875382,99.0,122.60563615948284,8.0
26154,49018.45975312673,42357.30449867174,80.0,115.70228071822396,8.0
26155,28475.323580065426,7720.486864350044,447.0,121.4045928059682,8.0
26156,57233.192517176736,1184.6478724027284,47.0,130.57660190400168,8.0
26157,36340.74116965784,9365.113924102247,320.0,127.13453768454914,8.0
26158,41512.93522294348,1179.7444750700645,26.0,139.29235607033104,8.0
26159,18038.45919847598,1183.1986177343183,84.0,117.33836553825692,8.0
26160,43072.067195844735,6278.2464495126505,101.0,122.85833577157808,8.0
26161,52135.25702854273,2360.8020882792907,36.0,124.30181714443968,8.0
26162,39349.436232925735,1736.494860515982,334.0,120.04943846668772,8.0
26163,60849.07604238809,43833.817714101606,183.0,124.80260362933274,8.0
26164,53371.98208431192,5119.967619177724,358.0,133.08057349569162,8.0
26165,57136.52783682916,11739.21261688224,393.0,136.48501623641573,8.0
26166,12360.472116136574,4788.503431523048,61.0,99.62639251789508,8.0
26167,45652.5244301634,34131.066325311745,81.0,119.54455847595408,8.0
26168,6283.107471139477,924.8942229987205,56.0,106.2137868681723,8.0
26169,13692.527711605595,736.6326477090299,21.0,107.41418949585996,8.0
26170,38909.333119189905,3550.1176414691586,79.0,120.21704987411148,8.0
26171,33443.514963882255,736.3264199762007,32.0,122.75093941903776,8.0
26172,42409.536951145055,11084.951365459923,-12.0,115.27568201044292,8.0
26173,52924.56250882711,34149.613542317966,187.0,117.22803334167918,8.0
26174,53652.98801038511,19424.68310487779,151.0,123.53039312421754,8.0
26175,36370.26575631315,5771.142361197765,233.0,121.53611955486673,8.0
26176,53967.36436477189,924.7980323489545,20.0,119.4972299185462,8.0
26177,20921.338379599423,1474.4708263759471,164.0,123.22974934908035,8.0
26178,61871.60523435939,4718.685031006781,107.0,128.53046064600673,8.0
26179,55439.32647552781,13024.84847609174,118.0,117.82274808886172,8.0
26180,36982.221134321175,1181.0507336827275,26.0,118.48109972410595,8.0
26181,36205.05262464983,736.4892025645188,44.0,112.17700473264635,8.0
26182,35735.292479944765,11369.714267201296,9.0,118.03412733840335,8.0
26183,21027.22762358697,7585.3960445747325,55.0,108.24353895253114,8.0
26184,12346.590917770662,736.075228206464,11.0,108.27826817338551,8.0
26185,61480.33421532925,59123.03016090746,-162.0,118.76679774543452,8.0
26186,39509.13869774851,3551.615855805676,214.0,127.5374240469046,8.0
26187,41997.59353195163,4419.655655801448,169.0,112.24114016245044,8.0
26188,42570.095176918265,7398.763002457566,118.0,120.73212315943438,8.0
26189,55431.53223312399,925.1349972389156,65.0,125.61763561549836,8.0
26190,42649.15175293575,3699.954778064273,276.0,114.30777306273276,8.0
26191,44164.408949696226,25385.870488854842,187.0,116.5535624496488,8.0
26192,16318.716860560302,735.5630629484261,190.0,127.05198282309107,8.0
26193,32905.29401404181,1992.1634132770735,167.0,125.35569245088601,8.0
26194,36526.85353477357,5473.210280469122,218.0,126.48866383629289,8.0
26195,56802.243543964745,43796.04064364623,99.0,119.58671934268415,8.0
26196,22614.788885293412,2397.1440441822133,66.0,116.40264744483707,8.0
26197,62002.55765866363,16884.27724417023,61.0,121.79242894620617,8.0
26198,41800.36310474716,1471.054451648751,193.0,130.3685055777924,8.0
26199,17132.817905226784,6885.611125338816,30.0,107.50775500932221,8.0
26200,35212.435736440406,15709.170418908674,176.0,106.76084584519985,8.0
26201,21898.039066564794,1740.0243528094948,42.0,110.92080357239678,8.0
26202,21544.11804743705,11932.116096969907,-10.0,106.47634122201976,8.0
26203,47354.07800231378,733.596033198061,11.0,115.44242126612916,8.0
26204,39730.07214536495,737.9647422007791,146.0,130.91638901728737,8.0
26205,41947.63873961,2887.4717005796706,258.0,130.21089854396945,8.0
26206,16907.31741098295,6516.0220150264195,275.0,122.85583106736959,8.0
26207,34713.67945399212,924.7992070691063,31.0,117.396522938699,8.0
26208,34680.03750268403,1735.1160907837373,112.0,135.63027943589316,8.0
26209,32884.37106056853,7443.1678034378,190.0,127.81787450709842,8.0
26210,34198.94198835714,924.888453373486,75.0,130.31379219935116,8.0
26211,15845.689436805867,3549.0437436994625,62.0,107.7289622807676,8.0
26212,29594.65430238385,14562.70688715781,87.0,113.37858981695778,8.0
26213,46620.485373566895,924.9776173772321,93.0,126.8240361565271,8.0
26214,60304.610054819925,2360.095084921256,28.0,122.10412316371618,8.0
26215,58321.02310911264,1992.2538306659674,36.0,120.04802201996706,8.0
26216,35212.82675080186,18061.058751018885,170.0,109.30527934522854,8.0
26217,32447.084476603726,7435.834066730069,256.0,124.79496434004662,8.0
26218,48629.19277616102,15365.343587085172,140.0,115.42761614005613,8.0
26219,31349.56152467967,4312.3512837719245,263.0,135.65336101470288,8.0
26220,56311.867363898666,1183.96046045236,229.0,135.22838730584255,8.0
26221,28176.143444461057,735.1254717843672,40.0,117.29262853448515,8.0
26222,52728.12497606692,11099.931047333306,281.0,127.90082016359827,8.0
26223,21878.68233751921,17274.76621611683,7.0,101.62900339626741,8.0
26224,53799.43103545671,11418.739826767991,65.0,117.03792906540835,8.0
26225,39114.74991008914,25029.638069094028,163.0,115.51097589297733,8.0
26226,9265.823318304707,1473.9956909752461,45.0,105.60670198417121,8.0
26227,58582.802528604734,1179.2029417233225,185.0,161.0489069249727,8.0
26228,39942.918765379516,737.2314494281634,27.0,117.43131457883399,8.0
26229,51061.274487344104,3699.3496330863586,64.0,119.47592107927456,8.0
26230,35548.4624593213,23392.466300280983,-63.0,111.68669756921433,8.0
26231,42744.50460963403,25733.564592469866,477.0,134.41951556137576,8.0
26232,51513.65443111004,925.0903196855444,29.0,129.27768678297363,8.0
26233,8080.584088141197,737.0575777867173,6.0,104.77453692854634,8.0
26234,17387.24874439707,4118.1092966191345,104.0,98.73050402515389,8.0
26235,60502.0251614468,2358.617114265259,38.0,139.29454697080988,8.0
26236,29453.844039868658,9566.652770306546,135.0,105.837916653605,8.0
26237,40011.61281644632,24761.645611364303,364.0,110.57601344759946,8.0
26238,26037.415983025447,5962.201093776612,139.0,114.69212573313274,8.0
26239,27024.659033818018,7116.979678597469,93.0,106.72649592244562,8.0
26240,31498.580458637596,1742.2603759384826,33.0,125.08046139498484,8.0
26241,57282.76314576697,49004.988396734625,153.0,112.07407300639646,8.0
26242,15495.44144362883,14024.975696191084,-179.0,100.09468023637292,8.0
26243,51983.14442598334,33426.82090689285,335.0,110.2015552111053,8.0
26244,22750.148675083004,5907.45094334424,143.0,114.71016939984648,8.0
26245,19987.77404478173,13326.460753295793,62.0,105.47382293625594,8.0
26246,46839.45468465044,4783.84423675465,183.0,125.94949113459424,8.0
26247,39222.53735885771,30910.44418483797,79.0,109.9573526818179,8.0
26248,11529.983804583897,10975.234438037596,-212.0,96.10090673529075,8.0
26249,31217.11798236313,14198.011490726294,183.0,118.49804053320939,8.0
26250,30042.848135977794,1850.0147820498005,57.0,116.7729768456918,8.0
26251,37461.99173104533,925.0264789330238,60.0,130.65429268001253,8.0
26252,57500.185774995116,733.4101602362585,171.0,136.5145548268348,8.0
26253,28941.632308077344,13050.561735362595,77.0,117.51479487165257,8.0
26254,38412.029253594184,7426.657500405799,95.0,116.32370433655524,8.0
26255,63223.666644024794,5923.448078134204,216.0,128.6593362411513,8.0
26256,44311.30133569078,1180.810402729465,112.0,137.74552958283527,8.0
26257,46374.50032256946,26123.099783039488,73.0,122.48876887293495,8.0
26258,57224.113144679955,1733.5491076950614,477.0,127.5705026294871,8.0
26259,53107.17272679381,7505.091955454796,422.0,132.6659978690211,8.0
26260,55410.14199596212,4597.427251961091,56.0,117.67319415475966,8.0
26261,34323.45131111632,9989.336491564613,139.0,114.74877432379341,8.0
26262,42570.11399218481,10588.556273938191,310.0,129.78416674734876,8.0
26263,34240.41835667631,5484.352234886248,81.0,119.27794242876092,8.0
26264,20831.039750737476,4310.622392946245,233.0,122.66724016348164,8.0
26265,40318.59565253546,14962.029633057618,279.0,109.88155156306823,8.0
26266,36998.204686895515,5549.844117123258,47.0,118.04702868955799,8.0
26267,35863.936567785844,1735.1836146505166,56.0,116.11371020480306,8.0
26268,45571.71742139911,2886.9770157002267,321.0,132.78596084298664,8.0
26269,28835.680634019125,3475.6887217198405,78.0,108.6720008459786,8.0
26270,39821.95094337752,28292.32136545963,81.0,117.84203481188423,8.0
26271,31781.50150341955,10596.606533186554,75.0,113.53055083098177,8.0
26272,51232.30483405038,38435.176911730196,87.0,119.11509158228367,8.0
26273,27968.707783958995,734.9739981682332,49.0,118.76497550621879,8.0
26274,47169.790439370765,2774.6060806986225,41.0,114.57724703764778,8.0
26275,29702.75616561876,12662.702016005145,100.0,112.87857989261656,8.0
26276,58333.18959326793,15941.390260329355,65.0,120.72066532828623,8.0
26277,13745.70490153987,924.8958385225602,37.0,107.10056810937316,8.0
26278,42327.77332221995,3471.728389037689,235.0,129.3194184525571,8.0
26279,30224.075183640005,1990.1102047989475,266.0,129.1921454776389,8.0
26280,40755.44663296183,6516.283275744062,127.0,119.64046433813205,8.0
26281,42781.54850125965,2393.346188456089,69.0,113.33238585373154,8.0
26282,30689.072992499616,6842.952947562182,92.0,116.75069755511217,8.0
26283,25032.612032025983,5127.95058448174,99.0,116.04698089537247,8.0
26284,58557.221653380744,7104.816073210161,246.0,138.8805586662764,8.0
26285,63480.780281775485,925.1301735287441,135.0,133.49557778237897,8.0
26286,37940.42561945351,9703.65021956833,219.0,124.46165032213908,8.0
26287,25028.758987407644,7362.138894075642,27.0,115.54069851815437,8.0
26288,54366.803603401524,1850.1119783183242,12.0,116.87490492097405,8.0
26289,31042.638318064586,12549.9299990627,47.0,115.21581110358804,8.0
26290,38639.79908829734,1180.838832463191,100.0,136.96902749571183,8.0
26291,63000.557385062835,15249.543282319664,507.0,124.36326338199251,8.0
26292,58355.505964654956,7079.968460040297,156.0,130.7446413492234,8.0
26293,41381.9880653247,2876.1488915071436,26.0,120.43636119657265,8.0
26294,52668.2370549566,1849.9185103814332,244.0,133.29525981010525,8.0
26295,51196.03221297471,8614.671315849264,66.0,119.5405185143051,8.0
26296,26233.457700627234,4725.862036253137,106.0,110.49611641227284,8.0
26297,40609.49189689549,7424.217073306394,340.0,129.4946849719728,8.0
26298,32113.08829421252,924.863708160725,28.0,123.38887346476416,8.0
26299,53507.120781561774,44291.232184736386,-40.0,119.71761279956023,8.0
26300,46338.88630214918,30009.645201276522,287.0,112.74704304920046,8.0
26301,58362.96193834174,12126.896507921889,30.0,122.76691153641087,8.0
26302,33398.68667457061,8070.787729738753,-12.0,114.94846358037529,8.0
26303,46620.048228125306,38342.53862092559,153.0,111.46898012676458,8.0
26304,40352.47024973755,5904.470115233213,58.0,114.50620822295639,8.0
26305,23691.174250254222,8453.787839806222,341.0,103.64515091862707,8.0
26306,56113.03010506765,13948.95680396324,72.0,120.3932049277829,8.0
26307,15927.324700408253,7111.75427583294,58.0,101.82269274414524,8.0
26308,41231.21957084357,15877.454661446158,270.0,126.98319690648782,8.0
26309,37746.83799054799,19692.632949880444,90.0,117.44200691264598,8.0
26310,34188.843327077615,3090.0560954393277,158.0,113.80756643811772,8.0
26311,21040.69205651068,1180.8784755405316,11.0,107.33118813758188,8.0
26312,16334.129709193037,2871.135823200626,34.0,105.5724180137162,8.0
26313,49434.675241813406,2877.5074151395816,236.0,130.61603218940525,8.0
26314,59843.039771602715,8113.6367847741985,167.0,129.10336446142264,8.0
26315,30449.736922248627,5975.293284853443,159.0,116.04978920169539,8.0
26316,11822.872916012675,7094.406352724325,8.0,101.61311896819657,8.0
26317,17017.47757879369,8750.243636986357,12.0,106.92959847472768,8.0
26318,56035.081201929286,44508.31510509298,81.0,123.11807474248809,8.0
26319,37618.651977762485,735.7444575319705,2.0,111.7387343089081,8.0
26320,44362.31998921226,27315.026724755448,224.0,124.35798302296264,8.0
26321,9103.412238740635,8266.264668392101,-150.0,92.43554943183241,8.0
26322,51174.17480360973,32121.854875332447,83.0,120.0072337805596,8.0
26323,52815.67761126653,34860.965914370645,321.0,112.97199199809714,8.0
26324,53664.27043747845,16339.218710378269,77.0,122.27818845113916,8.0
26325,20764.152873578274,9812.945065000065,234.0,120.38969697943546,8.0
26326,33119.76803444998,20113.525326587373,99.0,115.64444015196425,8.0
26327,30872.60254016237,10469.05759567528,215.0,122.17583751609553,8.0
26328,14408.40243594179,12687.649185815279,74.0,112.63275783412824,8.0
26329,52129.31861621586,8356.918103197408,216.0,126.89762054680295,8.0
26330,28023.69902007973,11399.518763294831,133.0,107.80985936846992,8.0
26331,37260.099832816115,924.8458064449228,45.0,121.21719423213142,8.0
26332,54352.52197033408,1989.2436537360416,125.0,136.13598789199477,8.0
26333,49495.88413277919,17910.82898237226,159.0,120.62956901637888,8.0
26334,34667.83629810076,19172.77174338897,181.0,109.0721055190234,8.0
26335,52952.07808493352,1184.633414196104,24.0,125.68541269514948,8.0
26336,49899.10929830868,3541.409342376821,129.0,117.98444032948774,8.0
26337,54813.69571148829,13032.746350056063,98.0,122.94881726484869,8.0
26338,15185.617190719366,3795.9436221122955,57.0,103.31225825537264,8.0
26339,38875.6242612711,37214.76510698562,-157.0,109.62702779618242,8.0
26340,66736.81650022735,924.7689246285041,52.0,131.11133023993472,8.0
26341,19423.23792952936,7399.302440896314,141.0,100.10016139538816,8.0
26342,22761.673533269543,924.8147216554944,44.0,117.8283836177543,8.0
26343,42692.99373815368,16857.330324930117,46.0,113.79236265701056,8.0
26344,46310.91804908857,38050.63268295547,153.0,110.46575376561614,8.0
26345,30744.18320538885,1849.8934145640108,54.0,116.81105478311147,8.0
26346,21277.245333607087,7192.317713019262,141.0,107.90880071306337,8.0
26347,20525.420581001723,1991.8627039256125,67.0,123.19311376795355,8.0
26348,39663.27406547254,5477.664879968657,98.0,116.71750030896125,8.0
26349,36859.7015461286,1180.7440979955531,36.0,116.89113364500993,8.0
26350,52318.635842276504,2872.053495795203,54.0,121.36100114718624,8.0
26351,23228.208755863092,22307.707677070834,-314.0,105.11715586091039,8.0
26352,37234.212162720934,24437.22331383805,87.0,115.31229657645937,8.0
26353,34599.64413460747,1182.8294114184819,92.0,124.02742235355907,8.0
26354,9249.022490648966,8324.148042647437,-187.0,95.2695313735864,8.0
26355,17298.99995806626,737.3784790442041,16.0,107.96452593631115,8.0
26356,13893.537176441101,6474.541313243639,42.0,107.36015336771257,8.0
26357,60035.56663035178,2360.0990073233997,29.0,123.68160459836754,8.0
26358,42396.65818804268,22159.87393512696,73.0,121.7279330811063,8.0
26359,22178.03976380708,11089.37844799323,0.0,107.74867347912172,8.0
26360,11525.884903485043,9805.822533147459,60.0,110.60628012614194,8.0
26361,48795.426821084984,3771.43012153911,77.0,129.6393328641454,8.0
26362,42686.18147864911,33466.97123388314,-17.0,117.12577771044319,8.0
26363,38533.11836340202,15384.30855684654,301.0,129.71857188764702,8.0
26364,42825.486792039635,734.3589500226697,10.0,120.39930367793838,8.0
26365,33816.621422625234,15091.061241749596,128.0,115.31155552433722,8.0
26366,58104.506339671905,39320.98814635304,187.0,117.7265213615972,8.0
26367,37632.72820859077,4786.262453390467,37.0,113.45658447377123,8.0
26368,30475.34364009464,12664.193961681463,80.0,118.91467145494539,8.0
26369,22786.913022474986,1849.7991519414848,204.0,125.3908246225146,8.0
26370,58279.229465779055,1179.4977762044741,178.0,133.4048962896918,8.0
26371,33552.51737835542,5213.714778002386,21.0,116.6721961912945,8.0
26372,14979.181705650575,3085.296200360723,6.0,104.9198334393957,8.0
26373,32994.88684226872,5212.989955797446,168.0,116.55906822639488,8.0
26374,53833.91098550716,732.9309761433142,28.0,143.33847477509983,8.0
26375,43116.53827705676,1992.161867585828,92.0,127.71607207410781,8.0
26376,57119.8528089032,11478.477961935117,244.0,128.4294778402782,8.0
26377,46606.3101818767,1744.4561095669462,16.0,122.53111974573756,8.0
26378,11089.221953262762,2946.747934285975,55.0,107.47874423438165,8.0
26379,59970.34398892853,1184.7370805952505,21.0,130.7515036502062,8.0
26380,33182.17514521123,12307.066490208854,102.0,124.28265288608944,8.0
26381,31530.873625424832,1183.3780800884845,93.0,121.32624838856017,8.0
26382,44353.57240984533,924.865419145644,67.0,128.66866114391695,8.0
26383,36906.34674784134,19886.470624834703,183.0,120.63398199990208,8.0
26384,39586.52188260261,1473.6195004669667,97.0,122.01380800093152,8.0
26385,47415.62608413187,10953.344206414786,179.0,125.26819383276701,8.0
26386,47442.70576522561,21158.28371923249,73.0,108.45420042151002,8.0
26387,32851.78283562759,737.5060811335142,81.0,124.78531070858668,8.0
26388,27082.42294332964,23040.41388302243,22.0,108.37317270383124,8.0
26389,48136.168554926495,3772.7309589893866,38.0,109.80763066841233,8.0
26390,37870.490341986304,925.0174590793216,34.0,117.52396491668442,8.0
26391,20390.848687864574,7089.685303299692,217.0,120.17046550996496,8.0
26392,30738.883778039308,3980.134826140265,159.0,123.39140844151538,8.0
26393,48444.90564880025,34994.79314957603,78.0,120.22987619270212,8.0
26394,51004.98659637859,2871.4518979298614,88.0,131.724581463167,8.0
26395,34453.70491432472,16335.720999421788,148.0,106.6875271957534,8.0
26396,15674.035769621136,924.8715303113898,89.0,119.55846407747622,8.0
26397,39865.53106140685,736.8713292766129,131.0,129.38551860820954,8.0
26398,50956.36477376539,4624.74706110263,263.0,129.9127144543919,8.0
26399,49609.64092011692,6356.609362270195,328.0,117.99767563905696,8.0
26400,45801.98399987424,19644.270663010924,4.0,117.54269189490114,8.0
26401,32498.297913500064,10959.301358216686,113.0,114.1295416563498,8.0
26402,10953.592061973288,1738.7714267148394,-12.0,104.3940252746427,8.0
26403,34090.301845238064,2362.0530546351565,52.0,119.04776143935042,8.0
26404,40520.52300026009,734.6015503462047,110.0,133.62205086065214,8.0
26405,28150.909193410575,5917.0026600488845,215.0,110.7245963112561,8.0
26406,35075.30525083497,1180.9139414001006,165.0,136.67557185965654,8.0
26407,38910.39309520902,13893.819951171483,-6.0,116.34599128853108,8.0
26408,61248.45397903663,1184.7571396664302,96.0,132.55594132574953,8.0
26409,37228.612868096236,3087.185339808451,345.0,131.23921084202655,8.0
26410,29072.875175440255,1470.5902287881354,21.0,113.63157609156427,8.0
26411,43657.50634001983,4413.267019499751,123.0,132.22197450844286,8.0
26412,36550.309260276044,20560.557147637028,202.0,110.30254490251585,8.0
26413,29743.60061664669,924.84096472814,39.0,115.36568615254389,8.0
26414,40105.71967948889,1472.2259234065507,242.0,131.8546475389233,8.0
26415,23122.82988923056,22197.93757872478,-298.0,105.21397805876569,8.0
26416,36627.49080143134,34933.452597940835,52.0,119.40304402345585,8.0
26417,51282.4208909231,9435.786524521669,64.0,124.63759267845589,8.0
26418,43992.3494450032,924.833108013535,21.0,131.27927113152091,8.0
26419,28907.938942993707,5598.1575335680145,111.0,118.20510222829276,8.0
26420,53584.08771321048,740.4858042838283,101.0,131.33612981166826,8.0
26421,44880.26828539898,737.2061919334035,27.0,119.68605685775168,8.0
26422,49034.345040763925,740.3229744650284,35.0,128.4124022540023,8.0
26423,49158.724147897614,5598.406536821924,101.0,120.50020737989587,8.0
26424,56087.758850238606,10620.098242236558,153.0,119.43273866756707,8.0
26425,43847.28021003583,1992.3871953141809,23.0,119.88536261487008,8.0
26426,44356.99629661526,18859.044569364916,34.0,122.60403120196885,8.0
26427,33691.76672384732,13049.273364687799,45.0,113.65582522133703,8.0
26428,46941.435739940236,20486.25727262866,148.0,112.92159653821892,8.0
26429,27084.42988265916,22601.56324135483,-96.0,105.43591585315508,8.0
26430,28420.816640846795,10275.948087080054,104.0,115.85955622110556,8.0
26431,47633.13645936198,1849.8507381397387,224.0,123.95827066237578,8.0
26432,30318.40037881544,738.2496408086515,28.0,126.14120534007947,8.0
26433,45549.22363863679,3144.2138554123194,45.0,129.37581470728085,8.0
26434,52044.280952924186,1179.3430443880175,80.0,139.71584434705096,8.0
26435,15996.752971752476,5597.997807565393,207.0,119.19018393613837,8.0
26436,61146.48580408834,1178.9158404294608,77.0,128.87962300176378,8.0
26437,35736.87063871374,25502.599246922695,200.0,121.95255666837916,8.0
26438,27178.61158802298,734.3981858660977,165.0,128.95416799003547,8.0
26439,17773.364442776565,10352.450750460555,34.0,105.61880636369183,8.0
26440,44060.51031894719,9022.21999333544,337.0,122.35904348721955,8.0
26441,41726.921682822445,2774.983619261854,24.0,123.59198073398137,8.0
26442,20219.856339746188,5483.572669936012,163.0,100.25630090448375,8.0
26443,32017.81842856314,736.6650497009136,118.0,126.72903483417605,8.0
26444,36807.06876366031,14972.713061880651,155.0,111.04767854626874,8.0
26445,37575.00840117225,17667.479975884766,103.0,113.64088054410422,8.0
26446,49468.34679437899,31757.803186207286,276.0,109.60538536471203,8.0
26447,35753.67897452406,35104.33264006691,-600.0,105.6742100525499,8.0
26448,52808.74193677709,17048.546788956934,48.0,119.16559190564338,8.0
26449,43626.434520554154,2774.573369238574,102.0,113.76875716016136,8.0
26450,44888.25976179669,8553.90915149413,166.0,120.49677244316698,8.0
26451,15443.368193754097,3772.1260309238105,60.0,116.81708013660092,8.0
26452,25165.127357912977,8317.218004649128,65.0,112.63302363301706,8.0
26453,36437.71646932816,1849.8333552618788,87.0,122.25519343950504,8.0
26454,14927.592659937758,1991.3414147132344,65.0,106.59517967929055,8.0
26455,49950.1779510989,924.7876819457716,23.0,116.2586923408071,8.0
26456,41572.14339241413,736.9782918616642,22.0,115.13384238283162,8.0
26457,30303.979771710623,12545.750378805998,70.0,115.03590247298278,8.0
26458,37996.05747400396,2398.065332619083,18.0,110.79589804460664,8.0
26459,48098.876893440196,13457.743979086763,135.0,128.9810512002008,8.0
26460,34078.197574864374,19325.11227631874,183.0,109.85927271573229,8.0
26461,53314.716833190156,1180.1302396367362,73.0,131.00187970148343,8.0
26462,4683.017221688095,2871.072338121561,1.0,90.35554065149708,8.0
26463,33080.49188122857,11810.59376647276,35.0,119.39216727795173,8.0
26464,28027.000839042033,8318.040339156738,73.0,110.6544032498193,8.0
26465,44055.25472657935,2360.749838599572,64.0,131.28042657920415,8.0
26466,40004.49048973726,13277.37464675408,334.0,117.89922752922398,8.0
26467,9936.710371088542,5222.311514745517,-12.0,100.91473048902897,8.0
26468,62580.73053540438,2359.477262759339,77.0,131.3133655258153,8.0
26469,34492.66885133169,2367.5847818417246,22.0,111.82444664377925,8.0
26470,29091.998262813737,23244.785796145465,-108.0,110.99055417937858,8.0
26471,40016.35327571241,925.0362340999516,43.0,125.74397934384851,8.0
26472,31755.660630249116,19664.230330699625,183.0,114.67132306361579,8.0
26473,58395.8521851403,2360.3335259395762,35.0,128.80811494000693,8.0
26474,62213.30351556076,3538.406795327437,70.0,123.29415736740468,8.0
26475,39839.25009609625,9417.80485046603,35.0,121.54291563752501,8.0
26476,43852.03362205595,2877.603855953134,88.0,115.02973123270972,8.0
26477,47231.11090015369,3773.015517609265,50.0,123.97116144277935,8.0
26478,34050.81369923888,29469.44135077624,38.0,108.46805474391034,8.0
26479,40186.52598324568,10589.107806231585,42.0,116.90677220849993,8.0
26480,30007.30104184693,7723.575665366844,170.0,115.11076100727507,8.0
26481,48756.806548783614,2401.4877099942983,180.0,135.607150767568,8.0
26482,20401.019613148834,924.8426359122744,25.0,112.24576050284493,8.0
26483,44396.02332760228,3471.5322891796663,51.0,118.29834235681867,8.0
26484,51229.095609982076,733.5487543696245,51.0,124.68093015557395,8.0
26485,52800.5311069461,4037.712531388586,265.0,131.7574281531264,8.0
26486,45914.57439724928,12224.375517051812,61.0,114.75296426625025,8.0
26487,33987.47631466785,33253.8315006007,-535.0,104.37009322524744,8.0
26488,45463.24588860588,1735.0451616089963,72.0,122.0995881623173,8.0
26489,51797.31180007191,924.8561065381173,56.0,124.83541751811026,8.0
26490,65174.84302846542,731.9857204070776,133.0,135.59845670523245,8.0
26491,57329.42768270593,3539.2521768787838,108.0,137.33785933831774,8.0
26492,16943.816599360885,8840.269288776502,2.0,106.481292195106,8.0
26493,41096.80817550105,24664.90316774263,73.0,114.13502835651794,8.0
26494,25145.79492870171,2774.846253165926,134.0,124.8710413217348,8.0
26495,45821.65161555767,8739.06424461805,-75.0,115.53998822225441,8.0
26496,44125.84129003057,3138.944766430699,10.0,126.44336138525496,8.0
26497,30619.91073301523,15585.473129376642,87.0,115.27532429463926,8.0
26498,30264.89605583475,9623.448600388814,113.0,112.36330455263078,8.0
26499,22818.3190849285,2367.1977468601854,40.0,111.49957324442245,8.0
26500,52739.895532567636,2774.6060806986225,41.0,123.33474875765381,8.0
26501,63311.55675887544,22057.389603120817,76.0,112.54693533654046,8.0
26502,52218.32842936826,19656.187119198188,47.0,117.16543821535232,8.0
26503,27176.86521803989,738.8112789433866,10.0,114.77524724568848,8.0
26504,36396.79647867083,9950.955520455918,104.0,117.58260070624156,8.0
26505,13856.466906616133,737.9525367132404,117.0,120.68976141624961,8.0
26506,34912.64100503288,1736.26311370638,134.0,125.84225686612473,8.0
26507,47432.74689256282,9804.147691290136,52.0,113.69580299904716,8.0
26508,33339.52398834824,16306.142654495803,77.0,116.28135497453977,8.0
26509,20769.227140195824,20227.6622087621,-228.0,102.7372844896729,8.0
26510,41792.61086533686,26758.580760874258,87.0,118.14553654579615,8.0
26511,59495.85299600935,4303.597175992214,8.0,125.2716373000183,8.0
26512,43197.03522078717,28359.02174621541,198.0,111.97094655833376,8.0
26513,65113.16265437998,26064.982474673332,31.0,119.43384075917716,8.0
26514,38347.37038059061,5156.115923145586,553.0,133.59131449739283,8.0
26515,41279.52361254815,5739.9169477078085,201.0,132.60795323076488,8.0
26516,32779.70453707987,3772.0221601782764,14.0,115.15871601575697,8.0
26517,49906.42721115262,4603.038867161314,242.0,128.01896442366677,8.0
26518,48103.546289783044,925.0626376843002,125.0,129.5532231784191,8.0
26519,39033.72145414884,28781.8728709128,191.0,122.48077055822756,8.0
26520,45248.25909379091,3773.1312940443513,21.0,122.62109377062377,8.0
26521,53859.615353519584,924.9155758070314,64.0,131.50837641693255,8.0
26522,32184.421292780014,738.4105674371641,95.0,126.70664087546896,8.0
26523,21292.269380038935,13013.691563033777,140.0,116.35977628701599,8.0
26524,41906.97799178812,2399.523225242548,240.0,130.21502471076911,8.0
26525,35422.872850927015,6516.152324340708,184.0,126.4779758646487,8.0
26526,52577.24558561905,34457.00049270296,155.0,113.22060476448583,8.0
26527,14414.116000943224,2366.0042006738477,170.0,110.57054423881279,8.0
26528,17869.587357546312,5767.748111687919,167.0,109.22741422377787,8.0
26529,50076.19020709015,7970.4355452993605,43.0,116.04564286005578,8.0
26530,21380.925525001494,5892.774535103546,179.0,103.41052974139478,8.0
26531,14798.39958211264,5549.377093419692,63.0,112.11420996801937,8.0
26532,23706.437342865214,735.4533941929561,42.0,129.4036686846686,8.0
26533,38432.29656391966,18051.915867558615,88.0,117.85034459967584,8.0
26534,56833.104175899374,1184.6274581795467,70.0,131.6395752513499,8.0
26535,30954.072900461866,1990.21892163335,107.0,117.03654732170074,8.0
26536,53691.85919919665,924.9363666651797,55.0,130.24443940088003,8.0
26537,28224.160573786583,7545.3121513641145,90.0,110.99532626116918,8.0
26538,58846.69446316693,1989.5396667269054,121.0,133.72919367285348,8.0
26539,41089.29787423396,25840.67548506752,352.0,113.92100810619321,8.0
26540,40012.65259220494,924.784969797134,27.0,127.7804568697733,8.0
26541,46050.64217596057,9205.37160905046,217.0,120.63329061225835,8.0
26542,58027.27142173734,36690.960444799515,-43.0,128.12309969896717,8.0
26543,50548.69777843604,1180.3044294513045,81.0,125.47829297585307,8.0
26544,38627.03017259788,18859.044569364916,34.0,122.6697508925881,8.0
26545,52519.3127004301,13022.566329908102,123.0,123.18714699251298,8.0
26546,27616.90862866865,8833.191386187204,187.0,113.83905861835198,8.0
26547,47295.142064917556,1743.7571399136118,131.0,129.2568055372672,8.0
26548,11967.47358144095,736.2215804751199,106.0,111.04583558499644,8.0
26549,58678.99681611172,3552.6622453713785,289.0,133.078048624484,8.0
26550,41396.64530981485,5469.967306248778,312.0,129.5787525990622,8.0
26551,41229.77788464932,3473.3661232989334,127.0,110.87587593939648,8.0
26552,4729.635659674932,3546.9039428227666,-4.0,89.16852632967533,8.0
26553,9954.197944616946,7963.04322070269,57.0,97.12860321343501,8.0
26554,32163.168076807764,736.6753972904417,113.0,117.27789346069638,8.0
26555,18495.697958723566,13283.178255550147,-11.0,113.17161355858741,8.0
26556,26571.271879078027,9963.476651298284,164.0,108.98588193638884,8.0
26557,61931.549973787114,44308.63100816166,64.0,117.69813204783046,8.0
26558,54743.308573666414,43924.28794476682,100.0,112.55583088123161,8.0
26559,10354.083305938104,8155.465386415079,-17.0,97.64645711541243,8.0
26560,42746.03083059833,22365.010919993107,88.0,118.51226943664638,8.0
26561,63058.72406309796,1731.430411584695,43.0,132.99275944289894,8.0
26562,7588.476936409845,6877.308442473724,-225.0,91.8648166444504,8.0
26563,22198.241385674028,21273.365717040324,-274.0,100.43761740375626,8.0
26564,20822.83665873865,3772.466603433333,230.0,108.86896300119705,8.0
26565,22968.903674564852,3772.522038196131,51.0,109.98108312445137,8.0
26566,43134.99996337856,4125.627510866123,27.0,121.87427650780597,8.0
26567,46374.60903599807,924.8847638292939,140.0,130.56027342579898,8.0
26568,48661.02874243979,733.1032581764657,80.0,128.68237663220975,8.0
26569,13031.882639403906,12368.604609218452,-90.0,99.54734193449579,8.0
26570,17730.61060951702,15365.718766736272,16.0,107.57202373075401,8.0
26571,61862.92976709111,49067.0208257633,87.0,120.6458350655787,8.0
26572,30614.21995887711,9430.76234835585,43.0,108.67870203091044,8.0
26573,45000.15183171693,17816.89062706604,214.0,124.87614960975102,8.0
26574,38099.721607505526,11123.502316220187,301.0,116.26470711650101,8.0
26575,62347.694832984926,1732.225370259791,85.0,122.70801852934095,8.0
26576,37134.8286881769,20116.375353223822,183.0,120.71120938930315,8.0
26577,58816.80700825651,924.7101826352434,32.0,131.54399344761583,8.0
26578,26781.149791190637,9624.49896315553,61.0,114.67175819542659,8.0
26579,50161.9286262787,4314.491742600924,15.0,115.9907944848104,8.0
26580,36996.89831329634,25482.06310465265,81.0,116.12290127949461,8.0
26581,43637.345050135,739.0366998288747,35.0,129.94332332109445,8.0
26582,18491.624979058073,4415.173752095765,90.0,113.70230660010886,8.0
26583,36397.543824826,5967.706066419954,378.0,129.83958942366087,8.0
26584,15925.261528349323,924.9983478942354,54.0,124.90194071281371,8.0
26585,43328.226292002335,739.3386141781781,234.0,136.04522033119514,8.0
26586,56864.35730756595,24296.631058829025,37.0,117.21544284090557,8.0
26587,59898.8895108855,10661.44190746921,33.0,127.0724510524633,8.0
26588,20299.59530479862,8613.620495404988,70.0,114.37039487978461,8.0
26589,51174.4250390667,3979.176976281786,263.0,119.71586491234203,8.0
26590,34968.87360918155,15431.490620678405,77.0,120.10006057525365,8.0
26591,48774.36056045073,32780.85716862119,230.0,115.86137411936775,8.0
26592,65094.209320946415,48073.195261135064,183.0,125.37887944561103,8.0
26593,14732.332427587207,12522.59312232343,-33.0,106.8729455411976,8.0
26594,38423.73512382471,6839.023833099577,142.0,121.39597834202912,8.0
26595,18523.46380326089,736.3378054756187,15.0,114.12567975187294,8.0
26596,41391.01155970037,8150.823061888298,295.0,126.74844894223898,8.0
26597,28611.721433460305,8232.7692356859,75.0,113.30502528930987,8.0
26598,48048.57642153564,3138.579317737831,28.0,118.7267261785473,8.0
26599,51499.35198164322,35849.26824500695,126.0,129.40225904937415,8.0
26600,38628.849918543805,1990.2938622440763,49.0,117.96845510278723,8.0
26601,62031.78534134205,731.9857204070776,133.0,134.8054261188284,8.0
26602,44153.5849656517,735.308973648726,140.0,138.27954270586955,8.0
26603,46035.8277719837,5597.788635231211,492.0,133.8078405977485,8.0
26604,28449.460116076716,8912.289575033692,71.0,118.33020894622787,8.0
26605,51195.45742365302,39506.46494797824,272.0,114.33040529729365,8.0
26606,40043.070939309815,16882.955802669796,225.0,127.18098420845156,8.0
26607,42368.96961871082,9246.658620476588,169.0,129.83139173510824,8.0
26608,42548.142805809366,925.059538961917,73.0,123.98817269870308,8.0
26609,47802.919300614354,26296.202773327575,139.0,113.66313966853858,8.0
26610,40722.25208174325,924.8336591784893,30.0,119.85927144687376,8.0
26611,30664.429239105284,1849.8370005656627,125.0,118.49866774442117,8.0
26612,36226.07403253422,23435.114497681854,87.0,114.81377822239811,8.0
26613,39290.611153186044,924.8702560985216,25.0,128.14588162005953,8.0
26614,24373.28923714382,4418.048169405496,26.0,111.97351217578357,8.0
26615,11556.040841817434,1738.8172851275435,22.0,105.74575001355899,8.0
26616,54815.018583815596,20468.415977768324,69.0,118.58497238997954,8.0
26617,50508.12524292497,34845.769941400344,211.0,118.08061776564946,8.0
26618,12695.80533528678,2397.308961623873,122.0,114.93161400030166,8.0
26619,37713.787572665264,14555.751631724577,326.0,129.6812157452598,8.0
26620,34087.64705188206,12558.063985094563,429.0,128.74026603888444,8.0
26621,19910.74876783962,736.3378054756187,15.0,108.92668921491091,8.0
26622,41035.50532239056,8227.660889467523,40.0,112.21220855174056,8.0
26623,33765.7570944514,18060.92026993347,135.0,108.81629730074448,8.0
26624,8263.737427265638,6281.451093780044,48.0,92.8611196384909,8.0
26625,57681.66597731667,4037.8802365203246,32.0,123.20660628283889,8.0
26626,52952.29730033937,4040.308797794458,115.0,134.44798532690265,8.0
26627,63658.54726794077,46637.4310747747,183.0,125.18823324440241,8.0
26628,54535.13871652595,732.8481363215635,143.0,134.82381598359183,8.0
26629,61921.790896474726,3144.5104148005603,114.0,132.89442181074944,8.0
26630,34699.8704079826,4852.271531698179,62.0,114.60185751322103,8.0
26631,32528.77210381715,2391.1452623400214,38.0,115.50904012199187,8.0
26632,16319.541023843462,1736.4976940007134,10.0,112.62826365514388,8.0
26633,28836.852410384003,5210.999211615128,283.0,126.13052940665001,8.0
26634,53983.771632903234,732.9613128614183,21.0,122.75858015423383,8.0
26635,22483.579695340955,2870.332573609069,71.0,108.46189487657186,8.0
26636,41637.28897929543,14535.734296667968,168.0,111.67465465675099,8.0
26637,36535.400648541894,16452.85815270224,127.0,110.0125835059799,8.0
26638,50291.60731312664,2870.042495110055,161.0,130.83421014939745,8.0
26639,9365.834182535025,5598.1967601407505,25.0,102.56506537218216,8.0
26640,51828.49892791894,43552.94643546499,153.0,111.54008100823279,8.0
26641,41973.32064333457,34613.59541751478,68.0,114.21582918013252,8.0
26642,22992.154112375607,736.994640246186,30.0,113.03807607340153,8.0
26643,38366.69185562955,2942.587924345178,65.0,119.17404947637229,8.0
26644,23412.222705855536,2393.281796833855,113.0,107.7353668732631,8.0
26645,27191.54325220431,2391.7816231420506,125.0,116.67977913828473,8.0
26646,6956.871385983704,6345.565767174535,-65.0,91.65696010350779,8.0
26647,15071.206809891477,1990.587795618775,-14.0,111.42819065075378,8.0
26648,9509.82631913551,1991.3046946279815,133.0,113.87614378243063,8.0
26649,36674.636834538935,924.9502244892795,6.0,112.88345258050654,8.0
26650,18513.108942651103,2774.7948110255147,35.0,109.82225685744083,8.0
26651,35876.47065561468,1181.0297000945238,118.0,131.11707699563613,8.0
26652,54918.99627650222,925.1251120738038,51.0,124.27142746460467,8.0
26653,6693.863911869575,2210.0320737369,4.0,103.987045842412,8.0
26654,24801.64580363084,1991.9085574158,180.0,125.47058396210466,8.0
26655,28741.130609832384,1473.4346117074895,135.0,123.97451945264287,8.0
26656,33408.51297143372,7101.573179109989,184.0,110.49528241665844,8.0
26657,34823.699484384626,1735.9393515159538,143.0,131.2542040300483,8.0
26658,41676.922470717414,31092.630872325033,347.0,128.3156596816869,8.0
26659,43423.73760879478,1180.7486534281932,24.0,120.8241445628003,8.0
26660,33551.50745693451,12571.397954021688,347.0,126.60244055887748,8.0
26661,33687.6168172385,17375.054358865968,120.0,119.78568035344725,8.0
26662,17917.44024964529,17061.23377746038,-322.0,102.18324454762099,8.0
26663,34229.509337993455,22209.876541598056,146.0,107.32900511313568,8.0
26664,22493.93006881714,1991.711128444381,27.0,110.05086660857617,8.0
26665,18778.918314285715,3086.9738469097524,167.0,119.44904774593596,8.0
26666,53770.26872636524,10200.29018522768,112.0,120.6514488583039,8.0
26667,25853.609382088358,5895.421912595729,69.0,115.27176077952335,8.0
26668,38485.210936965756,5239.23336365825,303.0,108.81554228164069,8.0
26669,49049.965122526686,739.9314468812322,29.0,129.7555676665161,8.0
26670,56106.67216794684,34941.50770666672,72.0,116.86917320990193,8.0
26671,46409.63164659825,2361.128073452378,81.0,120.80965035173637,8.0
26672,24870.706166536373,7497.138966193671,60.0,116.00406069879566,8.0
26673,25130.97231584749,2392.942150033897,26.0,117.85740428702786,8.0
26674,23307.638594857937,3090.6433620184926,66.0,112.51173577597743,8.0
26675,52973.44103253443,2874.579196562347,35.0,122.59994416674846,8.0
26676,18458.580451331953,737.3715144922512,72.0,117.33913416162076,8.0
26677,59518.0450479845,924.82812033076,165.0,134.6920884577997,8.0
26678,24296.243688467064,8653.735371312236,487.0,127.71330132156503,8.0
26679,65343.97173130177,1988.9304211564088,239.0,134.8280947335464,8.0
26680,21942.19001206525,737.0375545959643,146.0,125.617025095696,8.0
26681,26774.64908450463,2362.6559175319762,16.0,122.86592647228265,8.0
26682,16941.630971269682,9575.591135144748,10.0,106.30040343254547,8.0
26683,41802.269010939424,5121.860893076004,68.0,120.51436162336745,8.0
26684,50181.9217348343,1184.0374147143784,38.0,115.96492859026881,8.0
26685,51852.645094898886,733.1932864632703,75.0,127.81169391542971,8.0
26686,26535.317293275955,25799.387380888846,-177.0,103.8758318472162,8.0
26687,60203.171306233,15624.114299551526,18.0,120.67381530519687,8.0
26688,34537.52971538169,1737.0893393594197,77.0,120.46884704330209,8.0
26689,51798.0285231893,924.9607906048979,63.0,124.62850365367908,8.0
26690,44296.03082691869,23899.67392076195,71.0,122.09953285444557,8.0
26691,4121.602426216178,3478.6380975162783,-18.0,88.07788992778043,8.0
26692,45151.87820625956,1743.1231495612562,229.0,131.90724346843402,8.0
26693,29472.98414787966,2395.982193327661,49.0,117.90416753075274,8.0
26694,33494.284360259655,20802.112525281857,32.0,119.23507786414172,8.0
26695,43628.34217685171,924.9643743763546,56.0,126.37357441760003,8.0
26696,39797.58691323626,4040.2572917144407,34.0,116.81716060899807,8.0
26697,38914.839962284386,22601.61517131866,120.0,121.00256802380801,8.0
26698,54343.214918366764,3984.9483066004386,81.0,124.65510521771812,8.0
26699,49373.00661465572,924.844278323362,56.0,124.26968195016497,8.0
26700,30072.878345293226,734.712333556908,63.0,120.32601798779476,8.0
26701,40585.918740694906,3771.9218428600516,59.0,112.79632901241274,8.0
26702,35879.94041888684,1737.0893393594197,77.0,120.77273389413433,8.0
26703,10954.039226776476,7488.827839574111,52.0,109.38765180850113,8.0
26704,35378.481273165286,737.6945194989227,162.0,130.33034560824663,8.0
26705,27184.43327107918,11196.37803311932,189.0,111.86769503598694,8.0
26706,39737.06369937488,1181.7407700004187,47.0,119.44038092586544,8.0
26707,17573.236165799546,3481.106801524944,150.0,113.51716935789374,8.0
26708,46483.601103022695,1992.61905620737,45.0,116.10686033436674,8.0
26709,42305.37147811125,738.3096322637568,39.0,132.10185719847337,8.0
26710,24985.04900894347,1471.8233610666193,62.0,122.75298671834128,8.0
26711,44365.281934591556,6641.487591764935,50.0,112.01494620254505,8.0
26712,32637.06962159101,735.0281873434551,107.0,124.52948811140932,8.0
26713,31084.488247402336,5740.660527958494,242.0,125.88363453180193,8.0
26714,52946.83362955797,6329.443451508301,309.0,128.66016272445694,8.0
26715,39455.06519690944,13431.372708691471,167.0,114.60692332993604,8.0
26716,52652.647130049634,5978.015337068278,48.0,124.83856459674507,8.0
26717,43143.031808200314,6183.1993220990435,30.0,121.87585500581916,8.0
26718,46672.73331441794,27890.13374025976,187.0,116.44294486162384,8.0
26719,29194.489447664484,24699.624447342263,7.0,107.82793176488852,8.0
26720,43439.849501622324,5120.587532856473,-44.0,124.88351277762182,8.0
26721,44888.71438271848,29011.675991164215,95.0,116.28987195844748,8.0
26722,38229.753304905826,13777.14223053864,95.0,121.58786305116786,8.0
26723,54087.39305986673,1180.6862802075611,41.0,131.09458914209952,8.0
26724,34608.38536743997,8454.000507579782,79.0,117.18628500622168,8.0
26725,59173.738616550116,924.8498355022599,59.0,143.20489577566377,8.0
26726,10590.470261981902,1182.654572771454,95.0,115.82064316168243,8.0
26727,49355.827020528544,31239.561186319825,132.0,113.80085015687727,8.0
26728,54340.87746649379,7082.46165638579,30.0,124.9616048024815,8.0
26729,28314.078051393913,5211.414974524863,34.0,120.21693611083299,8.0
26730,45330.75378623802,43591.55808768338,-188.0,120.15648518685717,8.0
26731,44408.46441703124,25386.88075798842,257.0,128.36109587436812,8.0
26732,42487.489072562224,1181.4144665464291,96.0,122.89795133972784,8.0
26733,18608.34004903645,736.484840637686,28.0,110.86414950420568,8.0
26734,29825.226779115805,924.9160642894841,98.0,123.85026929601261,8.0
26735,28017.051053768995,1180.90281308206,22.0,112.27682425501776,8.0
26736,28988.80775356981,1741.7413424429276,154.0,134.29295618354885,8.0
26737,41120.905978218725,32672.39287871288,367.0,128.9141956981051,8.0
26738,41246.96140027293,738.6912532779231,112.0,128.96058844752537,8.0
26739,10200.860620873347,3699.714192332911,32.0,109.11982029929561,8.0
26740,26576.68379973976,1472.9553694679882,26.0,113.1790938072925,8.0
26741,45808.07400963469,19920.561416309396,53.0,117.6852776104526,8.0
26742,57596.37894829711,5899.343360215387,180.0,127.58687413235859,8.0
26743,33856.072759910734,3983.8776263769814,58.0,122.72572128737033,8.0
26744,38591.538531933686,1181.2109510113442,94.0,132.72923392110155,8.0
26745,55485.21422012948,42793.6889831813,32.0,123.6136170164345,8.0
26746,57744.53243273876,31798.184613153546,88.0,120.01618005742259,8.0
26747,41404.36952996934,10348.313790260529,214.0,125.31551828087444,8.0
26748,35580.795188971766,25627.183284793093,430.0,129.1317654560453,8.0
26749,41538.48926465542,16078.783299965087,313.0,127.14295439581257,8.0
26750,43181.5558175051,18733.08515974245,100.0,119.8156551269656,8.0
26751,24324.674459888785,8838.786361713606,181.0,105.4185635723896,8.0
26752,44815.427441145184,1744.2091558282916,55.0,127.61405602660051,8.0
26753,45455.19617626085,1183.9087798821165,63.0,123.0986652171397,8.0
26754,39382.88602765791,5213.128272324409,96.0,120.1188636767355,8.0
26755,19878.317239603377,11624.14283332818,147.0,102.14965835814066,8.0
26756,25070.194114853908,6516.159788221704,351.0,125.60525086216438,8.0
26757,51005.54248962767,7724.749588284113,60.0,117.09879310293563,8.0
26758,41036.61428228369,26246.79907015192,46.0,112.35224766658104,8.0
26759,24326.93852743941,3682.6278097830473,180.0,121.43352417587504,8.0
26760,29679.796198350516,3699.8323873879176,152.0,115.07187247634836,8.0
26761,41036.14702204805,1738.5676058948882,36.0,126.10948224949962,8.0
26762,40913.178402877296,3772.9752244908886,30.0,120.17490424937074,8.0
26763,30583.2505253757,736.9293948468568,152.0,129.18223405463402,8.0
26764,52995.91907447119,4855.595154312283,68.0,131.95451968694158,8.0
26765,49581.35247759763,2361.184134497897,38.0,121.6020274959227,8.0
26766,43528.75869793183,1184.326331825492,7.0,115.87738198582073,8.0
26767,26913.874829043965,8308.381325631139,196.0,110.22913556407107,8.0
26768,27822.08616727136,2396.6470967095092,261.0,112.30803457239732,8.0
26769,42325.10911031747,1184.5725228087867,171.0,127.65798125524279,8.0
26770,31682.016420247408,5890.641858088676,28.0,116.93376193654908,8.0
26771,50138.15627736643,3985.4589540824027,48.0,124.16954444357587,8.0
26772,55618.592812870134,924.8869114851735,32.0,130.73414848084204,8.0
26773,21142.612514017175,4517.769502942199,128.0,116.93278811318756,8.0
26774,21387.864892698257,5598.120148408055,35.0,111.90449265912741,8.0
26775,33076.86610710158,11574.338415709835,139.0,110.61184459924357,8.0
26776,40941.56365719953,25015.695871153122,274.0,129.7561073346881,8.0
26777,48325.42329398664,36635.787509571586,278.0,114.26473041306862,8.0
26778,61160.39392634927,924.6944491328532,153.0,134.3710536194351,8.0
26779,58829.75927880071,11584.679754799356,199.0,135.2912328675787,8.0
26780,45470.64236166233,8356.903140314233,64.0,110.42943902402699,8.0
26781,51747.265677108815,924.862834835205,166.0,133.05122881529687,8.0
26782,41512.56673853739,9804.585369185845,36.0,120.4822180727103,8.0
26783,49774.87081774052,38213.033191740855,120.0,113.69843252009967,8.0
26784,48173.58352843389,732.5984364447451,23.0,119.25354411020042,8.0
26785,16794.462665517272,8356.671689102288,347.0,122.89760489620623,8.0
26786,20108.53079020861,10647.581707332582,53.0,110.72875387733124,8.0
26787,44494.67280456798,924.945521101875,57.0,122.95672451991851,8.0
26788,23944.90119959214,3085.1529550469972,27.0,115.72170866453868,8.0
26789,38958.75584203634,12970.362352669023,118.0,115.64396663808081,8.0
26790,37133.56296863952,16146.040276937376,313.0,126.50728898514248,8.0
26791,53858.923786740976,1989.6858744158376,129.0,134.19477724300958,8.0
26792,45373.10365713883,924.80661554837,22.0,124.58192349804975,8.0
26793,55597.99741803035,3540.4463062842333,165.0,127.82984081996041,8.0
26794,60440.28996680316,1732.2846209389556,129.0,129.41819191307695,8.0
26795,29606.955610509205,3983.795417183136,88.0,108.07446301446693,8.0
26796,53459.2469135992,925.017622170983,84.0,127.27417334875678,8.0
26797,11196.48370216641,7435.993703064347,19.0,104.56576566154888,8.0
26798,54533.17669462453,9506.315976949376,197.0,124.80227130722314,8.0
26799,32506.323168131566,3699.789892783798,72.0,123.19754059938633,8.0
26800,38318.55782454162,21384.26099955325,42.0,118.03943029828969,8.0
26801,36460.690162402374,16078.985799659507,88.0,114.38892648966733,8.0
26802,33588.857549729946,7967.7204993776095,111.0,115.25057494610826,8.0
26803,40955.401294521136,27947.695867039238,341.0,113.3019845920855,8.0
26804,17808.003540186113,16084.89180427708,-9.0,112.56184366308845,8.0
26805,27419.02509513329,10425.925819964068,510.0,136.69978479361953,8.0
26806,35566.940477825694,924.9723641143618,39.0,118.18111816370299,8.0
26807,11756.157653972656,925.0239384372126,60.0,112.02795875706536,8.0
26808,43522.33272989998,1742.0624911741904,111.0,125.77199379880969,8.0
26809,8303.896003608794,735.5946465710301,13.0,101.7907865536481,8.0
26810,46823.32993429504,28703.9067740203,-29.0,113.99593822319933,8.0
26811,17682.158300148272,5479.594817095704,166.0,116.28010424176549,8.0
26812,48521.80491952948,733.5163520429987,36.0,121.78792583007305,8.0
26813,16548.31778578215,1181.9935963929274,163.0,123.4413896163467,8.0
26814,36635.20729777623,735.1679244385346,168.0,148.13539253908414,8.0
26815,51070.35786774403,1184.646420188109,13.0,123.29158420853821,8.0
26816,39221.64546850252,3552.6386991345144,26.0,111.28296176229497,8.0
26817,38582.76649968079,28397.116313271454,116.0,115.20907735434099,8.0
26818,27684.812329815795,17318.365684392753,-109.0,108.30964548488022,8.0
26819,43313.34044941506,18466.212078770135,51.0,121.90925850532528,8.0
26820,13251.81294597835,11526.784962526632,70.0,111.89760362095305,8.0
26821,27074.13922505765,924.9111389086845,211.0,129.31739330520955,8.0
26822,28247.986406538257,2367.2031096960122,122.0,124.24803520759764,8.0
26823,43248.8633877007,2390.0542302367785,103.0,123.34447126926443,8.0
26824,38438.82249044833,12815.297361522058,111.0,113.3043463014224,8.0
26825,32679.727224219085,16344.851482894806,202.0,125.15055731619404,8.0
26826,45418.21342879681,10956.054016345028,46.0,117.15057513078503,8.0
26827,31400.90439567468,7545.4447765961395,122.0,125.7684820028955,8.0
26828,15014.929266482482,4045.4196101191023,39.0,104.5420097623798,8.0
26829,29359.135804477886,1180.6186945729175,34.0,116.98493069617184,8.0
26830,10591.684379996605,3772.0860262323863,-31.0,101.74309494910317,8.0
26831,45186.25297162728,33636.736060520016,6.0,115.02372336466986,8.0
26832,25066.489485759706,4420.85323850674,111.0,117.10818931604986,8.0
26833,47497.070673740556,27243.203179209286,73.0,122.69196653992607,8.0
26834,40861.99907833009,36257.63726243788,6.0,111.69831415815904,8.0
26835,29457.122819787208,11041.280579376053,202.0,116.98402083893131,8.0
26836,47656.26003660176,23317.8518797249,139.0,113.87322272466575,8.0
26837,47223.37013456861,10409.812117552527,18.0,115.81459009132674,8.0
26838,51540.01265795335,1179.262723477069,192.0,133.25299942315763,8.0
26839,50033.49988619211,924.9713355577017,163.0,132.65528088565983,8.0
26840,36132.453745311264,736.0075931976584,202.0,132.34560173370022,8.0
26841,33559.02829902294,3772.538114463825,86.0,113.89750141781444,8.0
26842,38588.46616756921,38030.88081465281,-457.0,107.88651008845777,8.0
26843,34236.63864068765,2392.7492780865286,36.0,120.42469822405843,8.0
26844,8310.090595095857,7594.132110550307,-52.0,95.76687362483224,8.0
26845,46986.86468198084,2359.619643387953,47.0,134.4305399476234,8.0
26846,52749.74474847397,925.0124841387236,131.0,131.0144476239073,8.0
26847,55426.930930716226,8113.301035574499,52.0,124.0697122919235,8.0
26848,5478.372444659637,4790.987196340515,-81.0,87.83661310153218,8.0
26849,26893.311101012474,21040.878940975294,-124.0,110.83710748031835,8.0
26850,36420.91751483456,10580.978655042512,44.0,111.65579806508339,8.0
26851,62574.150478976066,1179.567456105858,43.0,128.25677654486014,8.0
26852,48486.854262366964,2886.98489406762,299.0,132.75869704623562,8.0
26853,47333.41986058323,10656.550383999347,79.0,124.80000185819725,8.0
26854,38035.39929788382,1849.6633896670337,50.0,119.05753804084193,8.0
26855,34020.38942049002,7086.172074299086,135.0,128.7750143852927,8.0
26856,50991.00675285851,9512.315255277947,21.0,119.0369879461252,8.0
26857,16232.876665907552,8156.024354250676,3.0,106.51169486192556,8.0
26858,28826.96345849861,24220.291433195092,53.0,106.90165161957633,8.0
26859,27074.18631387874,18629.694002155426,350.0,125.77033400762686,8.0
26860,27650.99006114716,25918.31300081796,64.0,117.08218724848304,8.0
26861,21398.9432578491,12573.78580284042,78.0,104.79124048243321,8.0
26862,53822.9277137619,1743.256311840034,225.0,133.1523916805094,8.0
26863,6639.9982381255095,2870.9259277413234,19.0,100.85490768611473,8.0
26864,26477.11518268305,12376.1105266609,163.0,114.18984081535928,8.0
26865,30688.89771441159,2871.2126166481435,57.0,125.93760588798386,8.0
26866,21058.962842846777,8281.679725375123,74.0,107.68551535546844,8.0
26867,58053.264396263374,20432.456487567495,55.0,119.63139234765431,8.0
26868,44617.8484910988,4510.038043290724,158.0,124.5826220072156,8.0
26869,57297.79667870003,36921.25084107705,88.0,119.4584022318358,8.0
26870,49030.96883314385,732.7115685065315,148.0,155.4985043464386,8.0
26871,33196.49720728147,17701.17854698173,181.0,108.55818026857598,8.0
26872,38498.555515591244,4520.121942252955,30.0,115.51520050087929,8.0
26873,67762.37625891485,732.1139345702782,22.0,128.6485086231924,8.0
26874,53489.66782330742,45217.09010740893,153.0,112.30387313652442,8.0
26875,29944.10344257319,28214.936221647033,60.0,117.730169879739,8.0
26876,45243.39822385097,737.4628944143543,29.0,124.02362511061438,8.0
26877,29791.317990190346,1180.6330284037033,180.0,128.18003461687255,8.0
26878,24648.20904439999,8913.80740030666,46.0,114.77040909804553,8.0
26879,54531.27872236703,1179.5066892083714,50.0,118.20290662552638,8.0
26880,42696.015276904545,1180.716302151448,83.0,128.0334728497773,8.0
26881,43264.96167995618,3978.997751551435,138.0,138.64311055501057,8.0
26882,49704.97369993751,40198.06685982409,353.0,129.61157248120793,8.0
26883,43061.12974185065,6651.647466279245,128.0,125.28533111787112,8.0
26884,19664.28611547429,7444.397551145493,-63.0,117.47146535693568,8.0
26885,22016.23592802759,21285.782263372068,-516.0,102.55871107034622,8.0
26886,34138.33576056445,14234.487973650612,108.0,110.26098188499256,8.0
26887,48454.4177348193,8356.794236313624,193.0,125.37824093850485,8.0
26888,55141.80465458786,9946.619217154006,232.0,138.31472774792505,8.0
26889,33983.487890157354,4602.632945967487,21.0,112.34943981837989,8.0
26890,59907.58484617526,1179.3564841487337,45.0,137.39858895302018,8.0
26891,36085.291941104515,13328.436448165497,305.0,126.6497710646733,8.0
26892,49773.678534939936,36045.77282041509,78.0,118.57043791125227,8.0
26893,54413.53842791749,2359.8629344379806,154.0,138.06364045982727,8.0
26894,45154.03444965271,1737.1143709552327,167.0,129.27756480387586,8.0
26895,53337.018853508605,7435.812136039483,333.0,130.57440711784358,8.0
26896,18200.11065122142,1180.9497387709498,46.0,123.59434561404049,8.0
26897,43323.40784110806,30315.461895299548,193.0,128.81906888163354,8.0
26898,45789.351272906075,1736.7773832848077,96.0,118.61581849481287,8.0
26899,40508.77612972939,3143.9018681202356,163.0,125.90126971297565,8.0
26900,35788.90787849249,5228.555753410175,37.0,108.56268193213415,8.0
26901,30178.15821513166,9588.40046601686,82.0,118.86150229432343,8.0
26902,36506.44480575772,19914.031105908132,74.0,113.22280172445792,8.0
26903,36412.84628917203,1990.3150143056846,42.0,115.99245691905793,8.0
26904,40083.82790624229,22632.64511933461,109.0,114.73461081930469,8.0
26905,6881.642432118587,6175.712361530611,-49.0,91.96420335027057,8.0
26906,13344.487334561007,11648.42112498939,82.0,112.11573906010454,8.0
26907,57234.94219043434,733.7733564247485,13.0,123.30501767786994,8.0
26908,44949.99010440092,19064.60044610719,66.0,118.93546877884758,8.0
26909,53793.56506299553,19229.753146800704,36.0,117.70710094413832,8.0
26910,52843.45637581638,925.0617058223324,83.0,127.81738695481148,8.0
26911,41768.75647388878,736.8029772826685,141.0,130.46286599287833,8.0
26912,54684.63997530846,733.9832397990969,32.0,127.639462820741,8.0
26913,56905.11130374552,8835.682333041721,65.0,118.46772767736303,8.0
26914,12113.942344880152,8356.834694318453,15.0,102.52744065112502,8.0
26915,48610.22528622851,3554.1904042722836,28.0,119.41007724639643,8.0
26916,58146.79643997912,6410.012521417001,178.0,130.4256429182294,8.0
26917,59522.93860396662,732.3673943910187,11.0,117.72039014498243,8.0
26918,29905.525996789,10681.114796026473,185.0,117.37109205581467,8.0
26919,43780.726032269544,1849.7013699774682,65.0,121.2701026945199,8.0
26920,34592.51587859257,1471.3610584720657,210.0,129.59307629011712,8.0
26921,45399.85487357089,1989.4005720120738,35.0,125.42744429878758,8.0
26922,16665.185614110662,924.9163568452101,37.0,112.72557294105266,8.0
26923,48397.18856190975,1992.3573781082064,91.0,119.32701886797665,8.0
26924,51004.68332578588,13282.948181833512,51.0,119.34621177068053,8.0
26925,11524.067755207252,2364.196495863196,7.0,107.82702891409252,8.0
26926,43774.879311781944,16793.74688908382,70.0,122.79806711139764,8.0
26927,32142.135087265593,736.179744656523,69.0,122.46848462100846,8.0
26928,18039.192111186985,3142.1162304967384,27.0,110.32331743870002,8.0
26929,21344.55513766763,1183.3345446644962,59.0,116.91824869218183,8.0
26930,53342.06178348264,3772.9311388751744,52.0,116.407826700284,8.0
26931,38408.8919058271,8889.206903664168,169.0,123.83039936701519,8.0
26932,37005.468905051006,2774.9216489683345,232.0,128.24071488427873,8.0
26933,10946.168155905905,1470.8489621783017,71.0,110.62129533461177,8.0
26934,24930.30648584297,738.1702957264811,67.0,121.27515938213085,8.0
26935,35639.49614336961,1992.3501204981003,25.0,115.53655142482405,8.0
26936,44653.34786896374,4304.574337725797,15.0,137.05574778182623,8.0
26937,39329.68478595817,31055.0994252412,153.0,109.04251970308725,8.0
26938,30723.96931289865,16539.241834940236,472.0,128.91516494953328,8.0
26939,40379.47621164304,5482.417393821971,196.0,122.50215751774074,8.0
26940,23098.45738339941,21147.344680754035,75.0,105.42334468076582,8.0
26941,27311.965698076867,7543.845830897301,228.0,111.26246837971344,8.0
26942,39259.76791686951,27027.626594911828,223.0,111.38995205632047,8.0
26943,57015.03598681165,1744.2318316884828,148.0,130.20594356899545,8.0
26944,46653.17616318027,2368.3403721508685,86.0,127.78704404230912,8.0
26945,18405.131893937752,6657.385181865412,258.0,121.79657484404406,8.0
26946,43549.353990520336,4304.703069514306,7.0,113.04347693839043,8.0
26947,24840.937765755796,7099.49588861867,258.0,114.833263847638,8.0
26948,53968.950959002745,1850.0863505650925,54.0,130.09083289811466,8.0
26949,56054.31450778428,1990.1485742002176,9.0,123.83244339788374,8.0
26950,59993.419078640814,11739.855430909196,556.0,120.91225468749143,8.0
26951,18496.010731632537,1182.7597191996924,83.0,117.56065716085513,8.0
26952,37041.62250854848,11097.823153360641,88.0,108.86835308873577,8.0
26953,38874.13783580542,924.9587800827177,38.0,117.77242513917044,8.0
26954,59505.39292830259,1731.5280173580484,77.0,125.32865021848421,8.0
26955,57141.18506331099,1744.8142381583236,61.0,131.25354852100588,8.0
26956,35237.29463056301,736.0674804329414,179.0,131.28537362804207,8.0
26957,17658.84186820198,16789.480503681163,-350.0,100.73836469672578,8.0
26958,21580.059156613162,20834.26538830805,-259.0,104.79977764949034,8.0
26959,11525.088182828944,2880.7729087394077,14.0,103.55165934402113,8.0
26960,33012.836822737634,7601.1165296645,334.0,112.69345138365487,8.0
26961,39584.670355295966,32924.11583408997,80.0,113.81854345160853,8.0
26962,50210.7800907759,30663.655613745108,283.0,111.63339535840042,8.0
26963,33667.85595972682,1471.0388272659877,26.0,113.80646777182082,8.0
26964,23122.804459197458,924.8620626207862,6.0,106.7653164779997,8.0
26965,54497.63676269386,18864.72148067424,117.0,120.84184628231337,8.0
26966,16868.919569434733,11403.656392413724,37.0,103.4661808825264,8.0
26967,53454.21403816011,924.9998783785351,56.0,124.17350670736022,8.0
26968,15497.154570202696,13291.886449615577,-23.0,107.6430395594203,8.0
26969,42473.63346537143,2210.4198997889785,134.0,125.53010773254346,8.0
26970,23868.014078908564,3799.6474769624497,129.0,118.41789930791393,8.0
26971,55345.689203852555,47084.63462720645,153.0,110.95552836179954,8.0
26972,34348.2993981354,15792.339020242309,275.0,124.85439848775182,8.0
26973,42006.22460634579,34652.582281712595,68.0,115.37336878809214,8.0
26974,15470.117924492853,7366.57008810765,12.0,106.1223317899691,8.0
26975,21476.537287469462,3772.741359451691,202.0,122.30256507576851,8.0
26976,25953.953114716194,9233.093832833023,25.0,122.34577458517518,8.0
26977,20362.15926857599,4624.8212455752055,8.0,109.33393809802926,8.0
26978,45401.209459309626,25007.017354154406,71.0,122.3086664587624,8.0
26979,38854.41160949163,14799.27057843619,-99.0,112.79816019982144,8.0
26980,42145.0047526761,1850.0248597211464,63.0,120.50957194445388,8.0
26981,24873.773264301602,9831.140374438277,80.0,110.72483295167541,8.0
26982,26470.366685713525,924.8147193185567,99.0,123.19737500000618,8.0
26983,49219.192015650304,30664.072949422778,365.0,112.8261804584436,8.0
26984,17354.42185747651,9261.842950977947,68.0,113.25869298218637,8.0
26985,36667.267758230206,1734.7976290142992,176.0,128.0248702814271,8.0
26986,12790.912868169025,1181.774345856729,14.0,98.70820692462445,8.0
26987,65102.99830766814,925.1193636567409,80.0,129.37968442739722,8.0
26988,4122.333194729581,2396.0771541498807,-2.0,89.80683363091715,8.0
26989,37520.74278963233,4508.013499667151,379.0,130.85088607105203,8.0
26990,15031.093272422335,735.573636689053,80.0,117.6577451262099,8.0
26991,37992.108448969164,14486.915563409922,120.0,109.21893654877275,8.0
26992,54737.35595129632,4039.1114576527298,65.0,120.25424226794252,8.0
26993,33231.646731068584,25821.381595203864,68.0,122.58361565301512,8.0
26994,42705.71397389915,4624.497189663258,77.0,112.81138641168856,8.0
26995,8356.85577832053,924.9956804099493,4.0,98.34797629990365,8.0
26996,49993.79676532325,924.9474518544681,22.0,116.77990220678832,8.0
26997,28115.120611579958,11084.140262028832,77.0,113.01491134034086,8.0
26998,44548.74232677004,2774.6676331769995,80.0,119.69619746066583,8.0
26999,26271.010614905586,1849.7797497570464,77.0,119.2690221181158,8.0
27000,64966.9934769464,1179.4379099781756,57.0,130.06464075274457,8.0
27001,64202.708760161455,55925.169303135415,153.0,112.45371614208894,8.0
27002,39505.555780676565,2871.6131441205066,35.0,117.41824917508681,8.0
27003,58027.3094902765,37839.6352135828,-15.0,118.46981252273403,8.0
27004,52991.74666979196,734.5917156050949,98.0,130.19694762402744,8.0
27005,46474.09649374832,925.0196391775613,60.0,127.8226049068384,8.0
27006,56487.16632911236,3540.3240091213697,39.0,125.25209419712758,8.0
27007,40057.90198943676,1182.9096614137172,27.0,121.24743071833687,8.0
27008,37552.89723304904,5238.104538941243,469.0,131.91621908717457,8.0
27009,24954.12013070265,734.7080343514696,11.0,111.42340230813939,8.0
27010,16553.188116934245,14189.366705220784,-150.0,100.12525045749173,8.0
27011,55637.769253250015,40394.59222855004,373.0,115.48098425876677,8.0
27012,19772.776645060774,3481.897288034845,37.0,113.7552809577632,8.0
27013,49309.636603672756,6276.679810886966,99.0,111.94329047903057,8.0
27014,39410.7431141765,1992.242538407436,74.0,119.78721694547114,8.0
27015,40587.357998140804,1180.3879237110625,26.0,116.486889771566,8.0
27016,60224.88814506875,739.3320431032012,36.0,140.75309635324533,8.0
27017,36928.326717990676,4114.575498903919,109.0,120.49083016808675,8.0
27018,50288.60275223192,924.8794709105447,149.0,131.80942649594394,8.0
27019,39664.33241546495,37952.77851012856,-38.0,119.6360351627524,8.0
27020,41938.67357353223,1849.8507381397387,224.0,123.95140982955256,8.0
27021,45808.22533608679,1184.3917412097799,46.0,130.8435004482909,8.0
27022,34004.084497865006,1473.3009521557383,29.0,118.19128417605607,8.0
27023,24227.47866598904,1849.9332745907564,108.0,125.8077826619196,8.0
27024,55633.64652547744,47355.10121283388,153.0,123.56504150665678,8.0
27025,32004.448898693314,739.213160553072,77.0,127.45662651454671,8.0
27026,62348.77606846998,46021.31418499264,120.0,125.01057979439452,8.0
27027,45808.65109418666,34721.50669017867,224.0,125.06678291962575,8.0
27028,37579.89437069562,26018.198467840833,120.0,112.15847474783801,8.0
27029,23105.50827524551,8689.004377852283,58.0,112.68505972108238,8.0
27030,57600.08426123794,16093.86562973403,-70.0,120.09792485178141,8.0
27031,38644.36710857761,12703.028907273756,139.0,120.9436061905584,8.0
27032,22511.78714024803,1740.5659494489441,179.0,123.65709861654568,8.0
27033,65885.11137204971,731.9028175002569,74.0,145.9163496975245,8.0
27034,13060.25301572268,8314.093792455398,71.0,98.58126482317658,8.0
27035,47497.97331949889,1184.3133622275398,77.0,129.39447319767365,8.0
27036,10346.270231465505,5152.653117171475,73.0,110.28964213195007,8.0
27037,23129.38331861725,1183.30419109852,82.0,113.46396141581931,8.0
27038,43075.22435565772,24458.7285413638,198.0,109.07218388656642,8.0
27039,44435.2774015145,13269.886901887965,95.0,114.52323282007691,8.0
27040,54647.96891541367,740.2415408870845,77.0,129.52571508420172,8.0
27041,21211.993846536676,3086.3287385903577,237.0,123.4122293081756,8.0
27042,63496.39561439619,20366.229428445906,-4.0,119.6666785934784,8.0
27043,26159.128714986062,7436.175296367108,176.0,119.79070935155823,8.0
27044,56708.31511176548,732.8905261663131,10.0,123.14752426774798,8.0
27045,36092.94397101004,15718.64870648571,88.0,114.26831364686305,8.0
27046,35265.85057772383,23709.449448302752,4.0,111.15158066057023,8.0
27047,58376.668083685014,1989.498287677233,72.0,129.864002272439,8.0
27048,44477.58279138738,6937.470536872078,171.0,127.80713222142339,8.0
27049,28361.99127986921,20072.81956233431,21.0,108.24868794998206,8.0
27050,61083.45592062076,11846.106236694453,33.0,127.37771911440684,8.0
27051,20854.136477917833,16265.963051721701,60.0,104.19935752551099,8.0
27052,45008.09797412605,1989.9586508575467,67.0,121.59967016845417,8.0
27053,43828.7071440836,32863.35594146738,-126.0,129.27229409180455,8.0
27054,20506.325378911035,1991.6406934318723,76.0,117.47974475799383,8.0
27055,15890.359427707032,8302.727750172513,210.0,114.11186280842696,8.0
27056,40865.44037431155,32552.56588738952,116.0,111.2618996726934,8.0
27057,28774.990382551678,1739.9510485517796,109.0,121.95763210985227,8.0
27058,54053.209945171824,924.9734017278674,31.0,123.95769306810246,8.0
27059,24941.847871840604,8316.339501931885,133.0,107.42293791070165,8.0
27060,47643.135969416835,20290.290717565174,247.0,125.26666935189124,8.0
27061,46697.83700626293,1183.0466951761882,98.0,128.05148158002322,8.0
27062,58186.69795081902,732.1963203828924,177.0,136.7025404706786,8.0
27063,35637.756745261526,19645.633877115142,204.0,109.33741876482927,8.0
27064,15443.676785304402,6639.492046662828,53.0,100.94528666124073,8.0
27065,47008.278034027964,2361.5636325438254,28.0,114.92148747245318,8.0
27066,46756.63146320479,34656.65768972685,183.0,119.00547672789472,8.0
27067,55206.714246901756,23620.111873966256,96.0,122.21283548021925,8.0
27068,52750.70673530089,924.8477775777011,36.0,132.82300949195653,8.0
27069,30862.14376560328,16109.119443908052,84.0,113.21823153295318,8.0
27070,25497.958976782757,15087.896641830102,-7.0,117.92419337966574,8.0
27071,53053.05287866138,4619.557969894826,91.0,123.35200967235988,8.0
27072,48812.028097307244,24951.378726438157,132.0,120.32957697169724,8.0
27073,44450.18412851667,924.9366483377198,52.0,125.86506141241807,8.0
27074,26494.623517113214,924.9334802530764,47.0,116.76687805855207,8.0
27075,44890.709085557086,7436.161212475982,76.0,117.62041814152417,8.0
27076,32828.3429077276,734.8568391411071,89.0,142.77987543639262,8.0
27077,29172.18852676449,735.1446863078421,14.0,111.58314285848776,8.0
27078,43885.52441761362,925.0521323001798,10.0,123.47422859303927,8.0
27079,33040.475069012966,12805.8812267366,113.0,122.22543774104062,8.0
27080,11555.413895799935,735.6767450778293,153.0,121.182263875724,8.0
27081,35926.76355308548,35234.29671923338,-496.0,105.90591940036605,8.0
27082,28124.63642028959,13288.297352434229,198.0,105.88393408465846,8.0
27083,20401.5816777234,924.8720678741552,38.0,109.96051063205805,8.0
27084,14541.512376058205,2394.1371795453447,7.0,106.86839469530241,8.0
27085,26471.849849718372,1183.6259762051152,22.0,119.92454148956934,8.0
27086,27818.885348013144,9709.470905934528,132.0,110.17991355402509,8.0
27087,36272.80090299695,3474.960637355928,366.0,122.25188607991527,8.0
27088,22075.45472761068,3772.4297548263903,150.0,123.09588199767009,8.0
27089,41342.9092531891,20707.152887827815,186.0,108.33538062932888,8.0
27090,35736.64633663716,1184.4990343869042,35.0,116.4149132589256,8.0
27091,51650.90446312449,9776.296215776145,482.0,129.86583913173112,8.0
27092,14472.920294169164,12822.043941441818,18.0,111.03972244611008,8.0
27093,48194.73634594696,31357.617266990368,99.0,122.8159006782362,8.0
27094,36715.1812863749,23269.319325739558,78.0,117.54867885236568,8.0
27095,33229.313557519905,1471.1969256712857,155.0,118.27958155569303,8.0
27096,38101.09421071631,3772.0221601782764,14.0,113.34929394042435,8.0
27097,9978.350648818276,1740.4031128818544,54.0,108.02926183961334,8.0
27098,29728.328781800534,23878.127385638436,-148.0,111.93292802102766,8.0
27099,37921.02813267016,13873.336440078463,327.0,126.04630717399733,8.0
27100,33179.70759087495,734.9063978708037,10.0,118.62627217910601,8.0
27101,40965.31036124411,15080.598647814593,68.0,117.90166967452632,8.0
27102,34692.217065110206,1180.7690163366271,234.0,124.53259833649327,8.0
27103,57597.9803266831,4597.751928357915,162.0,121.58893252275865,8.0
27104,11483.966358945881,2871.0284193004195,7.0,105.39458033538119,8.0
27105,35397.08843105569,4520.082322710038,263.0,119.36816053886587,8.0
27106,43648.0070582946,8556.418929331992,120.0,120.99281741307614,8.0
27107,23627.780114014546,1990.454814857722,81.0,116.98140353779111,8.0
27108,51588.00528042711,34567.06750530333,183.0,123.39471296174696,8.0
27109,51983.5768676409,4624.834283700506,271.0,134.50690409772722,8.0
27110,62325.275214939924,1992.6538133395516,54.0,133.66745179317573,8.0
27111,49621.28434675633,1183.9622497381993,233.0,132.53067490225874,8.0
27112,29634.47663987514,5549.722136938302,-3.0,113.20430272045144,8.0
27113,33562.99183919692,8705.861839370502,51.0,119.75448684070903,8.0
27114,45539.89772970974,1184.3640433979597,24.0,122.30231387564834,8.0
27115,23021.412121352714,3797.2145011415937,181.0,120.92920190554358,8.0
27116,32580.417400238533,5597.916409379306,333.0,127.97339172439752,8.0
27117,38270.875727615996,1850.0366826286536,21.0,117.48446572532042,8.0
27118,49218.14014629854,1992.107080816753,37.0,112.02002784662524,8.0
27119,52804.8303118091,13030.055451977852,61.0,115.96972799452683,8.0
27120,53385.6963903263,10977.904886444221,182.0,123.61106457358122,8.0
27121,43803.469558392455,31568.33567313011,-143.0,125.23100460556246,8.0
27122,37576.954661096664,19564.131397190376,-77.0,123.66338671130671,8.0
27123,51630.67364161875,11315.566931915302,71.0,124.13378810436667,8.0
27124,57621.36310753186,34105.67827011206,39.0,113.54560089762867,8.0
27125,20611.79985764258,736.7397581243829,17.0,112.99664215617524,8.0
27126,9801.60323926863,5217.509029103364,52.0,97.95539361419318,8.0
27127,53114.47094177247,9507.697428676682,53.0,123.66696914480625,8.0
27128,48708.386835840145,738.7047272761723,71.0,127.58762301504925,8.0
27129,48731.37402224113,5119.89618267997,76.0,126.65997056642155,8.0
27130,14093.001762108166,12360.092872847197,62.0,111.43689786136773,8.0
27131,24168.96358683576,924.9630311861417,22.0,111.45289757319605,8.0
27132,42775.936872761435,4683.313352749676,73.0,111.14010218647698,8.0
27133,24311.892006122656,924.8707357320762,61.0,119.68295264234868,8.0
27134,61540.91367030952,732.4857906030599,31.0,123.8975357266096,8.0
27135,10312.119911182866,9575.839687016234,-49.0,96.62843005789924,8.0
27136,28442.175129226234,5122.03297226787,65.0,121.6334832074453,8.0
27137,35189.41390096204,20768.08516537167,64.0,113.86833356931255,8.0
27138,45245.95624778553,21190.028000012033,28.0,118.68999086851825,8.0
27139,59984.205143824875,17665.092271763377,186.0,128.56875516479286,8.0
27140,23215.149192063178,13428.427298486615,171.0,121.06129800690488,8.0
27141,52060.357998894884,3540.597728609681,52.0,129.07568522769435,8.0
27142,22789.82645335354,13280.498325501241,271.0,124.0561634692817,8.0
27143,54929.0078684176,46484.48884796517,367.0,131.16296343322102,8.0
27144,55132.83395251318,2889.031255151897,158.0,135.85197537672403,8.0
27145,21228.750729546875,4794.541191445938,52.0,111.58720260530492,8.0
27146,33326.346653227796,3139.092394391935,56.0,113.83031150163299,8.0
27147,40021.190474621544,737.5646121767043,128.0,129.95908537906047,8.0
27148,36202.799202065136,17667.03852799265,158.0,113.54343694003155,8.0
27149,41484.78137730653,16335.513650388293,231.0,115.0624395424641,8.0
27150,54124.09195457524,732.1309313663103,41.0,137.41827360874473,8.0
27151,28546.13346480058,11937.876997418933,125.0,109.10976141824027,8.0
27152,53577.092009143824,2875.603723208392,76.0,119.57963753452738,8.0
27153,9509.614602728105,8612.810220001777,-378.0,92.01104155369136,8.0
27154,28730.84992031948,1181.2386841996724,195.0,135.3172306951543,8.0
27155,16726.33297205152,1737.991887682496,195.0,111.91437550053308,8.0
27156,57249.714584055386,14564.547947532708,72.0,125.4824024667911,8.0
27157,44384.897568888424,23046.605943295413,327.0,116.48000004853716,8.0
27158,60646.19433506308,18769.237775885547,484.0,132.65734793534503,8.0
27159,53127.47213670742,35012.134075203496,132.0,114.16904441716696,8.0
27160,34976.236349535386,1475.3543470579127,164.0,124.76024321944625,8.0
27161,43860.72828664244,925.0407233529265,4.0,116.21884597579817,8.0
27162,65813.3723432974,26532.815865526652,44.0,124.7067772386621,8.0
27163,26921.599507526127,1990.1067142682293,50.0,122.45138331336352,8.0
27164,12656.637517601535,10952.95726447504,83.0,111.7073328191288,8.0
27165,64207.88483086173,47877.9396618428,120.0,125.26167630041994,8.0
27166,31287.75820563111,23711.10073036055,-186.0,108.06576594525818,8.0
27167,34942.57774528013,14857.369934391161,104.0,107.72045964326463,8.0
27168,31168.663056780213,11093.983424938917,128.0,111.55355255140577,8.0
27169,21981.70803395525,2361.621674711527,127.0,128.5346483183008,8.0
27170,60943.26220483485,19688.12617227631,76.0,112.06388894759505,8.0
27171,57849.94426809077,3145.7017942012926,46.0,121.24515758022625,8.0
27172,22047.41559392384,13963.801797714876,62.0,115.18471284047727,8.0
27173,43973.63047686105,4682.755151019116,13.0,118.34440725694866,8.0
27174,17509.117023157913,1182.4815965138257,162.0,109.5609763273224,8.0
27175,46798.687918804455,924.9385931867664,15.0,131.77950772568244,8.0
27176,67936.23047798738,740.870782002463,89.0,132.62478398960715,8.0
27177,21683.799261138032,10479.68569209909,-21.0,110.76903987954225,8.0
27178,52904.32580744668,2774.530827748042,53.0,124.72865481391383,8.0
27179,41855.145317291346,924.9289934629165,119.0,134.33920957363424,8.0
27180,30664.771088225483,14872.143896847665,77.0,117.31790050686678,8.0
27181,50725.00707735642,17674.278602534487,118.0,115.72772950042867,8.0
27182,31204.21007572841,734.6508396906538,42.0,118.41990006515417,8.0
27183,54811.74072172392,11122.616391433026,127.0,122.97166878836995,8.0
27184,28461.830257076315,7193.586741435136,55.0,115.41202398228137,8.0
27185,35724.01549593091,18704.957524297686,183.0,120.21926411305913,8.0
27186,42951.5865012408,925.0338468821476,15.0,122.3498212337154,8.0
27187,38739.97221935324,4792.996238755028,433.0,132.01347282965452,8.0
27188,49468.5026176968,5598.484922064005,53.0,117.32578707467275,8.0
27189,13023.019436253746,11297.720404396176,59.0,110.74465028812938,8.0
27190,4416.428391231873,736.6541394704149,23.0,100.00085291009735,8.0
27191,21172.965859798773,1990.7386296962054,154.0,122.65487809120748,8.0
27192,38396.31779557039,739.0432961130049,71.0,125.46750597200733,8.0
27193,28238.446495088465,5222.616182796928,133.0,119.60852204335126,8.0
27194,22764.623161381358,1181.7092895549242,41.0,115.0966261811979,8.0
27195,50584.15011728868,5739.3210536000015,156.0,124.85763868834296,8.0
27196,38744.95593254354,37092.181783159096,9.0,119.66699028959496,8.0
27197,24811.69336686378,7086.626272123768,378.0,126.63541005976666,8.0
27198,41894.40456037491,16051.402387352697,62.0,114.77347233773718,8.0
27199,65810.57412275787,1991.959140162193,88.0,128.46780315867923,8.0
27200,55021.728722734784,1180.382951451837,57.0,123.3853089804013,8.0
27201,46913.52758802077,2876.657970845851,281.0,116.75075744468637,8.0
27202,21913.578224635105,1183.0034470785508,143.0,123.29143904577109,8.0
27203,8305.065198498,2207.8156738860575,21.0,97.62985435362205,8.0
27204,60869.300066078315,739.4133717636502,92.0,131.40100905460707,8.0
27205,29946.878459306954,2398.688014734239,111.0,121.42129942132331,8.0
27206,29778.949101738945,8743.210659761935,27.0,118.72722483150075,8.0
27207,17337.162703120353,735.9703697247984,55.0,115.59313010612459,8.0
27208,50182.30658300298,1184.212116245295,226.0,151.633646337656,8.0
27209,19201.20814264395,1180.8607623914827,132.0,122.49850150995229,8.0
27210,27078.719403074116,9961.428913259911,213.0,105.29272079510683,8.0
27211,18268.873037782167,736.7695222202159,74.0,122.46282429177141,8.0
27212,5741.761660213878,4853.489743507397,-26.0,93.0281188441448,8.0
27213,60109.416471856646,740.2437334754175,131.0,134.80829513949436,8.0
27214,65115.04313433606,56847.247682886584,153.0,113.28144672031893,8.0
27215,17031.21559427796,11814.612691741473,120.0,104.62381657562388,8.0
27216,58724.43824053882,19693.407952750335,43.0,121.24057592902783,8.0
27217,19239.166869354907,4418.8345653041415,192.0,119.6360727574341,8.0
27218,49769.15480532885,924.8536521221247,60.0,130.66135390383855,8.0
27219,54279.582263551005,37957.526968558166,338.0,113.76930006884083,8.0
27220,54823.21736856555,2359.8562482011166,76.0,129.89496725072283,8.0
27221,27311.060159920766,2208.9880189610553,10.0,112.28454320565329,8.0
27222,56189.67514277612,4055.9076367528155,280.0,131.98463883430045,8.0
27223,40956.72528879602,5209.459048375773,117.0,135.91805410959648,8.0
27224,36434.105450158175,924.9735769856384,10.0,114.50150227968314,8.0
27225,50655.811282330615,924.9259093724678,26.0,120.38149237934304,8.0
27226,51223.866294392974,1183.9735750582597,33.0,127.86214968011589,8.0
27227,48138.32040298187,10413.651739800207,45.0,115.78084657290162,8.0
27228,53238.3163778345,27784.587161846186,-12.0,125.70042761684022,8.0
27229,61288.834916274966,44267.5798739101,183.0,124.86410607019681,8.0
27230,12105.604062371098,9750.463065237424,-7.0,100.9050542194397,8.0
27231,36706.60832657418,1182.9924866968406,48.0,123.52614391050676,8.0
27232,41854.74178317012,4113.303835211016,311.0,130.65296791756163,8.0
27233,43194.98300430283,1736.2171763165286,44.0,120.85479899165117,8.0
27234,22612.30624219044,1740.0873108125404,77.0,113.77349951965903,8.0
27235,36258.88065514185,9278.404972580165,266.0,126.08706117289168,8.0
27236,39776.2916347645,33136.88333768208,9.0,110.54885525551654,8.0
27237,50077.316290111055,924.9768329715921,95.0,128.34216508558342,8.0
27238,34647.34998186396,12810.465310545284,166.0,111.615309536695,8.0
27239,32406.779116909227,6474.785414234679,22.0,120.41182945314682,8.0
27240,36053.582488428394,15288.504358150469,85.0,111.28241401779547,8.0
27241,11049.415324926807,3683.373867823551,-3.0,98.6567016974445,8.0
27242,30140.410467972102,11088.54828688704,35.0,111.92251585814472,8.0
27243,34513.90265541305,20419.956503699166,163.0,117.48097052865421,8.0
27244,38122.30970047847,18215.571232170587,109.0,114.64809632220363,8.0
27245,63327.67203409815,7080.236002666864,58.0,123.86565510980886,8.0
27246,37652.12023870982,19967.169593562816,45.0,117.70192087105711,8.0
27247,12558.104832948879,10196.375486290448,11.0,105.65781717026809,8.0
27248,64483.02169062287,4739.390898338515,130.0,120.02873613462896,8.0
27249,35044.66947449462,22252.816606548855,87.0,114.62300182263314,8.0
27250,38720.40224638183,2393.120218310958,159.0,125.8754931279338,8.0
27251,53654.81696826675,2360.6554822490098,43.0,126.09923948623518,8.0
27252,43695.2446667174,5598.001222611389,286.0,121.14965904588931,8.0
27253,54970.79156255123,44693.76320066485,264.0,116.77882931967042,8.0
27254,27786.379628924773,924.9616976123339,108.0,119.41703576981524,8.0
27255,51061.224483091,2887.3731034146717,18.0,122.1351416859205,8.0
27256,48933.08370615277,2875.7269296020736,377.0,120.09116603031956,8.0
27257,50712.68417073961,4737.183329806901,63.0,119.26380264341836,8.0
27258,39174.06960546928,4518.642071743357,199.0,125.43012179064405,8.0
27259,40710.74556946963,39011.196204502055,-13.0,119.99504399198781,8.0
27260,38163.6743907264,2886.622288335824,154.0,120.92096835219598,8.0
27261,17622.36967022078,9014.974281148183,11.0,111.03685811523032,8.0
27262,32466.273830189464,6843.069973061349,91.0,110.03211924509937,8.0
27263,32245.90413340393,7116.667251552678,164.0,126.42366290849884,8.0
27264,30463.85591523831,15666.823009497746,57.0,109.26573176051117,8.0
27265,24227.585817907548,924.8493812136048,99.0,121.93200080451905,8.0
27266,35540.012108328236,17227.497736848076,231.0,127.07933222499955,8.0
27267,52486.33151897887,26546.827549003166,139.0,123.54170830580102,8.0
27268,20236.733141134726,1182.6035368667008,55.0,114.95756286558635,8.0
27269,46246.40430861687,32149.730757711557,163.0,118.62560416010496,8.0
27270,24389.826346420374,1991.725485923953,39.0,106.1895035466113,8.0
27271,66606.14289329282,2359.0465346484298,108.0,127.45444438044984,8.0
27272,65603.63526116677,57340.0195030627,153.0,113.30957843605286,8.0
27273,16150.728820780505,5480.504588459309,40.0,106.19254447452974,8.0
27274,55319.81563830837,1733.5491076950614,477.0,127.12916431194307,8.0
27275,34046.277376026825,23081.28019028224,274.0,120.0538030757384,8.0
27276,38040.81200790265,736.7408118081858,50.0,127.09669130416992,8.0
27277,36053.12666849978,2368.4028354973034,8.0,114.25258038496185,8.0
27278,39909.9001982172,31613.24526759133,116.0,109.61916543513253,8.0
27279,64201.326921337924,24425.260044963354,61.0,119.276691494249,8.0
27280,38495.41978120171,20670.998425204714,84.0,115.90649457082769,8.0
27281,43528.312659030606,1849.9921638182302,59.0,126.06411495376999,8.0
27282,38788.89968606111,3473.9398172867673,85.0,122.30661061411102,8.0
27283,47444.22112799444,28915.15942187165,161.0,114.2971731446655,8.0
27284,34609.3217466347,1472.5370552195307,7.0,117.46844334705862,8.0
27285,4308.857396280529,2364.1342880695543,48.0,88.8738315983908,8.0
27286,56026.743343345515,2888.7045799292655,65.0,127.933433970755,8.0
27287,37849.16295246718,36172.56051863332,15.0,119.49243347712286,8.0
27288,31232.790562804308,2870.3422578572413,55.0,115.54010959548636,8.0
27289,35156.66086635672,6942.852267845404,153.0,128.28508501341753,8.0
27290,53849.531646098614,732.5522997527792,76.0,148.01012495651491,8.0
27291,50977.29922617732,4722.715431459458,77.0,122.28164242024323,8.0
27292,37739.68312387835,1471.0087721661685,88.0,112.91256444636076,8.0
27293,38762.93555201233,17222.647038745683,471.0,121.21330212241719,8.0
27294,53787.090993825215,2369.727461467194,50.0,130.27747091754722,8.0
27295,59609.69849407645,6942.913827866841,128.0,136.83247526973628,8.0
27296,23294.75228628959,6172.076142055381,234.0,121.84241966607757,8.0
27297,15650.886587890638,9259.018662865341,22.0,107.27660082917389,8.0
27298,15846.149334907426,2884.275861392871,73.0,105.30532924277878,8.0
27299,16331.97775532601,924.893382306021,26.0,121.95030596108494,8.0
27300,47307.4005569949,4620.566524831901,347.0,131.95842584622187,8.0
27301,27080.47773895023,9963.332671676573,26.0,116.92043818183271,8.0
27302,21039.5748953265,9098.602578829152,25.0,118.50387328117756,8.0
27303,11947.792218119434,6841.98727803448,-13.0,98.73779511709897,8.0
27304,64051.61286291843,732.0252922886718,167.0,150.13614750075845,8.0
27305,3699.8034340131917,925.0081853440249,13.0,95.10707241779505,8.0
27306,23973.559632222994,924.8198284924141,67.0,120.11939689697161,8.0
27307,58808.310377989554,9442.419020092328,87.0,116.52325487578963,8.0
27308,14476.190698239367,2878.7065731465364,374.0,125.51430411639325,8.0
27309,31181.099152102543,3542.8573951560325,86.0,112.45203703243828,8.0
27310,42981.36257683071,3093.735821802844,290.0,111.12536914665607,8.0
27311,40457.61850504081,25419.722578027995,87.0,116.5417332009244,8.0
27312,48670.65826642326,5491.305196236122,65.0,116.4124562753734,8.0
27313,55701.16719809766,9415.149339065283,129.0,121.54870878796144,8.0
27314,52743.21665963996,18514.053897251324,216.0,120.81059478752324,8.0
27315,24296.02816951463,3550.4467929730304,40.0,107.85477959411207,8.0
27316,33256.67592451848,3482.3264321500765,210.0,125.62923121516168,8.0
27317,38606.62580762973,3980.4519895724866,68.0,119.59597158863647,8.0
27318,30314.040433950242,13286.881412231724,77.0,113.20541448318805,8.0
27319,27613.306936715857,10822.051324066832,327.0,125.77489376275051,8.0
27320,36135.91660756708,4418.274504325376,329.0,129.2154231249204,8.0
27321,49949.98942041094,924.9419334127412,36.0,123.4621477257645,8.0
27322,32291.906188791498,735.8329358046902,60.0,121.74272393673226,8.0
27323,20181.131588138935,1182.770572838031,116.0,122.14048337521778,8.0
27324,37554.521622305634,16784.757498814455,489.0,128.34503920548514,8.0
27325,50737.46881945908,1179.590429870195,105.0,138.93703720201725,8.0
27326,8559.695780209226,3086.608228721873,64.0,97.48815980518027,8.0
27327,11203.351829692801,3088.1182530648252,4.0,105.0117830656447,8.0
27328,45076.66260221526,924.8616646485326,82.0,126.37158308674321,8.0
27329,35442.84836498628,7602.9348032642565,141.0,115.11207030217294,8.0
27330,21183.183531390816,1181.7611582126922,20.0,121.93545210207306,8.0
27331,18021.20841084644,737.539418019152,14.0,107.94131216491277,8.0
27332,43313.80920259019,924.8729461933186,35.0,121.72638959606584,8.0
27333,31086.262452251918,5127.948850059566,129.0,126.06040882809418,8.0
27334,36850.97212106064,735.8375403227228,70.0,130.01163962729908,8.0
27335,40962.384734832274,12814.072491802175,373.0,122.81130202706186,8.0
27336,19575.571802378512,14967.367217076462,59.0,103.61354152979933,8.0
27337,29800.029207098258,13361.276807988921,73.0,110.782331336661,8.0
27338,22073.103981591285,3981.208966695143,59.0,106.73060274470947,8.0
27339,34464.60496679596,27804.51333570987,2.0,110.92245713535921,8.0
27340,41241.77643949868,924.8635874770025,92.0,128.34290174282822,8.0
27341,17822.67412255795,736.7315319915738,8.0,113.22373650974116,8.0
27342,56360.06411053746,1179.4841625546528,60.0,143.92714490915876,8.0
27343,53467.2059317935,4721.145798364862,283.0,131.85902374569747,8.0
27344,34816.247045537406,6967.6681485985,159.0,115.88291340556438,8.0
27345,55906.85842742306,16132.450302793826,61.0,116.78262396274651,8.0
27346,4416.517826882232,1471.5938217024939,23.0,95.67056528017473,8.0
27347,31674.914480587173,14732.699997381338,180.0,106.78728939389396,8.0
27348,58494.05940724256,56174.04933954319,-161.0,118.88334972678228,8.0
27349,32505.76418788086,13951.695956216476,295.0,105.30420088561833,8.0
27350,51210.81480946123,9365.26643282814,179.0,121.74656010996227,8.0
27351,34591.38617371285,8285.20409083061,216.0,113.78293044888166,8.0
27352,60346.844302534446,1179.7742846666747,38.0,121.55381899086409,8.0
27353,26808.77393035618,5474.069836347266,209.0,122.546052203437,8.0
27354,28673.48828336879,9249.690785651184,28.0,115.20492277832011,8.0
27355,43500.13501272091,2368.6367524603156,157.0,127.00965970106671,8.0
27356,37953.05554406773,4784.37421476801,221.0,126.50850518792389,8.0
27357,45535.50598850041,18556.906580875264,36.0,122.7662776832865,8.0
27358,54643.32267433792,13948.286955899917,95.0,116.86470932231886,8.0
27359,29797.974342943573,924.8910756726603,19.0,114.03063486570122,8.0
27360,40701.17695209698,733.6355762276397,13.0,119.35209290414284,8.0
27361,39258.511147927726,13089.201640249863,46.0,113.29690856714093,8.0
27362,25834.332944269645,4852.122250727648,334.0,117.41955108442491,8.0
27363,50293.6024019807,31663.457072617886,121.0,113.70132943976968,8.0
27364,39786.73395264983,15444.34949503487,139.0,113.90327936463686,8.0
27365,31481.311612049896,6474.168420832387,284.0,125.63575280753442,8.0
27366,50098.50722606316,6641.487591764935,50.0,124.05590581497471,8.0
27367,38526.13405996479,22435.20177636621,444.0,126.72783967428354,8.0
27368,25797.004484612833,1473.4518560835797,11.0,109.31505654901783,8.0
27369,37082.59095866927,20235.842844958464,71.0,115.37625452951261,8.0
27370,42028.744285741,32813.09893038331,92.0,120.22150479710237,8.0
27371,51925.84127653397,5774.619661405054,180.0,120.66210765896416,8.0
27372,32439.638834156092,7966.978452052633,169.0,117.43498393369593,8.0
27373,61003.42441073681,1179.8240432705475,53.0,136.99025568826275,8.0
27374,63771.802582817356,1179.8745182747743,7.0,122.88804068225804,8.0
27375,24013.520079226986,7600.46583361972,67.0,111.96225111563727,8.0
27376,43242.65609078044,33002.486257709206,446.0,111.7659063796744,8.0
27377,24052.246221431866,17223.285580679305,-134.0,110.34189483094322,8.0
27378,32373.332236480517,12949.534746586525,20.0,114.24628794973475,8.0
27379,29813.464298900137,735.7801991089234,16.0,114.21221700607042,8.0
27380,33857.06976881829,735.1889502475307,140.0,129.04036156361119,8.0
27381,39529.71236234906,3138.3383013539396,145.0,123.9348114437799,8.0
27382,27408.486487503804,23971.170881569917,-250.0,107.04649413820252,8.0
27383,43505.31954633837,5149.674014555583,210.0,111.42986414793239,8.0
27384,53626.62044396965,35969.76668870151,369.0,116.59649974088828,8.0
27385,40424.21039737978,8913.452263676321,266.0,127.57618755221722,8.0
27386,46163.03919381095,33473.92001796382,32.0,123.32368748029964,8.0
27387,50419.75693388426,739.9132594547128,17.0,123.19625638795723,8.0
27388,52918.16408280658,1184.4592300357176,18.0,129.91373614054663,8.0
27389,7187.614316605644,2396.151518113085,47.0,104.4459236902217,8.0
27390,64572.52864672083,1989.7319811072664,304.0,136.72866974075544,8.0
27391,20560.71498305214,2871.399253353263,218.0,123.2707897085677,8.0
27392,46340.99118314873,28026.268934829266,235.0,114.39576238696576,8.0
27393,35056.865712402985,9430.735690681433,200.0,124.97479942198014,8.0
27394,37354.56337730979,925.073232734695,30.0,120.90231652155504,8.0
27395,56085.05241168561,1184.469786486089,37.0,139.26316252209645,8.0
27396,55165.29438742546,7542.987770241872,254.0,127.10000085061996,8.0
27397,40391.56478295233,4038.605014504034,28.0,121.24308108124632,8.0
27398,10591.89823157136,1991.0073638167885,2.0,101.34903376001569,8.0
27399,35344.61791728929,6917.306964929561,26.0,116.88679066035856,8.0
27400,15427.149495879155,737.8566308538138,115.0,120.64923339982842,8.0
27401,26734.352192214705,3772.538114463825,86.0,124.95531436089378,8.0
27402,21887.540396106913,9215.612956670439,40.0,115.08810657814635,8.0
27403,50384.057627722796,2876.2527441024545,174.0,125.57624111442576,8.0
27404,38618.75038976953,20303.43023679859,51.0,116.94438708495565,8.0
27405,34658.56960631296,3085.271388445319,10.0,115.32940782864353,8.0
27406,40981.79629929441,25968.88682396712,85.0,111.37316367653258,8.0
27407,65209.95460539743,924.8120975988163,141.0,134.48806279748902,8.0
27408,50079.45177308418,924.7943729847858,80.0,126.17756540886813,8.0
27409,36260.82429890138,1735.0662701145607,47.0,116.50002032692852,8.0
27410,26199.080430574315,736.6817236666943,95.0,123.82397271247547,8.0
27411,22492.92994127214,1991.5407263167085,176.0,123.20640622034279,8.0
27412,4624.5820045243145,2774.7233405400025,-1.0,90.42870897889802,8.0
27413,45553.94917075149,735.5915458988745,52.0,123.4505487086883,8.0
27414,6397.511640592857,2365.260085771948,-5.0,94.29137774278959,8.0
27415,62005.90124880796,5924.421809126967,64.0,132.33144544140816,8.0
27416,41684.83773938892,20290.100624970415,4.0,125.03532759674822,8.0
27417,28984.91812966862,924.971347614724,14.0,114.74216281107186,8.0
27418,50890.5032529402,9248.590443240984,152.0,119.12288806469932,8.0
27419,22340.010908912333,924.8176421801963,42.0,116.1564051295176,8.0
27420,57483.26497613321,15086.530834533443,65.0,123.4968429787588,8.0
27421,21658.244025733737,1470.7805947912013,122.0,123.64155439253466,8.0
27422,49019.45609247265,738.2850502985636,201.0,135.8549079232526,8.0
27423,10636.477662824713,2396.6379652613678,61.0,94.74225787940381,8.0
27424,56832.73357174593,10600.933243203759,129.0,130.4546591854554,8.0
27425,49966.418095019064,13892.93049347062,76.0,115.38083651911566,8.0
27426,35696.034565466405,1735.299103314939,253.0,128.69167355869595,8.0
27427,32139.443791066184,2367.111846129878,41.0,117.09802622021311,8.0
27428,30506.78178663823,6401.8096783383835,224.0,112.91598321264033,8.0
27429,63018.67766180241,10950.991600991927,-32.0,118.32176252450003,8.0
27430,30601.818759940834,3092.2323030527605,158.0,122.26303530129796,8.0
27431,33560.39639165993,9709.470905934528,132.0,120.05768424151458,8.0
27432,46100.84562695903,1180.0743386736542,181.0,141.62308437792055,8.0
27433,52885.19722209936,1179.8097818438523,218.0,134.27427201264362,8.0
27434,41688.21224110191,4780.715006412845,248.0,125.59106248834864,8.0
27435,32404.97343866215,13892.895140212695,285.0,109.01575210304712,8.0
27436,39872.71848725267,19908.311415791708,136.0,109.3839081709539,8.0
27437,40858.05610855989,17354.824861718153,12.0,111.25886425916175,8.0
27438,24718.94894354595,4509.679623534478,96.0,121.38445803153972,8.0
27439,49812.57079598517,5598.22249358296,45.0,116.62147020245847,8.0
27440,29305.609142515652,9106.676740946006,72.0,111.92136753877787,8.0
27441,51966.923779421566,15344.345231926805,37.0,115.24818928417466,8.0
27442,32873.07163196634,6933.419552088168,139.0,118.78868712589673,8.0
27443,48051.9465741024,4056.481859592686,33.0,120.95424865133383,8.0
27444,44395.23209807393,924.9460573906932,45.0,123.94254339758172,8.0
27445,30091.26400593773,7178.578079495701,77.0,113.21554546559145,8.0
27446,27124.027249588264,6350.11269537597,126.0,107.74019047352547,8.0
27447,51931.25302530751,1744.4020415305965,147.0,126.45795080834873,8.0
27448,66281.61564474908,1989.7041790840883,29.0,123.67353328005878,8.0
27449,30129.484621254727,3544.269190388035,48.0,117.77614250889405,8.0
27450,42123.342043361205,6384.399113768433,90.0,131.04581134921705,8.0
27451,54888.71457054645,44696.033699417196,192.0,112.98971057212364,8.0
27452,55139.3777046332,924.8800821896149,90.0,131.4747122500122,8.0
27453,50874.484538721175,1849.7571017325008,25.0,116.39917402019299,8.0
27454,37480.59797080807,1737.7846477760022,192.0,128.6683770279624,8.0
27455,65536.40074217641,1179.5894462984227,66.0,126.17826903661904,8.0
27456,36342.24255538787,20468.313729791087,171.0,110.93622756448792,8.0
27457,36995.46890030988,20347.24975336756,166.0,123.29550148191488,8.0
27458,41150.164373860614,31746.28876127142,59.0,126.66592878416658,8.0
27459,16299.95169684211,11081.166666114166,140.0,105.70456967063211,8.0
27460,43886.276820311614,24349.24507222389,77.0,122.02069911340041,8.0
27461,43667.07070295763,735.535551574614,31.0,121.94354037344652,8.0
27462,34158.30716223695,27767.02102795021,21.0,113.96458372283927,8.0
27463,54923.73836104403,48263.35397458845,80.0,116.16598484374487,8.0
27464,44817.154883558615,11634.710872499845,167.0,129.58026138155964,8.0
27465,26468.63297646806,1183.2020138185555,16.0,107.20549899953201,8.0
27466,45019.70023123588,4601.399722414402,51.0,118.1930790331921,8.0
27467,25937.632852183193,5967.867586618252,75.0,115.47184868157177,8.0
27468,52070.72460737276,1184.3059703582944,178.0,132.36953192036117,8.0
27469,45883.98766837004,1179.45299000525,50.0,138.40335062523815,8.0
27470,32316.07447320563,735.6815453376814,221.0,132.2850709472712,8.0
27471,48600.76226285055,5119.966918720635,182.0,129.77300095271787,8.0
27472,31705.097108972896,5224.479265777175,41.0,119.27570290088,8.0
27473,40613.84706605346,20210.951291651454,-88.0,111.34067416928706,8.0
27474,38199.41226555907,12574.853478424911,198.0,127.671273391912,8.0
27475,56148.43561067824,3771.376067514647,113.0,127.56103628226583,8.0
27476,51913.686483930076,32885.78321770707,60.0,123.44829257775528,8.0
27477,44875.59793569248,1734.4915419720057,193.0,142.01999538446694,8.0
27478,32979.3119116713,13036.711009992061,133.0,119.60688673872113,8.0
27479,59705.48033307195,3541.181920772121,23.0,123.63423967444753,8.0
27480,41536.56838616152,4852.271531698179,62.0,118.32918020655882,8.0
27481,20246.802021120984,1183.010446089212,15.0,116.15903849610632,8.0
27482,25110.20810286106,924.8423190389542,197.0,129.2148514795587,8.0
27483,60368.70729656138,3541.109799280068,70.0,129.16283330132438,8.0
27484,59446.402573893036,732.3171469675092,96.0,131.44846716019197,8.0
27485,38011.18676233027,2368.102333718508,137.0,134.4062031163774,8.0
27486,35344.93503793415,2208.3683176714308,7.0,117.50682153691095,8.0
27487,48275.176001202344,40000.03092545587,153.0,111.2936906224402,8.0
27488,55778.293067922736,1184.4733358859387,18.0,121.26942109209321,8.0
27489,45177.79367646306,3541.9596188821292,9.0,121.74344977711738,8.0
27490,40444.81713447693,12223.829397419773,287.0,128.99344618334118,8.0
27491,24740.060785903188,5236.540035550709,174.0,120.08006627498742,8.0
27492,50589.2947402776,1990.0103136597559,80.0,126.52245849390317,8.0
27493,48648.46384394642,1180.6307316461575,106.0,126.92596629934977,8.0
27494,42112.8386227952,30016.636544847643,183.0,110.67829042861575,8.0
27495,26749.977790322704,1181.0843624302004,208.0,142.7599315099652,8.0
27496,23590.310200757343,22854.504281218815,-110.0,104.18808226430403,8.0
27497,48410.550533297275,924.8633605404125,7.0,120.05162597373814,8.0
27498,31592.512081391193,11193.931512195348,225.0,117.78997791293777,8.0
27499,38834.715896445414,1992.0245757060436,23.0,112.53643989718427,8.0
27500,50379.12692124067,1183.5326399953985,201.0,144.11929278915585,8.0
27501,27985.533872006432,9568.843502225298,256.0,118.98804170843582,8.0
27502,39468.790622587905,738.1884961359779,33.0,114.54844947752741,8.0
27503,50745.687480616514,46160.18472133519,-24.0,113.52365738819974,8.0
27504,11821.500272736204,736.3258876941178,24.0,106.0190374052393,8.0
27505,21286.111069942184,1849.9210749135068,22.0,105.27146899467677,8.0
27506,42286.00340702543,2400.8631961251517,130.0,125.8270197334021,8.0
27507,63782.70101372413,924.9403791759128,144.0,134.01579763827021,8.0
27508,13856.426807572097,8097.427987582536,-169.0,99.7451671101093,8.0
27509,20770.89861718988,11944.379489244182,35.0,101.25368534039949,8.0
27510,57580.747607487116,4303.61484810617,37.0,119.02694153768147,8.0
27511,61015.0556454779,8071.387676034386,71.0,121.4261462500374,8.0
27512,54490.63048814386,5920.962566127244,94.0,122.71038616730766,8.0
27513,41737.01997496653,735.6559015892398,49.0,118.46431843084493,8.0
27514,50095.64869683772,2360.1992927837223,205.0,122.14954562990458,8.0
27515,29399.74244254664,1736.6742244710754,144.0,121.03365578646219,8.0
27516,27092.92441286585,22485.768170361505,61.0,106.94934816900489,8.0
27517,5892.985552721781,1473.4827260857983,5.0,101.70102347207776,8.0
27518,23846.66842376433,5236.116852774231,103.0,119.61222960566347,8.0
27519,44874.36030236532,1476.5458219593208,195.0,131.09994246417634,8.0
27520,39726.98099280205,1181.0506280661255,33.0,117.21212378148961,8.0
27521,45314.71891223983,1184.9193856889176,69.0,131.2026663165576,8.0
27522,43524.61043936888,3144.195296162439,140.0,123.8669361858991,8.0
27523,36190.12459171245,2361.8000457643484,150.0,124.98043540931154,8.0
27524,44004.44964376708,2399.51662805292,156.0,126.98558974672119,8.0
27525,37545.9777189077,2393.422983677751,255.0,129.4538813266817,8.0
27526,23625.849590433787,737.0375545959643,146.0,126.8848711287919,8.0
27527,50699.89997667585,3551.5143076216004,47.0,124.02291210857594,8.0
27528,49935.62833079675,5922.60342804952,33.0,124.56106664950127,8.0
27529,36660.534574994956,734.3656632718745,6.0,116.636321048681,8.0
27530,44640.58078268895,10684.61716085077,298.0,128.364885230957,8.0
27531,14498.70126500813,2364.9416316643506,88.0,113.18075598844075,8.0
27532,21923.375311369236,4794.965538131059,151.0,105.49714972061156,8.0
27533,25616.570841376782,1180.8492348118332,40.0,117.09193053088973,8.0
27534,14962.951433454045,1849.83936828234,80.0,113.52975095142321,8.0
27535,48989.06537191949,924.8994345996242,35.0,127.74392150870727,8.0
27536,63352.90759327345,1179.1719096987072,17.0,131.79065548526117,8.0
27537,39771.79228500769,26764.226344866187,351.0,111.835947504762,8.0
27538,32875.00900025027,3772.3410982942396,161.0,122.48741668293297,8.0
27539,51318.185440369,6357.994289634215,152.0,126.10206281844575,8.0
27540,42828.75526089332,8071.068306900799,49.0,116.4269893957554,8.0
27541,44795.08544753927,4115.414432735625,248.0,128.97864147970157,8.0
27542,20424.497881328793,9034.47478342309,4.0,107.29363762856201,8.0
27543,34452.21761315728,18122.239136205262,331.0,113.50952043697836,8.0
27544,41254.22640704037,21352.994116824095,92.0,113.23570617269677,8.0
27545,25450.39569776465,23502.782309253358,78.0,106.5571858658455,8.0
27546,36437.26896240043,16793.921646660634,221.0,125.92746918868,8.0
27547,19048.29610345229,4049.9401934210528,82.0,113.0199284297828,8.0
27548,24964.888730054816,4606.510584487178,134.0,109.20614517600781,8.0
27549,50787.066376067894,14164.481598790355,63.0,117.18731535145002,8.0
27550,6878.932627913761,5235.5602338961435,72.0,106.78584772560723,8.0
27551,36841.98211899251,19910.607658928657,123.0,119.571737417442,8.0
27552,21182.095691190134,1180.90281308206,22.0,109.5128511588324,8.0
27553,21986.545415558074,1990.559984713943,11.0,104.51224394821632,8.0
27554,12236.648478040768,924.8842023984905,-2.0,103.7022615375724,8.0
27555,32136.823931606577,8453.18267186321,153.0,124.58714821672893,8.0
27556,53965.28943354846,41175.777126823166,87.0,119.82845377150605,8.0
27557,55239.61485822048,32912.69786220417,469.0,130.26354334943395,8.0
27558,52851.714276092076,3138.6445938003203,108.0,121.26342842577446,8.0
27559,32140.625097663433,16151.15897598499,68.0,113.00214247781403,8.0
27560,35903.80008865643,2206.1967708290895,290.0,130.92572791298292,8.0
27561,33848.95269220417,737.9232050735648,21.0,120.71910961908593,8.0
27562,55982.84652663263,32293.430228300993,105.0,122.33304943933506,8.0
27563,24059.7949737866,2774.866883973691,87.0,117.1938638302843,8.0
27564,39219.907419742194,733.6418241736709,164.0,133.03702199688092,8.0
27565,36026.988245678665,737.0782895340893,200.0,132.65437870462546,8.0
27566,40707.99258354266,5976.900922557549,44.0,115.84316577144136,8.0
27567,18503.992758889304,6691.849852814516,45.0,109.61863121919056,8.0
27568,49027.68575930579,9249.812714188392,371.0,130.05806653849146,8.0
27569,47769.02022333904,8256.412363928928,228.0,126.63610072600588,8.0
27570,44221.564136791625,2877.0156748700283,178.0,123.56949126846163,8.0
27571,11919.755938581224,2207.638690174691,95.0,110.78417686700723,8.0
27572,25760.707450389957,6624.068534828996,259.0,123.03396471927064,8.0
27573,64439.32222563483,732.1673697672027,38.0,145.82534515626938,8.0
27574,49523.63590810781,10595.128562778247,127.0,129.5881259507397,8.0
27575,53771.01061019456,12320.92199929698,61.0,110.8437676553693,8.0
27576,37038.46596111125,7116.182491308484,355.0,128.58208106082097,8.0
27577,16762.353015956698,4119.193765341744,24.0,107.47367344506615,8.0
27578,26538.50898456051,5893.903739377165,111.0,104.067953228914,8.0
27579,50792.599746356726,32675.62207983657,132.0,114.74733146851695,8.0
27580,45021.19986360881,30591.28741117194,64.0,115.69818145065027,8.0
27581,24443.22401188447,17025.925031357525,204.0,115.4313584551981,8.0
27582,50292.964028288,924.9824868532351,9.0,120.57941390189673,8.0
27583,48164.19001769311,924.9498251228268,106.0,144.02732705402997,8.0
27584,40978.77161623319,1180.8656053470895,130.0,128.54499277922804,8.0
27585,59674.48837138166,2369.3676781098056,241.0,124.54023735732464,8.0
27586,38313.05001348716,735.5053720764348,35.0,120.65503366164046,8.0
27587,50311.051907730216,7724.823119961565,67.0,119.4877847305688,8.0
27588,28616.181994923674,5122.6222098513645,351.0,120.28227110983013,8.0
27589,15457.119961263597,9569.158765915334,210.0,118.85760866428978,8.0
27590,43664.23787392043,2368.811781020405,77.0,123.26048917516121,8.0
27591,36146.508116134435,5157.758174694527,94.0,118.44776737336059,8.0
27592,53202.41059516683,42963.81921296897,460.0,112.12257156778271,8.0
27593,66686.05434300542,4716.7195676378315,51.0,137.52013870303364,8.0
27594,30492.138891593386,2397.8065779619787,198.0,127.68560361495678,8.0
27595,24750.524226786227,1180.986420391239,63.0,117.25908473931322,8.0
27596,37318.23686833234,11697.426831802424,93.0,111.93725224763763,8.0
27597,30609.1093986997,13868.71892875746,25.0,120.85758312476845,8.0
27598,48444.35642292548,733.0458761249891,43.0,129.29590981090254,8.0
27599,25047.23936512992,7362.960303763388,41.0,111.19568679605857,8.0
27600,41696.47278838532,35537.620273139495,-99.0,110.61761801676965,8.0
27601,44994.54622108037,924.8561065381173,56.0,131.09429225803427,8.0
27602,57477.15863722128,47232.95389146214,292.0,113.40753022478145,8.0
27603,22246.745603291103,4624.524295102849,-6.0,107.22111187777351,8.0
27604,37039.97235216024,2884.2614677865804,125.0,118.82250596351086,8.0
27605,33248.59146727372,1471.5912258892145,186.0,128.26512812944878,8.0
27606,62292.31112684842,924.9340999336758,109.0,148.38938928217232,8.0
27607,16875.455184358783,924.9085364154847,16.0,107.03959566336849,8.0
27608,37836.37271958145,8832.45407939402,244.0,116.84253719047231,8.0
27609,26303.078950945175,3142.9039786161825,260.0,126.61938285832466,8.0
27610,49500.39948115377,5210.739110690923,363.0,132.22129014185933,8.0
27611,45872.08342013897,737.7954840910141,36.0,123.83294982603874,8.0
27612,31084.453383619464,5127.9240998170735,83.0,105.6600767098514,8.0
27613,54176.75239430874,7542.695430925893,118.0,125.28449631102127,8.0
27614,22473.45776597139,9464.294118658103,216.0,123.6443824905327,8.0
27615,55505.77552163741,14811.037379550944,95.0,117.09497157825957,8.0
27616,44404.138244633024,2774.9662607458686,311.0,132.20737081990643,8.0
27617,25131.095921469172,23395.70989320561,5.0,107.54667791895754,8.0
27618,37354.36629084578,924.8230624581377,19.0,120.92650933779161,8.0
27619,42290.14868810008,5476.788318494684,194.0,125.66759276638567,8.0
27620,20835.176333723575,1991.445088862155,48.0,120.00801230174748,8.0
27621,58469.18064371931,51809.42099875562,80.0,116.50783151475513,8.0
27622,7447.677864075236,6659.278294239613,-261.0,89.88820089692346,8.0
27623,38067.62213258467,8657.213891438076,148.0,122.47938437484693,8.0
27624,26519.854099716365,7497.579285694841,469.0,128.38667790507046,8.0
27625,25848.315169578254,1181.0671538223312,22.0,118.97847035568543,8.0
27626,7093.669236467992,5910.9377297417395,-27.0,91.85947600175021,8.0
27627,16160.343719223478,14423.060198090625,63.0,112.57802529587387,8.0
27628,50823.381541703944,4620.566524831901,347.0,132.54028472549834,8.0
27629,50009.9258935574,3485.516941247991,93.0,123.6868067055306,8.0
27630,45898.90133435758,739.2935656397809,26.0,130.49344351244463,8.0
27631,30442.213385381994,24275.63780394738,2.0,113.43177304361458,8.0
27632,51840.881339188156,17588.055513680716,172.0,119.86245976286993,8.0
27633,49354.198850818146,4683.430087382152,39.0,122.5888653944989,8.0
27634,27622.45577323176,9106.717847268586,125.0,120.20191416603276,8.0
27635,53011.28256269917,11525.509249086857,258.0,138.02020025916258,8.0
27636,42038.9947837309,33734.75000587729,116.0,109.90670999269771,8.0
27637,43626.78402018414,19479.130795050703,151.0,124.68556872830412,8.0
27638,10411.184943727667,924.8953028392156,48.0,109.17194435494154,8.0
27639,40915.40533146968,3472.282687538563,87.0,120.41001297854274,8.0
27640,37222.05433562043,1180.7797821963607,17.0,123.51263149904818,8.0
27641,13680.35580898566,924.8909523197902,94.0,116.98521251247583,8.0
27642,35810.10372307269,1183.5621237093003,19.0,118.59718242626613,8.0
27643,24972.635922046076,1849.8314657153767,65.0,114.68191779954917,8.0
27644,27990.74353956219,1849.8235022766437,120.0,122.60309059142122,8.0
27645,42912.979543373884,27873.94882805391,87.0,118.42371214472834,8.0
27646,35862.74891689488,2877.288163462899,16.0,113.7799854735542,8.0
27647,6344.701989182661,737.0126700950294,38.0,105.92605448990109,8.0
27648,47769.03544652179,1182.9436807499155,152.0,124.11647190253971,8.0
27649,41532.304507953995,9782.38154220497,52.0,120.0947317279621,8.0
27650,41627.04057606425,6474.200609725973,61.0,116.68113143595295,8.0
27651,24972.18050888776,8323.96133851938,297.0,109.7876381019582,8.0
27652,50599.36388695412,924.9047721385382,14.0,119.82138916307503,8.0
27653,45649.37416115554,17147.060379886538,53.0,123.43500304969504,8.0
27654,38875.03077889417,3699.782612497849,104.0,127.48730069069009,8.0
27655,45147.45167142574,3094.308252948712,290.0,131.5473760241526,8.0
27656,22492.988499553332,924.8095136716598,111.0,124.0893989783085,8.0
27657,54572.83011018389,924.9178848650472,15.0,119.78815767615782,8.0
27658,40820.40182024477,16518.896601221335,202.0,112.80845389203424,8.0
27659,57782.018380607995,15392.796806523742,81.0,125.55410415968763,8.0
27660,8096.557744122508,736.8615034162103,2.0,97.30935890339974,8.0
27661,33604.638598198384,26027.417642289216,-107.0,108.1445231826168,8.0
27662,50878.270749940544,16649.695283410303,223.0,120.33762590614323,8.0
27663,39667.36158481576,6506.481524901226,54.0,115.63114848834485,8.0
27664,55323.9137082629,924.7097143109726,101.0,130.04460728842457,8.0
27665,39798.33700404396,12046.210602693736,84.0,117.33615838733725,8.0
27666,30756.989759307748,924.913403274607,208.0,130.79292488614647,8.0
27667,68016.25646924683,4301.122295043404,168.0,145.7353515362018,8.0
27668,17298.180778396487,5223.700195150675,165.0,117.33782976818972,8.0
27669,32891.84081288715,2211.1251686187497,224.0,123.54710252754248,8.0
27670,53135.43914626826,924.9071752282617,34.0,126.34428614122322,8.0
27671,41169.63291175592,26130.4773692811,87.0,117.98592936589618,8.0
27672,51818.108508380305,5476.72024101995,72.0,120.17108157192321,8.0
27673,48435.33408478498,733.5338794140001,28.0,121.87934547853013,8.0
27674,45474.37876206061,733.70578336352,212.0,135.80426067969415,8.0
27675,61075.02267147444,1989.1016574318483,165.0,140.55757350398508,8.0
27676,38591.80974400911,36871.247264469894,-84.0,119.14364082981616,8.0
27677,23149.03206737389,3139.978718723302,19.0,109.38642017881405,8.0
27678,52093.4174757567,43831.38988438087,153.0,112.19493722197868,8.0
27679,14962.941106975386,1849.9502740078544,-1.0,110.53567428671394,8.0
27680,8752.767247666414,2880.724270017476,10.0,101.78265547883527,8.0
27681,40541.762761786646,5210.555876085123,1.0,116.84869764966112,8.0
27682,46681.43930417068,44953.87281034802,-4.0,122.19921647578013,8.0
27683,68489.17929534565,29498.98058573517,-65.0,122.41180697741594,8.0
27684,34609.693480885035,924.8700172307346,49.0,118.61587993164814,8.0
27685,36632.79510286557,14356.244745550775,187.0,119.16191355751708,8.0
27686,26749.878099952733,4854.5806346616655,161.0,126.75731164117292,8.0
27687,44419.96665197514,36118.68247031136,116.0,110.22900349587016,8.0
27688,19509.615606862488,8313.065653627995,-26.0,103.89170991973656,8.0
27689,41579.03140481664,1183.911276722775,47.0,126.2027080284798,8.0
27690,52307.19152909601,1179.5688900566927,126.0,136.82891453429934,8.0
27691,48633.030656441064,17054.440810946973,162.0,118.02774274244348,8.0
27692,56363.82268550148,1179.8412670724933,66.0,126.40567678013684,8.0
27693,47386.61679898219,3772.8548342257327,24.0,125.30194385770744,8.0
27694,43478.38582816716,17574.216732701898,308.0,127.71250098969335,8.0
27695,27466.2344146293,1183.214824669956,38.0,116.19674900264573,8.0
27696,36090.31911397347,924.7630796305725,36.0,127.21544405029879,8.0
27697,52701.07663689966,2359.24352972641,237.0,134.39167101684228,8.0
27698,21537.588720757398,5479.48876112029,27.0,110.44754828525303,8.0
27699,52376.75778588152,25930.087793996227,-5.0,115.42372399452864,8.0
27700,28213.897849406712,7453.800152741602,105.0,105.89630479743339,8.0
27701,47323.09934667257,3484.453495234902,265.0,130.702482328641,8.0
27702,40755.98842435641,11993.220385833449,35.0,118.4104414703284,8.0
27703,45377.68069994589,20669.679164561945,-79.0,106.79739529675592,8.0
27704,39686.04728616167,1992.2493839023577,57.0,118.81761783447352,8.0
27705,52580.50248385862,34459.844692361265,132.0,114.11446429968589,8.0
27706,56978.12863890518,1992.7945429022718,21.0,116.84854634597852,8.0
27707,17141.317379087777,9971.109533698362,181.0,117.73897043626508,8.0
27708,45614.47939447403,26984.763845984955,132.0,113.11154227981021,8.0
27709,61170.47964621063,50975.91314964473,116.0,119.14359697402622,8.0
27710,52534.894598598636,1745.60228172672,206.0,120.40700073202615,8.0
27711,42065.0190898116,6162.902081410874,299.0,129.76259996345735,8.0
27712,36064.74867631653,2943.5971842012164,286.0,129.75997096798213,8.0
27713,15903.0223195578,9750.463065237424,-7.0,102.65801109938964,8.0
27714,44485.522815997465,21669.004102050796,319.0,130.8962265630608,8.0
27715,24328.207639245982,924.8462989465969,41.0,118.6993103208972,8.0
27716,46286.61238972242,43960.859045740995,-168.0,115.64381117503692,8.0
27717,26653.407747791774,5917.896265792227,41.0,108.85975135934892,8.0
27718,36708.80976883259,6843.183224151025,72.0,123.45125040845761,8.0
27719,21893.305127069838,734.6944040031434,7.0,108.74127829612279,8.0
27720,49652.79113752778,924.750644922596,56.0,129.9329231274449,8.0
27721,51752.04152455351,2870.148512386657,18.0,117.03029333738382,8.0
27722,17050.58298341275,924.9119939302377,24.0,107.43907338525447,8.0
27723,31253.092459867028,2207.3294927033076,44.0,119.40144850999548,8.0
27724,53270.61980695697,2359.7960156797826,362.0,135.90321795157791,8.0
27725,39717.03162974334,13465.784250099518,70.0,112.7890212694147,8.0
27726,28263.146198234783,7495.09329973788,124.0,118.64339549218316,8.0
27727,30785.72750578322,4725.054556174803,415.0,129.9218355189687,8.0
27728,28390.56259380879,15381.40464575118,299.0,126.26670734791355,8.0
27729,11530.455820806572,5766.036803872412,-24.0,101.66522668086778,8.0
27730,43513.294616024476,1473.6771225656069,349.0,135.73385853347082,8.0
27731,33970.52179864921,3980.706194949391,30.0,113.9675731320134,8.0
27732,51344.20508388113,2886.7829921939656,313.0,122.71073640570835,8.0
27733,59512.89427806223,1180.1726036244902,98.0,131.2197538681237,8.0
27734,52764.09646942127,11418.462607722831,95.0,124.85472010006852,8.0
27735,44357.66742704157,924.7842544656712,30.0,118.2125824378152,8.0
27736,45412.39307026316,1989.5286814522099,90.0,127.18848572508303,8.0
27737,31996.24392236759,10412.551479821788,114.0,116.21584592631413,8.0
27738,12023.922988738912,5549.545662399711,-21.0,99.28174305962769,8.0
27739,27939.749842247867,1183.2147355657762,120.0,135.59740905681429,8.0
27740,66751.42158372888,741.680977587065,32.0,133.10461926700503,8.0
27741,47242.41367965729,7958.069162537477,126.0,135.212326154324,8.0
27742,41575.98086586624,20394.126374901898,74.0,119.58659027837417,8.0
27743,57005.98654366438,8076.56082163299,48.0,114.73629306206132,8.0
27744,20394.74319367523,5219.398156155358,20.0,118.2145055165093,8.0
27745,61689.98259371762,1731.7687959947177,22.0,124.82465924009732,8.0
27746,37956.16017186533,8554.399507862438,23.0,119.564076713104,8.0
27747,58273.550498956334,1989.7862625170862,186.0,131.64485316411037,8.0
27748,37845.529467570566,19347.414336756683,103.0,110.07448140464926,8.0
27749,33260.25912011328,16634.761600338195,133.0,109.99108455781328,8.0
27750,48443.30652739732,1180.628417556102,102.0,129.05343829827635,8.0
27751,43249.62465689643,8610.033506000269,226.0,128.67730393797908,8.0
27752,44516.256258616704,3772.636421453319,51.0,129.4543615908206,8.0
27753,38494.447558483545,10279.599690462252,308.0,126.78045384225685,8.0
27754,20834.912231259055,1183.2020138185555,16.0,104.02509938976924,8.0
27755,44286.60128232144,33323.91738181847,67.0,114.99729434371746,8.0
27756,31585.27097655579,924.8639189068997,17.0,110.63583955131668,8.0
27757,27757.717354413835,3699.760518022605,176.0,106.77115801939503,8.0
27758,43695.29041397991,25146.35860295561,333.0,126.86775699514075,8.0
27759,33071.136844059336,10255.851737217683,239.0,128.16608972791002,8.0
27760,35639.05508569356,18732.592119164543,-6.0,112.9953581415174,8.0
27761,45118.28753725949,34919.88855083993,45.0,115.60543397350543,8.0
27762,12225.126598662877,1849.9449275270192,11.0,101.34471639686967,8.0
27763,50567.661241343885,12944.415775009404,55.0,114.25921925184689,8.0
27764,12046.761551834152,925.0212556426548,8.0,102.86597278932615,8.0
27765,33208.19171910087,1741.104731328996,181.0,120.64752063670072,8.0
27766,37927.66798601771,2774.601007227593,100.0,115.67134628642471,8.0
27767,13318.052168547305,4308.061808109183,1.0,111.65778491572078,8.0
27768,40393.596905271,22355.18294335061,87.0,114.58694260640043,8.0
27769,47357.39680274755,925.1715871184638,49.0,123.10955591377291,8.0
27770,5482.540087125,924.8750330964732,15.0,96.96031504059708,8.0
27771,38648.37616179756,1180.9866728631523,96.0,124.4659476018462,8.0
27772,9332.288842100985,736.7872687437292,58.0,110.7857356235038,8.0
27773,27315.26905690012,6640.667555682352,90.0,111.3047835124523,8.0
27774,31185.050127449096,734.3202318468185,117.0,127.73800099851007,8.0
27775,27834.83289153035,18556.52821796725,201.0,110.17200923549088,8.0
27776,38933.7533401295,4682.552346169228,212.0,127.785847553986,8.0
27777,42909.32086866574,20580.207610370257,93.0,120.45410179881424,8.0
27778,41515.66264004472,1180.0011473608552,47.0,136.88085054085406,8.0
27779,49570.25214773373,20560.112166503957,47.0,123.57251496096802,8.0
27780,25389.49836455306,6350.741941753323,35.0,117.24265736480172,8.0
27781,20949.490506433245,4513.561919839214,21.0,107.50871618833563,8.0
27782,50364.09284736487,7970.201192443088,81.0,124.50041640864883,8.0
27783,43890.409983579775,12812.146089149819,204.0,107.04722636111087,8.0
27784,57449.04771991915,4850.602395269988,237.0,125.90978008323687,8.0
27785,43343.53623715127,736.3136635776891,94.0,127.85359261948334,8.0
27786,52699.760921589965,25606.807387197074,-55.0,114.25240403903243,8.0
27787,50786.827309557106,38683.89258905285,183.0,120.89926930520248,8.0
27788,16141.120139101065,1739.175935496114,10.0,112.25985636912117,8.0
27789,24293.662830721183,6171.431845384667,225.0,116.55805405184236,8.0
27790,40804.3297622644,1850.0248597211464,63.0,120.2384458990257,8.0
27791,10197.278411947125,924.8774757897095,7.0,102.58316442572317,8.0
27792,51258.357720455984,733.5309350339871,38.0,122.54781814318329,8.0
27793,35338.74462191733,6872.066612498523,16.0,119.2518004247373,8.0
27794,27734.010121131516,9591.883260278604,104.0,117.64259244223547,8.0
27795,48616.104456923065,7587.436334800824,109.0,130.26573270268506,8.0
27796,55267.21219284518,7559.5333647356765,94.0,122.79468113058141,8.0
27797,52577.8650950407,739.6020500423398,54.0,128.5563220062625,8.0
27798,59277.50564762028,3540.6554521741646,131.0,126.33969505447662,8.0
27799,56851.94114842608,9946.23427730415,228.0,141.41077613043626,8.0
27800,15678.167171658664,3547.9895389779076,36.0,108.7807799990951,8.0
27801,39293.20878914578,4851.954711773427,54.0,116.29048732504302,8.0
27802,47851.08068118679,5205.191775558484,621.0,133.99467333321897,8.0
27803,50967.56553247117,4315.759318900127,48.0,124.5907890197449,8.0
27804,58330.80955902887,1179.7071358640471,35.0,117.99996231959105,8.0
27805,60007.784957728785,38830.31460284928,75.0,123.04244298994058,8.0
27806,51198.92138831622,733.6640662902248,221.0,137.28952312544604,8.0
27807,12106.02371711418,3796.6998301146687,63.0,102.30422158899641,8.0
27808,31348.92348805669,10824.102159071137,75.0,115.96034518446956,8.0
27809,23297.083265138855,17820.169595141004,37.0,105.61417796757789,8.0
27810,16139.944614010235,737.2125676438405,192.0,126.21194019653268,8.0
27811,6883.866327747353,736.5363697248685,-1.0,95.33088700840406,8.0
27812,22897.66057812904,5890.804301123048,73.0,109.10299867410387,8.0
27813,24692.271381323666,924.8124613659384,120.0,124.75557630879216,8.0
27814,13480.594144932462,737.1543052952012,218.0,126.70076789054986,8.0
27815,54858.13246622725,35236.806324573656,72.0,127.68283011431994,8.0
27816,48443.63835461645,925.0016217697707,33.0,119.644558895726,8.0
27817,28463.636687933988,20888.98479092775,115.0,106.65232226075383,8.0
27818,7435.951895841734,3699.6659385003145,21.0,99.63319630531484,8.0
27819,28078.941232449266,1473.930749278057,198.0,127.35591609873904,8.0
27820,46588.3538397765,9779.824799495502,177.0,125.88292994893837,8.0
27821,30570.271887189392,8656.27328473952,38.0,114.86131484652198,8.0
27822,54883.23426288169,5474.697531135548,159.0,127.24369876967533,8.0
27823,46635.1663185243,25868.165304220278,105.0,126.17989483290343,8.0
27824,35956.80771662878,22950.744571218853,340.0,128.3022008623622,8.0
27825,29744.24013044943,3772.0174047938685,67.0,116.2893211006659,8.0
27826,51401.22051155649,42952.39661355633,378.0,130.68123031801144,8.0
27827,52303.51832794573,8291.63594973011,33.0,125.49316680442908,8.0
27828,54746.480404190435,6640.792562560692,63.0,117.46585610454659,8.0
27829,51256.020296091665,12665.421634026583,145.0,122.36228009349227,8.0
27830,59267.10532029139,2370.2626016551344,118.0,131.13437049587426,8.0
27831,47849.777196974814,22360.780727059613,-16.0,119.6701597298709,8.0
27832,36247.85260615413,1182.942531783857,93.0,119.7093610614155,8.0
27833,39553.070305346344,924.9693808559581,118.0,128.41790817880965,8.0
27834,9278.605392313153,2774.811559671521,29.0,108.59310682802742,8.0
27835,45346.71407854716,925.0558653535054,80.0,125.34276439407334,8.0
27836,32873.256469863154,736.7909742211795,26.0,117.81045036278617,8.0
27837,47592.244856467376,21512.843328770356,-141.0,122.26936919747396,8.0
27838,21182.062787318933,924.8771461274765,45.0,124.27925786455612,8.0
27839,40528.23962405467,2210.4198997889785,134.0,125.10290615211974,8.0
27840,39941.932004515635,22308.002807755187,93.0,119.17797338541385,8.0
27841,53225.89028038479,5475.18235740766,461.0,123.53300999107529,8.0
27842,45928.94549479748,1181.1169177220143,155.0,130.43752665518016,8.0
27843,31014.37726763644,3543.6985491942655,20.0,116.44060404651655,8.0
27844,22179.36201956055,1180.919272599299,23.0,110.0732047624924,8.0
27845,40162.56951952078,24492.99839734204,500.0,115.21304564471883,8.0
27846,39760.25400256274,22746.906846485243,183.0,121.18433009036269,8.0
27847,44232.21776977242,925.1609705306381,105.0,128.14373638257695,8.0
27848,38491.85674326858,736.9044784451306,67.0,123.72776431715363,8.0
27849,64381.748040152066,57723.14912000835,80.0,117.10080874400988,8.0
27850,21324.092759230407,3699.605459065769,103.0,116.76031623884238,8.0
27851,30176.89922736432,6665.814962381357,180.0,125.46756406992976,8.0
27852,62844.6220992093,5230.61104384973,265.0,131.4818649282377,8.0
27853,45613.801175354405,27903.852595647077,290.0,107.97203597452324,8.0
27854,33816.11071796028,16908.413640614814,43.0,114.08639174982844,8.0
27855,40446.82054606873,925.0439645282988,54.0,122.22773642373093,8.0
27856,13311.751701794727,11616.015964045573,-6.0,102.38468960415248,8.0
27857,31228.728707848597,1742.784667586672,158.0,125.70630980106364,8.0
27858,32664.89399911755,22478.25578630573,116.0,114.27756049326413,8.0
27859,9804.34073949178,9264.404248690824,-234.0,92.27615114763667,8.0
27860,50204.38578535892,4304.818690677844,60.0,124.43833793261042,8.0
27861,50442.70565848611,1184.4164836137024,13.0,113.96517923576636,8.0
27862,18039.051711938722,7841.02633984217,19.0,105.2001076560777,8.0
27863,61286.4954383049,12225.061954298628,388.0,120.23593739815826,8.0
27864,15088.859156704491,13135.884437119317,29.0,100.38256784618852,8.0
27865,23628.538351763927,4614.523308968058,73.0,116.73820785615918,8.0
27866,59672.49039346544,5922.579580968078,145.0,129.7191932186147,8.0
27867,44680.567423819826,1184.617232626431,36.0,119.63443319439946,8.0
27868,35714.196912073196,12083.90757588632,245.0,118.98011111224875,8.0
27869,41342.176103424456,924.7528676933066,76.0,130.47397536801884,8.0
27870,37113.98081191454,19479.0727206147,172.0,112.91795872715474,8.0
27871,55064.97096624825,46619.4774899106,375.0,131.2109742160975,8.0
27872,55817.00713186252,924.884109829763,72.0,131.9231495979752,8.0
27873,51827.366948993294,6938.0544880229445,76.0,120.31960368755102,8.0
27874,10975.170619009989,1182.6259967188068,106.0,115.05515337070717,8.0
27875,57718.30307778408,1179.7607955752735,73.0,126.469816075105,8.0
27876,54498.73220220663,3145.2277860633412,12.0,121.09199103971844,8.0
27877,27762.476435337274,3474.985905955795,77.0,116.33986029226061,8.0
27878,47318.036080583304,27380.48797451051,8.0,122.18352320532021,8.0
27879,61885.53493990401,39557.215049201935,246.0,126.71367725098577,8.0
27880,44071.34586542295,1181.2534603685604,32.0,120.67393669851916,8.0
27881,58570.67718643895,11935.629434952134,113.0,139.25974263644648,8.0
27882,22197.94239785043,10174.006911865581,56.0,114.68141486403061,8.0
27883,39194.985592589066,14490.734708424849,105.0,107.37905527286684,8.0
27884,14104.197159351585,5126.601042397203,27.0,98.45318726810478,8.0
27885,21609.41538349109,4512.1168349195395,241.0,122.40278815734797,8.0
27886,22903.44025970815,3083.5178698423038,8.0,111.75128361669425,8.0
27887,34672.79655888848,15183.049484695532,176.0,106.55890755526927,8.0
27888,39944.92277993359,924.9914528310026,19.0,114.91948805184867,8.0
27889,40759.23443428891,19737.879292113867,48.0,120.27720317606642,8.0
27890,49019.50018964065,24971.80854145529,290.0,116.55641047111286,8.0
27891,42492.99267788945,3472.8681496760214,482.0,111.31559398435031,8.0
27892,60316.22853709815,4301.924939839216,482.0,136.87356145307982,8.0
27893,35540.468134597635,4855.155368495109,30.0,121.08271905040847,8.0
27894,19298.64457841465,4121.6410774365495,47.0,124.69155916551622,8.0
27895,35073.22331222759,12571.171820398738,281.0,126.95054375580179,8.0
27896,49969.704270176386,924.9634435779112,15.0,119.50238986604725,8.0
27897,35846.90101429343,9959.377266050991,72.0,116.01000878702666,8.0
27898,48372.5433498432,9279.093119849862,56.0,115.59575464240987,8.0
27899,25960.975512683428,5487.422680611684,40.0,106.41722093024802,8.0
27900,38130.536259320055,736.7408118081858,50.0,127.20035402584085,8.0
27901,56550.56012983055,39528.99188230605,183.0,124.1773461494317,8.0
27902,38402.95202088544,12937.756046295985,346.0,127.311938975396,8.0
27903,28869.610174968853,8891.493236648343,77.0,113.22659073033643,8.0
27904,59611.718237461326,8112.367454307903,152.0,131.6037738861212,8.0
27905,29605.75809147326,11484.906716992236,144.0,106.4756697783453,8.0
27906,52129.064393656954,4682.991302125257,100.0,122.6629988394268,8.0
27907,29634.80681260876,924.9240687653528,74.0,125.2197248451343,8.0
27908,37959.567870929,31794.765550897664,-136.0,109.37772357627414,8.0
27909,67472.82703994632,9479.217904884157,97.0,130.88608202530463,8.0
27910,51745.712504080424,924.9631778312752,175.0,133.9156483707407,8.0
27911,35423.577751856654,2870.1930310908588,122.0,114.49135829629839,8.0
27912,44719.36318781432,2368.8383719952003,28.0,124.1031603911208,8.0
27913,37949.60252624771,3699.463432512578,21.0,120.81742551600401,8.0
27914,31223.40196143158,5213.708725795453,171.0,121.84025197360347,8.0
27915,51389.8418832243,3979.164606819915,11.0,120.80110660013386,8.0
27916,13392.40570520365,2366.2459842395133,70.0,110.74859018499576,8.0
27917,36062.69728754126,1737.4009718387645,207.0,129.33370674939573,8.0
27918,49220.89804083761,13952.048647512574,27.0,125.9309340037964,8.0
27919,47272.93310437608,924.7514842163528,32.0,131.2062823829808,8.0
27920,37928.23200199708,924.8458064449228,45.0,125.75267999083457,8.0
27921,46625.35193527566,2361.5908899830174,304.0,127.65251186297078,8.0
27922,55401.47486649903,925.0055480119606,116.0,130.24177085321296,8.0
27923,52466.04135977253,1180.2244141257333,78.0,132.446213834376,8.0
27924,57366.33005269738,4056.3118458464314,158.0,131.90462193267155,8.0
27925,12930.302737707078,2366.0862458452257,229.0,122.3810898872731,8.0
27926,35003.11190454201,1989.9607686768188,72.0,116.00599055280674,8.0
27927,44401.24582852286,924.9419334127412,36.0,119.39243608129883,8.0
27928,33899.906957310974,7116.7146263251125,43.0,111.20457678583466,8.0
27929,42285.58654298028,40339.893636740664,-91.0,107.35117325311869,8.0
27930,23726.508517949904,1471.573476068126,11.0,115.81664122561999,8.0
27931,46731.643150042546,1184.0607927429824,52.0,129.92946379138166,8.0
27932,40652.832240020594,736.8984713942979,51.0,121.95190243699507,8.0
27933,37040.61949156012,31566.94997152874,53.0,109.66051934885063,8.0
27934,10370.036448390243,4611.363963084089,44.0,109.89905903484396,8.0
27935,46427.44220114704,32213.063303781702,-55.0,127.64541210278483,8.0
27936,48771.88310431709,31865.94603522196,51.0,113.04765969570275,8.0
27937,16713.917454595194,924.9195160331179,12.0,106.02758969502915,8.0
27938,51814.46338208107,33303.54476774611,301.0,118.73785274089578,8.0
27939,38082.50295739927,21986.564307897643,430.0,126.15486889870415,8.0
27940,29947.746187904464,735.018166294325,11.0,113.15845210289677,8.0
27941,67142.19881262672,924.7961921955465,36.0,133.5841863185458,8.0
27942,31456.999053375268,9249.747829497053,14.0,110.53732689977647,8.0
27943,41504.44237283641,8093.5970886235045,114.0,115.03857378064697,8.0
27944,66310.24319129076,21193.41785277343,61.0,122.66261502453044,8.0
27945,39322.83694971547,12230.253101257751,143.0,108.29875366925593,8.0
27946,42130.95714297951,36380.14953376767,-443.0,112.75105561554943,8.0
27947,44404.196246782485,2774.9695874720696,105.0,124.67460390552664,8.0
27948,47966.38154097427,47424.91398470656,-497.0,111.88021488190056,8.0
27949,16270.444244813376,11699.087900142442,61.0,101.77590551587807,8.0
27950,63063.86464847974,3538.52433596085,302.0,127.8588075297115,8.0
27951,66322.58538846752,9905.285425768448,342.0,144.1598208165163,8.0
27952,17897.943056004533,736.5892424806439,47.0,114.10860186854208,8.0
27953,35231.52445262601,4617.805635721186,224.0,126.54120862033486,8.0
27954,43188.51293485942,9023.207988594851,304.0,115.98211301014683,8.0
27955,54629.572271412115,38632.72844830396,229.0,117.03561506003606,8.0
27956,39828.02697977437,6965.736296729407,134.0,121.86973694724483,8.0
27957,45478.558644778765,733.0458761249891,43.0,145.21310340593055,8.0
27958,29925.651337361094,1850.0083672664991,42.0,115.89427413453839,8.0
27959,53839.31007941353,12582.449614081688,76.0,110.31449435571085,8.0
27960,49085.26632756473,6939.0346052885725,67.0,118.90166374260066,8.0
27961,19976.607981778085,8888.88360433303,13.0,107.18239667003796,8.0
27962,43425.553177879,41704.92357569879,-226.0,109.85458702373047,8.0
27963,42456.49175846918,736.1377940254008,191.0,133.37911803443419,8.0
27964,35963.508604106995,18508.744205236213,109.0,110.78132722158368,8.0
27965,28974.73050844405,8892.47161816639,133.0,105.34378803995976,8.0
27966,44502.56132811909,739.3313349854633,33.0,120.72574812123378,8.0
27967,33365.93117371709,12377.063718893207,315.0,126.1165121944853,8.0
27968,45015.05954012024,9950.42606242978,44.0,119.30085642704826,8.0
27969,56024.65209554934,2869.62060169317,223.0,134.82182860824255,8.0
27970,37029.20264599415,18978.054282599496,119.0,107.15110259792647,8.0
27971,13951.906976851433,10200.817729237904,9.0,103.6517854291466,8.0
27972,24310.960307154706,6626.121688803989,42.0,111.26461979779349,8.0
27973,38014.420322902144,1470.2115523713783,267.0,132.5066292946396,8.0
27974,40495.88609814402,4111.870854990223,290.0,130.19685795932986,8.0
27975,34021.31750736031,1182.8062267109815,156.0,127.73717571478001,8.0
27976,48895.35086322159,1989.3481578482754,91.0,141.72406142467304,8.0
27977,53716.97171175167,925.0056097711113,25.0,118.94429429187912,8.0
27978,39541.934276082444,1849.859851422688,48.0,116.83964891628497,8.0
27979,47173.68660801527,37964.1330051929,17.0,119.44742893392339,8.0
27980,12138.779020292242,4045.392727888721,45.0,109.98681714413277,8.0
27981,5217.98993177718,4611.129300022634,-49.0,91.17556135623623,8.0
27982,68046.7419260376,11799.35395626468,18.0,121.70141147416773,8.0
27983,44495.979316716934,4312.49310948128,151.0,116.80958803557232,8.0
27984,49506.65189891999,12666.310366179408,206.0,122.82025496006162,8.0
27985,11196.441134530585,3772.2724312135924,65.0,106.825324120612,8.0
27986,49614.56726377658,3984.4938222164246,101.0,132.03308911802768,8.0
27987,46536.26126772969,33098.520428242606,78.0,119.26782605999735,8.0
27988,49476.16266942033,4314.555607126795,70.0,131.8282865944443,8.0
27989,35363.66921503862,14730.418920068281,39.0,112.67592735316082,8.0
27990,9968.416951265921,8235.994308808193,2.0,99.93411846577965,8.0
27991,12046.45256976146,11123.437518101882,-6.0,102.22158551516073,8.0
27992,14545.268556928297,12236.566639613073,17.0,107.13074674114144,8.0
27993,25597.50029323446,5213.030640814038,117.0,117.68681177895806,8.0
27994,37140.83971188422,1184.13345292591,71.0,129.08001444941993,8.0
27995,23509.367123902113,14915.612387925506,5.0,114.02143826305122,8.0
27996,32267.77737287287,2876.8954756080484,45.0,111.41948473142358,8.0
27997,61149.687168680684,731.7191249250585,110.0,133.4705977993015,8.0
27998,24017.20171038808,4513.92285842593,170.0,120.16642424938031,8.0
27999,12099.342018027894,8080.318654776144,22.0,102.2508563270894,8.0
28000,14118.801351461767,4516.115995098257,21.0,104.10676934455425,8.0
28001,39761.71163614071,20225.597671611198,77.0,121.18464022258459,8.0
28002,18006.88444657952,13432.530783225719,61.0,102.62460170999215,8.0
28003,51109.97965015556,924.7374035430764,38.0,129.69069812136632,8.0
28004,48541.842589789536,6941.840314763543,9.0,126.71506675120193,8.0
28005,55281.771624616835,13220.944297256987,117.0,118.33396964013514,8.0
28006,9017.30613813133,8275.115944928712,-263.0,91.54931950690938,8.0
28007,30602.25019660791,1849.8378135485098,30.0,115.55808158894352,8.0
28008,14265.63965464432,5963.681390474879,60.0,101.47567102365066,8.0
28009,25855.82672658981,4511.644197179383,237.0,123.69946586342583,8.0
28010,38764.58540751621,13309.501179913603,5.0,124.62933876121056,8.0
28011,25285.62519034538,21273.605279744883,20.0,108.76852234553006,8.0
28012,46425.81546654257,19655.09699287806,70.0,117.73108196015349,8.0
28013,38713.6755383014,26475.102297676756,80.0,112.00632811399802,8.0
28014,30155.31206286287,13537.578752910651,-21.0,112.643528752331,8.0
28015,22759.33470805376,3139.7891443118933,36.0,109.91886288787425,8.0
28016,49388.68428853868,36594.118840581636,87.0,119.309761401539,8.0
28017,59650.9859175731,18954.619978120114,63.0,120.90525798728036,8.0
28018,23492.851234166632,5965.269916565906,177.0,113.1162551192661,8.0
28019,59624.21159215598,17943.334945547285,16.0,123.0797571510058,8.0
28020,41798.56695740591,13930.267428495246,56.0,112.92938180998196,8.0
28021,66600.57142362435,731.8199090219147,60.0,129.08330584957446,8.0
28022,11297.02826516513,1738.6335227049665,120.0,115.41249677672768,8.0
28023,49087.33128849817,34995.69379264903,81.0,122.93619725112048,8.0
28024,43612.63188598426,1992.0310154254819,50.0,118.45464123717488,8.0
28025,29929.0759712245,7116.572895466452,366.0,128.22989822600903,8.0
28026,33818.14596330452,5479.815340152368,21.0,116.88936757533982,8.0
28027,39053.60937227949,13011.266109779473,170.0,111.79717871996647,8.0
28028,16855.085509769357,736.6396471431609,29.0,110.44772913306727,8.0
28029,15374.360058416927,9422.715235448666,-21.0,101.97820374332045,8.0
28030,31944.986750933364,23666.415442572525,153.0,119.3352973675559,8.0
28031,43451.591558260254,6638.764643961352,33.0,117.06087940794512,8.0
28032,33296.65085579651,11098.708479975374,94.0,110.95562805738633,8.0
28033,60376.36630336672,47585.41390308735,87.0,120.88399961959294,8.0
28034,53629.048611121005,6380.228823275723,181.0,137.4939551530908,8.0
28035,40590.160891213454,32140.443389588047,336.0,128.66440810293324,8.0
28036,11707.965760063043,9973.70743513787,79.0,111.02989117550472,8.0
28037,46636.096132829094,1989.6338632323234,108.0,130.2705332010055,8.0
28038,31134.674969647036,12114.278699799916,349.0,127.09123610631359,8.0
28039,48247.22736958729,924.716385914865,28.0,126.83181913949763,8.0
28040,12969.72369132501,12046.441751744926,-4.0,102.91190104743846,8.0
28041,36558.63673818665,8710.062876039688,99.0,120.5924553884897,8.0
28042,67278.48930920367,3144.90653016031,23.0,119.26645665233077,8.0
28043,15444.527106347792,736.7146866112016,6.0,104.31956913518258,8.0
28044,58471.7825335022,2367.954596405337,118.0,135.3048652140711,8.0
28045,58550.75688255063,18051.878868419855,38.0,122.87563565378026,8.0
28046,45582.95414862811,924.9914528310026,19.0,126.30143619307299,8.0
28047,37985.36910338229,12969.35217768535,256.0,111.05150543004544,8.0
28048,27032.046267413047,7189.571993786902,113.0,117.94049392235414,8.0
28049,27184.241898646254,1990.2860273343,6.0,119.89820595288357,8.0
28050,40043.06398715306,1992.132282782419,71.0,128.02716146727766,8.0
28051,30245.84191332059,2362.3790266870906,10.0,116.74606119869397,8.0
28052,25777.545665663587,1740.851897054245,150.0,121.54753230845553,8.0
28053,63760.75325279504,52648.576431841204,-704.0,114.35299039540496,8.0
28054,38827.092634805136,2207.6633191282467,165.0,129.51462687996116,8.0
28055,50071.713980217064,38979.96029311261,158.0,125.22044906534785,8.0
28056,41089.2439373042,24078.7270418952,489.0,134.6152188036294,8.0
28057,51727.259922259,1734.115723988378,107.0,126.50373881203159,8.0
28058,18265.212485722754,13052.436728263414,120.0,106.8911361258325,8.0
28059,40073.93109493936,31804.309488809227,153.0,107.63245327780865,8.0
28060,17124.019700982382,9964.894405555133,-56.0,112.05926183288581,8.0
28061,65886.73296505421,2872.3513634910573,40.0,124.96094556349131,8.0
28062,43454.95066126167,11480.056955616694,315.0,129.9627238152175,8.0
28063,41583.30986987351,1184.6895987455898,15.0,117.31695517723864,8.0
28064,33382.555948145724,1180.5139043253062,81.0,122.78384063434167,8.0
28065,53205.08559979319,1179.2489384557568,277.0,149.77364710750072,8.0
28066,29911.36512376315,8897.48723477339,118.0,111.95242714421171,8.0
28067,40950.39752086268,30765.082418921334,116.0,115.6058972583558,8.0
28068,41778.84452553496,3789.603668094163,38.0,120.0118227423305,8.0
28069,48367.613320887715,1989.6591037252908,101.0,124.76055136800582,8.0
28070,28849.65439273281,28193.55511682688,-360.0,106.81022384754013,8.0
28071,52394.1906483043,732.8815679248924,30.0,121.05731236420868,8.0
28072,50852.578212963075,10409.821669674278,71.0,119.14334864460749,8.0
28073,31916.869538365743,11412.94090040087,46.0,111.5099133241905,8.0
28074,27619.034031368054,925.0234481232116,38.0,115.73763910809403,8.0
28075,26383.382233190274,18071.59742600682,61.0,107.16576469161625,8.0
28076,17680.22789062882,9576.680866676814,0.0,106.81133587857758,8.0
28077,54888.24760831284,5119.710180948693,60.0,123.56675393890116,8.0
28078,49434.263191941114,42774.32362276763,80.0,115.72578450220077,8.0
28079,40196.8425316801,16336.72924645508,129.0,118.88609955653286,8.0
28080,14549.66835105152,4310.927963876357,36.0,104.6026733522099,8.0
28081,35397.3269610839,6938.0617745805475,22.0,115.36294511987097,8.0
28082,49072.79355892081,21971.02570882798,131.0,110.88737240523109,8.0
28083,19698.192190072485,6920.653848737103,49.0,108.22722505702107,8.0
28084,2944.9240399887603,2208.2551388582688,-34.0,85.66194361248651,8.0
28085,42627.74445174899,8767.293222082202,168.0,116.27267595475486,8.0
28086,24328.75417789255,8454.09116997595,33.0,113.90307649055643,8.0
28087,52749.925195010925,35090.96505686737,352.0,113.36580393079238,8.0
28088,53793.87919718874,5976.977588943651,81.0,126.15264353098974,8.0
28089,46971.506113779906,3541.313870020258,66.0,117.8398648753428,8.0
28090,49522.01950144607,7103.649652485853,258.0,127.54377447665449,8.0
28091,39688.74122740947,1180.8126589821431,105.0,135.9439272243396,8.0
28092,43974.174907993045,35523.42869264013,370.0,129.43992741993713,8.0
28093,34551.50402727272,21769.635855815995,87.0,113.74874197279723,8.0
28094,47650.15633707087,32621.604672124326,87.0,119.52114529459271,8.0
28095,27122.000912793897,8624.676365853175,116.0,119.94595975350364,8.0
28096,24756.391105859242,7966.056782720472,294.0,124.92077627477266,8.0
28097,30744.49090706331,12114.37114623527,97.0,117.01733287307334,8.0
28098,37975.470337699175,6654.098440665946,61.0,117.00507698356896,8.0
28099,18512.90916980252,17588.791039460026,-87.0,105.06208889699661,8.0
28100,26833.996558144958,3800.9544142458694,45.0,119.7234209777344,8.0
28101,67308.20949861572,5897.380765132599,216.0,134.48405946157146,8.0
28102,58388.40583813225,5976.701936845538,107.0,127.76941358807565,8.0
28103,40078.56909501577,23640.469560496127,73.0,113.86780699953836,8.0
28104,27756.567367027656,11098.555989213213,79.0,115.59328960833056,8.0
28105,20891.241316828586,1183.5842949020343,32.0,118.09286472879376,8.0
28106,68469.44894405814,3537.106597030196,199.0,143.8708478815468,8.0
28107,43177.80002291633,1849.9226538337884,79.0,120.30355475523311,8.0
28108,42808.52176965302,27313.639206805194,181.0,111.56627460988855,8.0
28109,52203.114714067415,8288.238652187189,147.0,119.36257817312023,8.0
28110,5598.0919626965515,2774.743424930926,-7.0,93.1323133302136,8.0
28111,32052.179345674016,1474.8756766714205,111.0,119.45777174951931,8.0
28112,35170.209352150414,25660.605867842918,271.0,126.49088973021023,8.0
28113,44886.27156055934,4682.436086776651,271.0,129.28863640032046,8.0
28114,62618.21149413383,1989.688351318001,6.0,126.38413050273832,8.0
28115,15059.895360047105,14377.688780471282,-198.0,97.79755520698313,8.0
28116,54250.455390893076,3771.4222558106794,126.0,129.77808556791632,8.0
28117,31038.53558877958,13015.811803803272,87.0,118.14703836909753,8.0
28118,7544.629138087578,924.8947523412531,11.0,100.8486727957439,8.0
28119,32211.453695864195,3980.379422069041,290.0,127.85594857412244,8.0
28120,42573.61115931882,1850.017120672149,37.0,112.56182313057774,8.0
28121,6346.658853718023,1739.375568430254,-5.0,94.40705171022447,8.0
28122,35362.331461622234,12231.016922001221,216.0,120.23547152208798,8.0
28123,54474.67513544969,1184.1249900439366,43.0,123.8584895963466,8.0
28124,46035.55508891709,6524.581880307024,253.0,127.75908212574991,8.0
28125,21323.99279208373,2774.6891964533615,200.0,123.06337932220296,8.0
28126,44764.83625265427,735.1441837255262,212.0,135.04158394817412,8.0
28127,57418.26171826137,4303.086934261886,204.0,133.03348471418286,8.0
28128,17050.108618738588,1849.8722075666728,136.0,119.36936247351605,8.0
28129,60703.776876396485,732.7694838501764,12.0,130.2807885357501,8.0
28130,55347.37112933801,20201.343490018317,79.0,123.01828439359366,8.0
28131,54667.63893629267,17254.332007184035,75.0,125.66652701777782,8.0
28132,52354.85596173755,44078.15458145416,153.0,110.39582630951213,8.0
28133,35329.54620885944,14806.789324278694,66.0,111.58709299848405,8.0
28134,49427.52829486038,924.8802425197434,23.0,120.21991993477286,8.0
28135,32673.051106509516,5919.050448895803,22.0,112.56841793220806,8.0
28136,30524.126949570495,5210.490568548176,54.0,115.10449480248762,8.0
28137,10959.497695051215,2883.0693410545637,25.0,101.01353863580074,8.0
28138,7722.50813269838,6841.517384857451,-181.0,90.202950708609,8.0
28139,49620.77997852866,1180.29528830488,15.0,115.7946812965765,8.0
28140,5216.4875184853845,3477.578939729457,74.0,104.8843401469275,8.0
28141,32508.630388895923,27301.21260912891,-387.0,113.90313834785549,8.0
28142,65980.19319171744,5924.545903504433,60.0,133.00539749857805,8.0
28143,24387.65541387568,1183.155701363004,55.0,115.74944281593666,8.0
28144,34646.923036721804,1736.628190395845,86.0,123.10363299607286,8.0
28145,29439.548812238438,738.88640149686,37.0,117.85233253636976,8.0
28146,36911.084685899616,734.5292590047005,18.0,116.84168114394421,8.0
28147,42036.09997617494,8453.071839732991,84.0,127.5936861206614,8.0
28148,34766.33779692421,23218.099369489722,-3.0,109.39188339628456,8.0
28149,24227.91120810373,2870.515832914688,89.0,119.65749870942827,8.0
28150,49794.932298115295,9285.321508916491,38.0,118.51191606301101,8.0
28151,47498.179287242805,924.8831907786455,167.0,132.34066871225048,8.0
28152,38632.35374950083,2876.0210839421857,44.0,112.33048724689252,8.0
28153,54065.959614599415,924.8554682344388,37.0,122.70007724677238,8.0
28154,50647.42105582543,5750.794220349142,71.0,116.10661644934676,8.0
28155,45032.945208954756,2887.3731034146717,18.0,115.98061663592635,8.0
28156,48536.89325719321,2877.1672299361967,54.0,121.62780966159221,8.0
28157,27312.773580587702,10410.421455613568,95.0,103.78863900740927,8.0
28158,55269.93571166045,37148.15399804516,132.0,114.37970278098061,8.0
28159,40845.65846880674,8874.519858496049,245.0,131.1908073540937,8.0
28160,6660.822283338177,2364.9648354343544,49.0,105.16300117609383,8.0
28161,39556.649820994186,3541.1945113044626,22.0,118.26003145439337,8.0
28162,31605.543308241566,7602.99194355918,51.0,114.31024009405684,8.0
28163,31817.94443426943,25994.217787292913,-209.0,108.79150089962295,8.0
28164,51372.58871983578,8623.777197817308,61.0,115.64634238856772,8.0
28165,36813.11074985868,9507.630394589052,318.0,125.33258514652633,8.0
28166,35588.90780650347,3793.1101373745523,258.0,114.52444237822559,8.0
28167,11196.334994987892,924.8953028392156,48.0,109.63631744013098,8.0
28168,43743.41777751364,4521.097823298612,27.0,113.35469685210018,8.0
28169,67882.12417555215,18429.324891294327,212.0,130.5353314509807,8.0
28170,33453.279047317104,20767.854992272507,32.0,119.635302856732,8.0
28171,37773.08803699953,3090.8568313310643,176.0,119.85425808040661,8.0
28172,23764.169919417986,8100.971729793556,491.0,127.74016950684535,8.0
28173,25995.86339458299,2883.8377939986713,218.0,107.8365495107622,8.0
28174,4853.520446942978,924.9743929715742,-3.0,92.54802037465947,8.0
28175,39531.940173360825,13305.814359626556,37.0,114.07111538966538,8.0
28176,44063.75441057879,735.5681630553273,38.0,118.01079207331392,8.0
28177,37326.960288312344,735.0090300904856,27.0,119.55483755893373,8.0
28178,37626.087879381615,12153.58882966375,345.0,122.33984830546004,8.0
28179,18731.03696427047,1849.9185724514198,-16.0,107.62215245221597,8.0
28180,19675.663852693036,14551.524660080175,35.0,102.83037550868215,8.0
28181,48987.71305901274,33318.14525800277,130.0,129.87183217164588,8.0
28182,41517.91233175472,9096.481710499176,198.0,125.01786640843832,8.0
28183,29297.27711573806,15198.966013827468,163.0,115.46022368314253,8.0
28184,64967.89033254684,2359.0631533110363,297.0,135.83740415136796,8.0
28185,41142.110175243855,924.7611860133521,43.0,128.10749978849833,8.0
28186,35360.368567293786,8259.692845309155,152.0,120.25245682466579,8.0
28187,45115.84474583954,7083.246623972229,195.0,131.40554412231484,8.0
28188,45335.336087559874,32539.850535001722,87.0,117.78203568951893,8.0
28189,27817.828648115574,3983.5697132311657,114.0,113.98308922014715,8.0
28190,45555.701497240814,4314.5634739476845,76.0,106.4687720058189,8.0
28191,17238.718203311168,924.9125011383769,20.0,115.94660184524682,8.0
28192,58852.52659712144,25869.559919567742,73.0,116.37824598000975,8.0
28193,27756.684163741826,9248.809608221101,238.0,122.92873786582729,8.0
28194,47122.696954257255,32363.499117429645,183.0,109.66599371411542,8.0
28195,45017.82914015062,11507.106223563505,95.0,121.25584622695744,8.0
28196,43148.63274171314,10580.978655042512,44.0,114.00491387519769,8.0
28197,43457.27734044085,1180.3562328555483,107.0,127.28170076548577,8.0
28198,45589.46632902168,9253.383994214579,166.0,120.86086214449747,8.0
28199,16100.381709383557,2363.648869424905,134.0,118.69658400671985,8.0
28200,26613.557938760277,15008.1835763793,16.0,110.6097283394935,8.0
28201,55750.28533102908,33744.14613348677,176.0,114.08523884754935,8.0
28202,42666.480657894615,1470.780362106788,175.0,129.6404530630961,8.0
28203,31241.226306599914,736.9272650519667,54.0,121.47468992032077,8.0
28204,27378.50359019235,8882.824234203572,120.0,119.16058059188391,8.0
28205,38602.58060583068,18308.740017984484,162.0,124.77279439264686,8.0
28206,16159.354741110306,735.4186295923436,31.0,117.37160340218696,8.0
28207,22777.242327206877,6173.327694034108,139.0,117.52798059547212,8.0
28208,57170.91283240444,733.0095289333484,50.0,126.05907690322746,8.0
28209,38036.03195545298,924.8554368637082,40.0,117.79350054219769,8.0
28210,68652.15941427718,55645.98619153301,99.0,120.63193235118422,8.0
28211,38796.90376748083,924.7648930879708,62.0,125.17048795488292,8.0
28212,35389.98768388577,1472.672878804009,328.0,133.4604977424037,8.0
28213,30897.51875731358,2211.3893369944417,57.0,112.4844413347073,8.0
28214,31790.255005589715,734.815510974236,31.0,118.12193065412006,8.0
28215,40105.08883741897,2774.6507300631447,105.0,114.22687478256387,8.0
28216,9574.987544526053,8838.707301525716,-41.0,96.15282622508383,8.0
28217,55736.59114179185,36692.0699398446,64.0,119.89380409408038,8.0
28218,31056.079949614206,30322.869211833255,-413.0,103.45383631727537,8.0
28219,49470.28164095634,1989.7360728620702,328.0,129.9590015757874,8.0
28220,50987.31277546837,41489.545068006264,329.0,129.6991437997064,8.0
28221,55153.89216862653,11138.537552281008,33.0,126.3525796119937,8.0
28222,25070.825591047127,4682.613529704899,122.0,115.14627454592515,8.0
28223,24118.46575656214,7098.026679800474,168.0,118.92996422796523,8.0
28224,58627.614874312596,16231.535840968194,81.0,125.66685608542738,8.0
28225,47990.24919004744,1989.604693084934,7.0,123.4854720997872,8.0
28226,17892.109092165578,2209.1669187286484,160.0,119.94556909355987,8.0
28227,61234.36476937737,10600.467872925743,119.0,126.22573739675764,8.0
28228,52211.888966388455,50244.87439029618,-122.0,110.37480538870898,8.0
28229,31043.400145442,13752.37319716871,115.0,115.85192485429691,8.0
28230,33692.516584132914,6515.923247201417,255.0,125.58641678579124,8.0
28231,11759.64794417804,1991.3607669412718,12.0,101.71912941263678,8.0
28232,34672.419904590795,2946.5412986496895,238.0,114.29120688362721,8.0
28233,64712.27351611434,17461.56877838373,204.0,139.60943479333906,8.0
28234,37869.71702122057,10409.536204905105,211.0,124.53395836753968,8.0
28235,42869.68477812882,32677.724403154833,116.0,115.91997774023615,8.0
28236,35956.080706479996,924.9670548264579,32.0,116.79496730662504,8.0
28237,44674.242046173655,26557.156723535765,43.0,116.70430906339752,8.0
28238,23398.340149998447,21663.53669255186,6.0,106.92665043687552,8.0
28239,56581.046365177186,924.8311539869802,23.0,130.42324733838245,8.0
28240,28526.14223247925,4851.984021337266,63.0,106.76008089142107,8.0
28241,29270.57624080015,5598.154739061786,123.0,115.83305850091962,8.0
28242,55837.91182614415,924.8438338809397,58.0,124.86967600219849,8.0
28243,32196.18053666634,15757.987850994637,73.0,111.41996192301683,8.0
28244,28848.02132238532,5224.711343031088,236.0,122.31894241997071,8.0
28245,17360.38550689844,3140.518110350382,303.0,125.50411375751594,8.0
28246,51607.16334193758,2368.9535360867635,33.0,122.94732675687878,8.0
28247,13388.135412608919,1181.5484212275255,3.0,109.07559316951176,8.0
28248,41683.37565674482,1735.3252989676196,248.0,137.89650298636042,8.0
28249,43943.3727028089,22546.442821395853,-258.0,116.5747834942641,8.0
28250,37021.20373153136,1180.9874289902402,63.0,135.39029403526592,8.0
28251,46345.257845348606,13075.711736877707,109.0,112.16949235860602,8.0
28252,41256.86417915805,32986.626434435515,67.0,105.24716119154986,8.0
28253,50311.639500104095,924.8958605139876,28.0,120.59593305924822,8.0
28254,25199.30272473028,10354.84044189482,7.0,110.30809711424632,8.0
28255,41334.29908260911,9616.575619033376,103.0,121.68749446194903,8.0
28256,41129.866847050536,7189.782577057677,396.0,130.50640001477478,8.0
28257,36189.59347124244,1990.2304813275973,94.0,121.71096410786657,8.0
28258,32121.280579018745,735.1950914461662,20.0,124.2729972945583,8.0
28259,59996.926348643836,49039.343467969724,67.0,117.43928610286213,8.0
28260,15425.910850166161,6874.951826028883,153.0,105.43941039705287,8.0
28261,39934.54674387424,2208.389998894429,232.0,126.66636991946328,8.0
28262,43623.73932932064,10580.145673169649,78.0,117.73453302292008,8.0
28263,36140.47316432915,1472.672878804009,328.0,123.35328052829364,8.0
28264,30328.631550216473,4852.3038096424025,261.0,112.08175276405841,8.0
28265,58384.204519176,5746.695398061634,72.0,120.87367637415949,8.0
28266,30563.91703447303,3472.6891748187745,132.0,109.71471380739646,8.0
28267,46312.65914189217,21970.27696159738,139.0,113.83035651598261,8.0
28268,31579.77692460513,10245.163287787425,548.0,127.19154601001303,8.0
28269,21556.88287462053,2366.6619421956143,29.0,111.22574024627741,8.0
28270,27083.446652774077,10471.31889765901,164.0,111.03719638876366,8.0
28271,51516.435665688594,5130.245088914234,95.0,117.16105272371915,8.0
28272,39913.61981277042,6696.395219366123,95.0,117.9385101264039,8.0
28273,69100.84695899075,4738.479095393939,163.0,127.05239176283396,8.0
28274,24224.25355301223,7599.790737755337,127.0,105.88807390359321,8.0
28275,60655.31082176431,2358.7600813147506,270.0,132.61218787210544,8.0
28276,36080.69522968354,4624.808693543574,42.0,115.7725989076617,8.0
28277,9575.89627121276,2209.854553501504,8.0,97.17041490298043,8.0
28278,52135.295998125745,31371.639042169474,111.0,118.83085908021027,8.0
28279,24582.829652287164,20558.25739086485,17.0,108.46427521053434,8.0
28280,55775.60936355196,15086.120505701632,95.0,119.12482016183507,8.0
28281,20406.73853942396,737.2444868891446,55.0,116.97415670349122,8.0
28282,51393.481618085105,20291.88787589723,116.0,115.94021464484965,8.0
28283,41785.21602184583,1849.9226538337884,79.0,123.22500992233886,8.0
28284,50059.17502592845,1179.6253515943838,43.0,133.58617772841993,8.0
28285,43060.941454141226,7103.649652485853,258.0,124.9400592804239,8.0
28286,53184.66982488394,12581.414762718028,31.0,124.4836676216986,8.0
28287,39020.36392681351,2774.594962137923,150.0,127.3668739731935,8.0
28288,23980.372361728176,1737.9805193283123,13.0,112.86357781945681,8.0
28289,31992.50571156399,3771.727684659467,299.0,128.18658618889344,8.0
28290,44231.64197859069,4734.568617906801,292.0,129.68162980517354,8.0
28291,43014.37406264377,737.9312766968008,94.0,127.6061724525746,8.0
28292,35912.975110006126,3543.238937961312,45.0,119.33679868996002,8.0
28293,54151.25026331636,35425.56408415024,156.0,117.0124305340592,8.0
28294,55992.567849263956,43302.095051540804,32.0,124.90424958207811,8.0
28295,47335.02890835338,4599.246688350036,110.0,110.27948289754296,8.0
28296,45856.757492883844,39197.83122917692,80.0,114.69785190495281,8.0
28297,33088.51588897109,1180.4709939743943,213.0,130.41690552825938,8.0
28298,49072.70066968296,12970.623434600624,404.0,115.78436981268432,8.0
28299,44650.18922460533,9978.4886660327,210.0,124.17383086082044,8.0
28300,42794.49729355632,11690.549022755391,88.0,118.62092425036435,8.0
28301,27973.686164807896,6951.214199655124,115.0,110.20185828432574,8.0
28302,21333.58147458454,2884.2112101717667,100.0,117.12866752205235,8.0
28303,48624.81319818087,924.9926182532168,148.0,145.0915416167806,8.0
28304,47012.7226413757,1179.8335835360795,16.0,116.79691247039132,8.0
28305,40217.13107876272,18932.281921089947,80.0,111.09924645849834,8.0
28306,60248.47197898437,6943.074116702648,112.0,132.06478116109807,8.0
28307,43302.83446278293,3469.5478777263475,385.0,133.64146832807927,8.0
28308,59946.95992333667,3539.0411745571596,61.0,122.20684446366172,8.0
28309,58862.03864407075,1179.2489384557568,277.0,139.35965976128134,8.0
28310,46739.063330159785,5491.129510931527,76.0,107.42929309165572,8.0
28311,41745.488467030234,735.3295056096536,131.0,129.9881755706111,8.0
28312,43453.38773773496,37992.20087315516,-52.0,110.49585827777715,8.0
28313,43651.5817089968,1183.4987191445296,77.0,119.43078600590567,8.0
28314,52771.19106992459,35749.93572437447,183.0,123.5878063663141,8.0
28315,42686.324019912434,4601.780505631449,45.0,120.80328747415484,8.0
28316,45478.299607584246,3144.6014257031516,7.0,117.49302865874772,8.0
28317,5741.434567549296,4853.256902053018,-82.0,88.4552156236589,8.0
28318,54343.00413272296,5130.522696752685,24.0,125.74244783190058,8.0
28319,34495.5689465727,28108.472022763963,9.0,114.09262000151871,8.0
28320,42290.41481334311,25435.18888458893,71.0,115.79407715539931,8.0
28321,44438.02288028178,6651.647466279245,128.0,131.3312618988387,8.0
28322,49235.68721237171,5232.123594302267,33.0,121.7378209056221,8.0
28323,12351.72682111462,6881.160696039114,59.0,97.98724300574959,8.0
28324,66410.07235490515,20432.684942317894,57.0,121.89323695526332,8.0
28325,32581.0549972594,3771.9752322628055,40.0,119.20717106859504,8.0
28326,42731.62299515722,734.766024585499,151.0,131.5795999185959,8.0
28327,51276.94938228033,4314.793905589637,86.0,124.40897858420912,8.0
28328,22461.41722046657,20732.36963234717,52.0,115.22724680948976,8.0
28329,46812.53980100988,1180.3972329104513,209.0,133.11271813094035,8.0
28330,49212.54458663163,2871.967144752138,29.0,125.17274185197459,8.0
28331,39199.58812230227,2366.4840601297287,127.0,124.37888725659383,8.0
28332,12656.555800155733,5237.459770930634,32.0,99.51411897748989,8.0
28333,42913.11198218311,1181.9478353031814,57.0,115.47107365957147,8.0
28334,31293.52336363381,5127.987424611006,35.0,109.72599467900771,8.0
28335,34452.011086206294,6277.810862385712,45.0,123.83419638556259,8.0
28336,5911.5687524071,3546.6755523606457,14.0,96.59155378555741,8.0
28337,60356.543991750914,47350.34924189807,99.0,119.81563807874856,8.0
28338,6397.820644894466,1183.04616943369,42.0,100.10947187296351,8.0
28339,36666.392730699845,15381.535458424645,95.0,110.78159955066525,8.0
28340,31370.051549988006,1183.4590132917028,140.0,141.49717709091917,8.0
28341,29534.384327496897,734.309398953588,75.0,136.3404537929203,8.0
28342,47162.14488355338,1184.0537405530345,48.0,120.81546101410984,8.0
28343,42280.521907442766,4038.6458983775674,177.0,130.91085097580702,8.0
28344,4682.900053004682,924.8942229987205,56.0,103.58214580731195,8.0
28345,58707.61164266973,3539.757458092979,52.0,127.6116577449187,8.0
28346,35660.10368975242,11318.289062208009,139.0,114.42428548828835,8.0
28347,54747.53256459552,36210.92956108877,161.0,114.96129886225799,8.0
28348,35559.59600229278,3685.4385496440714,89.0,112.23115740288932,8.0
28349,64286.60180074227,23143.197394919032,211.0,124.51855367122616,8.0
28350,38852.915719185745,13873.271110580397,328.0,126.41446020783059,8.0
28351,7366.04199997777,6629.692123386252,-34.0,92.73830391519304,8.0
28352,58217.344557274184,741.0430394155629,149.0,135.62708977814583,8.0
28353,31088.686445879484,14476.96569946219,196.0,111.68518022763571,8.0
28354,40434.04456998735,733.724270566093,97.0,134.50874822883443,8.0
28355,44722.49204439082,36447.86899074636,143.0,110.69146476357332,8.0
28356,65417.34471642649,2358.8897255110164,209.0,142.06454179708504,8.0
28357,24451.058382823696,1849.7632507584233,43.0,124.68126061915889,8.0
28358,47443.51261061252,2367.562323404134,98.0,130.40080975678853,8.0
28359,56817.080636811974,17768.85552765668,31.0,118.31918380489091,8.0
28360,53543.42959070826,2873.291011135751,525.0,138.41580359631334,8.0
28361,37578.09767620986,3090.511468983899,180.0,122.90114434678031,8.0
28362,55326.55929093069,732.6393178161823,32.0,122.0126641465424,8.0
28363,32761.186996472923,1739.9312950923368,78.0,120.51572243923411,8.0
28364,29786.17278082263,4042.1917295675203,52.0,112.3154000378271,8.0
28365,59167.8630083036,9093.543591234073,450.0,133.84679849485312,8.0
28366,48454.80376613144,924.7876819457716,23.0,120.61722534247818,8.0
28367,62380.556513426935,732.9906171322036,7.0,119.92417486896679,8.0
28368,20371.132706204786,11753.745992848475,11.0,114.81927276244394,8.0
28369,28580.5311029744,6279.268943704947,562.0,113.04772663679832,8.0
28370,25861.880055204663,6173.83112444274,68.0,104.25130881251276,8.0
28371,23228.49403994107,2774.848084335581,98.0,118.8541304826571,8.0
28372,37948.994949820466,2774.5730130332418,84.0,123.5307033773928,8.0
28373,61294.34136010078,925.0902741695724,81.0,128.62594897153087,8.0
28374,42110.261263938235,21341.89254550315,-126.0,114.14009573648224,8.0
28375,37320.28815667035,18541.443078509288,185.0,116.15843471276155,8.0
28376,38357.76420848244,3139.0929676084575,11.0,116.05449797487046,8.0
28377,41422.65689502229,2210.5622876741286,253.0,131.01257978799634,8.0
28378,45264.46331908561,28363.18104986718,121.0,112.95887113572252,8.0
28379,24450.789844507963,8453.833605123895,196.0,120.3615797621972,8.0
28380,54268.84388108632,41267.07336254023,194.0,130.80396861362343,8.0
28381,29825.95022178294,1990.3150143056846,42.0,115.84922596810165,8.0
28382,39765.07469897551,32405.623658431683,68.0,113.83951478298997,8.0
28383,34859.985728494656,10412.648331315384,176.0,120.94830888797749,8.0
28384,41018.11913147279,19361.33220866884,286.0,130.15907061419944,8.0
28385,34592.17099585375,924.7568731583079,40.0,126.94720579934737,8.0
28386,15901.652570685546,13542.576936967824,-57.0,102.23236580196733,8.0
28387,35968.48724546461,17433.46098789682,116.0,112.35903778646838,8.0
28388,38989.29446200483,1180.4206974355623,63.0,130.02162003202102,8.0
28389,53329.380224453394,46668.08826471053,80.0,115.70711093230435,8.0
28390,40817.93661876333,13718.111824174157,158.0,110.33773162385833,8.0
28391,39077.84814066185,736.0716990486784,74.0,122.56119273004862,8.0
28392,26763.40468234614,9618.05705708659,176.0,105.42168333691856,8.0
28393,55532.880329833715,7585.981280083966,363.0,131.88254154413323,8.0
28394,22284.061010633803,10593.458268187798,86.0,107.82653002538105,8.0
28395,49049.36322968262,36955.55002348991,106.0,110.6104440941323,8.0
28396,35270.360243987256,1849.71935455363,19.0,110.7620847682674,8.0
28397,40102.25950819552,25853.413953122676,-190.0,110.0482793174474,8.0
28398,20824.26515272513,4726.437237366897,290.0,125.30470539131443,8.0
28399,28445.290440449222,1182.3630222920508,62.0,114.79339455004327,8.0
28400,13004.002670083044,4727.880160472583,13.0,102.17997842173145,8.0
28401,42729.56677919084,9574.7524999231,367.0,129.3138371065949,8.0
28402,19906.059916200553,1180.8492348118332,40.0,118.14847254567056,8.0
28403,38832.35307328513,8613.733743500105,201.0,113.52939262412914,8.0
28404,24096.80232444104,2877.3315208755594,20.0,116.11085257495061,8.0
28405,41086.8531539354,32776.94635726523,116.0,111.28648884327498,8.0
28406,35286.057124622435,23687.348832168307,39.0,113.34733190067678,8.0
28407,46848.36781496834,6405.791314743536,249.0,127.98062715795723,8.0
28408,65853.1636473024,22722.672461771996,-35.0,118.23970506052,8.0
28409,37099.9880862086,2945.2298167102217,345.0,137.0330409809261,8.0
28410,45814.24229843551,2874.149654363606,31.0,116.32627458044942,8.0
28411,30321.851865951216,8105.626185248834,44.0,111.33931249787341,8.0
28412,39537.20728084457,3772.0221601782764,14.0,113.5479638337313,8.0
28413,39293.290451217865,7720.613984113989,134.0,116.00498607575784,8.0
28414,8829.538510204522,6840.359354045612,48.0,95.5508647932636,8.0
28415,66749.04767627272,58486.00389492593,153.0,113.36643083983985,8.0
28416,24073.51644697234,4123.8249087811,128.0,118.15217404978557,8.0
28417,43869.90770169009,6516.397707795891,91.0,114.4879453679026,8.0
28418,58104.75219870815,15941.703370518379,72.0,123.86938706441786,8.0
28419,64183.60137028353,3137.136929144829,382.0,136.7657031175601,8.0
28420,54471.94807297806,10617.738221680196,258.0,140.4329151067792,8.0
28421,24611.876309840973,4784.642601578958,8.0,113.58665670670737,8.0
28422,61362.67522232994,48569.19846324402,87.0,120.59963946471403,8.0
28423,32218.900488984273,5477.03605066439,313.0,127.32693844074814,8.0
28424,14817.424738101801,13893.634291297874,-110.0,105.17817633577775,8.0
28425,46266.6500490284,34661.54643928815,216.0,130.02586142559883,8.0
28426,12353.807487162198,1737.991887682496,195.0,132.06033847442703,8.0
28427,34506.636815828344,16795.003920545645,293.0,124.86842394726233,8.0
28428,9263.787199588747,3796.1318974781857,64.0,94.77788091276359,8.0
28429,34609.272370951796,16908.546065403814,282.0,124.7293098204213,8.0
28430,48904.99201496618,12226.975133684198,48.0,118.98120347746314,8.0
28431,47906.27937814099,4777.91068805018,568.0,142.04540527166176,8.0
28432,51520.525698667276,10826.873783001713,95.0,117.191710179183,8.0
28433,19667.749295773592,17360.39378063475,-7.0,109.34051725382112,8.0
28434,57708.63427495173,1179.6394242159363,34.0,134.8956418293208,8.0
28435,60384.49413648454,5977.38426548974,217.0,133.59503012413325,8.0
28436,36477.412547872285,19631.072079150985,291.0,115.09902029603424,8.0
28437,46946.62390814587,4855.983352755349,43.0,115.5348198961288,8.0
28438,11619.712197178129,1183.2814420390675,10.0,103.01776730003074,8.0
28439,56284.59258478743,924.8717919067882,295.0,138.77676408054276,8.0
28440,41092.100091136606,6336.944310011932,55.0,116.66678418694818,8.0
28441,49662.272673359956,1179.9446150796239,192.0,132.7585363314592,8.0
28442,50483.95268860822,7440.252721102121,67.0,118.5731538895664,8.0
28443,20627.093565777963,13042.952773139785,197.0,106.1363461576224,8.0
28444,55065.45404407965,924.9950114627064,33.0,120.72501337500915,8.0
28445,40889.31120933721,6911.982114476956,70.0,132.31931490128963,8.0
28446,30449.413466102113,5975.282067748091,248.0,121.8335599296945,8.0
28447,11379.253505302346,1182.3759934754721,73.0,112.25753715738315,8.0
28448,38959.37470506981,4624.874312152274,18.0,121.76000013778206,8.0
28449,18795.24895544737,1181.0920423544887,16.0,110.64979719988567,8.0
28450,12809.282078014503,3480.1698054551885,33.0,107.50708357409194,8.0
28451,23931.413112639526,21569.741134202675,0.0,110.85661561610874,8.0
28452,31573.418317278407,10949.512733833344,25.0,110.1835436949849,8.0
28453,54502.79072832027,1992.0195110092857,182.0,130.85845406851928,8.0
28454,39086.52799942525,9620.906759360092,172.0,125.36857514181813,8.0
28455,41398.15391741725,19737.19993172921,32.0,120.27861387908277,8.0
28456,61623.87458333444,13374.516740147468,532.0,133.9368182460468,8.0
28457,26862.830378352097,6474.203710754751,149.0,110.73779380265589,8.0
28458,54421.068715255584,4721.18187613326,17.0,119.8871018264859,8.0
28459,47420.58896876818,1180.2448866464863,56.0,116.57188799944173,8.0
28460,19548.723014655076,18630.086728648796,-379.0,98.60881322979223,8.0
28461,64944.84794732597,3538.8507494163932,94.0,123.02867716947998,8.0
28462,17365.97805485772,7114.85351097554,435.0,125.28772854749053,8.0
28463,48625.916364448145,1992.3276398139076,26.0,129.44323171709195,8.0
28464,46640.28538074494,1849.9243058105744,28.0,123.4317328124433,8.0
28465,36192.92383993288,924.95245033454,26.0,124.28474904385297,8.0
28466,4853.456709949216,2870.761613912552,45.0,92.78208424826292,8.0
28467,14799.092030688626,10174.395419916314,13.0,98.51317328278664,8.0
28468,57820.67824019503,924.6957959364939,59.0,135.0220061772694,8.0
28469,40767.30857260637,4304.83893937878,190.0,126.06726530392085,8.0
28470,56977.56044278318,2871.5296876808457,118.0,132.7544552287573,8.0
28471,51366.75443653562,40410.70134696704,67.0,116.18164597382678,8.0
28472,35554.54290233898,1180.9139414001006,165.0,133.64083191033882,8.0
28473,36902.41848215384,15719.097199675021,57.0,113.01356244418474,8.0
28474,56502.59925948527,733.7352942466392,128.0,133.6435026860671,8.0
28475,68050.37416854154,26798.305100239017,76.0,113.41081398372314,8.0
28476,22284.733818135268,924.9870343199556,31.0,119.58697397349621,8.0
28477,30558.03958939659,924.9087058467184,120.0,124.81420010756948,8.0
28478,59761.9304867971,3136.7355739957106,152.0,144.10589489434938,8.0
28479,36102.57527807094,924.928314226452,84.0,123.88327375924803,8.0
28480,26832.458069953016,1849.711320999003,276.0,128.7244143752213,8.0
28481,44906.21858946153,13227.740001357288,10.0,114.77929368072074,8.0
28482,67470.996204912,10663.365681056906,232.0,132.94081323238794,8.0
28483,33813.62621955461,17718.421570539977,400.0,128.95887392214075,8.0
28484,29924.58042602838,925.0063951683827,119.0,133.25141456467318,8.0
28485,60808.93744563606,5921.832099549924,215.0,120.38634954425748,8.0
28486,54342.24701354628,732.7899830115501,3.0,122.65401972862898,8.0
28487,40940.60016334529,2870.1981293022586,37.0,115.2859452528064,8.0
28488,35153.63724818852,16647.836182887488,153.0,116.6051428891063,8.0
28489,28345.222632316396,2942.7602982205517,19.0,116.30698159796634,8.0
28490,21181.28119184652,1180.8433196106655,26.0,118.53493060272828,8.0
28491,44328.90787673538,3083.4882798849294,192.0,122.28820210842912,8.0
28492,56985.16479038604,5472.664257941234,24.0,127.99079518033304,8.0
28493,36835.83694382898,16208.19138642484,26.0,119.73706441344292,8.0
28494,56636.057456905226,15941.088221542976,95.0,117.3803829015132,8.0
28495,44777.88290485942,17422.3523269516,271.0,124.42825404576791,8.0
28496,48523.86260714168,1179.4552478290452,184.0,121.19940930120374,8.0
28497,58017.834891961,11592.969189538977,66.0,123.41790124119224,8.0
28498,28779.427661409416,10959.19289264167,85.0,118.4639902576534,8.0
28499,37512.95805456928,2870.5124053391974,69.0,118.3151339286103,8.0
28500,29606.185957310427,4624.380154141029,335.0,107.37460604625797,8.0
28501,25907.589898387538,7399.013039585623,249.0,123.12279560051574,8.0
28502,32146.68766015822,30481.564545517933,57.0,118.31547038379307,8.0
28503,20908.388723751763,3794.980367639497,236.0,122.55276033640949,8.0
28504,60534.95443894763,1733.5404711545866,120.0,127.33748200408229,8.0
28505,50358.8049672249,1184.4528947893996,17.0,117.76201060206074,8.0
28506,40516.139872937325,5154.35204191031,275.0,128.27028425217824,8.0
28507,39710.52836283313,38017.185509384246,58.0,120.12582269897064,8.0
28508,24994.779350357832,3483.2824376769677,139.0,119.69204666522617,8.0
28509,35232.282461475384,5849.8408248758515,65.0,119.14732612490506,8.0
28510,23915.649681977593,1742.2218115949036,235.0,131.80685424773458,8.0
28511,48511.97417737357,4599.5235775018255,97.0,122.26216597381594,8.0
28512,43896.79719635962,7414.584329933137,166.0,111.95711718108423,8.0
28513,33948.592597703064,8452.97075545893,249.0,110.59512591323562,8.0
28514,47958.47562819993,1184.5831550029066,72.0,132.7389865514333,8.0
28515,17379.9994663041,12793.198051566462,60.0,102.00760873389508,8.0
28516,12547.446043893533,9613.152586635937,15.0,104.23673131595933,8.0
28517,48414.323355497356,737.8315761960055,64.0,143.2445735356652,8.0
28518,50141.39795530031,5597.919416566216,188.0,135.16492768629578,8.0
28519,55736.84179985765,22472.086981363373,62.0,115.03799779668435,8.0
28520,47910.023515143745,1992.2753046123323,31.0,122.14478715783801,8.0
28521,55726.26774595781,1179.4001794414937,38.0,132.556575840618,8.0
28522,35659.55189973852,24697.062256450456,67.0,113.30430320658135,8.0
28523,68319.91925424247,5896.979082298989,329.0,134.23217507104513,8.0
28524,34409.70817563313,13076.291428561964,523.0,129.2318339921331,8.0
28525,46347.05306201116,925.1786164469162,58.0,123.92837472533867,8.0
28526,52077.66564693637,13029.419260778659,31.0,123.31524653839153,8.0
28527,63780.095520586394,5473.604460368323,135.0,126.48663626673496,8.0
28528,42756.979498642606,31156.75430692272,211.0,129.44612621037902,8.0
28529,20348.827683841373,925.0301735962763,70.0,118.13626729061902,8.0
28530,38686.495933650585,22074.340943748877,198.0,113.16162421214408,8.0
28531,10251.797491828569,9425.968101566,-512.0,92.66378359770295,8.0
28532,50201.64384981621,35780.58379269971,50.0,117.24452735477468,8.0
28533,40667.43193314265,5960.98777734006,449.0,115.95999906434957,8.0
28534,47668.34689962331,924.8991045657572,26.0,128.3847466311632,8.0
28535,11040.907243902817,5152.945074007938,197.0,97.47526218044652,8.0
28536,21321.344039011285,6339.389705937721,216.0,120.59914121447758,8.0
28537,33438.554477367965,9805.862777168939,370.0,127.22757086783183,8.0
28538,51453.543897010815,25152.939876887656,44.0,116.19534218800985,8.0
28539,62226.019153080895,55568.81680750583,-176.0,117.17567748995207,8.0
28540,47261.05755416214,5549.046847641735,96.0,124.38890253580627,8.0
28541,48813.59826823169,11487.085986686712,71.0,120.24893972457173,8.0
28542,35255.20840155055,1180.4526775563797,43.0,114.92134024458244,8.0
28543,47931.32346197645,28893.195051135164,60.0,122.76931499291176,8.0
28544,15671.316938537864,924.9476358670694,78.0,116.95065984685812,8.0
28545,46059.88657206528,28334.854866675047,416.0,125.74014973414222,8.0
28546,43439.65874207941,1181.4007307220406,162.0,127.10106184767028,8.0
28547,65403.43049549438,1179.452433585685,66.0,130.15448131096002,8.0
28548,46215.118618661676,1741.7655366023534,11.0,122.45953027921024,8.0
28549,18312.86153001118,925.0037658251412,63.0,116.21878666714477,8.0
28550,39266.33042871505,26573.585759971196,32.0,120.45580288764117,8.0
28551,18789.479101935918,10481.94626227754,86.0,100.28894622931388,8.0
28552,33373.49775926788,9510.885686750102,132.0,125.69247449197734,8.0
28553,59201.317927070624,13346.173854406165,33.0,125.90049549846245,8.0
28554,48626.45818683219,30504.921393341967,161.0,113.733267478883,8.0
28555,48550.173314265834,2886.9381876509005,177.0,126.95968498681995,8.0
28556,25541.7649903097,7831.971449757022,357.0,126.97919164450244,8.0
28557,43842.10290067383,31737.45846543152,183.0,118.30688046341476,8.0
28558,22284.81874239205,3983.5837419938393,0.0,115.50064533354418,8.0
28559,51745.999265022045,14119.333563312197,55.0,114.28568359635015,8.0
28560,50155.78180553633,3144.195296162439,140.0,130.30312450094465,8.0
28561,52762.17164218901,12312.822783002683,210.0,127.84797865021937,8.0
28562,34265.19383846062,1181.7407700004187,47.0,118.31029404098312,8.0
28563,55899.39410565706,4738.010245373894,242.0,126.96893014314871,8.0
28564,17903.44613781186,16166.30390630124,66.0,114.3381841493593,8.0
28565,5911.190594707215,4728.748084317079,-43.0,91.22546300304663,8.0
28566,24059.468871514633,23135.04071133446,-274.0,104.43238848303068,8.0
28567,47312.882848363704,924.7980323489545,20.0,124.82098381423205,8.0
28568,42872.42623118678,924.9052499984184,49.0,130.98025882481576,8.0
28569,28363.845331659966,8610.756828073205,276.0,107.31191147623096,8.0
28570,40758.35819373748,15287.832410199104,286.0,127.17462299897375,8.0
28571,31421.035077085966,1183.3534041020694,168.0,122.96144339193818,8.0
28572,31993.6783394916,736.097769512479,11.0,121.23165106075554,8.0
28573,55269.249000439544,18126.25754272633,61.0,121.26957547726124,8.0
28574,55999.91063001343,924.829631819486,44.0,130.71186147515527,8.0
28575,43868.6057948604,924.9047721385382,14.0,129.30457680893858,8.0
28576,43018.82849713169,26394.469503608416,128.0,114.86134604348075,8.0
28577,57767.71129952437,8077.001573747273,56.0,123.86481129119322,8.0
28578,46757.464087287255,1989.6162543291866,23.0,118.93527259864338,8.0
28579,13379.80007889449,10470.756119895974,9.0,105.92199203822489,8.0
28580,31232.624566994058,19635.71491471933,39.0,112.47014400625812,8.0
28581,48403.84778983272,737.5387698947949,218.0,136.01274160367336,8.0
28582,53086.66965858153,39781.209007300284,-278.0,110.38199959329646,8.0
28583,40071.58760161862,1475.6774424062812,84.0,121.460166322476,8.0
28584,39523.89567122331,24379.624249637447,-129.0,121.6850300052705,8.0
28585,49703.437462131624,1992.1729142288802,46.0,121.37968911170188,8.0
28586,41039.47911847139,9950.955520455918,104.0,114.98115639117253,8.0
28587,42773.859603656376,21376.437478165568,-84.0,120.52003479487499,8.0
28588,27183.78441123681,924.9465679835233,23.0,111.3540119492059,8.0
28589,47916.57928382642,3079.8320443604407,183.0,131.43217586892024,8.0
28590,34877.87182971611,6405.937576128449,22.0,115.6043069134251,8.0
28591,39706.7333630592,23615.89649856193,371.0,122.4361205320065,8.0
28592,49218.195835173894,3772.963789420396,42.0,125.49723101957389,8.0
28593,39044.30319564429,3682.19498287964,331.0,130.58395499182868,8.0
28594,57633.00907737258,32160.61373513835,284.0,131.67122175040083,8.0
28595,9792.862087422312,9020.017327293532,-136.0,94.39413850705205,8.0
28596,18413.92672214907,5126.643791241533,357.0,124.482890321155,8.0
28597,51790.23658428297,11102.103469390278,95.0,117.94066418734752,8.0
28598,31226.500072097246,16185.047933961296,87.0,113.28594028348512,8.0
28599,10475.683152313679,2209.3554377415703,63.0,108.38492107055337,8.0
28600,52219.46492306311,8454.586978602692,53.0,117.35012052944536,8.0
28601,60425.138933200826,924.8186714635444,48.0,128.14873312982326,8.0
28602,37279.35364920968,29020.148321647,153.0,109.02323592177622,8.0
28603,35521.78405027185,8452.870402264567,218.0,124.4145896481664,8.0
28604,46804.79534334741,28362.56909139454,163.0,122.56721914559486,8.0
28605,55775.82679394952,36996.471267122695,187.0,116.45665449962141,8.0
28606,37468.76753461047,1735.8605139411409,82.0,121.42977763629926,8.0
28607,66816.52666200078,731.6942638552981,18.0,125.59103188963866,8.0
28608,30724.23513498911,1180.9166698863287,117.0,124.15187670895337,8.0
28609,13387.19346987485,11402.763864430412,5.0,111.68503087720032,8.0
28610,39833.98492893567,14817.655558204788,-60.0,115.30796329394389,8.0
28611,17619.344260201462,15670.287563645741,60.0,103.16611613985522,8.0
28612,37997.79274137034,37431.34762824041,-508.0,106.92394620476198,8.0
28613,39754.752690361835,5244.117001094027,42.0,124.46328562829449,8.0
28614,27671.42618340265,7495.116016642552,141.0,118.87779656987118,8.0
28615,31447.39191163229,3542.6932625072277,74.0,116.59488384944028,8.0
28616,53455.151037343705,924.9990696965908,16.0,122.00182901056175,8.0
28617,40484.793400706796,6278.2464495126505,101.0,120.32984871024479,8.0
28618,29806.14793950036,1182.696027116028,47.0,118.34790088755656,8.0
28619,48972.88743871728,1735.2267579676393,213.0,132.64575662315863,8.0
28620,56197.980532855974,2369.4387162565304,285.0,134.29206280700234,8.0
28621,35912.407430468644,17956.54630387635,282.0,124.74307910529885,8.0
28622,22398.91805255799,1472.6534062135372,102.0,123.84069867848382,8.0
28623,29125.967516391014,10594.366956101281,150.0,113.68268118050872,8.0
28624,33561.68140750264,18318.31458930921,-21.0,113.45772188655576,8.0
28625,35338.91126510662,9469.544620756078,72.0,121.37469759012437,8.0
28626,51492.54742349781,733.0340218411094,236.0,138.19306029288805,8.0
28627,27309.864703787014,7600.46583361972,67.0,110.45514703618116,8.0
28628,5762.134282792451,4046.2260963733065,15.0,103.479581436953,8.0
28629,28083.724576770837,737.2544314511478,38.0,117.6614504396158,8.0
28630,12235.194049359521,11090.033784008945,-213.0,112.64554556872797,8.0
28631,19578.977912512044,10962.920455561969,14.0,113.05298387945943,8.0
28632,41824.09494866402,31868.22115334787,451.0,130.41281963549312,8.0
28633,35437.97679470656,3541.615391390016,102.0,131.45218779941,8.0
28634,25146.23582444702,3772.0738913112964,95.0,110.65818860668207,8.0
28635,62616.90837850885,60652.25464666395,-180.0,114.9213539238509,8.0
28636,42443.29522700231,737.8610435296976,47.0,136.41292984774958,8.0
28637,16965.914114591727,1472.4349584056272,14.0,106.36737907106914,8.0
28638,29944.74448808704,8917.121379589813,5.0,114.45896950682874,8.0
28639,57516.742142602656,12120.900508109347,414.0,138.74010256662288,8.0
28640,48128.4755918474,1989.4441908035064,294.0,134.09730039419549,8.0
28641,64782.87540972193,2359.0788281145656,458.0,139.47995102079847,8.0
28642,61762.664498501144,44739.71070868284,183.0,124.92989002861601,8.0
28643,58396.35250834909,924.7047441775867,110.0,131.1157261846672,8.0
28644,53525.75116468765,4601.105855139274,115.0,133.65279634448459,8.0
28645,55406.5240130104,10280.288363408448,126.0,114.61987954669311,8.0
28646,19530.944219903744,2393.3783719412063,95.0,116.18249659176838,8.0
28647,28191.97506625401,3543.6985491942655,20.0,120.25478620175366,8.0
28648,41646.96969660514,26407.311801727,305.0,126.91332084384666,8.0
28649,34876.59460154061,1183.8539509465634,8.0,109.20167099306725,8.0
28650,33762.4729586394,11484.955448618943,189.0,113.58752059142039,8.0
28651,27502.174652327863,8885.551913415089,197.0,104.53490645564605,8.0
28652,57127.34758909423,2869.9940469555213,146.0,127.86969160985765,8.0
28653,30953.284632778803,1990.088501806397,139.0,123.64199505338121,8.0
28654,42958.32263731503,5208.577707728681,298.0,117.54375389209174,8.0
28655,40083.69959648599,4779.403328937301,370.0,131.36784165942083,8.0
28656,46318.521258704,924.9751831136034,34.0,128.99529608497966,8.0
28657,64497.30110473719,924.7947948700615,164.0,135.581085916935,8.0
28658,43844.1339810467,1184.4310545923338,38.0,118.66256061222454,8.0
28659,50242.59875612619,8609.352162767387,216.0,128.30548106630397,8.0
28660,40822.315250616746,2207.9017544801904,241.0,130.28668549823612,8.0
28661,41575.632774506616,10414.86970245635,95.0,114.85259058251839,8.0
28662,37259.7002906804,4682.5721528684535,116.0,121.03335770235256,8.0
28663,61700.226837275564,5900.087803198646,40.0,121.39531705094379,8.0
28664,33086.277671985605,1180.7222592029202,66.0,121.27519178911308,8.0
28665,17353.419345851547,1737.9123886493555,173.0,112.53024286738551,8.0
28666,29489.308369982333,5212.599710718372,67.0,114.65248060429687,8.0
28667,40823.31252136535,20226.73214164876,82.0,121.40762528882175,8.0
28668,48250.393996529754,2359.61500513405,102.0,136.82746797200713,8.0
28669,17955.679625344128,4683.037547650175,124.0,109.95605474397729,8.0
28670,59411.77318291051,2869.740576974585,348.0,124.89901158384939,8.0
28671,23632.52621578936,2362.614257553149,31.0,113.33534588958517,8.0
28672,8453.370558079969,1849.8683787776288,64.0,96.65608561055451,8.0
28673,46638.30193279828,22738.607202008607,250.0,128.4838097414878,8.0
28674,16063.864305287143,5124.404757563562,62.0,109.06309970667077,8.0
28675,46767.46668014728,15665.567993803075,98.0,117.79840000935954,8.0
28676,19423.42268598289,924.900122599768,46.0,114.21247986188048,8.0
28677,51231.98589761456,3980.002392059045,15.0,126.72882399649043,8.0
28678,40631.54529658906,2361.414895979495,185.0,130.6734514438386,8.0
28679,27558.132713371393,13459.005836019634,-71.0,112.78386624596503,8.0
28680,28907.668665965735,3772.4297548263903,150.0,120.07022039740575,8.0
28681,43917.70857617792,1184.4398179695634,26.0,116.55430456775397,8.0
28682,18056.27358237593,7591.365070400828,205.0,99.22303830926785,8.0
28683,38957.65359080152,5598.432619033244,95.0,112.24181425754814,8.0
28684,19423.79751120283,18498.792988410434,-215.0,106.79614753350397,8.0
28685,13290.713767584522,5892.537447241856,30.0,98.99453738255481,8.0
28686,47195.67296803937,1737.5167005136855,91.0,124.55074530176896,8.0
28687,37457.9376639469,1470.903370620824,8.0,116.56162087656236,8.0
28688,42775.67067021103,25146.571709294418,88.0,111.93888701501433,8.0
28689,39323.74921180575,2391.8350492358354,235.0,129.5787716259594,8.0
28690,32947.44247975138,25784.483043714376,69.0,121.26149706706212,8.0
28691,57748.11803348044,12166.092405735842,72.0,120.01140064602004,8.0
28692,56701.44220684683,10623.486108110072,-15.0,123.96443456585862,8.0
28693,50879.90894004265,9285.72993512424,9.0,127.16837414471836,8.0
28694,37509.65760515722,13892.789421790696,137.0,123.24952098354136,8.0
28695,56069.746296593,1179.2696785765595,21.0,126.77313968968569,8.0
28696,39291.15863227754,1849.7120145677377,22.0,128.46446528862305,8.0
28697,17516.652827255857,9272.612811853354,122.0,99.90412062591494,8.0
28698,37517.146005514354,1736.236205035728,56.0,118.67095426699707,8.0
28699,54664.82837987246,6328.560037770025,459.0,134.33680549633272,8.0
28700,45068.77826868942,4112.352512726405,76.0,119.61947827067951,8.0
28701,8618.072103702292,7838.486289632404,15.0,99.77761458799955,8.0
28702,62242.21811857227,45219.558050975116,183.0,124.99596560140489,8.0
28703,49768.46023160863,925.154469303104,40.0,121.71942329919023,8.0
28704,35270.304283665195,17635.12377691557,177.0,112.89958943231927,8.0
28705,56855.591790808845,924.713264471337,22.0,130.41385391987174,8.0
28706,37547.2142992194,738.6912532779231,112.0,133.6532005603094,8.0
28707,16712.021616276044,14981.506072269232,73.0,113.83882447123923,8.0
28708,17907.021071719428,1182.901846377624,12.0,118.29708683928132,8.0
28709,33602.10068298769,14985.97248804612,198.0,109.49764730045682,8.0
28710,46475.31571336223,2369.0647698980965,28.0,115.63174249063515,8.0
28711,29782.74056205105,1990.044477007313,113.0,127.83617499286295,8.0
28712,15496.882211807862,7365.749858817153,7.0,105.34679323013084,8.0
28713,23004.161553681155,8155.950573174097,24.0,111.00309992956457,8.0
28714,8277.820954049868,3548.0540808476935,22.0,95.96245380292412,8.0
28715,21335.69729308972,1741.0267219646457,90.0,120.95722836739982,8.0
28716,44951.883339554515,4734.768289732169,163.0,123.40835663414316,8.0
28717,41913.215121083456,39925.68950454923,-14.0,108.98214166529766,8.0
28718,39409.525444605824,924.9242788792141,35.0,116.7928682874429,8.0
28719,45913.244213046906,9443.29803900539,204.0,131.67062082476787,8.0
28720,23130.096704992426,6351.32839081659,200.0,120.58694603509244,8.0
28721,49599.85828847281,1735.0660265297295,28.0,122.08198689614663,8.0
28722,54534.98281143065,19196.35879388419,288.0,130.5651725859404,8.0
28723,41359.286642941144,2871.460435907475,89.0,113.82860640147837,8.0
28724,20225.723359268977,3090.3337521636913,155.0,104.87648155403934,8.0
28725,17429.88719625555,2871.0357445061436,58.0,105.77947306520416,8.0
28726,16331.188736640817,11482.271051521398,-55.0,116.77505345566493,8.0
28727,48022.900074218946,1743.3252502416553,319.0,138.1963364296321,8.0
28728,29403.879313518286,1181.5363670775446,8.0,122.02072293135447,8.0
28729,55770.23440057854,924.7400235850041,16.0,126.20748355054661,8.0
28730,45469.324929041,924.9306138700184,13.0,119.81362571783212,8.0
28731,30194.62283723507,737.9672975157283,116.0,135.80043921230222,8.0
28732,57561.403693701606,45003.43912226833,155.0,127.77251013306616,8.0
28733,9790.225507108069,1990.6640877964778,40.0,96.64114877317877,8.0
28734,15667.027535704174,4049.8536280048384,13.0,105.29391393397485,8.0
28735,47388.09117677074,8454.953789102914,39.0,112.25515444254793,8.0
28736,30671.074441002474,19117.442583351687,61.0,111.50343215066863,8.0
28737,23134.796838366638,22210.408093292044,-391.0,99.79882378262663,8.0
28738,48451.418978734844,29428.249285859052,193.0,128.52705967036457,8.0
28739,64626.22712927276,924.6741697539829,119.0,132.81469024432016,8.0
28740,40324.96118411699,36306.90615534288,-209.0,109.93030137648519,8.0
28741,51614.47722219268,924.9861061612997,132.0,139.98399687203107,8.0
28742,56978.923523129095,9962.977437843258,64.0,123.58566199627609,8.0
28743,17818.214979115033,925.0141702156387,97.0,120.10177530922473,8.0
28744,30558.57189518543,7399.599375840368,44.0,118.02215946125054,8.0
28745,49221.113266455985,10201.40671040818,93.0,118.13910555667536,8.0
28746,64830.35632385396,740.0693412098501,140.0,136.06957495345657,8.0
28747,51210.276469233315,3772.637126279998,126.0,119.38946089256763,8.0
28748,29442.510642365767,12702.535900855055,25.0,121.76768599462557,8.0
28749,33374.944048532714,5905.597649759354,24.0,116.75700457973336,8.0
28750,31804.442616912256,2393.0250586465027,46.0,118.16278958304602,8.0
28751,18202.721780066997,17061.814160643356,-21.0,107.79207040135451,8.0
28752,36200.771994932154,11697.069734279143,93.0,110.23201185026667,8.0
28753,53719.456283480955,7559.768105683528,377.0,121.75109118521013,8.0
28754,58569.80701196973,22016.708684195582,55.0,116.91869553064902,8.0
28755,40100.42392115437,739.6147275576908,44.0,133.23602818147083,8.0
28756,27335.4096814319,9965.670339710163,117.0,116.9781030666677,8.0
28757,33591.31097422814,13686.920708038864,108.0,109.92973348138254,8.0
28758,42019.17639679314,1181.088177234719,51.0,120.51988631261707,8.0
28759,34211.32308450244,9709.305296737994,102.0,111.57010045798263,8.0
28760,43856.30878394319,737.5387698947949,218.0,134.9806872681794,8.0
28761,55970.22554241696,1989.9118137795806,95.0,119.46461952699151,8.0
28762,42692.77717364997,16753.646140387784,139.0,121.78692149201262,8.0
28763,46826.108300375374,6515.9077698234,547.0,134.23960931953283,8.0
28764,34921.61480427987,738.2128904209704,130.0,128.49559840504205,8.0
28765,37493.42117544021,3798.7462989263277,237.0,120.6264513136822,8.0
28766,10476.094385105107,5964.2786912510755,8.0,107.87100577313896,8.0
28767,33372.0355458253,2871.1708417493196,87.0,116.62368212434126,8.0
28768,42798.456746359516,924.8614694703291,132.0,129.916068550121,8.0
28769,27811.45019463906,6838.678859754568,338.0,126.4004655539364,8.0
28770,23888.73342106715,3139.9812838789207,240.0,127.67784505893502,8.0
28771,15582.042854751167,7425.642720337193,77.0,100.04055023131946,8.0
28772,51841.7132264992,2774.6167539028233,35.0,115.47187729222419,8.0
28773,41381.403220477296,735.6086421691593,19.0,116.88161990598341,8.0
28774,55433.655793735685,7719.536218482059,24.0,117.7576119105884,8.0
28775,36383.13047082457,19253.84185024952,163.0,110.62517468013797,8.0
28776,38324.36408972166,25317.91558266466,363.0,128.92633170954616,8.0
28777,35213.03653928662,23622.711335540575,292.0,128.8489467149878,8.0
28778,21476.23722434134,4682.904885816052,58.0,117.46113892997388,8.0
28779,39540.576862757276,21590.481489704427,251.0,110.08713203461502,8.0
28780,26558.85166003361,1990.6531777572268,27.0,115.73505307165337,8.0
28781,54744.016298646595,2871.8786298082805,48.0,121.91881354237769,8.0
28782,24592.499432374785,4682.589686411804,217.0,117.24477796988575,8.0
28783,62714.59339167629,9474.373781683284,115.0,117.72560611556334,8.0
28784,30177.24305519944,5598.151182907674,75.0,105.95068499293642,8.0
28785,44554.50173274438,16328.05023476841,254.0,126.04244318996265,8.0
28786,50957.66376786797,925.0616602422343,24.0,128.29700276951215,8.0
28787,47376.41480712139,21884.53062025874,145.0,112.1098349027082,8.0
28788,35390.19902862062,21292.290132196336,163.0,117.7689288941683,8.0
28789,67019.15597313106,7076.547829491684,205.0,132.81522613606728,8.0
28790,38717.91639999266,2877.017300943475,53.0,114.13741517519546,8.0
28791,35126.352132838525,735.1866536891322,45.0,134.01408633531798,8.0
28792,34105.34375322536,1992.0817903247785,12.0,113.52262770201295,8.0
28793,31102.507511518015,15441.169344112595,433.0,117.53162095679654,8.0
28794,35644.323356369954,1472.4124863525708,74.0,122.43868375169458,8.0
28795,56863.68320982166,5490.962807874966,67.0,122.57882057024644,8.0
28796,63041.95505008474,924.93784953426,173.0,135.48697187971558,8.0
28797,44947.76139354665,6387.905601925645,145.0,122.74972333096338,8.0
28798,46177.20040420428,733.3820157702391,185.0,135.02524602487773,8.0
28799,28476.718738021562,10817.51361617645,43.0,120.1567760276173,8.0
28800,45740.70778601077,4622.226050076737,44.0,116.33528282232928,8.0
28801,46419.188674869605,733.2934567885466,101.0,130.25318498092906,8.0
28802,52678.63429423509,12168.219067933349,38.0,121.07633523893806,8.0
28803,27626.488370387375,6638.904591753015,324.0,126.1619990387137,8.0
28804,68941.5917656153,8256.907622375535,139.0,122.12172740912428,8.0
28805,50387.45716909324,30726.22492576169,-182.0,126.38189524128843,8.0
28806,46266.974025836644,4108.421038178648,216.0,138.36543760237825,8.0
28807,64185.317444888766,19684.302301116277,44.0,124.85057133713886,8.0
28808,38619.71157501309,1182.9924866968406,48.0,124.1216094998959,8.0
28809,37076.514689738666,2397.7795410761264,166.0,121.43895853159218,8.0
28810,43470.28604540799,19422.594373052725,226.0,113.87117683947,8.0
28811,46267.533292371525,11098.22623956537,94.0,121.82851067914756,8.0
28812,46643.01979599086,11940.528897046745,62.0,113.45712719282756,8.0
28813,46639.58245807597,924.8801584295861,59.0,133.44669795200767,8.0
28814,23383.635039094537,924.8911872626372,256.0,129.96988296313796,8.0
28815,51226.799749359074,1989.4710016466524,170.0,129.86807339256293,8.0
28816,39344.2744207931,4784.918262060294,45.0,113.34483877383715,8.0
28817,33267.77556466998,11941.495575117426,470.0,129.35497388584756,8.0
28818,37408.752288844225,2876.5964341601975,26.0,112.06054393354336,8.0
28819,17589.29716023279,12970.08342110437,-46.0,100.99548094751941,8.0
28820,40015.581312150905,13032.003736883806,328.0,116.33726756987959,8.0
28821,49880.21196746176,925.0116624802502,113.0,129.3827797220378,8.0
28822,26272.771849768626,6640.585962026668,295.0,124.53874521150539,8.0
28823,17498.5384921384,11107.706639222419,7.0,107.6081000662119,8.0
28824,40316.79882895743,16686.54059507312,169.0,124.4119305791823,8.0
28825,28823.446621914187,9278.254206288742,281.0,124.48905506076976,8.0
28826,20883.78648118907,3482.422817542066,215.0,122.12564058744647,8.0
28827,40744.39028637855,1849.5746356872403,48.0,128.47040197329795,8.0
28828,30043.38507837007,14048.831631987601,198.0,110.0743554569129,8.0
28829,60372.87465266812,49410.78883699254,67.0,117.49016901375448,8.0
28830,33138.5552611886,2362.313392062862,113.0,109.21853243393134,8.0
28831,34704.22052918231,32503.897734599825,-145.0,109.16431920054039,8.0
28832,40382.23823641594,3979.897850720289,30.0,116.3042236302889,8.0
28833,35716.78760703164,31674.89471459697,-54.0,110.54192763022141,8.0
28834,59868.944310184124,1179.9361347347462,113.0,118.76772575505895,8.0
28835,42622.84136827773,733.7881980327556,105.0,129.56782247843537,8.0
28836,34022.21178054544,3082.542410762606,43.0,117.093820687965,8.0
28837,51502.13746268326,3985.167783801622,17.0,119.72959958008049,8.0
28838,34887.32052393791,1989.707229436779,60.0,124.07972133801877,8.0
28839,40762.95406859843,23307.663299148702,109.0,112.23563262743023,8.0
28840,63511.60613479942,56851.72072970471,80.0,116.96331179036308,8.0
28841,39292.955916157814,1989.9500205597694,24.0,114.85613792358392,8.0
28842,52814.897941871386,44363.93026125145,356.0,130.81194131670975,8.0
28843,14227.127833006476,1991.16620096945,66.0,99.06938430729032,8.0
28844,40621.30580225984,1472.2618395552538,212.0,130.873049566611,8.0
28845,61543.061732492235,3145.303915700696,129.0,133.4979803951922,8.0
28846,19650.936725620075,1991.55459699407,237.0,114.46717434905979,8.0
28847,40040.37836005075,12124.7748384595,26.0,116.80005165562535,8.0
28848,46455.55426286457,924.9071752282617,34.0,126.35542449564493,8.0
28849,56244.83346373812,45999.63576108188,204.0,125.34548543698948,8.0
28850,43175.17477032863,6334.250121420319,214.0,125.66293563218673,8.0
28851,36384.450963688694,17770.54143510702,198.0,106.47137650126399,8.0
28852,62561.859424995775,6377.3279710849,176.0,138.73630611419316,8.0
28853,59232.306881323675,924.7207450955077,37.0,125.99127304481411,8.0
28854,23127.612507298207,7421.1658267714465,174.0,118.7230526703757,8.0
28855,40117.22943358819,1181.5613901576996,160.0,129.8278696235619,8.0
28856,44107.50805433446,11941.441610337883,45.0,123.25336854376597,8.0
28857,47371.29705991471,2368.7068683251323,13.0,120.25724904470053,8.0
28858,27469.17607829989,4312.189758876693,214.0,124.51218356069108,8.0
28859,65241.07051061876,58587.49215948475,58.0,116.95925569612413,8.0
28860,47796.27186832518,1183.370485912534,160.0,129.6874297684782,8.0
28861,32453.711362597198,4852.059688028854,279.0,128.09895067746743,8.0
28862,55185.31341108801,5899.49211833237,210.0,134.1410958182866,8.0
28863,28784.31620212582,6336.479822496581,28.0,110.82524852073969,8.0
28864,4046.6050030833944,2364.592277061944,78.0,103.48545643715985,8.0
28865,42117.208366027044,1181.2109510113442,94.0,126.9025268859925,8.0
28866,56556.49705595096,7511.155022940501,67.0,115.00987614998392,8.0
28867,43068.432595980834,19208.077217635546,126.0,119.7513675291723,8.0
28868,32273.37902078255,15428.664685121646,-37.0,112.11939992010457,8.0
28869,44793.488758746345,31355.568594303513,78.0,118.9800205932672,8.0
28870,21046.372955133927,3982.6400215123604,446.0,128.04555505116286,8.0
28871,59736.79395087399,1732.4835371687711,114.0,115.28698062304782,8.0
28872,40115.89143185178,14080.748183942625,170.0,114.39623774236583,8.0
28873,10636.827407824205,3545.1939856430113,9.0,97.75877052075951,8.0
28874,26271.507433707066,925.0178454006781,289.0,131.9087159950931,8.0
28875,64656.084457215235,56377.65800892278,153.0,112.5236567257032,8.0
28876,31848.066074141105,10255.845793886852,82.0,116.4075033323529,8.0
28877,59534.834918866545,5899.956554933598,51.0,124.24722342135497,8.0
28878,28718.56442059093,8831.041013326489,125.0,103.6600718347252,8.0
28879,19515.68451890508,14037.425434538774,32.0,104.1218445421321,8.0
28880,66849.90416113664,1179.2642488210265,36.0,124.90929174669503,8.0
28881,21548.030996502082,737.1307631433806,92.0,122.76217495818827,8.0
28882,24328.288366715453,15878.13929088273,313.0,124.74042288088418,8.0
28883,49108.73675580334,5549.290547654221,102.0,121.89851740043366,8.0
28884,30749.20744216662,7098.851759696058,285.0,124.43349222144127,8.0
28885,52497.508248357,1180.1478905261745,67.0,116.05258938880522,8.0
28886,31317.857780338458,1989.9289512077894,56.0,123.0520414476232,8.0
28887,38049.67276323535,7882.455536539041,-11.0,115.66649786176914,8.0
28888,4048.219031169207,1740.147850033105,-3.0,89.86130659548587,8.0
28889,34830.29286602082,14855.729381844343,31.0,111.73453784569867,8.0
28890,16213.355818673774,3140.5793286739668,1.0,106.98131075038674,8.0
28891,57236.62930833172,17672.023354351888,75.0,120.6967510360677,8.0
28892,50967.43878939566,9435.70840994489,33.0,125.33154377046318,8.0
28893,33512.43528693079,10252.009141032884,61.0,109.97931804970722,8.0
28894,26251.816704069108,17657.717702934653,29.0,112.1640383468678,8.0
28895,55671.27249209838,9832.229108765408,33.0,124.50664777049785,8.0
28896,54476.442363175534,8629.520111283624,15.0,116.65559092411495,8.0
28897,39746.7813700688,39191.94491453606,-519.0,107.45134559412656,8.0
28898,10195.262224298205,8272.52453507687,73.0,96.3895182009898,8.0
28899,23414.418066513237,14962.770539046915,320.0,124.5410424417721,8.0
28900,32982.286207444195,21377.26852278837,272.0,128.3410995006128,8.0
28901,55253.54415960734,13092.90540572992,55.0,118.73422339247988,8.0
28902,14743.142419149293,9973.159359893341,59.0,104.02888775944267,8.0
28903,51681.17919581208,1989.9586508575467,67.0,122.42329066186288,8.0
28904,36341.7441193937,2774.983619261854,24.0,122.09958281082393,8.0
28905,35178.79941529358,924.9325836774979,212.0,132.76051450979546,8.0
28906,41936.15247204292,2360.508513527321,40.0,131.25253295681938,8.0
28907,52115.92216899392,739.7464977058071,-1.0,120.44901829679792,8.0
28908,51160.3700704075,43617.79344289143,153.0,112.40884260610636,8.0
28909,52143.4043863691,924.817097907321,76.0,133.71731120901097,8.0
28910,11204.961039208358,2947.0759101406265,45.0,107.75596331997778,8.0
28911,54270.6155034241,12821.516331012226,61.0,117.28108522346614,8.0
28912,61139.614089726354,1179.7175689535281,60.0,127.06897319147411,8.0
28913,25048.024821406663,4420.36109365919,32.0,110.09771409295718,8.0
28914,10411.307440285389,8453.612248768906,52.0,99.08615313556503,8.0
28915,34337.775915888014,20898.272570069686,78.0,117.101715972329,8.0
28916,53207.78071613383,6845.40100826818,35.0,124.91875627285845,8.0
28917,42656.42591216488,33986.52804553841,-287.0,121.58977344075129,8.0
28918,35591.52109947313,15751.155400571928,113.0,120.24883547302237,8.0
28919,49839.276606153675,5920.217821599196,151.0,124.03060485134162,8.0
28920,40591.36081372143,27316.15759652632,131.0,121.67309987168834,8.0
28921,37027.52756152237,925.0573442463595,24.0,117.69335452178996,8.0
28922,40196.42785613195,18687.99602922792,139.0,111.59965201964155,8.0
28923,37982.66835326809,3090.8568313310643,176.0,127.95951508193221,8.0
28924,31580.812779901316,15251.156812107407,316.0,113.3309837285024,8.0
28925,35165.642240145855,4682.672933691155,72.0,121.55037956325964,8.0
28926,56045.72278267675,5208.260583313321,55.0,122.18586691685506,8.0
28927,43852.03002567399,5753.22230958421,45.0,121.03250097605535,8.0
28928,27903.601733979103,8356.664444186054,332.0,108.45080967191944,8.0
28929,32137.099762737616,12281.492046412008,17.0,118.78930738771413,8.0
28930,34906.54223098779,15063.83985659529,113.0,120.08502622624368,8.0
28931,44085.77025095418,1469.9562208939758,59.0,121.90014312803201,8.0
28932,28611.5904958439,2361.528586463702,139.0,137.94743879085757,8.0
28933,36528.54052962199,5968.335976345571,140.0,116.4112007023588,8.0
28934,44245.63967352152,27095.12567230933,176.0,111.98955593049925,8.0
28935,57125.84485570604,1745.5878331019387,78.0,129.79989454406663,8.0
28936,63044.900896958425,50249.26869220612,87.0,120.75569715059277,8.0
28937,46983.625823107956,2871.5417853918507,67.0,131.4727902605917,8.0
28938,43271.90602677961,26146.180240586647,163.0,112.70307224564694,8.0
28939,43617.48606721078,1184.4726361925523,36.0,118.84042065311013,8.0
28940,40756.070926455184,924.8485797417916,36.0,119.704415256495,8.0
28941,45130.4898407514,924.9121090505234,8.0,117.26172343673899,8.0
28942,40568.18535668741,1738.5252075051303,109.0,124.53337994988445,8.0
28943,34607.92936380763,925.0704982991124,13.0,121.78247547575432,8.0
28944,12792.540626062031,737.460699541613,46.0,112.39148599591994,8.0
28945,46334.67728742781,1180.5394957155127,218.0,154.79271584264677,8.0
28946,54815.65263421305,732.2904233932891,32.0,122.41978967592294,8.0
28947,7399.318045022645,6474.426774421691,-13.0,94.51552678785775,8.0
28948,37332.41873723115,16936.509661480584,71.0,120.65179900747493,8.0
28949,53880.178017635524,4303.4575888004365,187.0,126.80250165066359,8.0
28950,42984.4950725165,1183.0466951761882,98.0,133.74402334343355,8.0
28951,45278.1483196082,11397.447566369117,163.0,113.42333586812141,8.0
28952,41641.87649699008,2870.053498477455,30.0,119.98629338921539,8.0
28953,31448.030981718435,1734.5946188250266,55.0,128.67052852302695,8.0
28954,46658.468223847725,39997.17042556423,80.0,115.19781241728215,8.0
28955,25307.059896984676,1183.148410410235,147.0,126.75036371473132,8.0
28956,52149.40534324351,45488.09050949241,80.0,115.55234450519607,8.0
28957,35405.20645686454,736.3374582357657,211.0,126.06743203164702,8.0
28958,55080.53096864192,925.1283936214783,27.0,118.35432233723479,8.0
28959,43943.653439163696,2361.3007736857085,45.0,117.4594677746236,8.0
28960,36200.56203674781,26259.358024060868,447.0,129.34478341925086,8.0
28961,36916.29063074596,9448.605808913902,27.0,117.37816935645218,8.0
28962,38134.07439497792,12665.766889604345,149.0,123.82445728566626,8.0
28963,26489.2973653347,734.8095568863597,126.0,126.60001943200086,8.0
28964,56932.23589203075,7119.871801651906,28.0,119.65025217806303,8.0
28965,29749.646218833102,4616.9186039916885,32.0,117.79004126839469,8.0
28966,25309.494415656693,3550.4338861728265,84.0,113.24108545668128,8.0
28967,19226.282643166494,1472.2537190636715,52.0,113.07197720622578,8.0
28968,38302.198691784455,8897.276558571273,11.0,119.58132280202484,8.0
28969,37477.65256362494,3084.353598856981,58.0,119.75908960366235,8.0
28970,15071.56180863874,924.884825149484,27.0,111.20699547965893,8.0
28971,47511.055670277165,4600.391435197602,272.0,141.52625880713398,8.0
28972,60506.7681447972,19251.319709591655,76.0,112.30478424573991,8.0
28973,6344.8691181836875,5762.856867429572,-38.0,91.46992390784084,8.0
28974,40318.35527404855,2389.61274939555,511.0,114.91733454649656,8.0
28975,17308.4601153721,16718.03453211594,-281.0,101.83721111928901,8.0
28976,12167.414039360025,7584.866993720766,62.0,98.80482649528899,8.0
28977,37494.671976573045,3486.1280703341963,151.0,124.61492837188877,8.0
28978,24328.000900392115,924.9074659485234,3.0,114.66148031580076,8.0
28979,5764.419797206459,5221.113851097706,-75.0,90.21912721193802,8.0
28980,21058.355327322384,2366.5116475361233,242.0,117.82436676670196,8.0
28981,36504.21959519035,1180.7168044662697,24.0,117.00341938635181,8.0
28982,18843.187159804194,5479.680479636185,57.0,101.82692428805781,8.0
28983,18518.463192385807,735.4737277329021,93.0,131.48677303360213,8.0
28984,30160.19929789887,10675.235262805114,173.0,106.86337992603995,8.0
28985,23065.56216634459,4050.1575343782542,348.0,127.11541225324524,8.0
28986,58052.37602665374,51391.42448071443,80.0,116.46673850620756,8.0
28987,31296.85715411884,21053.217059676594,204.0,121.10265011440816,8.0
28988,21387.4179538481,925.0043954636307,73.0,124.12728791047914,8.0
28989,33897.07767975471,1474.498282026935,97.0,121.10083711694931,8.0
28990,56108.00778324217,924.8554682344388,37.0,121.90513997405237,8.0
28991,43260.037373875886,738.1884961359779,33.0,116.33919774814179,8.0
28992,59330.641979296495,924.8018807984338,92.0,129.95058993276757,8.0
28993,15181.452777637172,3086.798926735455,57.0,107.14154126415832,8.0
28994,64712.64004095362,54516.66271789402,116.0,119.37412343317371,8.0
28995,44942.89556409701,733.6193426677619,115.0,130.74342130284552,8.0
28996,54815.257643060446,12132.256130731921,38.0,126.29507281367798,8.0
28997,47005.033202893355,25467.765352410504,101.0,117.7242531272076,8.0
28998,38212.334890418424,1849.9272513931946,69.0,120.17317217409075,8.0
28999,54460.11216780012,46196.69324671325,153.0,112.13949764752336,8.0
29000,43526.98985228197,38736.32270203647,-44.0,112.47545162411801,8.0
29001,60366.75036026756,10999.189660385235,107.0,132.21938036525245,8.0
29002,22975.025225737405,21245.77297603441,6.0,107.230029892885,8.0
29003,47360.26662252614,2368.41806738452,8.0,121.44963441782389,8.0
29004,24498.95396269244,4116.361827342091,139.0,119.09975799843802,8.0
29005,38120.35969623379,2390.334266981865,81.0,120.3436603936479,8.0
29006,14847.768453581148,6693.288989440296,13.0,109.7175188909994,8.0
29007,39143.360540971444,9621.956274252014,139.0,122.99347562687254,8.0
29008,38007.25222981531,33982.176921316655,-17.0,111.40829524468151,8.0
29009,15708.964760097704,925.0181713018293,12.0,107.09374786724395,8.0
29010,33154.57682681039,736.097769512479,11.0,120.11984826521761,8.0
29011,35379.356414299386,12803.128090148448,-20.0,114.6838573213747,8.0
29012,33371.64988086167,734.8663679220373,104.0,126.5595319811761,8.0
29013,8310.40187391768,5964.215732125696,24.0,99.23546670215337,8.0
29014,25442.185056269715,4113.1033010376095,174.0,124.82085761335193,8.0
29015,35359.84365612958,2392.0686067426677,335.0,124.25770244185784,8.0
29016,47519.08416338335,2871.742787675608,5.0,115.0826169623417,8.0
29017,33235.669394444165,1739.9312950923368,78.0,122.30485740810558,8.0
29018,32306.129238512738,10385.49867040473,38.0,115.6153889165577,8.0
29019,24947.4428933949,5742.518807271518,57.0,114.38713188477033,8.0
29020,39834.689924563776,20796.223814962977,60.0,121.20015327648376,8.0
29021,53047.97004013598,1849.8742733192807,20.0,128.13140879028248,8.0
29022,56494.21995362486,5899.937273483875,318.0,129.29229939259284,8.0
29023,32024.022313066587,16135.734920244606,77.0,118.36770377824439,8.0
29024,55814.780212956364,14348.59497362274,405.0,130.64744842026238,8.0
29025,49073.56480724276,7605.82497229582,146.0,125.12341680818992,8.0
29026,48180.57179468625,1990.1171223676743,63.0,121.40968506877269,8.0
29027,50779.20780847488,33054.18814087762,278.0,138.56427882503044,8.0
29028,34861.75886767241,11484.988328751502,215.0,110.09260012007165,8.0
29029,48951.11246321433,733.9947037614667,85.0,143.86541116194525,8.0
29030,46621.51367961597,27992.400628097934,131.0,114.31339881520886,8.0
29031,56454.6470854334,4314.8203946863905,67.0,125.92431346826766,8.0
29032,41804.45052971357,5471.576751159062,160.0,123.48329712609545,8.0
29033,47311.98324296376,733.8528868628218,210.0,147.99966406450108,8.0
29034,43265.886158877074,9711.268116162992,81.0,120.1936182024566,8.0
29035,20775.57262895784,7966.057585502555,121.0,110.18352011828893,8.0
29036,47193.09088828861,924.9478686944608,9.0,119.74286422154913,8.0
29037,43307.425877212736,1180.5576775172467,138.0,129.49466978230694,8.0
29038,49984.749064675285,10214.697082609266,61.0,115.90310212431821,8.0
29039,22581.774172732567,3790.9511496188475,66.0,115.3455660142898,8.0
29040,45889.10003189771,25508.635288825197,88.0,118.26505008937264,8.0
29041,32173.77077515889,7580.790237111521,70.0,117.12547921108077,8.0
29042,50097.15965281741,5204.115791829802,76.0,119.09001455184537,8.0
29043,41164.064926955114,735.5757558098387,101.0,126.42513212856383,8.0
29044,11093.553862921983,924.9548665301544,166.0,121.11537091495356,8.0
29045,42208.38238499672,8070.654747136753,13.0,120.17399056905897,8.0
29046,58558.140664179584,732.8436048546436,57.0,127.4793125240675,8.0
29047,26234.768979817036,5848.600613956109,112.0,117.34865088854835,8.0
29048,38374.32946610565,21935.3996667608,73.0,113.39784131381595,8.0
29049,56651.80401672302,45130.10429413464,81.0,121.76526096041727,8.0
29050,50292.549449611295,924.9834047054798,16.0,121.60463773144426,8.0
29051,35298.31662758988,1989.9123437241449,163.0,126.58871437553938,8.0
29052,52999.29420927253,3541.0654933714386,28.0,113.67271531020205,8.0
29053,7840.030225599691,3548.0242829233753,-20.0,101.58960386463436,8.0
29054,59707.542191145505,2874.048617719223,67.0,123.02881761455785,8.0
29055,48137.25329706587,4683.529892613438,50.0,123.47347206897696,8.0
29056,54894.37488250691,34705.319877050446,-15.0,117.94793340511876,8.0
29057,39141.00659748034,13306.251048793196,53.0,113.14935255262627,8.0
29058,17635.124477738722,16713.663378293808,-323.0,97.89336577975179,8.0
29059,67233.47493193894,741.9675772610676,12.0,118.57343718523242,8.0
29060,31585.31292282267,2774.8683319638826,48.0,116.58201740477755,8.0
29061,33583.14130014328,924.9068017079917,135.0,129.0358891155129,8.0
29062,39049.761938024436,1180.7599171587087,80.0,132.45812612383145,8.0
29063,47903.35216919014,1989.5879574766238,57.0,115.65701986767303,8.0
29064,31423.615170315803,5843.498742134247,143.0,130.2379100229464,8.0
29065,39243.697375967226,2885.397183971595,223.0,128.30292902101868,8.0
29066,45784.45892435917,1180.2048629370945,195.0,132.33503591693446,8.0
29067,47855.425788295805,2369.0385391229156,76.0,121.80653363131857,8.0
29068,25866.72831727269,23507.908018250397,6.0,111.73067623950492,8.0
29069,20833.445349016725,924.9310847271829,99.0,121.82437232497239,8.0
29070,40907.21520355239,8894.19457009161,210.0,114.34756125985734,8.0
29071,24338.055888209914,3090.7830920278793,147.0,120.73428926704175,8.0
29072,11555.92492536682,8080.459350006159,52.0,109.81903543990657,8.0
29073,34029.34058956747,1736.222092473823,77.0,120.31605257360945,8.0
29074,14871.766435470901,13032.33124285976,-126.0,100.16145843617443,8.0
29075,36071.33975571116,12023.648057247428,321.0,111.18098705599067,8.0
29076,20197.99895120481,9957.19622306134,217.0,123.50886040309332,8.0
29077,45435.80331884576,3979.176976281786,263.0,127.43088679730243,8.0
29078,35110.614334342354,6332.536270470833,239.0,133.37233958409223,8.0
29079,67153.06404988916,2359.1762637547017,27.0,127.15140342654531,8.0
29080,61530.30198751096,5922.081281258407,119.0,120.51914903276068,8.0
29081,42564.81018716223,25720.83030297242,71.0,114.59521889922908,8.0
29082,50352.74062837458,924.884109829763,72.0,143.51164671020092,8.0
29083,42719.74728255527,3800.473863515234,90.0,121.7922742552511,8.0
29084,38809.80119793008,1184.1359599706109,54.0,119.9311036060368,8.0
29085,51170.07961239715,42893.50171731447,153.0,110.16358192206397,8.0
29086,34936.472530235624,4115.971357018865,58.0,119.0479771875747,8.0
29087,28367.2771599798,4682.925192810084,82.0,126.03077134134554,8.0
29088,42038.47325517044,21389.019298627933,113.0,113.78692885856611,8.0
29089,50780.20556403155,8111.590053566951,38.0,126.31944236205281,8.0
29090,52505.534900515784,1184.2616667548266,9.0,124.7179137472697,8.0
29091,60799.658971925106,3555.033868825385,86.0,131.04619087840211,8.0
29092,23206.898307043193,925.0234481232116,38.0,113.52731279184043,8.0
29093,21969.835855667094,734.6582745923265,121.0,138.28468366747416,8.0
29094,31661.71277694269,21387.078424187206,231.0,107.88452643689787,8.0
29095,60650.047397403745,1184.127547473889,138.0,131.51307878718353,8.0
29096,65815.73779765556,2892.4723424178846,27.0,113.8946322027972,8.0
29097,38187.79391556473,7967.167880995946,197.0,116.08189434046687,8.0
29098,39116.0896211937,15252.8919454953,129.0,124.93865729050397,8.0
29099,31248.666697681096,23833.82901671825,-108.0,120.13519722270894,8.0
29100,21891.5364507389,735.46008396242,147.0,126.62972337470447,8.0
29101,46185.32431787357,735.1151562794186,128.0,124.15183102530266,8.0
29102,32505.768467378846,925.0160926090217,84.0,126.10716356647814,8.0
29103,38441.0857628169,30592.253403470688,-295.0,108.54839132918518,8.0
29104,59652.5411796634,51374.72787043243,153.0,112.30731700907134,8.0
29105,44969.98712901544,2368.925441963752,19.0,116.79646442081446,8.0
29106,15710.869115170723,925.0174449273356,20.0,107.26375127466954,8.0
29107,16620.80884214807,10475.054973020857,-15.0,102.82222944353413,8.0
29108,51309.681734528,3469.321169887097,28.0,122.371212476165,8.0
29109,31293.656891229566,11209.694950391762,121.0,117.30667106810523,8.0
29110,38852.882510716445,3699.582204779022,51.0,111.21061543578776,8.0
29111,35234.95300836285,735.2355125624848,43.0,119.50892762546172,8.0
29112,42812.93095063903,924.819980490836,56.0,131.79784918591102,8.0
29113,46044.373595394296,31947.2289669708,163.0,118.59890577215108,8.0
29114,52667.86404138292,12223.251778096806,455.0,131.74779642276147,8.0
29115,38497.3575577431,22502.012807625713,209.0,112.03716884899059,8.0
29116,45484.543662577074,4783.338987366436,49.0,123.08931440829568,8.0
29117,62249.591249355035,1746.4563904858098,94.0,126.77891385942976,8.0
29118,19644.99104181483,18730.899833527757,-473.0,104.03538415629245,8.0
29119,49218.930762420256,924.8091604591642,10.0,114.79098463675774,8.0
29120,37613.916858108874,1743.7050983323368,69.0,129.15401445069153,8.0
29121,36188.555540235946,1180.981140804079,37.0,117.01773705597459,8.0
29122,16086.57650210344,6512.025426380918,208.0,100.65981927261333,8.0
29123,49631.075544917585,4053.568956356687,332.0,120.10532661101803,8.0
29124,11551.298768285209,6952.149025879599,59.0,98.55418392582119,8.0
29125,29988.565665543978,736.6817236666943,95.0,124.90068924544849,8.0
29126,18860.363683644708,1990.2896922278323,-35.0,106.33287940667488,8.0
29127,67691.34713460923,1185.2904776808166,97.0,133.42083171723138,8.0
29128,23334.15239052521,3143.032459932832,65.0,110.13374794112661,8.0
29129,12562.758624811615,11826.460161287814,-488.0,94.42948353217552,8.0
29130,45528.67157462949,734.2089817295715,94.0,128.1415349848296,8.0
29131,28853.861450221353,2397.451767818709,45.0,118.48560684227006,8.0
29132,25070.271527840705,1849.8147186042982,235.0,126.81923063873906,8.0
29133,6395.913885195502,1739.0236379715357,-7.0,94.08385517581046,8.0
29134,32506.279788352385,6516.348335329218,66.0,108.7884627182737,8.0
29135,55246.997583214325,3979.774759886127,71.0,121.27109801918857,8.0
29136,23160.267036148965,12933.704638619145,66.0,122.8683734054944,8.0
29137,48899.97195575122,19898.76083224061,111.0,120.86496726026733,8.0
29138,31450.03950391896,735.7857697304855,15.0,119.4742918803787,8.0
29139,54587.503667524215,52597.60064273475,-163.0,113.07534940817627,8.0
29140,42578.83894423358,29130.240642375065,78.0,118.60355410570627,8.0
29141,13136.36124066411,5598.289676529064,130.0,96.07595322141798,8.0
29142,54750.04382291428,15726.160449070432,43.0,119.19103905912021,8.0
29143,35174.467820248,34577.15613086425,-484.0,106.08076002536487,8.0
29144,36551.049368121836,5598.305114501575,86.0,111.71386310255254,8.0
29145,37179.8358036643,4682.55633969073,56.0,114.36170883923452,8.0
29146,41517.612754022746,924.9684320838438,192.0,132.58827536253784,8.0
29147,55855.21906628577,924.8599961719842,60.0,126.38069145733529,8.0
29148,23118.4530854317,2367.123327774699,42.0,106.93202981600128,8.0
29149,39942.12129745139,1849.824704636884,54.0,117.48694115200976,8.0
29150,6393.9853368968925,4727.559990386504,-32.0,93.0363164577499,8.0
29151,44460.06069147995,27838.141180108694,48.0,110.7143314302079,8.0
29152,37353.90010381248,23903.82182656891,78.0,118.8336669241983,8.0
29153,49120.3730153185,924.744509667233,12.0,121.78478617423737,8.0
29154,44040.35683963004,19327.980751614617,80.0,119.7642991428228,8.0
29155,45037.643950519065,3145.2197343297207,39.0,124.49217397588745,8.0
29156,43325.78065979846,42716.07179674772,-517.0,110.85325737084368,8.0
29157,26646.57437872213,8151.2793795788275,121.0,119.32163267079278,8.0
29158,42648.29754380626,16713.6155687925,160.0,124.61762475513305,8.0
29159,5964.65647216119,3797.2846078257885,-10.0,92.82586925661722,8.0
29160,22713.513233813785,1181.7874149169422,59.0,116.38263968078975,8.0
29161,28224.373661621426,25864.584531919718,4.0,112.45507564724652,8.0
29162,16967.796983430857,5892.873432693604,30.0,107.5265430070061,8.0
29163,60805.95321370065,58827.064945378195,-502.0,123.62803287048058,8.0
29164,35216.51688959278,9278.640234994904,162.0,106.76995336666306,8.0
29165,41885.163193370834,736.384394537016,127.0,135.67851488709468,8.0
29166,56054.218529869955,13948.815478891718,43.0,118.77843102693589,8.0
29167,45820.28434139355,7560.53280207727,162.0,131.41918098058136,8.0
29168,55430.10725061733,4682.261949328049,237.0,122.28252924964815,8.0
29169,61664.65987572107,4314.382371012317,215.0,131.50420571926568,8.0
29170,34848.52926954866,734.942442134944,131.0,128.43437282741723,8.0
29171,47119.38259371001,33018.853943843584,163.0,118.7339839394935,8.0
29172,50992.39313146824,7542.833963401596,243.0,129.118485300188,8.0
29173,35339.0063867581,12113.73516496549,243.0,124.11457114757897,8.0
29174,56048.62364885142,44957.08590011792,160.0,126.16271319576347,8.0
29175,15650.868425631992,4118.438755757832,46.0,108.34398117209966,8.0
29176,58719.30730401257,3138.4188884385057,39.0,129.22832753710236,8.0
29177,47313.09321029696,738.9565986386573,36.0,130.9660807356361,8.0
29178,54016.76487179483,30326.796207081537,108.0,122.41699136914903,8.0
29179,30758.11116376485,13016.676428995434,182.0,115.47507365756296,8.0
29180,48093.74042359494,11098.271574389677,111.0,117.15916358956501,8.0
29181,50158.916804474364,2886.186491414584,115.0,129.07002235883755,8.0
29182,22080.053429955682,2397.1440441822133,66.0,113.1337659586318,8.0
29183,50096.29074628356,924.8285874416296,42.0,129.4547092824933,8.0
29184,35750.54326654682,736.0674804329414,179.0,131.1977393322706,8.0
29185,35523.18249489649,9365.998767274948,77.0,117.38825571107296,8.0
29186,36330.31547504955,1471.2666040933632,-8.0,110.97485704719764,8.0
29187,47422.23483933043,45437.943239269356,-123.0,108.41096939040335,8.0
29188,31457.044138504156,5549.825413982564,85.0,121.50272049233592,8.0
29189,38408.620191108894,3551.0481611577875,93.0,125.84475954170165,8.0
29190,27634.622122136076,10475.74488660871,176.0,105.95205056907737,8.0
29191,46693.61836030025,26317.82647347093,88.0,118.87539320971543,8.0
29192,43129.179994521655,40768.20679812386,-14.0,116.80454813364423,8.0
29193,22077.056433943213,21364.909789308393,-88.0,104.38390530359125,8.0
29194,11614.117635518658,3546.1475476766286,36.0,109.45956775708174,8.0
29195,50717.60670717403,5597.839521204767,72.0,130.54131858740314,8.0
29196,28744.427157578968,8102.5801036943285,186.0,103.88319684348798,8.0
29197,6516.2098198782915,5598.22644434919,-17.0,92.71316695230529,8.0
29198,32296.10061412118,7584.1334283041315,54.0,107.67088811840873,8.0
29199,38642.07995928772,2390.031079806922,403.0,114.01356621024948,8.0
29200,48846.3210704604,739.0001504836212,172.0,133.97914458201564,8.0
29201,37477.931045314144,734.8568391411071,89.0,139.81932189207686,8.0
29202,46821.584880689676,925.1141879650332,36.0,120.33622002368037,8.0
29203,46909.85304032185,925.0274218357558,37.0,120.50126952583753,8.0
29204,13463.347860648502,10593.102100340368,-52.0,100.23987530465008,8.0
29205,26250.149500436677,2870.3422578572413,55.0,113.5824350130757,8.0
29206,35731.21757887407,738.6485799011831,73.0,125.56066501640456,8.0
29207,49633.911836823936,7505.260519649874,435.0,121.98666910464634,8.0
29208,23122.38286542516,2774.650120730574,129.0,112.93783063252883,8.0
29209,56435.39384933688,9282.84948822731,54.0,122.195234994144,8.0
29210,37039.89393779972,735.085502997656,212.0,133.6320365873647,8.0
29211,21984.10883459677,5850.825981198861,40.0,110.06890626117331,8.0
29212,21569.64296705339,737.0890618607439,46.0,115.73324400368156,8.0
29213,52945.81860097514,11478.864708819026,434.0,127.90274139120591,8.0
29214,44452.87884186801,1849.9173000158776,123.0,125.91828096987908,8.0
29215,45058.01141520181,4780.273447408158,299.0,127.21393278009089,8.0
29216,50036.41113358914,33713.128176330836,112.0,123.1065795388601,8.0
29217,34581.6335533524,23035.38414608208,45.0,113.8942595509217,8.0
29218,47538.50888213726,1180.3044294513045,81.0,121.47599560503686,8.0
29219,29991.319639900597,4517.733506580106,270.0,126.64615855131862,8.0
29220,33705.75866570963,18683.184409819147,87.0,115.79248870220982,8.0
29221,24564.074929417315,4510.184613311665,81.0,118.64519137037914,8.0
29222,19134.199038299117,17395.291458596465,56.0,114.80024881702317,8.0
29223,27801.544950294483,736.1923424116916,13.0,115.32010496023634,8.0
29224,49159.81023636365,733.4337683356873,20.0,118.29926256963671,8.0
29225,30650.2216486046,2389.8785216203505,196.0,139.16061646579203,8.0
29226,45299.177053144966,2875.7498236349707,256.0,133.41901494066298,8.0
29227,35933.138477783374,20220.425879660157,176.0,114.44449761973723,8.0
29228,43156.98105391084,4114.047936000988,532.0,135.23601772180513,8.0
29229,37765.351394074845,17829.909032930296,133.0,120.7491786722446,8.0
29230,53865.14798737979,924.9328570915006,49.0,140.13544386859883,8.0
29231,25360.27762366,1849.9620028698198,79.0,112.95251503555725,8.0
29232,22017.57823960514,3142.3308323683914,50.0,118.3681054029703,8.0
29233,25110.255308394782,9619.118971574164,181.0,104.68471840249549,8.0
29234,40935.0790722717,13951.523468796264,321.0,127.1985684507658,8.0
29235,38632.79561038291,14185.125325903779,160.0,116.85020492111873,8.0
29236,47083.21435821833,5920.553965636451,84.0,130.64847990903962,8.0
29237,56591.98831248475,25012.254442779715,21.0,118.5140711846111,8.0
29238,18522.741036416275,4125.508979935853,67.0,109.15275593695242,8.0
29239,27801.761620726145,3473.1923414281046,36.0,105.7129563404402,8.0
29240,18642.47201442441,16905.241838459922,7.0,105.0162112493652,8.0
29241,58098.95950354325,1185.3103305449472,144.0,141.34975290216204,8.0
29242,35269.92415332026,924.9528665226524,55.0,118.53387765835696,8.0
29243,49068.49848304248,8323.592485593284,79.0,119.99378611652836,8.0
29244,35882.10748390457,734.7331831216734,16.0,120.54549162760168,8.0
29245,46214.97940591578,735.3856192114677,89.0,141.10874602689535,8.0
29246,35178.44111879558,5549.766177895042,61.0,112.88209112081233,8.0
29247,35234.405722718686,1737.7665483397116,-1.0,112.1095521693882,8.0
29248,50952.54733381097,3144.7270893044797,67.0,129.58297685343587,8.0
29249,62731.28345849659,56070.48114563836,80.0,116.87205249398538,8.0
29250,42974.69306625992,1989.951911514269,22.0,121.74320801104375,8.0
29251,29010.031965589595,1849.7871205457702,101.0,105.44189488674613,8.0
29252,36275.149799823084,1180.838832463191,100.0,124.7284607944684,8.0
29253,30612.053402886802,7453.069302025913,328.0,122.68287531754612,8.0
29254,43910.28626346876,737.8851451127382,198.0,134.6489400137658,8.0
29255,39875.84929168227,2366.8575977553874,263.0,130.70523406367198,8.0
29256,53645.16726614754,925.1141879650332,36.0,121.09302364475214,8.0
29257,50957.08944860026,2774.9695874720696,105.0,130.67673051628694,8.0
29258,31116.56094032319,19576.271981822752,60.0,113.5551693257197,8.0
29259,30582.996000615436,2362.478426151711,8.0,123.6494546107779,8.0
29260,34876.19427871146,32511.002214700435,-227.0,109.24118554737689,8.0
29261,16171.32889266187,2883.36759203587,95.0,114.67539049266983,8.0
29262,33065.001057571244,16452.85815270224,127.0,111.32735147734394,8.0
29263,30164.224804482234,736.3264199762007,32.0,117.40075351298793,8.0
29264,35034.897248344765,1180.6059196920191,114.0,125.24835888524022,8.0
29265,18797.98750326224,4726.346713948701,178.0,119.63664320162229,8.0
29266,38399.6592282471,28216.56560132773,116.0,115.50669859304767,8.0
29267,36175.323270630855,1180.99645449714,7.0,113.11801936364758,8.0
29268,54746.925954751874,7587.436334800824,109.0,127.33469768329863,8.0
29269,48145.40170144457,8323.754625009376,76.0,124.52089623211462,8.0
29270,36186.34813384717,4851.835595808848,137.0,120.37640235579067,8.0
29271,34628.98566031659,27054.394103640487,-235.0,105.4164768354518,8.0
29272,45150.705972132644,739.0001504836212,172.0,133.34518920245213,8.0
29273,50653.67028102484,2872.03094757485,43.0,116.84115846804514,8.0
29274,30409.24502641729,11924.01952427924,146.0,119.9944314413153,8.0
29275,40143.52255035069,5963.788448578633,345.0,129.3215624441414,8.0
29276,31226.569873284232,9468.570784214775,88.0,110.77538041654091,8.0
29277,34509.06652327986,1183.5384311733058,101.0,124.40180926864033,8.0
29278,52988.571817253476,13496.19749327638,94.0,117.72594886713709,8.0
29279,21041.997797237116,1181.652928946478,121.0,120.82883019742572,8.0
29280,35955.24922424535,1741.498766270604,145.0,120.59378384797296,8.0
29281,42101.49075515533,735.2647361294917,3.0,116.64639402192509,8.0
29282,33373.81191361567,11055.625914520797,141.0,119.39480214921615,8.0
29283,56181.21382304914,2368.9554677154856,67.0,124.12146297279142,8.0
29284,50597.91820411316,1989.8365104296354,18.0,120.72088630125728,8.0
29285,35995.21722660309,27306.59394147715,210.0,123.31145489091065,8.0
29286,51841.17209896131,5549.1357848665375,101.0,120.59150745986335,8.0
29287,22965.54034684752,5741.184854204606,8.0,110.20887100477165,8.0
29288,56233.14358805234,19617.397536983153,32.0,120.06133479156358,8.0
29289,53915.51749685451,27957.846445963933,88.0,115.49425728819715,8.0
29290,25350.319539496246,734.2445119557794,81.0,138.96301593617312,8.0
29291,9818.51445444044,736.6468870457904,189.0,121.55443411596968,8.0
29292,23766.63333144799,12152.50146961662,39.0,114.14001534833596,8.0
29293,39643.45875865394,31381.585758511585,153.0,110.24899709840672,8.0
29294,35707.67584876991,3139.593518558686,39.0,114.04896983513483,8.0
29295,50953.32397796033,924.8250575477743,22.0,124.46317092549734,8.0
29296,34994.956277041674,924.827305226184,124.0,127.95800392899902,8.0
29297,16618.505382639883,736.009618494439,56.0,114.04463800704573,8.0
29298,67485.81142142191,59207.284818410866,147.0,125.07676404839515,8.0
29299,42973.540243771735,739.771405625195,53.0,128.28759365185417,8.0
29300,19309.441319571913,5221.51894318919,113.0,116.31543661640795,8.0
29301,52470.983579600936,1180.1845086998835,72.0,133.5203058399989,8.0
29302,44974.74345067384,1180.6493097468438,119.0,128.8089551052471,8.0
29303,44442.91009663262,17351.2922730021,165.0,112.9978220670139,8.0
29304,57492.69527211495,924.7222814339015,27.0,132.78581571464065,8.0
29305,56532.87677015894,924.7594560039307,15.0,118.36587372741946,8.0
29306,51841.702495939935,924.8348890960624,9.0,121.35186465811746,8.0
29307,59914.156804334256,20140.02796412356,61.0,117.67131829307426,8.0
29308,40061.62413883519,4518.642071743357,199.0,125.61464255086929,8.0
29309,60226.15860886066,1180.1268165744953,47.0,124.2867098087957,8.0
29310,59773.364315637715,17381.684733340633,65.0,124.0391656574788,8.0
29311,60235.2377798222,6382.3707367775705,31.0,123.64578782332049,8.0
29312,28681.207809530722,924.84096472814,39.0,117.69485139664943,8.0
29313,52945.936585910305,1992.422601426926,81.0,135.6718596870803,8.0
29314,14799.977011142717,5972.412379096091,50.0,100.6403050754419,8.0
29315,39737.10659755845,25646.038481681913,81.0,121.72768075476917,8.0
29316,32905.51560570177,8454.339319389293,187.0,109.12107243599723,8.0
29317,33305.67942828503,7399.622106156244,269.0,126.41447596692123,8.0
29318,59638.82877308656,1989.9488083773751,79.0,124.77878299626143,8.0
29319,43312.38515213403,34859.87616146534,364.0,129.29661254710237,8.0
29320,25141.659467014662,11699.828771283948,54.0,108.78956956256303,8.0
29321,41470.77099416787,2400.1802644711056,180.0,127.28863424293687,8.0
29322,21446.407680133863,736.5892424806439,47.0,115.57951188478341,8.0
29323,15275.70675289222,4310.196492778944,10.0,105.43472321447436,8.0
29324,63823.23113973575,924.8230937875454,139.0,133.95135949522893,8.0
29325,62252.24937002038,2359.0631533110363,297.0,135.50675958857067,8.0
29326,48135.32086261096,1184.3917412097799,46.0,124.43476051219979,8.0
29327,43260.310770880555,31156.457234500296,183.0,118.1602018333628,8.0
29328,42797.69036230921,9836.602770198082,18.0,114.29399074899122,8.0
29329,42449.61218555019,26128.593039802137,120.0,121.73851119639687,8.0
29330,52891.960673608715,6651.78964070576,22.0,119.16698989891033,8.0
29331,23393.129651924915,6388.839198860681,521.0,128.89787931295052,8.0
29332,43208.64595585127,19898.76083224061,111.0,128.0382608563335,8.0
29333,6955.846967538362,5216.938446631965,72.0,106.86848397251467,8.0
29334,30320.083233013036,5236.8783656878,23.0,118.23512034092161,8.0
29335,46271.4969834594,5549.955018581424,121.0,117.74020384206457,8.0
29336,56034.19819889994,1179.341852847134,86.0,127.02234513843389,8.0
29337,45557.25089924264,3082.2366305016603,42.0,117.85334185679685,8.0
29338,45229.54400819796,10588.320853994717,230.0,130.32025810775403,8.0
29339,37063.65289549337,4624.863563194035,57.0,117.83478337811013,8.0
29340,54803.87369790493,12712.224950536995,396.0,130.85839043377018,8.0
29341,47562.206483107475,31240.277029970628,238.0,108.80191703183014,8.0
29342,18861.054971308764,11316.480275460573,86.0,102.4939865602824,8.0
29343,38712.640793790415,27192.226542835513,81.0,116.59642155827649,8.0
29344,44941.10358732827,737.3831440713356,42.0,122.14916061267535,8.0
29345,61043.578589047574,3137.288242218513,151.0,132.329233326942,8.0
29346,26927.0394117403,1183.8338315443482,19.0,116.9430676170395,8.0
29347,49943.472300255904,12948.003461870547,123.0,117.28976526902531,8.0
29348,61986.98984178148,3137.3843482094717,100.0,132.7912325905554,8.0
29349,35265.85373690531,3143.7960162668355,22.0,114.9690018357182,8.0
29350,48457.03751615292,29827.049342530714,143.0,114.81598789019176,8.0
29351,44561.918061429315,27175.093370029386,-63.0,120.32493102209473,8.0
29352,26491.89212347766,14199.10945199475,64.0,112.82419977912036,8.0
29353,29086.612919992494,9025.621121435392,138.0,113.24537635318714,8.0
29354,31664.441320630747,735.1667740539449,8.0,111.04776379844577,8.0
29355,50793.78540425579,1179.9175932065757,165.0,131.61479007474043,8.0
29356,37002.17056566929,15170.627369967808,155.0,112.70617200258125,8.0
29357,24729.26869065658,4793.696506772978,127.0,117.8528614666696,8.0
29358,32448.428277000003,6516.17722431042,71.0,116.85422218745559,8.0
29359,59340.79579352187,3540.3911594553815,30.0,121.37360691230545,8.0
29360,48675.60596184368,40413.27465158749,153.0,110.42824946565534,8.0
29361,29679.767512721246,12046.370366899577,147.0,113.6638831817159,8.0
29362,40703.91228908012,925.0362340999516,43.0,128.42048979264342,8.0
29363,39985.079092074644,2368.331281701418,24.0,120.15152219627751,8.0
29364,56845.89272775895,2369.2003498611184,42.0,132.4599291082606,8.0
29365,33162.88857804738,28591.430318742223,-35.0,106.37491100303878,8.0
29366,39797.307769738814,4624.2082718783,116.0,118.78482918736928,8.0
29367,8155.4296671912025,7424.25879857915,-13.0,95.32788969576582,8.0
29368,40728.64835228425,5476.8527758911505,187.0,131.65548679145562,8.0
29369,62274.52913693627,1184.7278782025642,115.0,130.22046834211244,8.0
29370,10174.08131035987,9249.18899883298,9.0,101.04529015961836,8.0
29371,31109.977781636408,924.8147193185567,99.0,126.12963133934355,8.0
29372,36048.27337065115,5903.714344504663,56.0,114.95663229873804,8.0
29373,43066.86128988343,1184.6895987455898,15.0,116.34541160795439,8.0
29374,41786.11371398146,25350.75089961081,73.0,114.31037678460567,8.0
29375,27991.21763750535,1849.8861089631923,23.0,111.8871531384921,8.0
29376,25776.505847725603,734.6450532538768,44.0,136.53768397806027,8.0
29377,43246.99788139939,3540.49586744875,73.0,130.20602356316732,8.0
29378,37351.400701227714,735.0987423371138,84.0,138.3677451936158,8.0
29379,46644.10864139433,1992.3347756244907,13.0,118.82831135786193,8.0
29380,24705.438816207752,5916.775751031619,110.0,119.11653467430955,8.0
29381,53947.57229009471,37113.49238466574,80.0,123.71333338889367,8.0
29382,38448.21509820217,8255.306447989988,223.0,115.81657660341887,8.0
29383,9425.876501735016,4310.3685555488455,33.0,94.23433166255825,8.0
29384,31884.283609422102,5849.342638055348,157.0,111.11324044955154,8.0
29385,41019.0070227438,737.3930439381733,116.0,128.55438766641566,8.0
29386,42621.80541122721,1180.3669775501587,200.0,132.21108267414408,8.0
29387,46299.41659833486,1849.9628402261137,86.0,125.36985001015918,8.0
29388,42626.2890561132,3551.615855805676,214.0,128.15486344725392,8.0
29389,55884.25863877412,924.81412745974,64.0,128.67497481923075,8.0
29390,7576.16666996135,2882.8316382294856,21.0,99.92706734189174,8.0
29391,36523.63033489176,1471.5912258892145,186.0,128.99153956244203,8.0
29392,50322.11048829192,733.1185082636288,68.0,134.62743077738483,8.0
29393,23978.42049761962,1183.4760712267853,36.0,119.31176625512742,8.0
29394,30160.529548570055,13546.314653453186,198.0,106.5365722675575,8.0
29395,29545.129114389172,4725.18631377402,43.0,110.3455956422499,8.0
29396,20092.960491589503,4726.638197508371,334.0,126.34236760953641,8.0
29397,33979.852169877006,8613.897477303008,65.0,111.29890716953062,8.0
29398,46207.029563166405,9417.276825847044,90.0,118.9800551533662,8.0
29399,34826.274722912654,2362.5581948766667,50.0,119.0766824098626,8.0
29400,34329.3039418486,15710.807138927843,198.0,106.27101189332947,8.0
29401,44589.43420895562,23200.19721378933,-79.0,109.21989792915879,8.0
29402,14539.927295670841,6343.167738203157,48.0,106.16408184514182,8.0
29403,23492.160447277653,7590.925385711612,71.0,108.95463615634202,8.0
29404,23626.61353107488,2870.2874866123543,212.0,124.65525471819359,8.0
29405,31108.500754572975,14486.962580745947,133.0,109.15139257448376,8.0
29406,18640.32396927254,8231.730636032562,353.0,120.98115338524357,8.0
29407,64370.66704753751,1185.4558619888223,53.0,132.9232891706541,8.0
29408,61976.455459674384,15690.785116395671,-13.0,123.43928325691952,8.0
29409,35269.37537549213,5598.16924589776,40.0,114.43368194956862,8.0
29410,37019.64517991181,2947.7693789101054,297.0,121.15351664149868,8.0
29411,23509.043166650234,1990.7683958120715,102.0,109.68550551620177,8.0
29412,58457.62723736997,12945.393849073227,76.0,119.16757803360679,8.0
29413,52177.10702426848,2872.4196846005243,187.0,142.18249827286715,8.0
29414,28672.17327227223,5549.368822951864,97.0,113.39434711852367,8.0
29415,61294.43221030847,5233.702056044905,127.0,132.31203739167626,8.0
29416,20376.52403478566,1741.8242927723,258.0,127.47514776543198,8.0
29417,37871.286372538576,14181.87226783665,118.0,118.86976838241522,8.0
29418,62723.87319145109,6671.45147591144,75.0,131.36304214023812,8.0
29419,27105.982500603048,4306.795089652349,27.0,115.30777024749074,8.0
29420,57522.17157260973,13505.948566961153,33.0,126.95965765506011,8.0
29421,42035.93663854224,14962.352271950647,23.0,113.84638410162738,8.0
29422,42827.17186662984,26214.1450632884,116.0,115.05125774557044,8.0
29423,27495.018589044583,1183.3534041020694,168.0,120.41269451317365,8.0
29424,52842.71720587882,3540.625018743573,56.0,118.99451517002376,8.0
29425,42268.268579908516,3138.2106909184226,-11.0,124.87601424420886,8.0
29426,35338.73856677903,25069.652002785177,223.0,109.10731253395004,8.0
29427,30530.84984107034,8324.019297122424,128.0,111.52318009045786,8.0
29428,17023.072453965815,15372.134307051016,-107.0,111.9121899519908,8.0
29429,51041.008029792094,42776.93643406039,153.0,110.50193969998499,8.0
29430,23390.54689551531,12576.919122472993,158.0,122.33892096979905,8.0
29431,39780.045378570874,925.0589661835801,109.0,129.18709673806939,8.0
29432,53653.179201095685,16649.87262809054,116.0,126.90837609414748,8.0
29433,23637.116543543358,8270.796886946653,450.0,128.0136317902164,8.0
29434,45799.51299710781,5121.542434814862,15.0,133.42252907503484,8.0
29435,30818.537076693465,12673.838804705274,104.0,116.20637536938801,8.0
29436,19152.149516929116,2209.9220042036445,184.0,121.55197637982913,8.0
29437,30693.443821918594,24862.822716340946,-104.0,112.41896456809124,8.0
29438,58653.86303827763,3538.9498259583906,37.0,131.22327763010946,8.0
29439,57280.78528683102,16584.37332206649,63.0,120.363955060688,8.0
29440,34207.444121824265,1180.6562428256964,57.0,119.6037344969272,8.0
29441,27132.87074770027,924.9432092650001,35.0,114.93686320277729,8.0
29442,35829.30737763721,23140.192244437898,32.0,119.74482185684673,8.0
29443,42065.644319510335,1734.61377625201,135.0,126.81459231652157,8.0
29444,53634.68054781028,11700.804728436633,81.0,123.49077837324593,8.0
29445,68246.10909200985,731.8109324367164,30.0,123.95051783146714,8.0
29446,27360.06479865144,1181.328125070485,151.0,132.7207163979711,8.0
29447,28527.156155397905,10410.653303548606,25.0,111.73147494431717,8.0
29448,42785.564913948096,735.9038774971199,72.0,138.16091690557377,8.0
29449,58720.415387464185,924.7876368472794,152.0,134.09482275795526,8.0
29450,21555.64055415506,2884.7978113760323,215.0,126.68625961165833,8.0
29451,43780.95434580948,6943.113697421542,167.0,126.29515388518331,8.0
29452,53622.1418166426,4720.623772680374,53.0,117.6232262346483,8.0
29453,52218.36694067503,32672.98200116233,340.0,111.51665600783831,8.0
29454,55315.52661966099,11493.951861650963,186.0,140.85645224661363,8.0
29455,37988.04272460012,925.1398625189541,32.0,118.01124217760251,8.0
29456,46526.684812984,733.5550587281774,30.0,120.77715367239774,8.0
29457,14969.378355421652,4606.464689776971,429.0,123.60188761362329,8.0
29458,48451.81061928543,1849.6482816719017,25.0,129.41104454818498,8.0
29459,56188.989591461686,2874.579196562347,35.0,118.73961916795012,8.0
29460,60213.641302395816,1179.7198060490887,42.0,124.32317664051298,8.0
29461,51997.637533492634,5205.191775558484,621.0,126.24995332512589,8.0
29462,15030.917932848444,4118.46472130445,157.0,113.68481187651211,8.0
29463,11196.398479822492,1849.825207687136,34.0,101.94820730896097,8.0
29464,40876.98477128465,5210.482229770093,8.0,117.22780086841003,8.0
29465,56426.00913601083,3540.3911594553815,30.0,126.06378292778061,8.0
29466,43972.99903678931,924.9780616777338,42.0,125.19928162283095,8.0
29467,15747.580110363135,737.7087204181959,21.0,109.82618304937722,8.0
29468,49235.14577005492,2870.0604108357206,65.0,120.83876115462009,8.0
29469,36654.724441062965,3085.571981123755,256.0,122.62981149040142,8.0
29470,41082.48874797082,10589.469249695792,23.0,113.8097431192977,8.0
29471,28746.303136263847,20189.181057569287,61.0,110.57421874551308,8.0
29472,42677.47891261401,23654.607912937765,273.0,128.20021605927153,8.0
29473,46996.71262563666,1179.9442880502552,77.0,137.0346931781938,8.0
29474,24759.401753091955,5975.3786220401325,182.0,120.09575823844648,8.0
29475,26269.099521578577,1183.6473076942111,17.0,117.03077353876253,8.0
29476,46176.495212881506,1992.4511479186622,50.0,121.94707329613101,8.0
29477,39236.955938374675,20199.075630285024,60.0,121.07227061307026,8.0
29478,30612.123043583713,3983.559583593899,119.0,125.65214218009947,8.0
29479,7399.372541728373,924.9952143942403,8.0,97.9476145633708,8.0
29480,31188.32913482525,734.4720400370355,32.0,117.9065106750317,8.0
29481,45569.25806875727,1183.5584236399422,74.0,128.7871113717179,8.0
29482,54050.16204945213,13715.355661389636,534.0,133.89211637364517,8.0
29483,20820.38934328919,5906.916231933176,87.0,112.38814935923111,8.0
29484,41310.787330431514,7109.198193067542,97.0,118.7248463152516,8.0
29485,27928.772918200757,19856.975731115133,62.0,117.17361581426076,8.0
29486,37045.500949022426,6500.284550484808,58.0,114.05941349423114,8.0
29487,14368.457025060721,1738.8172851275435,22.0,108.85071633486015,8.0
29488,52835.7607206755,3539.730058890411,154.0,125.71925006685777,8.0
29489,10374.826259464133,1182.5722174311659,17.0,102.56639225465094,8.0
29490,23897.852698782106,3983.78535649119,104.0,116.68093963497543,8.0
29491,26649.814024612588,9617.00551993611,77.0,116.32959535002365,8.0
29492,48775.35565682547,6641.14660810575,154.0,112.99551578384214,8.0
29493,61901.71897077233,2873.3544593069446,79.0,120.59949896605363,8.0
29494,48135.58015949811,3984.5648918023403,53.0,131.60580991678086,8.0
29495,33524.054502246654,1181.1767310694281,207.0,124.2909334885086,8.0
29496,39029.11466929584,1181.193050970783,13.0,117.88496334401411,8.0
29497,31111.623644265594,4854.829911548295,58.0,113.26041169549045,8.0
29498,35530.538851170844,738.88640149686,37.0,119.8105148834471,8.0
29499,44415.61458447686,32313.014114840582,183.0,111.26439824411418,8.0
29500,24593.19998727851,20821.342463356712,-352.0,105.89922396423901,8.0
29501,45405.913343649685,4721.912433155987,250.0,129.31558620461786,8.0
29502,25684.662694848055,7878.218116186826,100.0,107.09470812130544,8.0
29503,14816.981326607882,13893.314597243105,-87.0,98.73625098284181,8.0
29504,32423.590954404594,16205.402258193357,136.0,111.42993949909732,8.0
29505,43150.52304125167,33938.455067053306,117.0,121.04780336513473,8.0
29506,61230.07099121797,45134.14580915458,-4.0,130.7090253958159,8.0
29507,41522.61298114758,9627.198250608382,89.0,113.70826336122246,8.0
29508,34743.85068957062,1742.2603759384826,33.0,125.78937375537204,8.0
29509,40405.64317939832,924.8984690060919,12.0,122.47891780615544,8.0
29510,53967.37531971428,924.7082328293541,68.0,129.04435116233734,8.0
29511,40391.570236764936,3485.7937910210226,129.0,119.68033015047442,8.0
29512,54774.84117695551,924.7594560039307,15.0,131.176422358502,8.0
29513,45274.09855850708,1989.980210460495,121.0,128.64103163450602,8.0
29514,24313.21134666114,924.9710426581731,0.0,116.43320161648032,8.0
29515,44888.62376948166,36438.659844870395,375.0,129.61980341902017,8.0
29516,42796.13552381665,15694.352563901934,166.0,110.04936336355831,8.0
29517,25147.37421788033,1990.5403260429139,60.0,115.12672853795654,8.0
29518,23918.013766640695,1742.4672666745423,37.0,112.29100732799182,8.0
29519,48435.85133880759,6383.337892656612,14.0,120.62378566626782,8.0
29520,32999.40128840091,18239.82555299899,183.0,108.99145197812764,8.0
29521,45833.063983472515,25330.859395067946,338.0,117.24062416129388,8.0
29522,25779.798698859187,8097.110910571245,28.0,111.43186678420324,8.0
29523,35298.89853177685,1182.8327865976767,76.0,121.72729265144551,8.0
29524,57867.70295979898,7079.9877189969075,206.0,130.9049354358765,8.0
29525,40369.954612737514,25966.671559633418,-129.0,120.63089995528144,8.0
29526,44125.84283988375,10244.053208215268,158.0,114.56224810932846,8.0
29527,40392.27750642706,30894.52295661283,283.0,127.64032365461415,8.0
29528,35263.77277219595,33566.84277050582,77.0,120.12570228293829,8.0
29529,55201.37040538061,1179.4071369403164,8.0,123.78002282622941,8.0
29530,59777.72780094893,6649.008295753611,56.0,132.77161771133808,8.0
29531,47195.325321663135,5970.110117396476,30.0,123.98067029613712,8.0
29532,46870.92245287103,26922.38862646168,38.0,122.21560518251563,8.0
29533,37403.03267713484,8628.68848781014,146.0,127.56058120856734,8.0
29534,41338.087521374095,9743.339021794754,295.0,127.28412713169757,8.0
29535,24093.61359673958,3699.82487732137,123.0,114.04213245796615,8.0
29536,32512.279441886894,735.5994785957791,114.0,127.04684697904963,8.0
29537,48737.97852124192,31715.07110071954,183.0,122.9111944899945,8.0
29538,58407.84087584404,32936.237101100865,253.0,129.8622012014484,8.0
29539,35755.61451177614,23652.089206282257,183.0,116.05191622801948,8.0
29540,41939.97742731225,25612.281596789475,120.0,121.63616859401264,8.0
29541,14741.697341424651,5849.665092544245,310.0,113.99847056311123,8.0
29542,42082.68578749394,3542.386086412621,14.0,113.1197316927094,8.0
29543,14985.811016967637,3480.9870751228173,164.0,101.36907224574765,8.0
29544,47096.67521415816,5120.633923866585,80.0,122.80440853968975,8.0
29545,34700.485281061156,13931.539353799306,463.0,129.84830383970174,8.0
29546,32258.290655182213,17285.2562391233,16.0,114.19103445802403,8.0
29547,54554.4584345922,36435.68386240861,149.0,113.24359898447572,8.0
29548,13857.128975730096,2365.995700865687,16.0,106.31474320689192,8.0
29549,36389.75122653286,734.6508396906538,42.0,120.0127520224034,8.0
29550,54053.72716235141,1850.0927190235916,5.0,125.55093463700553,8.0
29551,48600.26723334301,1180.226802356359,45.0,125.9708842315847,8.0
29552,49682.288027273615,9364.627352017611,550.0,133.4773433680693,8.0
29553,50293.18382164295,6516.466019071153,60.0,120.67094284326612,8.0
29554,44879.41708326105,1736.6220027928164,106.0,123.30935960321493,8.0
29555,52701.17803147894,1180.0638189722229,101.0,135.25034641395382,8.0
29556,61364.558018998054,19913.084707249734,61.0,112.6571396722277,8.0
29557,35002.108637315534,15087.241928469093,273.0,114.67170023938854,8.0
29558,57136.24574164937,44339.43155523035,87.0,119.69118375146216,8.0
29559,54071.97555854214,733.4928852047772,120.0,151.3716827311762,8.0
29560,46919.07824178722,734.2089817295715,94.0,128.67859407621836,8.0
29561,35075.53093748479,6838.541193788032,292.0,127.68184109706598,8.0
29562,37300.3825023851,2390.031079806922,403.0,132.58847737204823,8.0
29563,66744.74578597218,49727.35692397461,183.0,125.59301359934734,8.0
29564,32183.427166437217,736.8411958862981,34.0,124.23619884559125,8.0
29565,59574.68473280626,13285.010166789662,65.0,123.57966098047997,8.0
29566,44442.21911402182,2391.31062568801,153.0,131.5923628240742,8.0
29567,4512.474273817741,3795.2689764163933,-117.0,87.77591864056039,8.0
29568,49942.83283831236,3771.5031731116655,394.0,123.7463684871004,8.0
29569,61383.35690134565,35297.4397793334,-258.0,124.16259884112226,8.0
29570,54866.544654616635,9242.101099248986,47.0,130.94749876265493,8.0
29571,21590.050989099254,19645.872796649037,-55.0,102.84971630076065,8.0
29572,47888.30081586418,26857.09846162352,-51.0,114.74766965990742,8.0
29573,40338.37007534806,26613.3862564214,-175.0,124.01613046296141,8.0
29574,18783.3796844197,1182.8266530994492,67.0,115.5814937760895,8.0
29575,16217.811748335484,5974.259052601861,438.0,125.15521406125757,8.0
29576,49399.04970879678,5490.161537096399,181.0,129.7013154812391,8.0
29577,57543.407947157524,1989.9093909361848,26.0,128.9393149117543,8.0
29578,40126.14964703268,34652.37203008931,-105.0,105.80882078441327,8.0
29579,40550.498373733986,25508.25279609254,87.0,116.33784869237037,8.0
29580,37724.76191227256,19770.476513990303,295.0,110.16099616036767,8.0
29581,37372.58027951611,14555.796885243586,349.0,129.7095161105725,8.0
29582,33981.30518173173,15448.481111628153,139.0,112.96594186967631,8.0
29583,55790.452774578436,1179.6220790841207,147.0,132.6409130966153,8.0
29584,49879.373542612666,33784.546852502135,428.0,123.80043715911287,8.0
29585,40903.76100614311,17221.57632197354,32.0,114.45165506386482,8.0
29586,36192.48509259195,7435.8670890201765,38.0,118.72243515519952,8.0
29587,23400.015130807955,8747.552454932802,409.0,126.06866854526845,8.0
29588,58835.712687186795,13748.832851786708,28.0,125.96441816322516,8.0
29589,40409.35281898658,4051.5761185765887,239.0,127.81681886418778,8.0
29590,64588.269135674906,1179.1955763917815,333.0,145.92131686056553,8.0
29591,62335.8523243711,4736.698758906641,276.0,122.5996896664813,8.0
29592,41565.635798596035,24554.898707983048,504.0,134.79937256619962,8.0
29593,44714.39076558147,1184.2220965159643,35.0,128.55122038759063,8.0
29594,16215.98615796588,15376.766540442857,-366.0,100.02574362842111,8.0
29595,54053.63846976009,34506.53279956748,314.0,112.3201918530109,8.0
29596,30008.77726941232,7724.302667799972,46.0,116.06528904096831,8.0
29597,49680.87862882774,1183.5486358266498,253.0,135.126737268438,8.0
29598,16149.071870036278,924.857293433165,130.0,121.53544653886075,8.0
29599,42026.69363646771,13777.14223053864,95.0,121.94824951375334,8.0
29600,53629.8166726939,924.7400235850041,16.0,130.34131777403178,8.0
29601,42762.189494483355,1743.7668537194434,101.0,125.71049009365933,8.0
29602,52916.3771761753,925.0688377222916,48.0,128.19533959200126,8.0
29603,42145.66247463191,2870.131407188816,68.0,119.40712736244312,8.0
29604,52806.0259069864,44527.79065239427,153.0,111.14830752622487,8.0
29605,29633.489431454585,924.9538609470269,27.0,114.71913593494804,8.0
29606,42551.11812739022,924.8227077175916,23.0,121.22690944980691,8.0
29607,43022.579966228164,3801.5431433425288,27.0,112.93713591807136,8.0
29608,61688.25185766587,45590.50258395125,24.0,132.01919230651674,8.0
29609,28211.53910266835,1183.9272029836766,89.0,128.72909034658562,8.0
29610,34041.8068531493,734.5415376249118,14.0,113.97236400411992,8.0
29611,9224.434096274308,3480.1698054551885,33.0,105.72326889213898,8.0
29612,42268.941703208846,26272.89328883877,191.0,111.22592273338311,8.0
29613,46818.858761392206,1849.9185103814332,244.0,132.3650248202683,8.0
29614,45036.89013006712,1989.9965526751662,75.0,116.91392642381385,8.0
29615,53735.634026533575,4303.454218025579,253.0,128.62117751735687,8.0
29616,42769.60387575443,28670.210095750695,81.0,123.52577886915776,8.0
29617,36106.4155368461,6629.652532579596,402.0,130.02579052159052,8.0
29618,37038.511755608386,2877.1382408098953,96.0,126.75813299580847,8.0
29619,49985.37167057196,19155.837690914006,157.0,114.17282700204537,8.0
29620,33158.53842100997,7576.662361498575,105.0,126.48790691172245,8.0
29621,55452.347911243945,14001.848004298392,61.0,117.59958615204752,8.0
29622,54401.79460980511,1989.255546350002,119.0,140.61564369067366,8.0
29623,46999.60936300027,11744.039146201869,153.0,126.76868957404443,8.0
29624,46991.149199107764,1989.4475069253838,197.0,139.39383420662082,8.0
29625,39587.96880022789,1180.3271217101812,73.0,137.44987392034233,8.0
29626,26645.63047147258,3142.316493701392,185.0,106.48197582984592,8.0
29627,20889.9923997516,5223.754860553912,460.0,127.51125995941304,8.0
29628,21904.13818123563,5759.88621482339,43.0,112.24290145952705,8.0
29629,42089.034735614856,8655.535944857327,80.0,121.56069833414324,8.0
29630,23994.22143973801,1738.077527369842,14.0,115.93497534238185,8.0
29631,49688.16899540564,2361.2379934758305,63.0,122.04659592004077,8.0
29632,38822.70312583135,3772.123481732077,27.0,116.99420927971441,8.0
29633,13830.263978733203,9816.637466945434,22.0,103.11989291078149,8.0
29634,23115.609862075285,22581.28213557315,-243.0,105.25115131391648,8.0
29635,63004.65733785026,5491.241303073002,244.0,131.7226239323732,8.0
29636,31224.708546594728,19662.752308989337,120.0,111.93584721303847,8.0
29637,44514.46481017958,925.0641186158439,7.0,112.66398897877784,8.0
29638,18121.91410980932,10593.390709841298,11.0,112.24337606482165,8.0
29639,30959.93179437721,7845.271031591193,149.0,121.49284434823656,8.0
29640,27251.379691291953,2209.480122362982,71.0,117.16386917235339,8.0
29641,29581.192006771045,12552.674237005107,77.0,112.89428167618283,8.0
29642,7424.594615052215,1473.4673438159944,-4.0,95.39529412688209,8.0
29643,31983.746422768934,3772.123481732077,27.0,114.97617735351497,8.0
29644,55343.91575090585,1989.7496305644336,15.0,120.59852180656586,8.0
29645,53079.801975909446,4056.153485470687,147.0,131.26956079383268,8.0
29646,46135.035178404505,739.1814273542012,231.0,136.735373738901,8.0
29647,14481.02101712426,6179.124200873264,103.0,99.75629231007632,8.0
29648,40375.47271581607,2399.9612692357255,255.0,130.43746278152005,8.0
29649,31941.572050774183,1182.6930309514896,110.0,124.85907143596111,8.0
29650,28731.141667118532,8103.482501294645,32.0,111.28826899523112,8.0
29651,31822.21821791009,734.2378978000734,163.0,130.80430070012687,8.0
29652,40694.36889284017,735.0238491433544,94.0,127.13083133689453,8.0
29653,38040.708030671245,2871.571385591593,59.0,127.52912246934568,8.0
29654,23569.549152140728,3679.0496743456456,144.0,116.61633917725558,8.0
29655,37930.231392834794,3699.8609822705757,244.0,127.74688999423638,8.0
29656,19333.583185911277,11918.059437332715,192.0,110.83046086886895,8.0
29657,65429.63988273289,1989.688351318001,6.0,123.55893106595015,8.0
29658,19512.179478944094,11207.801168065396,45.0,99.16151370437443,8.0
29659,54656.89725297868,37633.82482568483,183.0,123.88695192205446,8.0
29660,31490.84037003051,18043.06446195099,78.0,116.56426225191282,8.0
29661,67176.02276687838,925.0075336195968,49.0,125.60934295009821,8.0
29662,35738.13858482906,34004.36834226997,-91.0,109.45172354965335,8.0
29663,45691.62237736721,924.844278323362,56.0,125.57883029025244,8.0
29664,29523.218044964615,8887.622885770867,186.0,120.4421058734942,8.0
29665,53639.96698233837,4039.0790236408056,75.0,120.97281887383367,8.0
29666,25109.734274317463,2945.337966866511,11.0,112.81034884873239,8.0
29667,61083.66780318874,1179.5109886665139,303.0,138.36827231483778,8.0
29668,55160.47009678949,5922.60342804952,33.0,125.48017306830631,8.0
29669,54813.46857036583,16713.76571337709,235.0,121.58515831742784,8.0
29670,32885.66732831812,11128.395515331695,88.0,110.5722455808863,8.0
29671,41988.87976536307,6627.384839606577,175.0,124.82619851263544,8.0
29672,35164.96010675647,925.0833237164046,63.0,121.2665878608063,8.0
29673,50123.997451104246,1184.519563594748,32.0,132.0636112529755,8.0
29674,46043.40431613367,27317.401573502848,180.0,117.59655960993757,8.0
29675,24217.319628384175,12112.678026804067,178.0,112.64608442353551,8.0
29676,29518.393005803293,736.097769512479,11.0,114.20050235485846,8.0
29677,61201.715119239474,1180.1726036244902,98.0,136.53735109362788,8.0
29678,27642.93364462515,1736.3229966910299,141.0,112.9925097990585,8.0
29679,30604.366664573812,5768.329372425081,51.0,118.97911099528744,8.0
29680,56734.322934595766,4856.290441371119,48.0,119.92015293607693,8.0
29681,25663.643751176238,1474.7435617588185,25.0,110.55905112517462,8.0
29682,41118.37686604523,6653.852172519463,61.0,115.04529983191321,8.0
29683,46261.351300810464,27192.74268072219,109.0,122.46802179589795,8.0
29684,48977.35131655365,7119.663135435113,28.0,120.01669910375666,8.0
29685,21274.18774747268,5907.866431516786,371.0,126.90035086688641,8.0
29686,22597.286587305825,5473.795064198709,234.0,121.94912923222986,8.0
29687,34060.10671908695,5754.712732059159,191.0,112.72076942338778,8.0
29688,34599.89283865083,4051.823253329617,145.0,122.78770836351143,8.0
29689,42715.77320349042,3144.2138554123194,45.0,118.39175025667988,8.0
29690,33987.65674178312,737.1539151855867,56.0,117.06601858091574,8.0
29691,27816.65019302407,1183.2545972589674,32.0,113.57987715315359,8.0
29692,52900.93912647558,1179.4845261248347,34.0,120.6452904396671,8.0
29693,45755.91986730881,21893.265469365204,111.0,124.56154362613469,8.0
29694,28946.79791351251,6916.379910752541,21.0,116.7985842993476,8.0
29695,56536.237363338805,19210.95291301687,71.0,125.22834381176843,8.0
29696,33159.65838768056,17703.15138942813,85.0,114.52436300704096,8.0
29697,62283.96412544114,22510.028305151332,61.0,119.08492991055121,8.0
29698,7544.2711114600515,924.8958707033689,67.0,102.85774850112736,8.0
29699,12663.221816138126,4792.990105935895,48.0,104.06316708071341,8.0
29700,60763.137254359375,50572.40277872081,116.0,119.12165954186241,8.0
29701,28253.20620715341,5242.9132656096235,45.0,119.21731143887027,8.0
29702,57376.17473364686,11397.592186991624,63.0,120.4352455592223,8.0
29703,29332.99719823213,739.0699170852163,106.0,127.37022866897533,8.0
29704,59758.628723980815,18503.040444605744,76.0,111.8099344172203,8.0
29705,22455.447776269495,7089.127585769171,387.0,127.21169497457652,8.0
29706,42098.0927873204,1471.274468699349,44.0,120.54690986800716,8.0
29707,49030.41604081491,17865.401593637067,95.0,114.96522068331747,8.0
29708,67610.94906428446,26354.11457895001,76.0,113.33288978055921,8.0
29709,41535.99533993851,735.6116704265431,90.0,126.86545623192414,8.0
29710,43841.54152969662,2876.4763045951763,187.0,128.41748176307502,8.0
29711,26338.269649786485,735.465105639529,18.0,116.64195328915541,8.0
29712,24339.94265792069,1183.258622826421,8.0,112.64301474948782,8.0
29713,42802.362955595745,8610.48583070567,96.0,116.80283437758939,8.0
29714,40680.69807210169,1183.4124886442346,186.0,135.1612399191578,8.0
29715,27502.90284683894,5471.146065309686,15.0,115.2186988516498,8.0
29716,58922.22145090793,4036.2742195998712,364.0,135.14087755278382,8.0
29717,14836.523108426558,11920.566665954584,-5.0,106.63112809734339,8.0
29718,47807.52193843365,26277.681813625983,99.0,119.92457305620835,8.0
29719,47061.27451411624,1992.259771710793,61.0,120.72999323301136,8.0
29720,61979.42206668795,41598.17409626659,45.0,118.31721401963989,8.0
29721,54593.04099653979,3551.7646681032197,184.0,121.21734028994294,8.0
29722,41795.8994444597,4734.768289732169,163.0,124.60081963383236,8.0
29723,55329.162878268995,4037.8419779276983,86.0,122.26063282891279,8.0
29724,18443.353893757772,1737.953716404591,28.0,111.46019457521588,8.0
29725,40513.270825942105,32238.39517885926,153.0,108.95576645875519,8.0
29726,63299.205446420536,3554.6340884866554,92.0,121.54000523729431,8.0
29727,6282.1385035721605,4308.139488779629,69.0,106.61086534600197,8.0
29728,29825.87605400816,924.8378456248929,53.0,114.24026688857603,8.0
29729,32780.08068630653,1850.0220805598228,42.0,124.85643232621359,8.0
29730,29589.080668306633,2870.0502821023692,166.0,125.1214052481249,8.0
29731,8698.81791187807,736.7156921655634,72.0,112.15597682000089,8.0
29732,28711.901720427228,10594.400346023911,132.0,109.50534551639831,8.0
29733,48938.383158855075,2360.912019817264,74.0,128.01474116703076,8.0
29734,45095.900166812906,1180.111713785987,28.0,130.07158459555447,8.0
29735,43917.07158675758,9745.279595850967,240.0,126.97746840918256,8.0
29736,33803.26538181367,1180.4206974355623,63.0,131.5271577413057,8.0
29737,38763.41856549858,3541.766348410776,176.0,133.1711474301649,8.0
29738,55168.3106938687,924.998251440494,12.0,116.43583744127197,8.0
29739,36549.142339241844,924.9651215291126,81.0,123.6023533581636,8.0
29740,38698.1780005373,22265.597318795502,73.0,113.48989279700949,8.0
29741,54092.49734134973,733.1932864632703,75.0,140.59256749951751,8.0
29742,22761.2648068394,924.9545415423837,16.0,118.28715397679943,8.0
29743,27816.922595336862,16270.26568598009,58.0,110.65490242701425,8.0
29744,54621.55296808282,3771.3867298721693,207.0,127.20195057906301,8.0
29745,52844.789128535995,18386.465331005656,147.0,125.55506620228354,8.0
29746,21886.953440644942,924.898962370561,184.0,126.72734416928883,8.0
29747,52053.85601615112,1989.3832178185987,215.0,129.8827332670317,8.0
29748,32917.810467998104,12153.972212485573,111.0,107.90061183201911,8.0
29749,10677.237324884078,9968.207088539208,-79.0,96.98703299286893,8.0
29750,29574.315762923343,23737.260142325118,-101.0,111.11653949681656,8.0
29751,44069.21194282843,2870.517537354956,28.0,122.73518618244393,8.0
29752,50204.63916650158,5130.561683117553,28.0,123.55703086913996,8.0
29753,55961.731784773976,10180.643630465016,433.0,114.44874392187839,8.0
29754,28629.547878897763,4050.3431079561706,87.0,119.70852910598546,8.0
29755,53728.00620685999,45450.29961644393,153.0,111.72476286140112,8.0
29756,18809.303655753458,12647.665175822267,23.0,108.30427260026241,8.0
29757,25572.840164185134,3143.066442373526,36.0,104.55691425569515,8.0
29758,15366.637581635257,2363.6624462747222,72.0,110.79713032874807,8.0
29759,63549.744958289135,50752.793381675765,87.0,120.41495028634132,8.0
29760,50747.53850775098,31735.186604182225,84.0,123.25489818141983,8.0
29761,44951.81682877554,1180.394041673803,134.0,141.08108287083212,8.0
29762,15140.125975884624,3544.5054653289612,81.0,122.01031083700747,8.0
29763,27183.689323863513,1849.9259226643685,390.0,131.88453703388265,8.0
29764,34646.74456108669,16202.47598544595,163.0,120.0220818575593,8.0
29765,58893.83589807244,50630.37657231804,153.0,112.15165207106162,8.0
29766,17683.216367286503,4306.899030826043,48.0,98.8894021143055,8.0
29767,37326.51976893611,22079.03098229151,-17.0,114.49288963628413,8.0
29768,21167.485072045158,12149.231685276436,10.0,102.44954291498408,8.0
29769,27313.63983508597,2871.3169711405258,227.0,120.44000283090541,8.0
29770,11193.586956056131,1472.0558191921712,81.0,112.77965167366645,8.0
29771,33615.76100712866,3799.234165881133,100.0,107.45327031224156,8.0
29772,61395.586131017575,5208.675983491267,32.0,123.90236736030175,8.0
29773,45488.44317660291,2360.783960868504,84.0,122.37349057924375,8.0
29774,43198.80921370921,6872.1301930056225,144.0,123.93520756704368,8.0
29775,46405.37448125292,20782.669006768247,6.0,113.1423551987561,8.0
29776,25016.907573511315,1849.8597536983164,93.0,120.13944150789033,8.0
29777,44521.116777388714,1740.6833134016663,63.0,132.62456875776846,8.0
29778,27038.99945046909,6665.344385339672,88.0,111.05991453430084,8.0
29779,22762.534258367526,735.2337908340859,16.0,110.89299101173172,8.0
29780,32221.464926053242,1180.5000383013407,44.0,112.7876792588377,8.0
29781,38190.29169250207,12578.940215971767,111.0,113.21746995947204,8.0
29782,24947.599977700862,6842.952947562182,92.0,115.39639870545683,8.0
29783,27253.766707235787,5213.714778002386,21.0,117.30853463591512,8.0
29784,49583.14498379422,734.830667019401,25.0,126.5353189773248,8.0
29785,42067.986697299086,3542.7292686164124,14.0,120.52213502648483,8.0
29786,4853.34231820331,1181.6455457566528,53.0,98.3896412989167,8.0
29787,38660.15334320651,735.1769324320655,72.0,138.87736332646415,8.0
29788,47537.38575629849,5598.083572954628,127.0,122.64934788087193,8.0
29789,41992.70207047091,19231.27241215241,269.0,110.17132772583366,8.0
29790,51386.76475685751,3771.4880758457657,276.0,131.26865721701768,8.0
29791,50171.96542035741,29406.98776284717,111.0,115.05779758270832,8.0
29792,40454.55467986446,23433.0478600101,183.0,121.33081516018999,8.0
29793,18820.525240049843,1472.418075716368,22.0,113.80167276939973,8.0
29794,23135.324063648655,1849.9470328787738,82.0,107.29955397092348,8.0
29795,38190.805163889585,1184.675157515545,48.0,119.20130026099793,8.0
29796,28033.989074320267,4114.128949431907,101.0,130.55270109348908,8.0
29797,44197.59309196521,737.785682266958,100.0,135.9859797764048,8.0
29798,35788.237690217575,5859.528311438158,308.0,119.28570039841136,8.0
29799,47538.39338197349,1849.789973744651,28.0,111.475389271428,8.0
29800,51982.686057509694,924.80661554837,22.0,122.4586350981429,8.0
29801,39214.84806159593,1181.5751061647202,10.0,114.3668866140581,8.0
29802,56427.68200791543,4597.811075796086,41.0,121.83354881410767,8.0
29803,53237.3699576384,1179.6419559904207,89.0,138.9300359502611,8.0
29804,49110.50916330135,12970.364058714165,192.0,128.98938886387526,8.0
29805,44931.14585130086,734.1517167211964,5.0,115.0982357789392,8.0
29806,49474.84072938517,30426.079494561814,102.0,120.44902147159554,8.0
29807,11092.276820890123,10250.693158933596,-99.0,99.60227295564336,8.0
29808,36833.716173832734,15439.522448788726,239.0,124.50585609312205,8.0
29809,29597.39281715818,11943.064921918482,4.0,115.05903425222178,8.0
29810,63295.286269875265,17316.651650126485,63.0,121.9083930451487,8.0
29811,21057.595638813353,8759.555069421922,144.0,120.52584289269856,8.0
29812,44483.594311207315,24537.593680286805,133.0,122.1353817354678,8.0
29813,35232.02125588748,23636.335761703234,15.0,114.27380948437984,8.0
29814,46250.8772328132,23133.93836301666,282.0,116.12712051139125,8.0
29815,27463.294839680537,3772.4967481976782,82.0,125.80308900637999,8.0
29816,22327.532691834822,1740.4172041518311,44.0,115.01341251318652,8.0
29817,62847.5911446122,5490.391424818514,241.0,131.33324501852022,8.0
29818,11707.527510045316,3477.3606948990027,54.0,101.1982107917568,8.0
29819,45767.93387142098,2401.137912575312,179.0,131.96662008492228,8.0
29820,11654.625932530353,3089.849834491211,-4.0,99.50409383776146,8.0
29821,52954.01572073402,5739.667594268621,389.0,129.09274485081198,8.0
29822,64240.14868679427,1179.70072214128,281.0,138.12246166717608,8.0
29823,56247.55809706142,53882.89593942406,-106.0,118.23625923634961,8.0
29824,46804.63876602383,734.1911139667208,25.0,118.71635906399273,8.0
29825,38023.41998670081,2388.4656849112716,101.0,131.68419457266293,8.0
29826,25493.780741411556,924.9222156251915,127.0,125.14706252512975,8.0
29827,48237.47402522768,3699.9177522912364,157.0,125.94627481207272,8.0
29828,30549.165348271916,7495.908443392881,36.0,114.61165165702157,8.0
29829,32885.268163925,20799.962033790263,183.0,108.64846965402973,8.0
29830,29601.453505630652,1849.8861089631923,23.0,111.39152389197646,8.0
29831,39097.8017984094,21387.982863747915,39.0,114.3899229121593,8.0
29832,50807.14507842549,5229.589434145832,135.0,119.38949223394312,8.0
29833,27758.12130776642,924.9258665187198,85.0,121.8470846719155,8.0
29834,46377.40442131554,5920.217821599196,151.0,130.3198864626674,8.0
29835,32308.17176657185,9273.41173636973,45.0,113.35118416915036,8.0
29836,24760.862198618277,6640.485521906237,126.0,107.45135313732115,8.0
29837,43587.287877365154,1180.8126589821431,105.0,125.6929198608301,8.0
29838,61423.586659931745,1180.382951451837,57.0,124.32752007680925,8.0
29839,30601.47395644514,924.8261293931081,35.0,119.0971795305075,8.0
29840,34645.78240585721,2208.420212717457,411.0,133.61633933483625,8.0
29841,35451.72372693539,7087.034737532728,21.0,117.11096728877473,8.0
29842,25466.967529511272,5224.325086114911,113.0,120.36547790748014,8.0
29843,41213.5157214425,20028.913527811386,73.0,117.34652968018283,8.0
29844,46568.080136532226,34964.577285607775,308.0,129.51965561184466,8.0
29845,23861.04615765587,5741.2136489164195,75.0,109.74314703005312,8.0
29846,38074.18232161571,20939.29234556571,163.0,111.19514770018449,8.0
29847,55513.61592599386,5899.772532125837,199.0,129.16423234813746,8.0
29848,35312.36569242381,26419.512690913714,-278.0,122.5805611485782,8.0
29849,51848.899398783346,1179.5688900566927,126.0,138.48600881566549,8.0
29850,63717.66854348962,6412.207660994704,237.0,115.15217742698934,8.0
29851,44711.64997265731,39235.81450119143,71.0,115.07314241118722,8.0
29852,69842.68308458246,11849.092924967881,11.0,125.74673401311179,8.0
29853,64242.98578481382,732.9265746640233,114.0,134.23397162190918,8.0
29854,27131.594254019947,3980.706194949391,30.0,111.68013186996696,8.0
29855,27179.325517895835,15585.208570910974,39.0,111.56371663123667,8.0
29856,55268.10350321315,1992.5200361305651,94.0,131.54056241956891,8.0
29857,40936.47784643027,2774.6894911746313,52.0,114.5038880966014,8.0
29858,43683.71983608893,30239.76768480885,78.0,118.7929286009601,8.0
29859,52969.45709041801,43473.69268731677,296.0,129.85278265191732,8.0
29860,49693.62565596186,1990.0385978624884,76.0,123.10214314137276,8.0
29861,15672.297194734128,5742.126339433363,433.0,124.77475551593724,8.0
29862,45493.82527590048,1989.6397831643462,102.0,130.67024266070962,8.0
29863,5549.55133598894,4624.660065332946,-13.0,91.33107743202879,8.0
29864,54747.830885677016,12819.123916056733,81.0,124.9908551026168,8.0
29865,53187.09693447916,27109.36397560243,-74.0,119.21233277466956,8.0
29866,8563.14701927248,1472.9055456742299,21.0,102.48642014179185,8.0
29867,62371.24786614225,2359.378318327956,46.0,130.57225258711625,8.0
29868,31961.267485680826,10450.280602036339,139.0,110.11341266242202,8.0
29869,25879.69512560678,924.8052301486553,233.0,130.58433848301615,8.0
29870,34323.16339639637,735.7575193378975,44.0,111.90192221296176,8.0
29871,54373.07207039828,43553.59287054271,128.0,113.3887616545672,8.0
29872,36962.41608118089,28688.517605711873,153.0,109.63207212164227,8.0
29873,29600.67892892034,925.0093980222509,182.0,134.0072934975392,8.0
29874,13135.928181924173,2870.584662560805,51.0,98.83648289070693,8.0
29875,27210.11635246098,4734.094195777346,40.0,118.16111639123244,8.0
29876,33973.023809373866,3473.2054271188213,17.0,113.18411593311392,8.0
29877,60766.9193635526,3554.7932750272275,72.0,133.63970670642442,8.0
29878,22501.125236749955,5598.154739061786,123.0,104.48128796462393,8.0
29879,47907.90818891072,21974.9967145523,139.0,122.76516180001781,8.0
29880,33497.905783587536,734.7446134737428,65.0,122.36223615543794,8.0
29881,60375.058126403426,39611.01910224011,111.0,116.7561152919609,8.0
29882,18435.393345134125,7482.0441018660185,556.0,127.3936227155523,8.0
29883,61716.14225766611,25163.109412332076,55.0,117.52121537047935,8.0
29884,40104.67800013139,2774.569356064897,68.0,114.57479975477668,8.0
29885,50587.24085386653,4682.770693510167,49.0,116.70649344435908,8.0
29886,43594.82668119258,734.4473220200651,51.0,122.98884730449237,8.0
29887,37610.49800505366,1183.1060082760855,106.0,123.17205864961741,8.0
29888,18526.713024666686,6921.768048460682,18.0,107.11007275064999,8.0
29889,43505.8080518648,22172.15300709648,170.0,129.66036263924454,8.0
29890,45308.6004317572,15384.30855684654,301.0,128.00034930428754,8.0
29891,38100.30435990702,16708.789518891517,200.0,124.7080813491286,8.0
29892,50246.056425593655,6638.764643961352,33.0,121.23650534183756,8.0
29893,48604.813637992345,1991.9099131906826,115.0,128.74175687871832,8.0
29894,43252.156453425894,1990.2223757518025,30.0,120.3258836997879,8.0
29895,28877.132191201854,5768.022577929984,213.0,122.94414403525379,8.0
29896,12691.073278173144,1182.637440465755,11.0,101.17077221504267,8.0
29897,51663.63856600077,6638.011459702553,220.0,130.7894748191165,8.0
29898,41475.479590518684,10589.75788649431,109.0,117.94320567393021,8.0
29899,33692.53906738015,2870.019449814031,77.0,115.99099392139424,8.0
29900,58373.06636170327,3539.233608105168,63.0,133.8749060688587,8.0
29901,30178.2965330019,12792.875794355517,97.0,117.68618804834499,8.0
29902,63517.491794889895,1185.052113941378,92.0,131.6000560841781,8.0
29903,52792.074485523306,5901.942483787301,21.0,115.86918736412962,8.0
29904,43058.67848291624,2774.983619261854,24.0,115.65798272906265,8.0
29905,54448.8344102055,46170.28756262724,153.0,123.39417464929963,8.0
29906,40704.64643516936,9249.696478554286,42.0,114.88675526880172,8.0
29907,51158.802298462644,37878.96586311776,153.0,123.39805920726982,8.0
29908,34725.968115709176,18731.802718976924,212.0,110.32135474741362,8.0
29909,21674.835044904205,8236.078163904145,60.0,108.55370848685268,8.0
29910,46375.54596598426,5976.900922557549,44.0,116.96346655400531,8.0
29911,42698.080213629975,32448.09432881873,122.0,122.4352258702935,8.0
29912,30176.536258464672,3143.4772821845913,244.0,138.04262413881168,8.0
29913,41224.84796103801,8098.679426567087,26.0,116.79044380430562,8.0
29914,23875.753420926532,3481.367819432989,59.0,116.81795867866701,8.0
29915,15176.99440093773,3793.979951246718,42.0,101.93844193980068,8.0
29916,65651.46667471876,1184.5850564851569,42.0,125.09572801053267,8.0
29917,37929.427822986385,1181.3895307422704,19.0,119.7538708207592,8.0
29918,8612.00377509519,3772.2006410019617,40.0,107.17847048868487,8.0
29919,33316.86559346651,6287.155083223592,268.0,131.5666858530306,8.0
29920,55730.76653302047,6274.79038905835,47.0,123.31689321576418,8.0
29921,53011.47230316423,12320.433308605203,63.0,119.13512792582202,8.0
29922,30179.136688053986,20679.298134429155,329.0,126.49949928933367,8.0
29923,53598.00469391238,36594.689492753874,103.0,129.88651249983872,8.0
29924,19023.441737867568,18458.320758068316,-540.0,98.03356507490199,8.0
29925,48314.52385999375,3471.6171701303283,181.0,127.35599571630515,8.0
29926,40410.43828470824,19642.5287560973,408.0,126.19110253226835,8.0
29927,42344.19457449809,1991.8675922365944,81.0,118.97365844009975,8.0
29928,51302.76267942712,32674.41639659292,134.0,115.1504059898065,8.0
29929,50394.07009416148,1180.2048629370945,195.0,133.1938404325535,8.0
29930,38047.957701142084,737.8674863247797,42.0,120.81216269563264,8.0
29931,39936.75334355324,17609.266388849268,401.0,129.20015631396683,8.0
29932,36849.49816805895,2210.5763945280846,94.0,119.35928646202755,8.0
29933,38311.76984286254,5155.542207117546,446.0,131.77298290421334,8.0
29934,64362.41707388767,24865.90128363848,72.0,123.3754198080129,8.0
29935,32278.04941294351,6389.55849357364,90.0,111.12827509373614,8.0
29936,21915.357986551695,1740.0929437486361,33.0,116.14113461121443,8.0
29937,45182.73982748857,43443.07639049859,-157.0,120.26990198080645,8.0
29938,20079.69687197778,1472.3447731234085,152.0,122.0664143281481,8.0
29939,55617.71194298056,42611.5066584854,99.0,119.52815009889505,8.0
29940,45577.42521597748,25638.580538350536,133.0,122.34155195926954,8.0
29941,45912.89814717448,5597.806586284521,505.0,134.03148668857287,8.0
29942,49942.1578957002,925.0116624802502,113.0,140.21400643291815,8.0
29943,36655.74971066091,3541.7245619218447,171.0,135.4429577896129,8.0
29944,57068.04516162815,35052.98901334563,191.0,129.2355377454847,8.0
29945,30192.055731018063,1740.7797903733315,148.0,125.58100273205874,8.0
29946,41674.72698785891,15718.64870648571,88.0,115.9097072349663,8.0
29947,50642.208524105714,3984.5648918023403,53.0,129.53926062456185,8.0
29948,42468.39187431447,12674.49441727295,157.0,123.70486188011606,8.0
29949,32733.42532072179,1738.385293294087,189.0,128.10823807898325,8.0
29950,64693.41039164569,12265.739767210825,241.0,134.09671952749602,8.0
29951,48184.80367973872,29632.963803875566,325.0,109.55561934984321,8.0
29952,48625.036560329056,6525.5133458929995,87.0,122.39382023986936,8.0
29953,15897.036622465172,3796.278370505141,45.0,107.86224821721787,8.0
29954,42762.911548060314,4040.2572917144407,34.0,120.73700818276697,8.0
29955,16853.298098632917,14495.020064235114,14.0,108.1955581121814,8.0
29956,30432.322749026567,29701.40628679513,-542.0,102.47088897100289,8.0
29957,43069.82022705728,5743.303325567791,77.0,117.78250286081727,8.0
29958,50148.11220711623,3483.5619200744936,156.0,127.03707611625566,8.0
29959,49029.93948576937,23087.549619976904,139.0,122.96198119009217,8.0
29960,27132.653698252452,5860.237722914501,92.0,115.94292864189529,8.0
29961,19499.912553116505,735.1516153667646,71.0,118.52530294889993,8.0
29962,27903.896294312217,2774.7235486168097,46.0,113.91995578265198,8.0
29963,21304.874722733726,734.6917085658296,3.0,107.48482890360842,8.0
29964,38711.04498823981,4517.186871121945,448.0,132.48266742867213,8.0
29965,17856.633262240288,2880.0944297608157,21.0,109.31659455417794,8.0
29966,61770.33100290182,741.2808687832794,67.0,134.23600274861985,8.0
29967,42698.07079072606,1184.4353643697964,9.0,124.70647301123581,8.0
29968,38199.195865207184,15384.356391582041,320.0,129.72737088835476,8.0
29969,29102.105758039208,3084.5046382048704,165.0,112.61414478233404,8.0
29970,47113.68725980032,1183.7705945343585,68.0,132.81385772231852,8.0
29971,30005.823497182944,924.8189315313158,85.0,124.67142180482224,8.0
29972,35250.92943613963,22952.926617519937,64.0,115.78917173686509,8.0
29973,34667.754469136,737.4694756813101,228.0,133.32720145808307,8.0
29974,17740.987497516526,4731.820848168909,320.0,124.38624591641903,8.0
29975,33351.733228850186,13422.476183961231,85.0,129.3615226039122,8.0
29976,56956.086941003836,15703.835999818026,72.0,110.61252691035465,8.0
29977,28582.56569422988,3140.1456314205875,14.0,122.66590327828024,8.0
29978,65089.791083536395,58428.70789224378,80.0,117.14549526423741,8.0
29979,37262.72322952066,16080.016424916683,63.0,116.05801340602805,8.0
29980,29136.986352788033,4797.327858118054,139.0,119.7951380576914,8.0
29981,40228.660554558286,3551.7655697031346,160.0,125.24895144015424,8.0
29982,30840.356667617933,924.9514434629369,89.0,122.99913306915755,8.0
29983,56244.55111404513,1989.4778420970772,185.0,131.09154427728532,8.0
29984,33818.05460956351,1181.4667446896226,11.0,118.78238801227073,8.0
29985,18619.918403767944,2209.0340590904643,36.0,107.87608993926203,8.0
29986,42732.20658424035,30637.872414575333,183.0,118.02429656597477,8.0
29987,44889.3205647269,2774.532571161512,130.0,110.08227320981722,8.0
29988,33140.94722777131,15461.304027430524,45.0,113.36128828031319,8.0
29989,30883.174579628758,9704.066977528668,235.0,129.6474178074747,8.0
29990,56532.18715916682,3985.0016684791954,53.0,130.58588115094292,8.0
29991,8097.3134161315775,735.8109879128475,42.0,106.70318649580913,8.0
29992,36191.861274219256,924.9100110532987,48.0,125.72998132018567,8.0
29993,34120.21903267744,3980.833294073145,57.0,120.27909579311878,8.0
29994,16850.133297512923,1990.7683958120715,102.0,116.81014571762735,8.0
29995,59108.102062347105,57141.089069075155,-178.0,109.14824821237939,8.0
29996,34313.06695707024,26034.497628103472,153.0,119.85496402350539,8.0
29997,41453.13390205429,36853.32040518981,-1.0,111.59067526086167,8.0
29998,62966.82168566677,54692.733191906955,116.0,112.02671165107695,8.0
29999,20823.26007031454,7544.919182436739,92.0,114.50120754439784,8.0
30000,26088.13050695001,18001.31234103097,68.0,116.64311328821994,8.0
30001,14225.275156281756,11404.480738273742,-2.0,108.1082384855173,8.0
30002,25455.014707993625,735.8651178619534,103.0,124.24355541698787,8.0
30003,63535.759474765735,16285.250469042665,205.0,140.01663951029616,8.0
30004,39850.031993538265,4112.352512726405,76.0,117.32146232035277,8.0
30005,27607.382232109485,1990.3629961111458,9.0,120.63097043014372,8.0
30006,56431.857909264654,28792.938907614927,-27.0,123.42245416795873,8.0
30007,6516.260655647725,2774.779030014975,21.0,97.84867018933168,8.0
30008,63824.48349797645,3538.37308216054,453.0,137.6136955589108,8.0
30009,59339.78806021955,16875.679454395242,63.0,119.60043739299773,8.0
30010,43024.48655012301,14793.497214499628,277.0,126.30424645531217,8.0
30011,63007.78539250376,40682.26715002033,352.0,128.03608307828526,8.0
30012,24681.062108795468,2392.6630639773953,13.0,117.52659037015273,8.0
30013,24595.48185804226,11317.584340172556,101.0,112.77353570834929,8.0
30014,36049.34232714136,1741.1426386968437,165.0,124.4900152457734,8.0
30015,55730.65003963506,1179.8821260609914,141.0,129.52848713583455,8.0
30016,33369.2504846618,20586.360223897675,87.0,113.3688817608826,8.0
30017,20370.164675806616,924.982703470421,141.0,134.81030053354488,8.0
30018,24914.636650395194,16825.99771548279,68.0,116.25771639308618,8.0
30019,9974.005341347154,1739.1586386368492,46.0,102.47939311602642,8.0
30020,13910.536828486967,735.5875549408165,72.0,116.323472416948,8.0
30021,32671.80739069542,16341.683182908186,120.0,119.52810766850837,8.0
30022,28970.953335785194,2948.1467923309774,187.0,124.713823185792,8.0
30023,40895.076300271794,733.5077197226918,3.0,113.58360440417138,8.0
30024,19422.883932033485,2774.6647550532066,209.0,122.54284283165836,8.0
30025,54908.89682491755,9440.395038906623,146.0,118.34398953272412,8.0
30026,27817.760993152016,9510.362747040674,149.0,124.68472970075115,8.0
30027,52758.127245321804,924.8459076143296,50.0,130.17400187988488,8.0
30028,5965.449964778736,1473.646804294559,1.0,102.51326104323032,8.0
30029,58699.29806437857,924.8372281263037,56.0,134.14420088908082,8.0
30030,45206.00411810403,3980.1962096371476,22.0,121.8632098956913,8.0
30031,53967.41392469339,2774.9242536984134,39.0,125.44557773680128,8.0
30032,36140.01769673741,924.9314064243765,53.0,120.5817055993068,8.0
30033,25833.826855979303,8152.017967352157,43.0,113.26819059772069,8.0
30034,17855.04024548766,5214.269888170592,42.0,113.40494800283184,8.0
30035,52063.06264645335,924.8569402615225,9.0,120.36683275755406,8.0
30036,32724.31333789098,7116.979678597469,93.0,110.08602835472004,8.0
30037,23626.04628626613,8827.967227218965,38.0,106.89116030206701,8.0
30038,36661.58639659535,736.7909742211795,26.0,122.76709467929795,8.0
30039,40625.30663831002,4038.3520067716863,94.0,120.53078102496809,8.0
30040,33225.39130386076,734.7841529961639,201.0,131.91917391973442,8.0
30041,63421.56859525619,3539.0272747785693,316.0,134.56057190781254,8.0
30042,31738.03317990512,6286.86120219532,374.0,122.42291353087334,8.0
30043,44223.11007749349,7545.8634192114005,67.0,119.35856812831975,8.0
30044,26569.78916826022,5234.729163031959,237.0,123.43900070260648,8.0
30045,18775.607804527313,2209.4050005574763,162.0,120.55407221670026,8.0
30046,32135.507204514288,925.0174590793216,34.0,115.77143564172145,8.0
30047,38441.6692087845,19657.924454162174,185.0,116.19186420680542,8.0
30048,29631.110186337675,735.9214809934597,17.0,113.28849900420302,8.0
30049,20765.078358240524,11761.927460284092,-29.0,101.63046095839256,8.0
30050,43399.68201250481,735.4175054485548,47.0,122.3806201166014,8.0
30051,35074.986996204614,1180.1401217966618,18.0,120.60232557018755,8.0
30052,55908.96733485433,14563.963006720289,95.0,125.29926070445495,8.0
30053,32961.094394540145,13931.652513187157,13.0,118.9672210407982,8.0
30054,29529.7677891577,8890.559875157693,113.0,111.97619085089548,8.0
30055,36548.021053035955,1989.632412123818,68.0,124.83105801244389,8.0
30056,52143.11448271504,1180.0462066077314,36.0,121.9743065747115,8.0
30057,29349.55159258515,7721.0154197729635,49.0,110.5216635819225,8.0
30058,21946.78239763415,2365.7106901320144,73.0,116.01962606274081,8.0
30059,62885.66070697237,1179.940283446905,150.0,132.40189053814075,8.0
30060,41285.5095055417,739.0694663664312,19.0,116.53612990947462,8.0
30061,48120.645093240164,12024.966698659246,407.0,117.50224124150726,8.0
30062,39387.929358371875,22951.88328077841,73.0,113.68117156148914,8.0
30063,50210.84831261116,12113.433239348544,248.0,121.76048451864203,8.0
30064,52968.057580819324,1179.6108711501279,48.0,122.18642456487034,8.0
30065,56736.79799681337,17708.481802113227,43.0,121.07876498237329,8.0
30066,36874.06760992274,1736.3744766241473,57.0,119.44471726924029,8.0
30067,40966.31035360895,31011.053277378483,441.0,130.21427031155713,8.0
30068,38795.614392443924,6286.891053499255,111.0,124.10306045053676,8.0
30069,32194.027122620708,7833.119035246834,25.0,117.84819887034423,8.0
30070,47783.05066790334,8286.142969880806,278.0,128.06954464606,8.0
30071,53330.65658856303,15702.455353791249,55.0,115.79241350041622,8.0
30072,55995.76216692552,9092.621223728642,206.0,137.00795754712703,8.0
30073,57724.53865111169,2889.039206888123,190.0,126.71651068733007,8.0
30074,28114.493310642985,734.8366384667365,83.0,124.20323074596192,8.0
30075,48364.241055617604,5921.542153250797,63.0,117.51159033475892,8.0
30076,26509.312414525783,24774.960584055796,64.0,116.72614782225952,8.0
30077,36570.766190186856,16868.0532504207,73.0,109.99758316030496,8.0
30078,34096.932134446695,10981.720480435168,-13.0,112.19492038005464,8.0
30079,43571.66934250848,1470.657099367434,29.0,132.0266715693495,8.0
30080,34453.475598283236,16433.958030745223,309.0,125.89988593533892,8.0
30081,30177.607944851137,10958.443811148138,177.0,119.88248597382164,8.0
30082,55555.20488488082,4055.85309659683,257.0,131.56739113549784,8.0
30083,39114.14314973263,22790.612683521787,345.0,113.86884852759172,8.0
30084,42666.68022466301,16734.60421157559,139.0,121.78173888793475,8.0
30085,36999.716118573095,2878.3326501989823,116.0,120.61016990161244,8.0
30086,32452.84261842393,1989.9500205597694,24.0,112.85999559771545,8.0
30087,20217.35909031099,3090.471109315985,52.0,112.01294991010799,8.0
30088,39942.50978627677,13686.909126810175,68.0,115.36995928714782,8.0
30089,20467.993817017024,2774.7431640079153,71.0,108.48721812731675,8.0
30090,17884.526476126735,735.5561065930095,83.0,131.35440449087994,8.0
30091,48875.79788526255,1742.2591923321254,112.0,131.04253565735303,8.0
30092,17731.056064923436,9454.935537417452,13.0,105.93149296463798,8.0
30093,50213.85942239371,37523.2291738714,32.0,124.00817596001862,8.0
30094,8695.356837526308,6956.448400837446,71.0,108.5465035637425,8.0
30095,41649.11615829763,924.95245033454,26.0,119.47390256610873,8.0
30096,42688.937713901825,734.6797009221758,12.0,117.3133693845566,8.0
30097,50099.89730245866,12383.325229275739,50.0,114.10360489547055,8.0
30098,29336.45423365478,7583.856939561749,88.0,111.19300503496558,8.0
30099,52530.57627871603,1744.5394570884127,143.0,128.27700426509716,8.0
30100,60509.03109900899,1180.04016091913,144.0,132.88029474177605,8.0
30101,19020.203820436796,924.8873518094916,42.0,112.36038611041315,8.0
30102,19205.085379193653,1183.1768210886232,93.0,118.73656298003,8.0
30103,23414.08974606297,924.9205350314269,91.0,120.97085252504607,8.0
30104,7964.65638971584,7113.732273019381,-67.0,92.9784862741288,8.0
30105,43627.37564972234,1849.9787186731019,112.0,127.08453894067644,8.0
30106,45612.89225331598,4682.431733064361,148.0,132.10262002854745,8.0
30107,19644.96435132224,13000.91325964024,58.0,103.20443051861218,8.0
30108,47301.36507822795,21669.77394849358,197.0,127.06186338949435,8.0
30109,53634.26023886229,35097.05397154624,161.0,114.85693445714858,8.0
30110,34863.6626662763,1184.0343518606282,27.0,114.56232554881647,8.0
30111,53861.59363970192,924.9913621945528,7.0,129.972819201084,8.0
30112,46641.99263890065,925.0167009980953,33.0,127.09998034645781,8.0
30113,43805.45452042875,25190.25551942275,198.0,108.72454046020367,8.0
30114,56515.70011950468,9507.710783099961,15.0,122.23621720173055,8.0
30115,20243.876956093307,5849.75101627695,80.0,108.57869611242545,8.0
30116,38688.03495101748,17352.802842390294,517.0,130.65558572850173,8.0
30117,44765.600982467535,1735.295570344891,186.0,130.19806802453212,8.0
30118,33623.93952893948,13397.075440937233,71.0,109.17127186400023,8.0
30119,36529.591441753604,735.5906714495176,195.0,132.14340422951966,8.0
30120,66298.70453250929,924.6766947139627,82.0,143.1452190552011,8.0
30121,44603.27764772128,3792.7010709820834,179.0,126.74756732149646,8.0
30122,42589.891777824545,13370.053515319263,65.0,121.96984832419538,8.0
30123,38645.36306167663,5845.065208758744,41.0,115.31342126279542,8.0
30124,39561.03556793633,10823.362038380263,230.0,114.8910168951697,8.0
30125,53347.86561917409,32967.32534523458,88.0,118.75134289771428,8.0
30126,19596.54567116469,8635.403273654352,529.0,127.33514567197406,8.0
30127,65229.39268563357,5491.750992015958,129.0,132.87802712348025,8.0
30128,22329.22472277041,20596.583719322232,-118.0,113.57371669464382,8.0
30129,38403.23034865447,3772.261050310575,57.0,117.48592447958455,8.0
30130,58882.01673903381,1989.688351318001,6.0,118.4328169121034,8.0
30131,15561.68831795016,4608.434812607644,163.0,114.7692775922466,8.0
30132,61624.351009715545,4302.032174520442,202.0,141.45525227790284,8.0
30133,52428.09012816797,9366.760809874619,57.0,122.78865995357783,8.0
30134,54598.9149827518,28653.198236619504,88.0,119.8219272058181,8.0
30135,35273.44335890422,14513.196482965343,77.0,115.68203097016882,8.0
30136,31313.88470750892,14467.380812603682,45.0,118.17847888674294,8.0
30137,45059.625983205915,1737.0101712664834,103.0,125.63873569080809,8.0
30138,49287.141005465855,2875.380967238346,52.0,121.96918730771236,8.0
30139,57981.07330999957,2888.766412253076,293.0,133.9451496092469,8.0
30140,61362.0202359219,49753.513242892244,-197.0,130.35576706936908,8.0
30141,40532.87589950196,5895.224246253088,95.0,115.30407163180598,8.0
30142,37735.72553318474,3680.9846523920296,285.0,129.68168619942918,8.0
30143,48159.092684194475,3137.7390492115933,315.0,140.33077173259773,8.0
30144,23646.65896381496,1181.9246490147227,121.0,133.18661817853314,8.0
30145,52917.61348538721,924.7048871056389,91.0,135.179556488065,8.0
30146,3086.904998876065,1472.6312911291536,85.0,102.69770858090786,8.0
30147,34297.40006289656,735.1889502475307,140.0,128.93015626600155,8.0
30148,50510.86490630645,35476.37213288498,87.0,120.12237524535189,8.0
30149,51609.191615627176,5746.3215389881425,200.0,137.89146519963978,8.0
30150,54929.38407139999,924.8982300738365,76.0,130.55696360316776,8.0
30151,52907.08786669392,18500.8267185571,77.0,119.77311363267751,8.0
30152,47860.76553531533,1849.9758404502368,26.0,127.03040194423477,8.0
30153,51005.778398333256,15793.175804364113,54.0,126.60072130831782,8.0
30154,29002.329051395616,11087.89355588108,-35.0,111.57487232903117,8.0
30155,30562.921713918,1183.1129177855287,110.0,124.01280153977267,8.0
30156,60519.23743142299,925.2367562582067,39.0,123.20416214332468,8.0
30157,18808.392906245626,9022.539922940428,32.0,117.37987744402545,8.0
30158,19589.530997951417,12932.970023643935,40.0,107.3528188202052,8.0
30159,26913.457660243763,925.0117532017395,136.0,125.82386230786088,8.0
30160,36556.305236977474,2399.852488714109,233.0,120.68465101402955,8.0
30161,22284.13262988992,1991.4917707483228,21.0,110.96286439713255,8.0
30162,48339.838302065575,1184.1318285778284,133.0,129.33507011131022,8.0
30163,45350.43450398251,1741.5203342454536,46.0,122.68535675763277,8.0
30164,57175.38400743718,6274.089513702037,106.0,128.05421067503215,8.0
30165,17134.10329805649,736.829607637696,37.0,112.33033338454246,8.0
30166,29426.888151587817,1181.4143187252234,159.0,140.4339976925316,8.0
30167,26766.18567755348,6690.177862514486,136.0,114.0931077333027,8.0
30168,33542.52437557582,5904.7438106421405,59.0,114.96243932743025,8.0
30169,32539.72441265952,3800.3924996478972,188.0,113.06030935335285,8.0
30170,53339.999460005965,3772.7309589893866,38.0,119.15533286195075,8.0
30171,40686.73138914098,7560.53280207727,162.0,129.58991903641498,8.0
30172,13873.54344689187,4624.5209577709475,145.0,115.20875160091434,8.0
30173,47345.76552757218,739.3446965652091,61.0,126.02404450988156,8.0
30174,14799.10895780885,13874.10443464292,-163.0,104.3885740457537,8.0
30175,19387.971848272224,2366.0042006738477,170.0,124.97238951283562,8.0
30176,61982.63711810061,2359.3654084921086,23.0,119.44822962316377,8.0
30177,61542.0801831075,1184.8418903212207,79.0,131.04546093633456,8.0
30178,45917.8602622222,1182.9468220614137,55.0,122.64415172893202,8.0
30179,38202.42587243484,3984.571411090469,18.0,121.84696824540859,8.0
30180,36229.21372460936,6963.196310755818,341.0,128.53813385078942,8.0
30181,38992.12439409565,1737.276452581621,55.0,118.90943189005377,8.0
30182,54518.9602482389,34137.67119831083,88.0,118.91576526106509,8.0
30183,52494.9529635908,9824.755424215673,382.0,127.22344752023446,8.0
30184,14426.343173754589,4047.1664539527633,16.0,112.34773592139882,8.0
30185,49167.017320801526,42526.98582943328,-36.0,110.9186806243055,8.0
30186,31326.631475938317,1181.496646852101,19.0,115.99855167670157,8.0
30187,59173.02212370602,15623.989318116191,-6.0,123.56418130633806,8.0
30188,38541.43210570213,31900.84495104298,74.0,112.8081325334825,8.0
30189,28391.306549439825,10649.868989583181,271.0,123.68682166198973,8.0
30190,20892.016713957055,3549.6574211765924,18.0,112.47333955804774,8.0
30191,41629.63872054972,4624.850838513854,115.0,122.36035131217861,8.0
30192,62102.232750346346,16291.025864355039,21.0,124.2464454782047,8.0
30193,33231.04410365946,4784.407512229871,10.0,119.53974230146467,8.0
30194,36381.246408928215,4723.388564586267,-54.0,114.61918678865837,8.0
30195,59624.64870705475,14159.303899613094,42.0,118.82396579026765,8.0
30196,45161.08502446054,1179.7963810079693,27.0,130.70114214110913,8.0
30197,44800.545632357425,3083.4882798849294,192.0,127.70180739444879,8.0
30198,9967.832443339143,8308.694171744097,65.0,108.69231776226769,8.0
30199,24454.023230849925,2209.2249236299203,33.0,117.56233174049379,8.0
30200,18534.913184387577,1740.4172041518311,44.0,113.04663072147365,8.0
30201,21910.03743974282,2391.7960405411955,372.0,118.30074977956258,8.0
30202,5851.115672323313,4787.237113441197,-50.0,106.6715242408993,8.0
30203,32472.184144355226,7720.78993659834,45.0,114.7886430230086,8.0
30204,36061.64720204614,1180.6186945729175,34.0,122.76149692978714,8.0
30205,18820.674537854593,9263.149312656447,210.0,102.64898559725266,8.0
30206,39108.33349534063,1182.9626664169177,101.0,121.21016203361377,8.0
30207,45016.95951841227,4722.017929435509,106.0,118.01861160305906,8.0
30208,22915.172909331617,2210.660238431211,51.0,116.41882381812596,8.0
30209,19696.62382158031,3086.433962039426,164.0,109.79512202970636,8.0
30210,30001.231084061495,13269.307411029013,25.0,123.14312955481944,8.0
30211,37365.03031649475,17828.226757101133,77.0,120.65917240067219,8.0
30212,24207.098154827676,5222.251088686251,74.0,116.94830378775893,8.0
30213,13768.15658348084,8314.123454020537,17.0,105.78411067134657,8.0
30214,39843.60085807282,734.9145424650105,116.0,139.22498401942806,8.0
30215,43189.19621211924,924.9614842605517,8.0,116.43256523182829,8.0
30216,42076.08115437709,7107.8014845486805,186.0,128.37813583654054,8.0
30217,44902.14956128855,1180.2540253236793,52.0,118.51357517217902,8.0
30218,24235.515544196354,735.9407967448261,47.0,117.43117454829282,8.0
30219,50765.66152934559,20843.496861170363,265.0,125.95247589094839,8.0
30220,36860.67924854088,1184.4990343869042,35.0,116.6101985013236,8.0
30221,5762.01751069798,4046.759862296649,0.0,95.12018377639511,8.0
30222,43263.206490014665,739.7321475088019,38.0,120.86867624033337,8.0
30223,38410.02543337057,4735.108284595376,273.0,129.39539127588966,8.0
30224,31472.810069306983,11076.41483475346,71.0,119.21394807533025,8.0
30225,52475.91952253252,2875.5806675936683,71.0,121.49557317346934,8.0
30226,32883.09986974158,17309.417792578053,178.0,123.15597321579686,8.0
30227,48892.84688008122,10623.7221604897,166.0,131.92392042667012,8.0
30228,47547.2402955883,7102.410709394943,255.0,121.96660567850174,8.0
30229,37933.88108489147,734.6797009221758,12.0,119.62239405117779,8.0
30230,52470.31188999609,4052.8196028003463,98.0,123.97674140994984,8.0
30231,11776.654128603657,5888.692092076975,209.0,96.13450220100304,8.0
30232,44920.222493817746,2870.148512386657,18.0,118.63844828666238,8.0
30233,11070.415324509222,736.8127035891276,109.0,117.77673220218898,8.0
30234,22189.696866252038,1183.3268017269245,37.0,118.9138856779517,8.0
30235,27107.280933351303,9978.671464967032,157.0,111.55891628178757,8.0
30236,44411.25762838986,4112.948443303067,363.0,132.31684718305297,8.0
30237,51105.07673999739,34082.05726206864,179.0,123.30083667929712,8.0
30238,56453.693966299594,924.8186714635444,48.0,130.2478962725205,8.0
30239,64658.563196025796,1989.5423534278623,143.0,131.96615760579186,8.0
30240,36390.26367016186,734.4208887236264,94.0,126.15931320475202,8.0
30241,26833.60315183694,4624.858660246306,6.0,111.41511956513622,8.0
30242,44059.532007155634,924.836222238655,31.0,128.5793284426097,8.0
30243,61603.99928771206,924.7016936109221,41.0,131.35527439064876,8.0
30244,9706.098757847814,4853.0569521741945,27.0,112.57536930044103,8.0
30245,54146.14638717351,924.9155758070314,64.0,132.52103234255682,8.0
30246,56629.703181033095,46382.954621097895,337.0,114.17494301802529,8.0
30247,39710.09892037544,1180.7440979955531,36.0,120.13061827080136,8.0
30248,59789.194749302835,925.1048841574027,22.0,123.37275000711256,8.0
30249,16307.244128042894,4514.1962651942185,73.0,107.11034407885805,8.0
30250,43653.95810585658,13739.477365734629,325.0,127.57689546752223,8.0
30251,49618.73739728623,30583.62212359932,60.0,123.0635092962944,8.0
30252,19895.468497556878,12547.011191534884,34.0,108.12451611029307,8.0
30253,47782.67968770057,33022.09885863109,183.0,109.81924997248576,8.0
30254,10305.644957743478,2944.142855978738,59.0,106.8625981231195,8.0
30255,27291.918399650116,11625.978120468819,250.0,125.21973818693145,8.0
30256,41678.94166716343,7435.87969072754,144.0,119.99938825086562,8.0
30257,28609.02601144176,26940.87726389502,52.0,117.28832906162589,8.0
30258,46599.4122698795,7102.451789205173,270.0,128.15270323147092,8.0
30259,60666.789826420194,1179.5661046611856,20.0,127.82495326151148,8.0
30260,20624.85428993885,3682.6278097830473,180.0,120.17602347736536,8.0
30261,63311.381950854055,1179.401563503665,37.0,124.52554574380825,8.0
30262,27286.773267652363,737.1603168202449,116.0,125.19246170326542,8.0
30263,14267.41154663796,5964.2786912510755,8.0,110.01457213395918,8.0
30264,34306.92325418231,27913.19060373108,-8.0,113.35860514640567,8.0
30265,18525.602042507755,2879.392770246023,39.0,109.97490471199399,8.0
30266,46622.97087210458,733.5408974396851,228.0,136.791168299975,8.0
30267,29770.152175268962,22586.23248525149,62.0,120.27777152187386,8.0
30268,44829.90182984356,736.3423549323878,53.0,135.3386994886273,8.0
30269,38766.849665593174,14055.746394587191,332.0,110.39488881048099,8.0
30270,25839.70262068747,7723.579762935258,140.0,107.47234145395237,8.0
30271,67033.0552496584,1730.8237474044438,164.0,146.15972496961763,8.0
30272,43710.04634016065,35411.170574480806,116.0,110.13275072041202,8.0
30273,55247.13799743466,1992.1363518155963,64.0,126.00565698618678,8.0
30274,51785.17119932411,41829.30523619498,404.0,131.85521401377878,8.0
30275,13474.103449360684,2363.957635501179,68.0,107.33263433939089,8.0
30276,58564.892476530855,4738.594599811027,421.0,127.27661209485811,8.0
30277,28463.172523251586,1182.702826805461,125.0,109.74464015788236,8.0
30278,37414.70816590178,29116.363828417376,76.0,109.53724610347395,8.0
30279,49780.05998385656,3540.2253403313257,235.0,135.78501784362942,8.0
30280,8240.385044728358,6511.5224692692445,77.0,108.2624653994101,8.0
30281,28544.175031380717,3089.4163139671955,287.0,127.89982403538644,8.0
30282,37135.22227516587,1474.6714687540766,40.0,118.13455362690179,8.0
30283,34024.73184475509,2877.1354370827344,8.0,121.77083512444162,8.0
30284,55901.85327769095,45322.72107987557,258.0,130.15895872935388,8.0
30285,42116.988410987025,738.4398945823274,40.0,125.05775084826922,8.0
30286,29767.88908383005,6505.209033754242,69.0,115.83740221852405,8.0
30287,34697.575314439266,4851.485330832785,228.0,140.26884712974223,8.0
30288,67014.77207131863,5473.562156653068,192.0,128.28832498007915,8.0
30289,49289.18117095659,2369.4714755584646,71.0,127.21902777193375,8.0
30290,22210.257485923605,21285.897438748034,-77.0,106.92926959486056,8.0
30291,44902.33422639294,35695.83077321562,-247.0,121.58026032157107,8.0
30292,58641.140574056975,1178.8959853865665,170.0,133.2405763503518,8.0
30293,19160.48268752606,1472.418075716368,22.0,105.61066394001533,8.0
30294,37003.470269046404,12023.48046035396,362.0,115.02417548248968,8.0
30295,35960.626056113644,23669.19317668421,64.0,115.99900743216283,8.0
30296,31862.91055329179,736.5935144778589,112.0,119.80550710528895,8.0
30297,53966.77972188704,7435.677812156637,473.0,133.75267914643842,8.0
30298,33477.058852007765,9037.867104912695,183.0,114.8350472690959,8.0
30299,55692.64659747071,2358.880277099582,44.0,119.46465288019566,8.0
30300,37716.831418097136,27478.254515941648,191.0,122.23193832407375,8.0
30301,36900.46792282552,22802.658795225998,163.0,118.24676881814722,8.0
30302,39047.79172009434,1471.0087721661685,88.0,122.9534792969824,8.0
30303,50717.57438756424,1744.2318316884828,148.0,130.93643050344616,8.0
30304,48147.73277234857,8356.960337551767,143.0,116.2123234729424,8.0
30305,58006.16916617944,41912.90363971941,91.0,130.69991841426415,8.0
30306,21553.513956652056,1183.2105402097734,78.0,115.159716194265,8.0
30307,50139.98705203395,2774.5417987602696,46.0,117.30977777445644,8.0
30308,61156.86781512074,732.0365759041157,58.0,134.71798686977237,8.0
30309,30200.552866922662,24357.86658393417,-144.0,110.62645991041205,8.0
30310,48524.30202822762,1736.0984437148495,231.0,132.49645192867376,8.0
30311,56509.479252490266,1179.3532236423816,90.0,121.02395853312294,8.0
30312,36915.214357422126,737.8263729872383,106.0,128.22539713168044,8.0
30313,51413.63407638275,40604.02464866869,356.0,130.12803860910438,8.0
30314,34616.75188286747,2209.4168079490287,206.0,109.8677038710098,8.0
30315,41940.79107364109,27028.087913572363,52.0,113.87765265373443,8.0
30316,29543.320850090666,5906.138930608645,118.0,105.36473816187531,8.0
30317,27103.206400632047,7178.578079495701,77.0,120.80874438063275,8.0
30318,33981.48330174754,13465.784250099518,70.0,119.62609964632958,8.0
30319,24148.841430055993,4683.114773863356,59.0,110.76367178251316,8.0
30320,51606.318196714434,10261.048833599203,95.0,124.68549484847809,8.0
30321,54029.77669806812,46487.648995409945,153.0,112.4313397188237,8.0
30322,26731.373163325203,925.0650946817949,20.0,118.2643412804051,8.0
30323,28724.648206589576,3682.7507054032417,74.0,112.7345532203913,8.0
30324,34726.40996878024,3482.582997133316,156.0,114.03203857200586,8.0
30325,44215.87783352698,3771.5031731116655,394.0,124.58483551794907,8.0
30326,32744.48280448314,2871.0449675638083,197.0,126.40663756616283,8.0
30327,52509.90008217301,9829.28995800548,27.0,125.87261811416468,8.0
30328,61063.74308439306,48068.35266661254,160.0,131.69675705298644,8.0
30329,43476.43220896684,31454.925746828547,109.0,110.93364665129748,8.0
30330,47133.93160468545,1182.9468220614137,55.0,126.05202572,8.0
30331,63389.24934116603,2358.903609504412,344.0,130.5037670388269,8.0
30332,57202.30929962357,45676.772559400306,81.0,123.1853656495775,8.0
30333,32978.867091228145,3138.3676703566925,158.0,124.18902776370751,8.0
30334,13893.080290720793,924.8542638715282,71.0,112.66871931700359,8.0
30335,35217.135799618474,924.928314226452,84.0,123.69371945210455,8.0
30336,41582.7306659065,23136.873381149657,163.0,121.56370332802074,8.0
30337,39589.19152221536,5918.703159953759,257.0,129.47085892367625,8.0
30338,51238.707661264816,732.1429155458662,96.0,144.8470021303415,8.0
30339,10428.922334580591,736.1463852544036,37.0,120.79351124697577,8.0
30340,17685.05077835707,924.8782101592172,134.0,122.41061120602865,8.0
30341,44356.4096474512,17047.96425718999,233.0,127.90782434786661,8.0
30342,54932.73243403389,925.0109829066733,82.0,127.43375500286604,8.0
30343,51225.56394804076,24774.656409705138,62.0,113.28779886255201,8.0
30344,66268.38459018638,2368.83165045895,153.0,130.35766815018644,8.0
30345,48186.57961178743,25612.4054132069,-125.0,113.47437124311666,8.0
30346,22066.957580360773,6401.534261491708,447.0,127.21198422440281,8.0
30347,62237.06254255484,39908.11684294039,377.0,128.58798650522579,8.0
30348,30006.48169938457,734.2378978000734,163.0,130.80512237441002,8.0
30349,36690.74854852821,1180.3604587566233,126.0,131.85102600879284,8.0
30350,34916.04427890929,26660.159073304643,153.0,108.92969902174671,8.0
30351,37360.82221765151,30720.14389559005,86.0,113.39530170115643,8.0
30352,20101.569037019577,18919.681792258434,-278.0,100.54645317619982,8.0
30353,48099.306381765724,924.8981994075621,126.0,130.20266492314352,8.0
30354,57344.532459131115,3978.7894610862913,306.0,132.78308833196877,8.0
30355,13337.987958056572,7180.283919453962,16.0,104.1743695891783,8.0
30356,53527.02898355596,733.9947037614667,85.0,139.6516465688726,8.0
30357,29751.05649416446,10247.164315574693,344.0,126.10527341338715,8.0
30358,14377.493402350925,9586.03171657674,38.0,102.34934800426296,8.0
30359,29119.93864145489,924.7896173363141,101.0,125.8250314856645,8.0
30360,56518.534689409214,12580.216039081572,192.0,131.63483252563898,8.0
30361,39803.17572616443,10386.757040778903,-36.0,116.702425846637,8.0
30362,36202.758621960085,15676.836985964575,72.0,118.91820439420911,8.0
30363,42711.703555673135,3772.5053319594176,116.0,129.1664983801416,8.0
30364,50716.369075710376,11637.184138271688,143.0,128.00015984039823,8.0
30365,29594.702400226615,8261.525352692168,30.0,122.4079251744596,8.0
30366,20188.32051165845,8089.747432254603,160.0,117.41709582603255,8.0
30367,35990.20711043321,29596.28333732779,-13.0,112.91442931561636,8.0
30368,46489.69631202512,1181.6886248999042,131.0,129.3241119856801,8.0
30369,58457.16742051835,740.2376738729184,62.0,128.45864985182024,8.0
30370,39097.00384321752,2774.5857104682555,97.0,114.7338661889996,8.0
30371,30968.46623802489,3544.0392719103143,25.0,116.27975696133305,8.0
30372,38084.84992926253,2360.833455696465,334.0,132.49855214531564,8.0
30373,32864.175947319905,13033.5932946539,113.0,119.57747362783195,8.0
30374,40058.8371797478,1991.5030407471925,108.0,124.15605896390744,8.0
30375,44311.69244082883,12556.996706197975,38.0,120.97091418233134,8.0
30376,6659.498937783622,1181.911017835067,55.0,106.35410722240937,8.0
30377,13681.304840057668,924.8897107212197,46.0,113.55170804967746,8.0
30378,51053.37763812776,1989.811049902523,73.0,124.05972686307194,8.0
30379,60758.52031630006,7458.245646201651,144.0,128.64013163025916,8.0
30380,12142.82032058602,11379.327320308168,-98.0,100.59629734446557,8.0
30381,20015.346597514123,5126.708363674098,39.0,111.73863814397914,8.0
30382,34543.835319445796,27365.533381875823,-199.0,107.76991169919371,8.0
30383,30946.196087101587,5154.539969759618,22.0,116.46738143677945,8.0
30384,46577.330103278735,2399.2143118627505,188.0,133.24576504586702,8.0
30385,46340.837957808966,10201.051131624552,177.0,125.43974605234052,8.0
30386,5156.1663392086975,4419.816427887215,-15.0,90.42245650862856,8.0
30387,52027.56893803102,19043.54015777474,55.0,115.90150013381283,8.0
30388,40951.850595203,11543.671394295865,-77.0,115.09811992294833,8.0
30389,21162.7260703937,3142.7236022511756,85.0,114.8060291347934,8.0
30390,34619.192296501824,5155.542207117546,446.0,130.9561825250016,8.0
30391,24300.031954555492,4783.300447763538,228.0,123.77839846818651,8.0
30392,43058.46913449029,3771.937902246081,23.0,120.6461232674347,8.0
30393,31771.58135360387,1183.7332937366873,36.0,125.1744621053748,8.0
30394,26459.239643533845,6279.978816072872,55.0,108.0483443443088,8.0
30395,38377.67195044012,7435.740285564314,116.0,112.37015948581421,8.0
30396,27827.954760286364,1183.0705307771054,106.0,119.6929686876411,8.0
30397,27043.497663345166,4724.622699902248,562.0,131.36375631265372,8.0
30398,33313.69623911735,22355.57995971129,67.0,117.63420223513835,8.0
30399,39937.44828055333,3138.922282764704,195.0,127.12712529164537,8.0
30400,52255.950159902844,740.3229744650284,35.0,127.35401891760269,8.0
30401,12379.044229088715,924.8781136603262,132.0,119.7730560651397,8.0
30402,54870.53909197262,44685.417650735464,116.0,118.29304702316219,8.0
30403,46896.40209634833,27831.074065521483,109.0,122.5838296823753,8.0
30404,39610.98417355759,3793.1924026461793,135.0,123.29589794724936,8.0
30405,48595.12744362713,25084.33588561674,137.0,125.31069123789358,8.0
30406,48390.25624115233,8067.567719784077,208.0,125.5259889798657,8.0
30407,16148.286433038296,924.99098544999,123.0,126.37776208920901,8.0
30408,40358.655652600675,2362.51668347924,53.0,120.32669172478406,8.0
30409,27806.064101172902,2397.3323512415714,119.0,111.91236433608753,8.0
30410,49684.2572861238,924.9917875718916,34.0,120.4842755873042,8.0
30411,57756.802004601865,1733.6019412096955,101.0,132.11054815803948,8.0
30412,61541.75936599116,48535.567823736485,99.0,119.90349714902024,8.0
30413,21735.577332759174,5214.443146716088,13.0,114.13746247513302,8.0
30414,31865.639785011343,4682.427544161155,250.0,119.16838533930479,8.0
30415,32523.59504188866,13003.464306314845,194.0,134.98116371712413,8.0
30416,36395.82204253899,1181.2931851022217,42.0,113.97777539315764,8.0
30417,40774.90788476243,23642.398987842393,163.0,112.01864585660616,8.0
30418,21153.214469061917,12554.602945573042,20.0,114.26148232946423,8.0
30419,48417.14390364374,1183.3943798750443,36.0,122.56330868914482,8.0
30420,43495.88203375685,6406.242545753967,173.0,126.42766144379851,8.0
30421,28082.350908356257,10274.928808821676,114.0,110.48720198574722,8.0
30422,58028.77497760195,1992.2674562908642,151.0,131.01516900985263,8.0
30423,29086.5219798654,9099.250059459555,36.0,113.20797870502393,8.0
30424,43480.61914214482,736.0861046506136,57.0,123.1465153753622,8.0
30425,29445.24552785335,8573.668996201779,51.0,112.71883862564192,8.0
30426,36721.607971748046,2366.899404494282,35.0,125.60487361088087,8.0
30427,53708.277017178385,2873.9200273654333,29.0,121.82354004903024,8.0
30428,51210.42940415046,924.8599961719842,60.0,128.4313041339413,8.0
30429,63900.30093679834,5492.477800159356,68.0,130.98821689552716,8.0
30430,22559.649901416567,10959.697173511313,511.0,118.31859100281181,8.0
30431,48140.05426303194,11743.936242825966,131.0,127.12920859047436,8.0
30432,40297.99352343518,735.0238491433544,94.0,126.84383486197346,8.0
30433,37355.50333461555,2361.0966840272104,69.0,130.1023811748226,8.0
30434,28223.90725009344,6640.8055058813015,111.0,117.83000762947468,8.0
30435,47719.60593507047,46076.38761874007,-93.0,121.06960116139398,8.0
30436,23204.255226527508,10203.795801049286,198.0,123.61035511980461,8.0
30437,4624.612546708319,1849.8708825332249,-2.0,91.1073736915971,8.0
30438,46535.8718085855,924.8945170777081,89.0,126.96700380748032,8.0
30439,58467.56918942659,16089.160669679653,33.0,124.43060184585235,8.0
30440,47541.04259203689,28485.2187053687,109.0,122.69983012806276,8.0
30441,43876.33900790413,29443.728716116966,64.0,115.52515403262542,8.0
30442,38061.3254111832,1183.3023050356644,170.0,136.555694048752,8.0
30443,52124.58376077234,9239.316947835716,182.0,127.92403949621145,8.0
30444,40033.873689252505,734.5267652697789,103.0,145.9550399858549,8.0
30445,28609.737989888556,2391.9443567136013,52.0,115.34453837432955,8.0
30446,31346.65944342907,5742.873372789142,99.0,112.43314986549757,8.0
30447,40144.52870747163,23519.65680657533,133.0,115.07411758834132,8.0
30448,34840.11411545019,13308.34581873917,476.0,122.43913142113195,8.0
30449,40114.92603167619,735.0987423371138,84.0,122.6766777730306,8.0
30450,39777.74506872437,12023.514820374054,59.0,115.06245184964762,8.0
30451,14731.846357474387,3682.4321179780977,17.0,105.19798802178337,8.0
30452,45536.77028413246,732.9653296538054,255.0,137.65901132833832,8.0
30453,61397.829173266415,732.6393178161823,32.0,123.08993282434614,8.0
30454,30433.538088411882,1990.3347913247312,153.0,121.54492456257213,8.0
30455,24045.103813883336,734.7316881537238,191.0,128.8419606502454,8.0
30456,41578.74605623487,15693.008571639512,257.0,128.9512256480075,8.0
30457,13828.821793474275,735.5077955486155,57.0,121.79654741011376,8.0
30458,48886.55437192671,2873.6065887337595,42.0,120.5347845961833,8.0
30459,43273.865305218766,24822.104729704406,135.0,113.17875260628753,8.0
30460,35735.642792538536,13990.05199494562,88.0,110.45064048155108,8.0
30461,47424.463887598984,1180.3879237110625,26.0,118.17402590860357,8.0
30462,61843.700611334476,45514.07809402317,120.0,124.94109096267377,8.0
30463,61586.65109409774,924.6895813480893,37.0,132.6175191997661,8.0
30464,30532.259122878382,924.9357371286653,23.0,120.2915478231688,8.0
30465,52525.572909463524,45865.93899706029,80.0,115.60182844449815,8.0
30466,18119.455906135972,16148.113638989886,51.0,103.10015105442238,8.0
30467,59232.50366249775,9436.256880046445,28.0,121.45965144744439,8.0
30468,38218.08933033869,21890.833434554006,339.0,113.75009828982505,8.0
30469,51849.46043954583,6837.152388383322,130.0,129.8957089570343,8.0
30470,58700.157474832595,924.8231273480601,90.0,137.42799183882553,8.0
30471,15437.293315090645,13761.147990810501,29.0,111.75853614627673,8.0
30472,46591.391691692006,4723.663463305826,14.0,120.42624764824659,8.0
30473,44216.207002238014,16905.265008582217,196.0,127.44410876920661,8.0
30474,50130.09915023442,1184.3897636628462,35.0,119.18043381340087,8.0
30475,55044.48155502431,924.8205951385463,126.0,148.53974896589582,8.0
30476,40452.44226167067,23299.040676544402,175.0,110.78751521495775,8.0
30477,64451.59691528426,6379.014428309701,73.0,121.50739037803076,8.0
30478,48995.16654399479,9033.170192875135,76.0,116.42463349600192,8.0
30479,39896.74850418018,8302.77470707994,344.0,110.68633518073716,8.0
30480,35179.03151983563,23626.464059654336,15.0,113.36153457890101,8.0
30481,44960.59268119988,27828.562854497235,163.0,113.13253659949014,8.0
30482,26774.175669650303,924.9746693984683,20.0,111.9505425464521,8.0
30483,53252.2768815117,13690.223845240605,75.0,120.1856069653579,8.0
30484,42754.32964977317,1181.2534603685604,32.0,118.10817424504165,8.0
30485,45413.94391328138,8610.48583070567,96.0,119.6500423066513,8.0
30486,39406.43742244822,2870.019449814031,77.0,115.59142028003463,8.0
30487,64589.38973598327,3538.221810661033,424.0,137.17990192303674,8.0
30488,28706.64259360952,10590.449841461552,62.0,112.30144897860173,8.0
30489,26626.716814068976,24680.64715423376,75.0,106.28851261576155,8.0
30490,31231.838980487486,5740.641683890251,215.0,124.86236046836902,8.0
30491,51796.968015679384,1734.3558296987794,42.0,122.43328052944153,8.0
30492,27089.46230701025,737.3346252091429,9.0,117.74753895764607,8.0
30493,27464.22298367432,1849.8433106655716,22.0,115.37245776597054,8.0
30494,46932.85605241916,1180.22920199168,16.0,129.6280162786856,8.0
30495,45061.2325806895,8889.515064361582,168.0,126.54873695427825,8.0
30496,11693.15899949778,10819.137149623155,-485.0,93.80642032401468,8.0
30497,35530.30510988186,26849.706122088457,190.0,122.28926962504465,8.0
30498,62686.47178260011,925.1965234116118,52.0,125.37118044302977,8.0
30499,31234.79559953578,1849.7632507584233,43.0,113.06149529091878,8.0
30500,40270.66781537724,27976.957490899546,28.0,112.2599148171859,8.0
30501,47764.17248125108,924.8803872147263,121.0,129.77712721749447,8.0
30502,39835.87138245277,5740.220056135338,49.0,110.98639554596731,8.0
30503,68483.25479575717,1179.8548523714055,21.0,121.864288715743,8.0
30504,34229.419027858516,9248.840849405142,297.0,112.42194836362441,8.0
30505,60111.25152826508,740.314851757028,48.0,135.17574113759522,8.0
30506,51485.53273861371,19900.600979702158,160.0,119.49013840288197,8.0
30507,37928.13387377149,12948.320901359912,349.0,110.7498701445083,8.0
30508,56162.70012293466,10412.56067859011,124.0,119.0666466404469,8.0
30509,39205.1722013154,20199.724891427668,84.0,121.06541771054415,8.0
30510,42794.16086696153,12805.38824250195,19.0,114.72877599137377,8.0
30511,41530.61623591797,1991.9278797860727,45.0,117.23228252929849,8.0
30512,60051.38216050851,2358.8897255110164,209.0,132.3221386359521,8.0
30513,12341.616682381005,3793.580204942083,164.0,107.9746698960936,8.0
30514,33200.59725377797,3772.3890636488973,81.0,113.28731229166354,8.0
30515,45463.3930586632,2390.862166827933,336.0,110.52296142455016,8.0
30516,51381.83206746732,44443.96010015033,-4.0,113.27669598192946,8.0
30517,53122.85251894611,37876.761764054005,362.0,113.90053484842676,8.0
30518,6629.288783188816,2209.7860043344244,7.0,103.01864571762505,8.0
30519,44681.21875769506,5742.848995184696,109.0,128.71260390177594,8.0
30520,47076.60496840779,4037.778505672811,101.0,122.1541384151596,8.0
30521,36124.18608511756,4854.622023910229,220.0,124.3542124265622,8.0
30522,27103.265039691436,1740.025255636879,204.0,119.77930878212089,8.0
30523,57534.44797178243,924.6944491328532,153.0,134.08529908516124,8.0
30524,22787.751112146056,8704.244476724576,131.0,117.6898207969198,8.0
30525,48164.411552312784,22324.09120731624,47.0,116.36948669478117,8.0
30526,46281.75105701473,1179.8333309504878,36.0,134.46410933206764,8.0
30527,47210.90032586806,21177.677866905542,-147.0,116.09986265654857,8.0
30528,44450.36819643709,734.0234559001867,24.0,120.20475528057688,8.0
30529,45983.54120477567,924.7347795961363,53.0,124.84722793917084,8.0
30530,43246.68088199249,41581.125051492476,8.0,120.62957079112094,8.0
30531,41501.57282694332,7581.080720055442,145.0,113.70763298406212,8.0
30532,51772.31580146981,1180.2054777546066,94.0,145.38137685434867,8.0
30533,58037.058519402846,18061.322010358628,43.0,127.87139484260734,8.0
30534,29678.566619014113,13066.648944286353,133.0,108.56554313142125,8.0
30535,41678.85930186804,27577.697046594825,163.0,119.6168707076333,8.0
30536,50366.918823365944,3470.6792862362945,115.0,123.96141398664734,8.0
30537,38176.68169368748,924.9760031543243,21.0,115.52187329482811,8.0
30538,47880.89172749716,2367.829903976435,101.0,129.11272817893624,8.0
30539,42343.84843207889,1992.0958177301318,37.0,129.20858637636456,8.0
30540,18312.590493720178,2870.411840004576,89.0,121.11966849626066,8.0
30541,3981.58093668047,1181.7706407581175,38.0,106.17313705605746,8.0
30542,40803.06899683989,15792.47705186149,187.0,111.6066746372581,8.0
30543,43499.31031993854,1990.0543609901329,124.0,128.13889920465908,8.0
30544,31849.632673249074,2870.1299787106145,239.0,127.34165921178942,8.0
30545,27926.622183451924,2362.1149829101196,143.0,118.44498816194525,8.0
30546,55021.797450846985,48368.99303740185,80.0,116.76378868289108,8.0
30547,31165.81361505259,14122.687428670732,30.0,113.42507957991546,8.0
30548,28471.13037976113,15675.68549189119,87.0,113.20730789482049,8.0
30549,26050.31718234218,25321.483743080094,-359.0,104.35360532714564,8.0
30550,24450.40624865847,4682.851675553517,35.0,106.33092351334058,8.0
30551,39448.12645833001,4794.5404710758085,204.0,125.45515122006356,8.0
30552,40936.588115850136,1850.037588756883,20.0,115.39881530424377,8.0
30553,3772.380708343286,1991.3413370166766,1.0,89.19995091148623,8.0
30554,18119.79726139231,2870.4508298422606,42.0,113.61672254360944,8.0
30555,5965.287365092617,2209.926448903789,1.0,93.83818376567464,8.0
30556,47079.503760348016,924.9157927619219,141.0,130.93688182828373,8.0
30557,14539.728599859196,2393.657883065159,52.0,109.98296319096897,8.0
30558,47221.5417500244,19918.17178568566,402.0,121.65215846828448,8.0
30559,43210.729725823534,15432.378211945623,190.0,122.48243453181671,8.0
30560,41224.025813079286,3091.5218935546645,177.0,124.74506023742494,8.0
30561,46949.40839591604,924.9873127299472,7.0,118.71329590221642,8.0
30562,26034.340474658944,17426.46126345272,40.0,112.12189839871596,8.0
30563,49319.26598165397,9006.322522242222,7.0,114.92943142483813,8.0
30564,26250.671245107398,924.7896173363141,101.0,129.4129559571441,8.0
30565,34989.258383847126,7084.9723044027605,50.0,113.87307319285726,8.0
30566,46879.633335485174,7854.5704918860065,339.0,130.6692122941221,8.0
30567,32191.674201544934,1741.104731328996,181.0,117.73570694020792,8.0
30568,55848.80303271613,5232.4736710619045,117.0,127.23760919529731,8.0
30569,21490.914387179397,735.3606854358461,22.0,120.99631758646365,8.0
30570,47510.77294174905,4130.826470046903,212.0,128.4163442306208,8.0
30571,52096.98591830812,2400.586322720485,97.0,125.0508915296093,8.0
30572,31690.18006746059,16233.53916425655,79.0,110.24900217628715,8.0
30573,20560.917916236314,924.8784710965045,102.0,124.53664493707758,8.0
30574,50102.048104147354,38416.98735340795,183.0,112.35290023881325,8.0
30575,42170.70897550703,32224.880830370126,409.0,130.28546108661266,8.0
30576,37349.138661557445,19528.312147659468,33.0,120.40703178011344,8.0
30577,25848.121629636553,23644.354367706423,-63.0,106.17173815731515,8.0
30578,29016.38398369034,13088.146746903549,108.0,116.86133239345759,8.0
30579,58020.73620815475,7079.100324575928,204.0,129.35230236210157,8.0
30580,33813.1373908699,924.9105751136377,76.0,122.62230527023107,8.0
30581,45247.71565644943,1184.3448082150396,14.0,116.68247910577018,8.0
30582,37060.349040495275,1474.3021116642497,18.0,116.57082102364764,8.0
30583,39812.254675971715,3139.1155848583444,61.0,121.4824912812422,8.0
30584,34193.82554565524,15574.909742802793,198.0,106.21790828178135,8.0
30585,14872.021895700178,4683.181523065607,176.0,98.76711717524529,8.0
30586,46674.02855324292,924.92370741131,26.0,123.1571993719866,8.0
30587,56370.31011745553,15680.978542046609,95.0,117.19924198865455,8.0
30588,15718.443758668582,4516.546242808927,19.0,105.06080536050078,8.0
30589,12565.000162479279,7112.26722483399,54.0,97.21721170423076,8.0
30590,22602.759087757782,736.5155272089077,15.0,116.421760038214,8.0
30591,49949.7204402444,3542.0982640861876,56.0,122.09940844565442,8.0
30592,14048.669388118216,13136.124591004385,-125.0,101.70083519147322,8.0
30593,56325.09378530157,2873.4715620858888,299.0,125.42155654291025,8.0
30594,4119.766563472967,2394.4727828679584,75.0,103.44860354995708,8.0
30595,42091.792604327886,12668.335844731735,219.0,125.73782838471847,8.0
30596,37951.07380306616,8324.665788287897,103.0,114.25890108405993,8.0
30597,54582.03282272265,3137.100263916019,279.0,132.56941187897746,8.0
30598,50281.382985220276,924.8181983414726,26.0,125.44540375823138,8.0
30599,20723.602818216743,11514.626572821891,330.0,113.11888492332136,8.0
30600,10442.922045401892,736.9834914236847,46.0,110.97733087139319,8.0
30601,10629.831689330622,1182.0422070553527,131.0,117.08080965226029,8.0
30602,30125.96015132478,11310.678550637245,-90.0,109.10046605089609,8.0
30603,47273.301427014536,925.0184921154491,80.0,125.90896526797047,8.0
30604,48615.95818055529,925.0049248465759,9.0,119.77190071937025,8.0
30605,52722.927922054805,1849.9205017787312,71.0,117.20337148711675,8.0
30606,45202.339697909156,924.8748518618999,68.0,134.26412841471267,8.0
30607,27495.612325468792,2367.189847716158,65.0,125.15869022811636,8.0
30608,47084.68321393937,6384.399113768433,90.0,127.4424562639731,8.0
30609,52217.03470078227,8452.614571639675,266.0,128.25634283086768,8.0
30610,11099.246914261546,924.9069607689288,24.0,105.2733584358835,8.0
30611,26640.416166630384,1183.6047138418242,142.0,122.11282182784996,8.0
30612,13849.267151398859,1738.5470777214919,5.0,107.20876517999392,8.0
30613,17702.286496546294,2946.127052509619,17.0,107.95799641747547,8.0
30614,17559.60321929064,9324.621660060844,45.0,106.16126420134215,8.0
30615,14120.574270047598,2948.001893990172,51.0,105.94134994782667,8.0
30616,25375.13797472266,735.2961875859338,9.0,120.22374351376493,8.0
30617,30154.87680570164,5479.302669030951,23.0,123.47159633624617,8.0
30618,58100.19584717503,11700.380888316362,95.0,120.58298233972029,8.0
30619,29010.750561717003,12113.97903029589,22.0,118.6027991001052,8.0
30620,47817.769176331945,3469.182713014927,181.0,131.3813120675883,8.0
30621,3797.693281611208,3088.7509748891953,-14.0,87.80388002236131,8.0
30622,7435.8636346538015,6516.189638010157,-152.0,90.76698912177037,8.0
30623,55423.71971989697,740.1539791868493,14.0,122.83807399540024,8.0
30624,42304.191355026494,3792.3029738097434,131.0,132.14649863119942,8.0
30625,50248.74090653635,1734.3563661391481,74.0,123.09664379188276,8.0
30626,14817.031929112123,4624.615018048067,167.0,96.72754684471275,8.0
30627,39865.46617912079,18213.496024708995,341.0,130.20013121933997,8.0
30628,30334.36518324771,2210.7874549696053,28.0,115.28120923265986,8.0
30629,17061.589631771683,1181.979875211821,172.0,123.91694324457023,8.0
30630,4608.20634128405,3476.330350704053,88.0,107.46779332896509,8.0
30631,39933.35685249518,18393.256222673142,460.0,120.76111767526422,8.0
30632,15792.352967689576,8356.718508742204,-88.0,101.19425686906922,8.0
30633,41605.88406611008,735.737934249922,159.0,131.54891158736882,8.0
30634,58015.60206772303,12538.387193256036,124.0,117.43945982806014,8.0
30635,24803.879167633135,6352.889080040806,68.0,114.13572449967884,8.0
30636,38958.23441770653,924.9660589194381,8.0,116.6838891625387,8.0
30637,59580.348923126716,41960.40306214856,64.0,117.3824693710641,8.0
30638,42069.19023302266,733.6530306788426,42.0,122.05881927738642,8.0
30639,47271.713484703985,734.4197110187426,45.0,135.2447206183251,8.0
30640,27366.32753287931,1991.8627039256125,67.0,112.37899568987359,8.0
30641,57218.522117394416,6276.74107382672,66.0,126.3839031018648,8.0
30642,50253.46667843637,35008.40674547394,356.0,115.58306408036087,8.0
30643,34442.8396927099,7960.511599578637,107.0,118.98148689060837,8.0
30644,45917.07375782656,3772.637126279998,126.0,107.16531930564011,8.0
30645,53231.8442243892,924.9753499537518,36.0,124.77280910451418,8.0
30646,40960.17578229051,1184.0445100302754,54.0,111.78074168881886,8.0
30647,17166.73549231133,16439.74854724368,-133.0,99.14030848052677,8.0
30648,22247.284940948837,924.9142904630557,49.0,116.11161658516477,8.0
30649,54887.87717497005,37179.86263598798,334.0,113.35267967254903,8.0
30650,64291.595690754286,3144.966752240124,256.0,133.2002474700622,8.0
30651,46151.56903117129,1992.4582479035266,28.0,116.73912492280765,8.0
30652,24308.43234714625,7366.20903293241,181.0,119.44479236390022,8.0
30653,47796.50149421159,30736.82596847608,467.0,111.22681386640684,8.0
30654,33514.476681987304,28941.82764475385,67.0,109.94712186031656,8.0
30655,45793.12060854148,29348.21077055919,-25.0,110.5550858456606,8.0
30656,46464.7379020103,1184.0725911565044,36.0,128.43408573189174,8.0
30657,30530.954438694163,18512.808729354474,179.0,106.07570560792885,8.0
30658,37849.71314955765,16564.858194430257,100.0,111.0228902309143,8.0
30659,46668.79375529907,1184.5281847864185,54.0,131.11134415047763,8.0
30660,22307.939337988802,4683.039728382452,155.0,105.84342580346673,8.0
30661,48129.51759474356,31230.17920794358,84.0,111.02902799428693,8.0
30662,19160.046333752016,735.8062953911009,108.0,121.77812729216794,8.0
30663,37222.34414707872,2360.305636546455,83.0,133.49906340927708,8.0
30664,42878.68999558168,6497.380841458222,21.0,132.86850490299742,8.0
30665,23521.30084918728,3550.161982415696,24.0,121.36582306099824,8.0
30666,59410.2124371102,15401.069062318535,33.0,126.62464753279696,8.0
30667,38093.19704314885,8825.790887833551,218.0,138.77558755378547,8.0
30668,43564.32292589337,41879.95573455597,10.0,120.70302396763394,8.0
30669,41575.907521609726,737.0503061393707,44.0,121.25179464016813,8.0
30670,37337.85289410055,10578.45473987426,91.0,124.14439433585042,8.0
30671,32145.314484961513,1472.4124863525708,74.0,121.71156884589043,8.0
30672,45056.513181107366,1471.054451648751,193.0,130.9582388538386,8.0
30673,33357.00010199071,735.3735288986114,41.0,118.82136370091237,8.0
30674,63400.61314250302,1988.9575264589796,218.0,143.74912935217594,8.0
30675,18479.98325451821,11295.593847957614,52.0,115.74975996578777,8.0
30676,24995.10323267106,15420.69904938886,160.0,105.3664102598245,8.0
30677,21935.44361211862,9260.440224660731,50.0,115.19525528329508,8.0
30678,41827.051848639945,23048.449425381594,156.0,115.3535502993516,8.0
30679,30444.655054348754,23259.28920532501,-143.0,117.86400246741015,8.0
30680,31119.116419106736,23035.23239430183,53.0,118.03226206868973,8.0
30681,21313.041776190996,10358.775910125061,308.0,126.05285465819944,8.0
30682,37611.99870606167,4419.78658354585,544.0,106.88687522584661,8.0
30683,59097.961207765926,10182.32072746347,114.0,119.55198284293934,8.0
30684,36000.39430058748,9965.114605230614,172.0,114.46926172203362,8.0
30685,38100.89469492989,924.9580397467092,104.0,126.03787643220774,8.0
30686,21888.20999830547,14353.209190329851,47.0,102.59743424543475,8.0
30687,10411.049702038183,9509.224511825676,-290.0,92.79767361770377,8.0
30688,52458.39069997474,10179.870544353726,345.0,137.2612052887912,8.0
30689,40375.234351717554,4781.636733127319,575.0,134.74390602694655,8.0
30690,43208.799074600516,1183.1158236501583,181.0,131.4783589315283,8.0
30691,65435.91729777601,14629.567086402105,53.0,116.9327216814732,8.0
30692,62215.18769370856,19754.80591551626,63.0,120.43950210590666,8.0
30693,44431.3383453347,11208.152101828857,95.0,116.32636232445897,8.0
30694,48044.263162490075,924.860604805668,132.0,131.21353421585343,8.0
30695,18523.90679293795,3481.8721047004956,79.0,108.96531873753204,8.0
30696,54953.90430033564,8272.907363799819,78.0,130.30584282144704,8.0
30697,31163.79462187076,14426.884009242778,25.0,121.82809646760339,8.0
30698,41489.26540108088,23173.615569573994,25.0,116.93785792324938,8.0
30699,34777.87911064893,13020.308999234876,88.0,110.46986739449045,8.0
30700,18655.89278738545,3479.2414799184103,32.0,118.39838877099866,8.0
30701,28795.85484068346,27064.91777661287,62.0,117.41168139999526,8.0
30702,28710.63018682105,3699.777759257091,83.0,118.14032101346318,8.0
30703,23123.676875193498,1849.9532856755793,110.0,119.7596565908954,8.0
30704,8089.632033543172,1181.5599449545712,-4.0,106.8315127369556,8.0
30705,39831.72390838129,3143.9746434471713,69.0,130.0449147432638,8.0
30706,52398.47921864082,34276.80350046514,132.0,114.09701128413634,8.0
30707,44312.73772508867,6526.333012000158,251.0,118.39883119230058,8.0
30708,22837.83409791011,2210.168119303327,27.0,106.64231424454222,8.0
30709,43788.68099673617,1180.3122773437365,18.0,118.88715738718733,8.0
30710,42227.47396324185,735.1151562794186,128.0,127.52637433761709,8.0
30711,17282.108398368284,14918.8286625266,15.0,108.43346479453734,8.0
30712,45795.23706140958,2869.78765134318,180.0,130.59297083768723,8.0
30713,53868.63896944704,36818.90378789866,260.0,116.47800567456704,8.0
30714,42545.449761622986,1849.7872086780396,86.0,125.46631708160164,8.0
30715,47553.065351311016,2871.678957557149,37.0,127.70329447907739,8.0
30716,44294.73393040365,4737.146561149896,87.0,124.30958873068124,8.0
30717,53313.72859973161,7082.048028058891,30.0,119.8443839395892,8.0
30718,55859.23336027945,924.858341812065,31.0,126.14841874616604,8.0
30719,29460.83729688193,4418.940902735419,83.0,112.21338105784568,8.0
30720,27680.912278798183,14997.29364076057,32.0,118.400709654918,8.0
30721,16471.535221646573,14741.320992906087,13.0,104.50149419651127,8.0
30722,23660.46322445034,2398.612480770773,197.0,128.15348583906282,8.0
30723,27665.0616923238,4614.031046467455,139.0,120.04487404423026,8.0
30724,48355.7725593349,10935.829426179562,68.0,121.66006680658955,8.0
30725,26913.922583889776,2774.8592334789078,127.0,121.05679858353307,8.0
30726,34736.3553283034,15674.26385689073,109.0,120.04384440012802,8.0
30727,54116.13340516408,44165.66732889731,319.0,131.89912058986556,8.0
30728,31681.562418519912,1741.6128160196577,142.0,117.22127261404977,8.0
30729,59374.203661312036,1992.1905159880114,39.0,122.10734319294436,8.0
30730,58656.17426922241,24774.837636588585,78.0,112.99319030345725,8.0
30731,58356.94793361184,48402.508828049584,409.0,132.81937472191436,8.0
30732,33262.279147448004,28777.326056124486,-171.0,107.00894625833588,8.0
30733,47202.56808801182,733.6193426677619,115.0,130.9387828758772,8.0
30734,23591.092992754184,2946.273523530254,182.0,122.06767423397565,8.0
30735,59591.16523514657,19613.200655049975,76.0,119.40206983185433,8.0
30736,35217.820487789664,733.7355580639884,8.0,113.70539620547302,8.0
30737,51470.92738622676,5491.8342306834065,12.0,122.38565839888393,8.0
30738,34823.94195818177,4421.249235196781,452.0,131.79163376545478,8.0
30739,48730.19907684597,1183.0435521967327,98.0,126.99767643448769,8.0
30740,34228.77004972192,17588.140158046586,249.0,123.99582224523431,8.0
30741,29082.417517530906,1990.2153568890328,105.0,121.03768749797263,8.0
30742,30176.650201388857,11040.01694062798,197.0,117.17893024710588,8.0
30743,35586.56305033989,15176.36922724425,73.0,119.2181779233379,8.0
30744,44556.27082893149,25021.630858440854,77.0,122.14923273192844,8.0
30745,46341.07162875509,2869.7786954245594,54.0,130.58303526810366,8.0
30746,47264.53877537376,14380.132024087696,-16.0,113.65942961573776,8.0
30747,28704.428572861114,7720.039835692164,333.0,126.24122799652977,8.0
30748,25152.73365551119,1183.7336361109512,49.0,115.78959653955378,8.0
30749,34319.03030913773,6389.4626393249,29.0,114.81455688710592,8.0
30750,47849.69480438517,2877.0856982988266,51.0,121.64895064998645,8.0
30751,50932.07751396501,8835.946841081843,43.0,117.27769089025792,8.0
30752,40313.648151795904,14482.540547484889,56.0,113.31236261254033,8.0
30753,51501.88903642509,1180.8603845862622,33.0,119.72429937971597,8.0
30754,29528.5205088743,1183.3882143940139,66.0,123.94258424053325,8.0
30755,51859.47809039819,1179.793910813693,15.0,120.65480371536678,8.0
30756,65357.352055108866,1989.1100344873207,356.0,127.02234590646043,8.0
30757,32546.591545479838,14508.308931982776,87.0,112.06094502683796,8.0
30758,35797.43849811051,736.6650497009136,118.0,127.68537557180285,8.0
30759,8691.954688943251,4118.0576784743835,55.0,94.62527423712025,8.0
30760,39599.824027281,1992.0958177301318,37.0,127.40207484127944,8.0
30761,41877.17034290573,1184.438564493079,85.0,135.7684141461767,8.0
30762,34727.70451580974,15999.06628430574,128.0,115.37624030394971,8.0
30763,30734.804164981106,11951.32445250482,163.0,119.48964121233898,8.0
30764,40449.00711682909,31995.89098365369,369.0,128.79901448437286,8.0
30765,45589.820337523306,1184.1318285778284,133.0,129.46573924205967,8.0
30766,13762.826443547465,5476.933546274634,66.0,106.20127484100868,8.0
30767,36550.6683785605,13397.182905812158,367.0,129.65860267763568,8.0
30768,13742.20627486291,925.02506593657,58.0,113.59551689692026,8.0
30769,53480.627058599384,2889.596735905405,217.0,113.70476261554616,8.0
30770,26597.596642619847,5859.526065962128,113.0,118.17996144649584,8.0
30771,35148.21476778355,3699.854191718487,134.0,122.2967959104962,8.0
30772,58268.32789547619,7107.615302397368,132.0,128.88848731552466,8.0
30773,47268.17547963374,8226.519804550391,275.0,129.3778444649037,8.0
30774,24383.687717277073,4421.328757740469,70.0,115.56439830217464,8.0
30775,24767.636155536093,9799.55498735358,16.0,110.16153747813456,8.0
30776,47634.00733795182,18630.13065696201,67.0,124.20120227040843,8.0
30777,33473.683857626274,6695.831665492648,-26.0,108.69295065908973,8.0
30778,47195.5182528154,2361.0370634526175,217.0,139.84772581914177,8.0
30779,27646.283678929853,12677.765298945922,22.0,112.99322074325909,8.0
30780,54597.582899268855,925.1582743054505,27.0,120.68274688204725,8.0
30781,49072.71231056942,924.9653645787854,30.0,126.94652838319209,8.0
30782,47993.380934118664,3772.8260049792943,48.0,117.26404795002213,8.0
30783,9225.448962692413,8647.713363771374,-41.0,96.37650120523628,8.0
30784,47340.34457946742,39061.788549752804,153.0,122.29450300084063,8.0
30785,22258.59170599968,3681.5966363654316,136.0,118.65206523526109,8.0
30786,41356.00789537464,924.9776173772321,93.0,125.81774768516998,8.0
30787,48457.65795530866,738.4541325433667,54.0,125.47095068075808,8.0
30788,32588.041220930772,25170.639609447808,-50.0,121.24322214592536,8.0
30789,5854.586566071169,1739.404374027874,-10.0,93.7846990077544,8.0
30790,61672.87345028032,1179.5901809126406,151.0,132.6221545298804,8.0
30791,28942.849777154464,2395.5295040922647,69.0,121.76621577074931,8.0
30792,40410.25063168908,25611.536919617516,45.0,111.03727967749728,8.0
30793,32931.213420558044,16839.911168739563,465.0,128.8575580457872,8.0
30794,47027.03040675219,39864.86974780991,-170.0,110.51210005338848,8.0
30795,55791.84935226527,6649.876471362571,214.0,135.83367798829968,8.0
30796,49965.50595982081,924.8161237141408,12.0,120.0394610690359,8.0
30797,57146.29577469136,1732.536146509353,7.0,120.26026035440378,8.0
30798,38099.83292443821,25320.692173213334,87.0,114.80759199926192,8.0
30799,34895.98089948648,3139.6506771863965,74.0,119.84113922732799,8.0
30800,49896.817502117745,40394.74784086221,352.0,129.6365849243365,8.0
30801,15574.510225012928,1182.7474531460127,36.0,109.79040507171175,8.0
30802,39775.50760039216,737.1175019757452,92.0,123.31149962660498,8.0
30803,18658.048244278158,16920.91234580693,68.0,114.70284345333984,8.0
30804,45256.8316345947,28120.53320561231,163.0,113.20446914786287,8.0
30805,16440.5622959618,15714.51760516401,-87.0,100.21759661299626,8.0
30806,11980.952334500053,737.6105919885678,10.0,104.98979748772945,8.0
30807,24983.13522714384,6474.168420832387,284.0,123.96596175623685,8.0
30808,32530.857592887543,26359.63974116686,-12.0,113.4679479338682,8.0
30809,20783.96609519519,1741.277833756825,235.0,119.55207919934027,8.0
30810,7838.137912794983,2364.318121635438,47.0,105.72981804015696,8.0
30811,40619.41617276551,3551.166584572908,186.0,128.37772268459486,8.0
30812,52757.58765122905,34220.680642972286,161.0,114.77517509520582,8.0
30813,43078.441970419946,1181.104228703869,95.0,125.94481299306685,8.0
30814,42156.52480735328,3092.931552625387,27.0,118.02514749509571,8.0
30815,30880.139711661668,11655.229761565166,177.0,118.2084704601556,8.0
30816,59484.98137588758,925.2108448647946,83.0,128.7739270751203,8.0
30817,54373.42088286622,7970.0366708163465,95.0,119.9707377417742,8.0
30818,31161.008301218808,738.2128904209704,130.0,127.54732102871682,8.0
30819,57510.47103929447,732.7899830115501,3.0,122.56296507565894,8.0
30820,25057.28185472542,1990.3032965424754,253.0,118.62428971624847,8.0
30821,37684.07255253765,20233.710726015153,109.0,114.52758983671927,8.0
30822,65000.929272437555,4717.512935890053,437.0,136.3423149604243,8.0
30823,21285.811688539405,20361.50000023955,-67.0,106.62733814565752,8.0
30824,61255.813444019805,1180.2959545041654,54.0,123.94765531933965,8.0
30825,58343.02953674567,9914.661536027428,27.0,120.43595318203087,8.0
30826,47404.132708309844,5899.943007767043,293.0,133.50796531289268,8.0
30827,30824.93790625377,4786.077553422889,135.0,120.41788596942447,8.0
30828,35935.54422795452,9342.778286339764,178.0,115.8484414976156,8.0
30829,38305.25876266448,2210.146509360201,47.0,118.68307362504395,8.0
30830,35284.62352380574,12677.731488130328,80.0,114.3937546519947,8.0
30831,34910.13322949367,3082.7150107866887,4.0,119.75867613964613,8.0
30832,36208.87411992703,1991.5636742090107,126.0,126.62992309482576,8.0
30833,33588.946267838146,25145.723570054328,358.0,127.35693944681354,8.0
30834,33101.41926661006,12578.893864195734,75.0,117.6624037290149,8.0
30835,27369.43878196675,19954.105389283086,214.0,115.25136806163046,8.0
30836,9326.86515744181,7589.878163287377,72.0,109.11456800958032,8.0
30837,32412.197163811823,15469.98374795361,186.0,109.61645538831907,8.0
30838,51818.99522383008,14817.93784408979,159.0,123.33057209135569,8.0
30839,53728.66858191195,1850.0590256508856,24.0,130.54725156210316,8.0
30840,49783.63252357299,3144.1532072484406,115.0,128.92826092947683,8.0
30841,32447.91966135877,2774.8868700476824,77.0,121.17435866534376,8.0
30842,35338.8737198179,8356.715051620946,310.0,118.11670359699971,8.0
30843,39204.62194517072,8150.823079966732,315.0,106.55012778283086,8.0
30844,25139.187293543037,1991.5736253439857,212.0,126.07695703438489,8.0
30845,63515.55008715787,52554.26449812771,67.0,117.90463464811891,8.0
30846,34859.24389220036,26407.311801727,305.0,127.32386239463648,8.0
30847,48234.93532504436,7435.5831156631275,139.0,124.97680017294533,8.0
30848,57242.20378572402,36482.53396621491,111.0,118.70623246792609,8.0
30849,35169.41262017859,4682.925192810084,82.0,112.78906667565812,8.0
30850,31772.17642594983,3771.739837774555,183.0,126.08157469711654,8.0
30851,42650.59084065505,2390.0448380344455,228.0,129.84086167383623,8.0
30852,25380.903520696094,17806.26158267619,190.0,106.85945569369646,8.0
30853,19574.187779198484,10360.280149278182,351.0,113.78014555121185,8.0
30854,38035.50979069001,1849.6612325266544,84.0,114.71683806874765,8.0
30855,51300.347304705356,42856.969181786386,378.0,130.66588315771315,8.0
30856,51168.89340653682,11397.502016165467,61.0,115.86624826189036,8.0
30857,45257.09841379032,2870.0379018261638,102.0,129.32431685149567,8.0
30858,15741.227012235335,11123.660682580095,15.0,99.8447463774793,8.0
30859,17226.084148251604,16334.014765451448,-114.0,101.51999178784638,8.0
30860,47970.21711318783,11417.11161443969,55.0,115.30908904215426,8.0
30861,37183.472155141826,1990.1115177297152,14.0,115.649361928196,8.0
30862,35844.708677037735,2871.3518963736215,98.0,118.22729523276412,8.0
30863,37317.2788267124,735.1067898973077,194.0,125.20464456009663,8.0
30864,52900.41127880226,1179.9446150796239,192.0,136.70441763016692,8.0
30865,37270.998338805075,17072.69350072925,62.0,116.07684178366033,8.0
30866,42363.678288946525,1180.0358523284845,212.0,132.38728993273222,8.0
30867,24786.957940969634,1180.7442331210939,7.0,108.06503263939342,8.0
30868,22331.61535978251,4519.145502289697,77.0,108.02425883461342,8.0
30869,36627.55731685104,27941.86070484632,-4.0,127.13816727280778,8.0
30870,54956.74799983509,5969.323530713666,118.0,116.51315472051927,8.0
30871,25403.30515366128,11311.9658086396,163.0,115.0049547404523,8.0
30872,37718.38363931713,1736.26311370638,134.0,126.4568917220493,8.0
30873,57214.81597929501,4596.789998720934,106.0,123.62059255911116,8.0
30874,54954.262592977924,8615.632350847809,31.0,124.70240851984543,8.0
30875,45054.23539079631,14902.209149796012,32.0,114.31623573265382,8.0
30876,42684.121681866374,17072.63148011292,98.0,116.08303216825018,8.0
30877,33992.66918378714,1181.4143187252234,159.0,133.1900847781665,8.0
30878,35269.87631532605,924.8336591784893,30.0,115.91279209419788,8.0
30879,33426.879225144454,10200.488747531512,237.0,123.90009692574834,8.0
30880,15445.078581970754,10683.512927065027,51.0,103.90946990379099,8.0
30881,42611.12779702626,38013.04005178336,6.0,112.43644801472513,8.0
30882,45647.39413293147,3551.494566996552,99.0,123.47948885139893,8.0
30883,53587.1529061678,10413.577149896826,62.0,116.67212669884219,8.0
30884,30697.89984463122,14985.284710123784,176.0,109.3276554092601,8.0
30885,48193.55779479738,12386.047503878,128.0,118.57447190664742,8.0
30886,11090.58053912256,9100.527333330745,63.0,97.8127777080669,8.0
30887,46948.50831195657,924.9881361052561,11.0,115.6268220724194,8.0
30888,29569.222096831996,4733.645869282396,38.0,118.88089070529632,8.0
30889,16664.856675157884,6474.4747101271505,176.0,98.36767986812038,8.0
30890,44419.92570348939,3699.5948899376185,53.0,118.91819020636942,8.0
30891,40447.650241316434,20944.435494310062,176.0,117.38037149985115,8.0
30892,43572.52018365816,924.9611990431057,64.0,123.17562681717096,8.0
30893,24149.394079759826,3699.5999039303856,91.0,111.60144878936411,8.0
30894,8095.697299379453,2364.9416316643506,88.0,94.46937500174454,8.0
30895,54663.306052859356,739.845883473944,149.0,135.09868327510222,8.0
30896,37352.98175522152,8452.834844892646,183.0,124.62037147166,8.0
30897,8643.843110172316,2881.709105455108,44.0,108.45786752522025,8.0
30898,38363.08287382321,20908.028608420136,109.0,111.54661949358538,8.0
30899,34821.66643037548,19788.464461476317,87.0,116.15685859732623,8.0
30900,63176.554501806255,2359.9863905808875,116.0,122.73253881012499,8.0
30901,32624.96967310617,924.9582090773551,40.0,132.27771483728563,8.0
30902,58539.2963824978,6409.564075610466,302.0,131.24375377432997,8.0
30903,7435.905436205694,6516.210613681069,-39.0,92.90229112287737,8.0
30904,30988.869433195694,30253.94727027008,-257.0,104.26958040896497,8.0
30905,41528.37240264162,19997.033050292757,128.0,126.28668711120949,8.0
30906,37341.74374861253,1734.9439439072753,34.0,121.11610155666,8.0
30907,51312.20101663812,7719.624451274954,56.0,124.1347750426552,8.0
30908,33304.79178922081,924.9575131480483,72.0,122.34926243340955,8.0
30909,42372.362551971295,17227.497736848076,231.0,114.85733426796372,8.0
30910,29612.651637821626,21531.509977435395,62.0,117.6684483750769,8.0
30911,47625.97396309741,737.6679869945738,56.0,124.07907796886806,8.0
30912,9581.090621278663,2394.95919344518,49.0,102.32547510800556,8.0
30913,22392.659757356476,13951.874331601806,-84.0,103.10627061083585,8.0
30914,58405.393631211446,48216.57976266885,116.0,119.01571589052514,8.0
30915,63062.784674317416,2359.7250650903434,13.0,116.83695229183395,8.0
30916,51911.24584829012,1180.7510088377537,59.0,126.73136713178732,8.0
30917,45536.410245081664,2774.9662607458686,311.0,132.42773890591363,8.0
30918,67934.32181402022,740.7995097232076,123.0,135.38757557302526,8.0
30919,4728.987334557541,3546.753469892178,-31.0,88.36375510149821,8.0
30920,35675.66454506297,4795.722210894812,240.0,117.51202371558128,8.0
30921,68911.33917853834,1185.1410050464808,95.0,131.76838542293808,8.0
30922,55533.77325500438,5598.38000091188,27.0,122.66270486126677,8.0
30923,52557.45313129872,924.9498251228268,106.0,138.6755992726146,8.0
30924,39860.550562922705,10255.851737217683,239.0,125.87471254966957,8.0
30925,35622.24535088908,17221.17933467421,59.0,124.06560128872376,8.0
30926,27291.50116560331,6402.538482097333,113.0,119.05398290072402,8.0
30927,26560.11818371592,11317.19191747401,329.0,106.27142408899564,8.0
30928,36467.409354743104,22366.00359879488,163.0,118.11128606373329,8.0
30929,26157.67894488139,6516.140607861946,374.0,107.68685979815969,8.0
30930,43308.67176210601,2870.0083149667,67.0,119.78649917700456,8.0
30931,42210.82995529347,6946.063303346792,38.0,117.75342767557851,8.0
30932,13279.285023040415,1849.8684429236234,239.0,122.386992685504,8.0
30933,22614.467055642617,1740.4081007522502,34.0,112.32514903033577,8.0
30934,68947.77266568107,31860.48538686351,-330.0,119.947023153651,8.0
30935,40317.890991814784,13134.71890578271,208.0,124.30814031139137,8.0
30936,37326.36949010742,4510.317817380128,23.0,109.66987856144598,8.0
30937,54883.812740526155,43923.044017058244,67.0,116.715930483743,8.0
30938,16968.100001361425,8888.034372656064,-7.0,104.62860146215134,8.0
30939,12647.020242599616,5233.533299486649,204.0,109.73862944835811,8.0
30940,47262.20867890442,25935.980645338084,11.0,122.64151301002457,8.0
30941,28218.4757124153,9616.083349262713,133.0,120.2648724220042,8.0
30942,13753.871886630584,2393.490705705781,45.0,101.89624151482786,8.0
30943,31223.740062389,14200.059075091009,179.0,109.13261594126409,8.0
30944,36350.03533870842,1471.4147412121556,165.0,127.77702653961764,8.0
30945,49858.26252657666,3137.3979729700773,252.0,130.90345787514454,8.0
30946,54066.04947088549,11392.290883235491,548.0,133.63157875938964,8.0
30947,14184.739938819128,13002.506256746943,-599.0,95.48421078000737,8.0
30948,55824.47748721182,924.8869114851735,32.0,130.71246871551324,8.0
30949,41341.97403454247,2368.1484018617584,72.0,128.33287256747104,8.0
30950,6658.0201656345425,5481.494406834518,58.0,109.90066637214687,8.0
30951,31342.418184820974,5906.188978525966,21.0,122.35156080875532,8.0
30952,37180.16462018183,26984.665898088788,136.0,109.99157629449915,8.0
30953,44929.48167117095,25708.15497790511,178.0,122.18855757797104,8.0
30954,36398.70105790005,1736.222092473823,77.0,120.73044944876904,8.0
30955,22064.18435188716,4515.36822269095,177.0,125.64750238424945,8.0
30956,36054.08104584994,738.2128904209704,130.0,129.09604833815393,8.0
30957,45032.708716778565,1180.0079229983255,54.0,129.62239111508921,8.0
30958,50990.30725741704,4110.014925517789,115.0,118.11343127858967,8.0
30959,55644.39113055373,37529.425788997825,132.0,114.93927951101024,8.0
30960,43538.09376061277,22195.649291353762,349.0,117.16782061800984,8.0
30961,61831.049000316496,22055.227141937623,61.0,118.94421641703424,8.0
30962,37244.697892619704,925.1129003361083,12.0,114.17036873585528,8.0
30963,44374.29121791703,2205.391916386679,163.0,128.4167028850093,8.0
30964,57389.135892942424,50736.96043553941,80.0,116.9618912628629,8.0
30965,35521.87358881853,15877.454661446158,270.0,126.39937613309263,8.0
30966,64862.63900397922,56586.16798373206,153.0,112.81473825305147,8.0
30967,32549.183495922953,6506.823073435686,155.0,112.75637414155246,8.0
30968,15415.37577633099,13691.335788284445,63.0,112.18830786864731,8.0
30969,13316.027755569814,11374.245970358133,41.0,96.49500319010097,8.0
30970,33284.05231764724,10957.204283455781,510.0,124.91066706271445,8.0
30971,32223.81502315049,5478.572427306435,131.0,125.86410377725913,8.0
30972,28672.824194071934,1849.8235022766437,120.0,122.73304490103331,8.0
30973,46326.93192156563,8615.33948731139,50.0,110.79787428600831,8.0
30974,9331.177644503632,1182.4758398953313,56.0,114.2209082233303,8.0
30975,47862.623780331174,31867.92072066382,228.0,116.95418100083984,8.0
30976,21924.47009876397,3482.9748107301302,107.0,117.25651712611247,8.0
30977,51483.30660546489,738.193680146531,65.0,132.93043058366612,8.0
30978,50246.715673314786,32135.802289153664,17.0,118.24997161746543,8.0
30979,23745.660968411517,737.4982493951727,41.0,116.42426476737981,8.0
30980,47195.141910173974,6474.797328675009,244.0,127.50180914650312,8.0
30981,36292.256710592555,4422.181384217895,89.0,115.5350231216619,8.0
30982,49535.353472212424,7606.518260037203,218.0,119.79331632213145,8.0
30983,14545.340692034351,9101.151452827606,24.0,99.46566004413395,8.0
30984,14750.642799135663,13021.926065678892,64.0,111.83867612058073,8.0
30985,43931.38154924019,21174.180222265717,167.0,110.50859948045223,8.0
30986,48116.287575272,5969.323530713666,118.0,115.02367325956295,8.0
30987,50485.02413245475,8453.007064583506,116.0,121.04214027953057,8.0
30988,61537.87249781678,924.8107440547597,55.0,125.65829257919057,8.0
30989,48148.21118037415,14817.832689315937,365.0,115.97971356978024,8.0
30990,38411.748443141594,20301.964573964913,153.0,109.46804165045423,8.0
30991,31962.520917472673,1181.4143187252234,159.0,132.02055064945188,8.0
30992,23916.63049601741,11123.506017237401,87.0,112.3447726578561,8.0
30993,55277.48638689101,14961.303322383921,494.0,132.185226602244,8.0
30994,52135.65640110035,37092.940194894865,87.0,120.65255629026561,8.0
30995,13763.653348589583,8308.694171744097,65.0,99.16929839665694,8.0
30996,46152.17078713229,924.7712472725656,15.0,118.8280978394706,8.0
30997,46036.88618432747,20676.798475248896,-85.0,121.59664226521323,8.0
30998,39942.04090223323,924.9425192996633,79.0,124.2644453697498,8.0
30999,40985.16307771351,9805.32856737357,53.0,120.41981955950119,8.0
31000,65368.141167743444,1179.4426189364444,54.0,127.09390599428023,8.0
31001,49264.68083394473,2871.763075762534,92.0,116.12432307946136,8.0
31002,66854.51502839297,5897.396399656412,296.0,134.43734070861305,8.0
31003,48306.84163700604,925.0142984234509,139.0,130.75450607595576,8.0
31004,49231.05779524672,27595.52140291175,330.0,132.8213699279966,8.0
31005,32927.8601389195,9815.203268438858,84.0,113.46877422084489,8.0
31006,27509.92358675732,1474.077601760667,140.0,104.81054406918756,8.0
31007,29426.649058160147,16057.148203642113,380.0,112.50526590237052,8.0
31008,28315.07138164213,13900.756257584884,13.0,112.43938535176306,8.0
31009,62435.18226482385,4719.725501830287,46.0,126.57082690889327,8.0
31010,46469.559855502805,4314.333517683941,55.0,114.57689858554339,8.0
31011,20361.576493443456,19437.333011670227,-200.0,100.51942960045953,8.0
31012,42402.64881919913,1180.1485100009386,17.0,117.60132875715982,8.0
31013,13837.605462998325,736.9834914236847,46.0,112.84925468237083,8.0
31014,51080.172669678584,1990.1171223676743,63.0,121.91541583834778,8.0
31015,33590.96550287267,3081.4954998521034,51.0,115.59276278952524,8.0
31016,42037.16718847219,22393.055469602994,174.0,108.19410734625409,8.0
31017,38178.238064324134,14871.850957693765,57.0,117.7110289896984,8.0
31018,40035.9692210495,25190.25551942275,198.0,110.22904304669788,8.0
31019,21147.651669348772,1990.2471159264685,233.0,130.70160325570686,8.0
31020,24226.370742619627,4518.71487910171,30.0,108.07252443023971,8.0
31021,47055.39323985674,3144.1532072484406,115.0,129.00048005342387,8.0
31022,53473.80138220955,29610.579348284653,132.0,125.61668018648993,8.0
31023,44206.55457482767,19879.05272223515,139.0,114.8448756280013,8.0
31024,37580.96595700306,7442.359364933692,97.0,109.73309579347941,8.0
31025,42820.762764398525,25798.61835729505,183.0,121.8122936018228,8.0
31026,41358.80161419843,32905.39044785258,370.0,128.97224942442466,8.0
31027,45925.66891364452,924.8858567333211,83.0,129.21582174163223,8.0
31028,23421.219571020363,1742.1164784089983,109.0,122.02848349055822,8.0
31029,61977.25367616069,1180.0606619685782,12.0,122.11608614013879,8.0
31030,37542.062603904305,16206.680495145685,520.0,130.46690770054897,8.0
31031,25169.600860149192,4125.651636363392,221.0,123.23943513905903,8.0
31032,46186.85928231504,5752.778760443486,45.0,116.84881729029757,8.0
31033,40666.621240829496,1179.7553289815153,67.0,138.8084766709415,8.0
31034,32062.087799697252,734.3009099296596,85.0,138.05867256466505,8.0
31035,48973.93150884602,925.0383198840913,41.0,121.36744132835898,8.0
31036,32219.84761450499,1991.6612599361688,149.0,125.59618827756398,8.0
31037,34900.524480066204,5480.577327462721,170.0,124.35853751268841,8.0
31038,35315.44783489214,1183.1393781948095,149.0,127.86074109398501,8.0
31039,39881.70481596165,1740.8139501004177,35.0,121.19242084295198,8.0
31040,46637.35150593052,924.9814532777084,42.0,130.64817352628728,8.0
31041,64375.045249130635,47357.63316409383,183.0,125.28390202756358,8.0
31042,62328.97477602052,1731.3291110041434,139.0,130.30009852774594,8.0
31043,49593.08249549046,733.2815904223379,81.0,123.20459832288131,8.0
31044,46797.2960334342,16882.955802669796,225.0,126.04678342174427,8.0
31045,49640.38944729784,1183.7145190520248,69.0,130.06063992308623,8.0
31046,63899.160745376765,1185.6052703826706,45.0,131.7124386523778,8.0
31047,47024.94951418708,1184.6895987455898,15.0,120.3958855547296,8.0
31048,39751.12469570475,1181.603371708904,129.0,127.25984703120734,8.0
31049,34542.90367753095,18446.73898708436,360.0,128.24615967063013,8.0
31050,32602.38156332996,27380.93322782378,-32.0,112.84522324662683,8.0
31051,38015.24313561144,2368.113188525335,24.0,115.21326447550094,8.0
31052,38392.46469969384,3680.501357960345,467.0,133.464003046366,8.0
31053,37330.49510389711,735.9591885991176,26.0,117.90161555039654,8.0
31054,54251.5209246843,8452.524028116366,283.0,121.5749695879665,8.0
31055,42982.8390457472,737.3635339430854,129.0,138.38922886575784,8.0
31056,17172.318967854175,5967.60431120443,49.0,100.21488680798555,8.0
31057,57127.29523008814,9286.925566403865,92.0,131.37035572768065,8.0
31058,27903.187855252767,924.898962370561,184.0,128.608920379088,8.0
31059,29775.587172609332,6285.24946480848,239.0,124.81020262718135,8.0
31060,30991.26654304509,1181.0301736333,22.0,122.80136290350023,8.0
31061,58990.452251758914,1992.2908702553495,218.0,116.23519666421625,8.0
31062,13345.41374231618,6173.357287197659,191.0,116.66827901548305,8.0
31063,23894.910034610228,9021.900623167234,-78.0,107.56986657030943,8.0
31064,31008.229326456192,11097.845599270064,111.0,109.65774214203697,8.0
31065,14549.39941491299,4310.853401358681,432.0,125.01595984691537,8.0
31066,53148.06838508913,732.3673943910187,11.0,116.67080733766718,8.0
31067,25402.491622797992,11311.789911289437,28.0,114.10975917761982,8.0
31068,29134.833581466646,8251.392863552284,51.0,112.99063005420611,8.0
31069,47304.34262835017,21362.273620170392,139.0,122.65741646657445,8.0
31070,43268.3118847727,26420.279081008925,71.0,116.22342522600911,8.0
31071,40354.35576059088,924.7624215525254,18.0,118.12525751533177,8.0
31072,52971.86966639007,924.8284039276554,14.0,115.18687585202372,8.0
31073,25070.621159447895,10431.262787868685,306.0,125.13309352082553,8.0
31074,57573.80981928681,924.9852682862821,152.0,133.1628745833384,8.0
31075,29271.665975446598,9037.107446500468,71.0,108.72069279651474,8.0
31076,38418.3536732354,9703.264573726135,215.0,137.6094502250274,8.0
31077,39406.79106055752,15079.22073451379,139.0,113.36571644475416,8.0
31078,49020.63963694166,5203.1358851724,371.0,144.72951958248007,8.0
31079,39472.2900961064,22629.506034991668,71.0,113.78788742285386,8.0
31080,18211.443162235824,9940.741614948927,148.0,102.80807499020217,8.0
31081,28479.466517794317,12189.565893096169,55.0,119.05717765770186,8.0
31082,52128.365578704615,5597.788635231211,492.0,134.80296558154862,8.0
31083,55765.1722781425,1184.5338652410478,23.0,116.54449810126604,8.0
31084,26543.918994178723,3482.422817542066,215.0,124.05177672926973,8.0
31085,46191.29568924149,27152.800567435832,60.0,122.45515150374787,8.0
31086,54617.113630567095,16665.769136094725,137.0,124.75200656994373,8.0
31087,42766.740539602644,28668.334982991102,163.0,118.184755996017,8.0
31088,40956.2649236264,32695.310945988596,133.0,106.87716508792609,8.0
31089,54726.52930549675,13220.29539988434,236.0,128.2369383947705,8.0
31090,62998.321146205926,4302.507853227416,93.0,115.6302839875318,8.0
31091,47304.826972133786,1183.5150548674699,31.0,121.27348357765423,8.0
31092,50529.64050898058,2876.361703595659,393.0,126.42930941129589,8.0
31093,49193.80315539136,5743.573249016004,50.0,123.62101687709033,8.0
31094,49824.8574250199,1992.161867585828,92.0,124.93228755857659,8.0
31095,57195.86315319896,925.1615148877293,28.0,120.53205287368941,8.0
31096,49353.73234745681,6382.718019892219,9.0,118.56042674903941,8.0
31097,28955.563074922295,8882.824257775037,156.0,111.72874319335307,8.0
31098,47753.478607609366,738.714247207453,121.0,130.69753167617702,8.0
31099,44615.54774210389,6516.092557099149,322.0,120.67249246856875,8.0
31100,31887.068311977797,12656.566362267886,181.0,105.06802416866734,8.0
31101,27143.606536764168,734.5759998693703,196.0,130.99299826597507,8.0
31102,22330.08434366683,5480.511851171525,-15.0,115.00112698852809,8.0
31103,49511.11788147326,924.7514842163528,32.0,123.24384825869859,8.0
31104,21728.56409477064,924.8837161124152,31.0,110.49088386548128,8.0
31105,59757.46431012279,53105.89296805915,80.0,117.17343230542522,8.0
31106,42135.229493180435,30035.74759556215,183.0,117.86787931716654,8.0
31107,21909.26763550123,9814.946967311078,175.0,102.54786405724104,8.0
31108,43874.035546956344,735.3913402690282,159.0,132.10160161235953,8.0
31109,45532.72690359928,3144.7868830747793,62.0,120.21199239645601,8.0
31110,65588.32960711379,1746.5981081724694,151.0,138.8139178908277,8.0
31111,29655.866393540426,24438.006941590695,-32.0,112.31049140131356,8.0
31112,58395.558834209245,16229.67939223726,55.0,118.73563650832938,8.0
31113,48640.08050690459,31628.793330453962,293.0,132.05011623037154,8.0
31114,44594.2095172298,733.5989201976685,14.0,121.10591124743254,8.0
31115,24056.490448187815,3772.381617787487,29.0,115.9803851775015,8.0
31116,50872.897700830385,739.0818133982428,63.0,126.35822020027618,8.0
31117,66560.38293356104,4739.685814700593,89.0,130.66065766679793,8.0
31118,58211.27113701027,732.7692049385696,58.0,127.67750842505873,8.0
31119,33886.29211069025,7862.1229425888505,158.0,109.61800025921318,8.0
31120,31551.274166845466,1471.021528948402,15.0,123.6878559009014,8.0
31121,41316.02894958861,736.0770206711001,14.0,118.16586529892349,8.0
31122,44141.30389922559,1180.2728190363835,33.0,118.60323485305071,8.0
31123,62268.625168912506,13031.38011281423,33.0,127.66236633575579,8.0
31124,36840.41978457817,1183.9860809549655,19.0,118.31900975265012,8.0
31125,14561.072366394847,3772.4644139860675,66.0,102.59888867548328,8.0
31126,12104.112434660037,736.9063985887711,73.0,115.78607736782018,8.0
31127,15576.424358493072,2883.9937581192876,25.0,113.19707135263654,8.0
31128,32345.62262450979,3543.2255875665605,10.0,113.35680026358156,8.0
31129,14979.565734608823,7491.348877455459,16.0,108.98641354916911,8.0
31130,56807.70838526305,43798.601306927594,11.0,130.3211068526108,8.0
31131,66122.78659108635,26351.683434540846,24.0,119.50595244235315,8.0
31132,54653.66756306752,5902.523389595992,47.0,120.35993907728135,8.0
31133,54917.36105331379,12819.161946865537,43.0,118.49536544756182,8.0
31134,29678.99162645894,11083.008722400678,149.0,120.7942597910864,8.0
31135,13280.128165416716,924.8629031035325,39.0,109.6978263657903,8.0
31136,36332.0486028992,11995.264514157549,139.0,114.29463411921324,8.0
31137,50112.568012550706,3138.4698319719123,88.0,115.25556612645977,8.0
31138,34547.83667019649,12807.927880961424,126.0,125.21317371590196,8.0
31139,21392.154845631663,6351.71203135267,72.0,108.25275610039881,8.0
31140,46786.82854028271,30696.39504160362,485.0,128.377990702416,8.0
31141,50192.533727194044,7505.770273368044,360.0,131.0566967638819,8.0
31142,17819.722458972436,17152.33569270507,-195.0,100.77471101829018,8.0
31143,59462.92891556374,51185.65830580952,153.0,111.68501121717813,8.0
31144,23996.33690985912,19514.970123710846,94.0,106.39855158097787,8.0
31145,42814.30625712603,9620.906759360092,172.0,125.82347760654272,8.0
31146,58622.86211405524,48667.05713965416,384.0,132.77447727522045,8.0
31147,27999.537968852,735.6224670531733,60.0,118.09023396959095,8.0
31148,30896.705739033205,5482.208630349075,136.0,108.65951903998884,8.0
31149,53348.40513597062,8274.085295717134,28.0,125.13088476580249,8.0
31150,50074.076502384014,1179.9679064676134,278.0,147.01101333396988,8.0
31151,43920.30305255456,17667.61419235341,35.0,114.59365429162219,8.0
31152,50566.516199562306,43905.94121851193,80.0,115.34182175124513,8.0
31153,33356.66999862764,32624.871800313038,-366.0,104.98994620672225,8.0
31154,9750.996663478929,9029.24718230939,-89.0,94.62777280756926,8.0
31155,8753.685213131173,7093.790312242397,55.0,108.25900282817162,8.0
31156,47438.19324201862,734.1842540071381,133.0,131.73186931316437,8.0
31157,28356.56056860104,11811.800293774459,28.0,116.2543761861053,8.0
31158,47028.00798744565,925.0147350130686,24.0,117.58005695852519,8.0
31159,35580.36845947695,9959.67008827204,111.0,113.19183383974853,8.0
31160,54137.06264533302,924.8368449228004,63.0,128.74483063958283,8.0
31161,37718.9616177693,1990.193716199615,151.0,128.88042471121867,8.0
31162,48372.17515250195,5977.612649686323,57.0,123.98715402935592,8.0
31163,38593.34392102682,30315.68664792731,153.0,109.14505599722936,8.0
31164,61075.77127447378,47352.933922189375,167.0,122.62542719246515,8.0
31165,33384.929702341455,1180.677620120649,2.0,115.33270643044953,8.0
31166,46142.55454432596,20200.15427634165,139.0,122.4461857587367,8.0
31167,37585.375955239804,2870.219285222491,34.0,114.94857597369887,8.0
31168,46129.09647329132,27115.666612747085,84.0,122.4437085695532,8.0
31169,19752.252520878734,736.2077185030274,29.0,111.27709148927917,8.0
31170,53891.92753409003,7435.701651539941,534.0,134.69563992915613,8.0
31171,10200.623398261154,924.9701357318171,69.0,113.02488888064104,8.0
31172,56513.275689656606,6911.3116758412925,81.0,120.31423420947483,8.0
31173,35992.43201288343,735.6683128942543,2.0,112.67858309856285,8.0
31174,39688.693546839015,9430.11710435673,209.0,117.0237481872448,8.0
31175,64666.67777281792,1184.6174673329936,130.0,131.5124991471924,8.0
31176,37226.46966527105,7084.06543018064,57.0,114.18506171014761,8.0
31177,13032.438388946288,924.9757876894877,79.0,114.65755908081884,8.0
31178,49679.93366893091,1180.2528419727403,82.0,123.44845792696894,8.0
31179,48713.12079589633,3138.389039275206,47.0,126.12811347593663,8.0
31180,60365.0421700514,6411.36354836987,19.0,129.21505112649973,8.0
31181,48601.08079609141,924.9614842605517,8.0,119.43892761672231,8.0
31182,37657.631180163036,737.4891138254239,53.0,123.10585582420953,8.0
31183,45040.57412752412,3488.7431742404356,9.0,124.31032480669624,8.0
31184,13080.648134431802,925.0412724430896,7.0,102.3659237059543,8.0
31185,52377.60489887466,924.862834835205,166.0,133.29338897049908,8.0
31186,44524.46225609646,738.7961253059402,48.0,120.17573725858222,8.0
31187,29122.330475716997,2367.5847818417246,22.0,109.92713789327343,8.0
31188,50511.533413265155,925.1574797559614,73.0,126.16773754441179,8.0
31189,13032.54657594709,5598.251398238753,88.0,107.80526851158035,8.0
31190,55497.57959913972,2358.8616493991203,32.0,133.69689361566643,8.0
31191,36867.43861451087,1989.9289512077894,56.0,123.576085889613,8.0
31192,61883.007627553925,1179.8418909516229,89.0,127.86422081614757,8.0
31193,57804.47500104224,4057.516855475821,217.0,130.06530684812074,8.0
31194,31504.66463441209,15069.503753870375,73.0,111.16372777059799,8.0
31195,61155.616414790304,732.8422137485812,21.0,133.61984226756562,8.0
31196,15568.11148074814,1740.200389491359,2.0,111.00984666347121,8.0
31197,29646.053462542935,2366.3431453448497,159.0,136.50964635118157,8.0
31198,34602.37597209601,22497.836957641863,183.0,115.6774057714228,8.0
31199,4515.486943935296,3087.9814006798065,-19.0,91.10668053385265,8.0
31200,38068.76542041572,17700.402458340508,78.0,115.76268164170783,8.0
31201,45374.5481180995,738.182620246212,203.0,134.5662934125792,8.0
31202,16426.188020294612,9022.157616710483,226.0,109.69184496601002,8.0
31203,33978.82397351554,23019.67536360473,5.0,127.31106784771407,8.0
31204,39593.358028980496,5478.844694109216,86.0,112.63026851487376,8.0
31205,5973.030370240803,5125.119756684019,-136.0,87.97167768087792,8.0
31206,42688.3698249998,9567.236534692973,127.0,121.04433474452965,8.0
31207,42560.49391826222,17846.123560144413,-50.0,106.39275861995921,8.0
31208,31877.761975241414,14738.123303206525,3.0,108.45289810221087,8.0
31209,15841.16656639015,2883.0693410545637,25.0,112.68385958937745,8.0
31210,54046.336002285345,2870.0604108357206,65.0,121.43295448368237,8.0
31211,28230.25672803874,23634.6185747369,46.0,108.5793385094108,8.0
31212,22923.176468876045,18910.397384496744,17.0,107.8930194103921,8.0
31213,49995.85506194847,1850.0093042554258,63.0,117.1499611658629,8.0
31214,48048.35153595154,6838.552077019612,34.0,124.51177170523312,8.0
31215,48608.17316020641,2359.8686141967632,188.0,139.1286896173658,8.0
31216,51256.13751782106,7969.165097617067,59.0,117.66982227830746,8.0
31217,34704.3437829711,4128.759411536894,251.0,126.93273880910198,8.0
31218,64230.749442489985,1179.326087890309,16.0,125.42025420822247,8.0
31219,57272.50459104181,7825.632727716633,169.0,132.78676997290165,8.0
31220,44452.85471811781,8357.055641171024,402.0,130.29570909857634,8.0
31221,14039.0599140272,6879.90799166325,195.0,116.96948669603525,8.0
31222,56725.753092065555,4623.801016802812,274.0,131.44086604285843,8.0
31223,49019.794757905474,11397.569095227205,55.0,118.63605766750386,8.0
31224,15835.455228331199,736.0641010350516,193.0,127.08522698016738,8.0
31225,34408.51603760391,2870.5255614136154,59.0,113.15117111590503,8.0
31226,44615.011679825424,8886.752176796095,49.0,114.32502652539485,8.0
31227,42425.282733386106,1184.9358507882164,39.0,118.76915897362377,8.0
31228,49573.233484243014,6516.501798736146,69.0,124.0656118967913,8.0
31229,52727.18338987506,12949.70552392666,382.0,129.77099699139117,8.0
31230,54254.27143098337,4683.068218906702,30.0,118.70900032848016,8.0
31231,41122.167573232065,16795.294115672412,108.0,117.22700724264377,8.0
31232,11390.680959118235,3087.9741867600746,70.0,104.12007552951971,8.0
31233,42991.8572784164,7430.005830176469,210.0,124.80941707279621,8.0
31234,52283.943492034465,9244.980047474965,61.0,117.51296755997917,8.0
31235,26362.60776656093,735.7801991089234,16.0,113.17485559868294,8.0
31236,16528.391390301866,1182.0142743546135,15.0,106.1503953117811,8.0
31237,25362.099514374684,6640.893567633676,181.0,113.99338303702609,8.0
31238,32391.05813601778,13323.937172376012,109.0,119.45555545587672,8.0
31239,54557.626200353705,17231.119482110716,71.0,125.07657568500483,8.0
31240,5965.995721761774,5238.879042712615,-24.0,91.16759493715126,8.0
31241,37734.00437760253,1470.3758723889293,97.0,124.45771769903541,8.0
31242,38759.59563315499,1989.951911514269,22.0,112.7900791723235,8.0
31243,26514.903806643226,8097.281192834018,224.0,118.39332287709242,8.0
31244,58872.569658860084,1179.70072214128,281.0,137.37064920526606,8.0
31245,24593.638527054132,925.0390437719808,22.0,112.55038183337706,8.0
31246,40386.68775015906,23376.221393856835,493.0,134.6933917428438,8.0
31247,26407.04066960038,2397.8678186445973,47.0,112.9120616055657,8.0
31248,42276.600509507116,7828.88260265423,130.0,118.15694323985066,8.0
31249,42858.24410664585,3771.929516601361,84.0,117.8456623334921,8.0
31250,50890.85204553987,924.8320375413266,13.0,116.389424030797,8.0
31251,47694.94340343596,5230.843720997362,63.0,116.61528001589573,8.0
31252,42689.67347823337,2871.4027104210872,85.0,120.15335063882745,8.0
31253,65374.092105802876,924.6704375737631,39.0,132.4615846782021,8.0
31254,47438.57196942552,1184.218313412638,37.0,116.4704942988396,8.0
31255,56325.56283527368,5739.3210536000015,156.0,123.64715683818639,8.0
31256,23836.307223448704,2942.4264511717042,70.0,120.23075223532706,8.0
31257,34709.375799372596,735.9255994184973,147.0,121.94949868074028,8.0
31258,54367.105771732466,8078.149083256138,78.0,122.83715802845674,8.0
31259,39806.79945982482,27703.068170659957,183.0,117.24027080206844,8.0
31260,27786.44801525203,6474.306177695345,70.0,115.04403205159383,8.0
31261,48440.49100795199,40164.40037481837,-74.0,111.95562451425985,8.0
31262,36100.702459771834,924.8218957910044,32.0,122.61682746602379,8.0
31263,66698.07695481407,3538.381322545993,129.0,127.39105592115692,8.0
31264,37928.10186916417,2774.63298356724,51.0,115.86226820218415,8.0
31265,50292.11918622639,924.9653645787854,30.0,129.32812987765436,8.0
31266,24424.105171148494,12804.151774207718,39.0,116.51600303992551,8.0
31267,6172.312910819939,735.9301464599383,20.0,99.89446360391966,8.0
31268,47226.318794864455,2871.3743295247446,26.0,117.37463132848944,8.0
31269,51379.84928425918,739.0304911059546,61.0,126.86597051894114,8.0
31270,35352.92382923845,2945.5903778802026,37.0,116.10802540971753,8.0
31271,45553.748917897705,12663.425796929183,153.0,120.55146453098128,8.0
31272,53645.43411779731,4304.032457242993,162.0,119.22455100159866,8.0
31273,34567.401889482615,8624.924668640906,88.0,113.33471208602474,8.0
31274,33636.222605668205,733.5721265777074,124.0,142.64219856892328,8.0
31275,35692.81032546885,735.1042259141393,52.0,135.1282113677621,8.0
31276,48516.75316890595,3552.642762381013,132.0,130.7362443811028,8.0
31277,28141.862333317375,4050.3555635092225,207.0,116.56155163590613,8.0
31278,40618.32928248719,32318.77847213378,116.0,109.71450761432826,8.0
31279,49745.83046851264,2876.038479322507,115.0,121.27254986226147,8.0
31280,46214.49870055077,31182.40933147976,87.0,117.71866820488165,8.0
31281,35670.14627576672,18661.781452315583,490.0,134.93877885161805,8.0
31282,35561.8175011583,6838.025056691709,169.0,132.83267524755362,8.0
31283,44345.50034784919,5753.715142726456,145.0,121.12435278225404,8.0
31284,23414.915274602743,3772.6054598823007,271.0,107.63590567735513,8.0
31285,48119.56780785418,6641.716422650553,21.0,122.52794404008307,8.0
31286,49092.69156959099,3144.344390357119,61.0,121.89736043685598,8.0
31287,46378.32906051035,44387.78495962258,-36.0,111.59780184981565,8.0
31288,49143.40786812493,45117.475857066755,-74.0,113.3059122920196,8.0
31289,37565.92292213694,8102.279548444191,390.0,129.20833011027497,8.0
31290,54148.776030323905,3772.6456585035007,112.0,122.45099693077107,8.0
31291,57290.433771884906,1184.7370805952505,21.0,130.58052517786223,8.0
31292,31599.78802903475,11412.8995179782,72.0,112.23160717548498,8.0
31293,44384.779226148785,32150.097718419835,210.0,116.11581420471147,8.0
31294,17122.59046179436,9964.028327428026,28.0,103.50182543375954,8.0
31295,19170.40888339416,736.8806890828397,15.0,113.4258906512116,8.0
31296,9019.82160056696,2365.0984811722874,52.0,106.29167901312314,8.0
31297,56105.61023811899,15607.478176484405,38.0,123.58998216286304,8.0
31298,25475.09482836602,9035.160003557683,77.0,115.32649401449419,8.0
31299,47167.814742579,1991.9165648427231,34.0,126.02110982130455,8.0
31300,58007.05795291612,9243.175606131306,287.0,130.85806500941231,8.0
31301,35997.221088697195,2361.4777185289126,85.0,128.89440909964355,8.0
31302,44098.86616747417,1992.627160456057,42.0,114.74334696790758,8.0
31303,46666.97646054618,15848.66687368956,25.0,120.52757536449649,8.0
31304,38495.59594964865,1989.962666734917,29.0,118.42952691418007,8.0
31305,43061.93790853263,735.6616722852285,89.0,124.52209114206431,8.0
31306,12928.26396738497,1991.22015980597,43.0,107.93491252079673,8.0
31307,25939.6025168671,25016.267142739176,-447.0,101.26752339674516,8.0
31308,43191.04846356209,8628.49277863758,36.0,116.89180235146749,8.0
31309,58780.58295486892,1731.891408352959,442.0,139.85378932084126,8.0
31310,23292.790223010354,1738.4758486484193,44.0,114.08022504782039,8.0
31311,31723.75933589789,30988.77487980912,-371.0,103.78142883276807,8.0
31312,24497.122721264102,1180.7642492576178,51.0,117.7710017985276,8.0
31313,36562.660105831535,27671.373285497782,-188.0,123.34079608590352,8.0
31314,35155.33469688462,5549.747682864406,50.0,112.199206607425,8.0
31315,40205.7748240516,4724.64996141143,16.0,119.04615279942198,8.0
31316,42265.76517864999,1989.632412123818,68.0,119.57686204623786,8.0
31317,30337.159732032313,10358.839003020734,76.0,113.17006465336749,8.0
31318,57242.629732660374,11418.043208885912,26.0,120.7623620528561,8.0
31319,49142.52400540843,6494.08435278941,564.0,129.27816217786147,8.0
31320,18452.467788044763,8088.7039867705935,-30.0,105.96473162242876,8.0
31321,55321.91562571013,34943.11402832723,88.0,119.26449230638944,8.0
31322,46143.9736826582,1735.5001138239202,74.0,133.6803167434374,8.0
31323,27258.240261778188,6630.57914997145,32.0,110.64279340639791,8.0
31324,23228.160441889697,4682.937146694399,300.0,124.98029448432142,8.0
31325,42170.032370588575,737.8075722068286,130.0,130.79047439838916,8.0
31326,32103.87525614739,1990.2304813275973,94.0,120.73894008979511,8.0
31327,41681.566965425416,924.9555988288326,12.0,123.91792445773052,8.0
31328,42738.48370778115,14489.261000963766,55.0,120.94173308025874,8.0
31329,19911.164730537646,8840.139974234025,18.0,106.33055371543475,8.0
31330,21910.32711182628,9231.011912308295,24.0,115.90314462316947,8.0
31331,16826.018949144996,10432.774794483821,20.0,107.45534485299456,8.0
31332,19211.117181757112,1181.2898904025449,195.0,116.11819535537317,8.0
31333,43533.44351660755,22027.536145113598,139.0,114.19567704598592,8.0
31334,14355.039049095898,1991.725385165838,42.0,102.41057456107654,8.0
31335,45537.30529681344,1850.0497723835208,59.0,120.35068023918585,8.0
31336,50082.1316863677,1849.884919341041,52.0,130.0326737468301,8.0
31337,51910.746182769195,1992.5307202310719,13.0,121.36758924592601,8.0
31338,39121.245235650626,21434.332090630716,45.0,118.10798946115358,8.0
31339,51495.46068912643,4110.264929327538,375.0,133.9287494833254,8.0
31340,19056.28090664951,6842.00135881416,75.0,108.24384893135708,8.0
31341,16544.903570537495,1990.3609177176968,60.0,117.49465320753927,8.0
31342,51881.07547651559,33567.02037280566,56.0,119.16781856942652,8.0
31343,35132.71351923324,31109.598684341297,2.0,111.21381903247477,8.0
31344,42005.59202255282,7368.396866177627,94.0,110.92020397412297,8.0
31345,52649.05659347495,41087.04683509092,120.0,114.27344425909172,8.0
31346,47225.907374718365,34996.19565206458,37.0,114.3090216460682,8.0
31347,42074.30277088158,4603.047847884807,96.0,118.36128245961197,8.0
31348,32842.252729972526,4117.74698296392,65.0,113.21323590557027,8.0
31349,24459.524189371234,3681.5855826946818,58.0,113.67262056406241,8.0
31350,56821.5292620223,924.711253585173,43.0,127.84679794536783,8.0
31351,19437.253960774684,9249.199634954613,175.0,102.41548664901914,8.0
31352,56309.68457040258,4056.153485470687,147.0,125.97913481466043,8.0
31353,49533.766030644954,2368.3403721508685,86.0,123.79379523395252,8.0
31354,46631.1262081695,4602.846635877402,131.0,123.40183349993734,8.0
31355,27037.549083539452,10957.745294817381,507.0,124.07777188404577,8.0
31356,20209.009894427923,3085.775091815385,229.0,122.76207081918167,8.0
31357,53571.659771719795,6330.654847667102,180.0,131.29222751464278,8.0
31358,29441.856893907127,2366.9340781772567,93.0,120.47072120631564,8.0
31359,54015.04924732399,42261.84193064441,223.0,121.62134998234468,8.0
31360,13323.580618368826,6662.265579400649,57.0,102.52261737814882,8.0
31361,61970.459646581316,1184.8896751613486,38.0,131.3903027675679,8.0
31362,37092.37574793971,16854.279650642995,136.0,121.45927564538353,8.0
31363,27022.02417746102,1183.3345446644962,59.0,120.20952361533249,8.0
31364,57916.207747376815,924.9328570915006,49.0,132.49637477817797,8.0
31365,24776.616642827485,3474.8179206304376,11.0,116.15638463704285,8.0
31366,43047.23638408229,924.9016726890354,40.0,132.31649186745747,8.0
31367,48660.21094494165,924.865419145644,67.0,125.66390475965869,8.0
31368,46059.85276821978,1181.0891686354296,232.0,128.34014346588035,8.0
31369,49290.35662938795,925.0292499714358,201.0,140.08374524588737,8.0
31370,55140.96270562488,925.0327741002336,73.0,126.70919130763308,8.0
31371,49439.93763982303,2359.8562482011166,76.0,136.07659677216392,8.0
31372,23116.984474090266,4311.4999582807795,50.0,115.52282291176577,8.0
31373,25383.72630426711,3083.8777072896737,17.0,119.01313671347732,8.0
31374,50922.40517205745,22772.098284295225,368.0,119.65843802896865,8.0
31375,42848.1421934396,1472.109470175609,142.0,124.05755124227453,8.0
31376,57229.50842299009,31758.638787503736,319.0,129.32127978035368,8.0
31377,24687.72723401056,16096.106997672458,11.0,115.59933546429315,8.0
31378,11693.516744467248,1182.1290216456393,94.0,114.76228548707947,8.0
31379,41628.845763259684,924.9325836774979,212.0,132.96154877967948,8.0
31380,43268.10544390664,924.980544204354,83.0,133.88070929446917,8.0
31381,40279.85265482769,5233.576037444387,304.0,129.0900788726578,8.0
31382,50211.55764804577,7436.211374760053,301.0,129.2197940409639,8.0
31383,42238.60616054814,1471.744298526783,42.0,118.39848738909012,8.0
31384,13353.529484829673,2396.8560755150843,68.0,110.77140816217191,8.0
31385,51901.79499266195,4682.596985035819,47.0,117.296510955504,8.0
31386,17565.2713285854,1474.1613155683197,26.0,108.58480902624366,8.0
31387,39465.416773152865,4795.722210894812,240.0,119.38300300212076,8.0
31388,35735.5265017939,1182.989511041538,90.0,123.53974030572044,8.0
31389,53066.68607564945,9243.175606131306,287.0,141.91027074417804,8.0
31390,46206.583873992255,3486.8375270802,277.0,131.03353154322713,8.0
31391,37294.68248930277,1736.9109080824255,479.0,133.68335397610332,8.0
31392,38146.27201479146,29872.008920684246,153.0,109.23163093572046,8.0
31393,64808.622180473,58152.23012328285,80.0,117.64500341803861,8.0
31394,42776.553266560106,13357.88965186488,215.0,125.71772629311812,8.0
31395,64860.99615530759,24165.281445003504,63.0,121.79709780589876,8.0
31396,42532.002265974996,3541.673376568563,358.0,132.37329956561288,8.0
31397,36033.151328297165,15432.156607112418,82.0,120.35283815197093,8.0
31398,16738.83439764965,737.2943466931949,142.0,124.20808807484372,8.0
31399,52901.28079278486,9412.36268023983,353.0,133.1841087871094,8.0
31400,41852.828461608806,1992.0377725376811,17.0,119.11904498304892,8.0
31401,36829.59042945847,4312.149231465,130.0,127.1431165699378,8.0
31402,34054.65262080376,738.8930076425213,87.0,126.51039849279687,8.0
31403,44009.068719020885,8763.881387724652,219.0,116.88870725122379,8.0
31404,46057.554003741694,36854.095419837555,-421.0,119.98724303958419,8.0
31405,8752.85389308986,7093.5506245580345,5.0,98.9150947419729,8.0
31406,30388.42628816276,1473.6929816493885,67.0,114.01559211759661,8.0
31407,41896.88137219974,22395.68085674763,176.0,116.90591711007421,8.0
31408,45554.86822145224,734.2483901226809,176.0,162.00827243808823,8.0
31409,55231.08983075821,12549.768863156416,565.0,133.7029377559502,8.0
31410,32673.105580328676,8356.868522139846,140.0,119.70955045121764,8.0
31411,66703.49367325634,2358.853575473759,40.0,130.86434381054102,8.0
31412,5852.628609291052,5216.364462905773,-54.0,93.39938916792227,8.0
31413,31015.04560770936,1182.5062241801634,131.0,126.25569456584299,8.0
31414,5598.113039795196,3772.2177742363792,-69.0,89.73320727752092,8.0
31415,50100.751746544236,13228.631118610689,95.0,116.87047585176228,8.0
31416,58405.65514780109,40787.56759281616,64.0,117.22041848570365,8.0
31417,17729.707222868303,2363.383721278696,345.0,126.75746561833093,8.0
31418,42026.65703541619,5208.121603591881,210.0,126.00740848862601,8.0
31419,25988.23433048473,5221.389812162705,118.0,118.46136098082889,8.0
31420,27631.350025998905,4683.043032857026,91.0,125.216747583411,8.0
31421,39656.28471294921,3801.5431433425288,27.0,117.22797130128475,8.0
31422,12949.175492819908,12024.170969533567,-105.0,103.8287203877942,8.0
31423,58929.6097031024,16231.596783676678,72.0,125.70678707877026,8.0
31424,66425.543090093,59772.244055253854,21.0,115.94715660650242,8.0
31425,59329.142135780836,43231.23592832765,118.0,132.05736867857672,8.0
31426,13318.283171056084,4727.4574954878535,20.0,108.91620053981623,8.0
31427,55283.33351237404,13136.931705087014,159.0,111.34346587878512,8.0
31428,21902.386846332418,7484.93770867875,78.0,109.9551367721159,8.0
31429,35289.50443557851,14908.391465999552,88.0,113.99864862418838,8.0
31430,29076.532028510217,27374.288282007677,17.0,117.18880749647626,8.0
31431,25140.386667739447,3983.5142265995264,39.0,106.80095753983213,8.0
31432,35492.35603597613,22483.207045955107,404.0,128.65717440357562,8.0
31433,46786.41757862796,5976.745612694902,107.0,111.53278015586922,8.0
31434,47422.65505228441,1992.2800686359171,18.0,116.11768961470955,8.0
31435,35163.77822400439,9342.703738277845,47.0,116.25808419418165,8.0
31436,34566.40492566432,4793.076637699106,40.0,119.1886268767275,8.0
31437,33698.44720993884,6666.296490369301,228.0,129.3349342516607,8.0
31438,33028.53549484146,10448.00434763812,71.0,117.74409502207925,8.0
31439,42496.186127091176,3473.09854306968,252.0,127.16856809127532,8.0
31440,31587.223329399156,30465.83876669321,-170.0,111.2447485883598,8.0
31441,25308.238550937673,13015.212148822286,64.0,112.62599908282473,8.0
31442,20014.042092644784,2366.078595282937,134.0,119.41702199846645,8.0
31443,65156.528808638795,731.4821229563478,19.0,128.24398840045345,8.0
31444,40010.86510867624,925.040470219566,74.0,124.53899335447784,8.0
31445,21928.138927397238,15269.867211453455,35.0,107.98628976069767,8.0
31446,42700.49748144905,925.0173447428771,15.0,120.2186195791194,8.0
31447,56324.09661565756,924.8663250000188,227.0,136.54074724064986,8.0
31448,14735.78671197659,13052.816391972607,53.0,111.68270652276318,8.0
31449,50668.64226461282,14400.488400572769,2.0,121.87289986862048,8.0
31450,21727.93619342701,924.9401759091174,24.0,123.99258857657156,8.0
31451,24631.987200649466,15055.132545772145,174.0,107.04128892002599,8.0
31452,30752.470308018477,5916.895554896932,38.0,119.27965923919453,8.0
31453,50873.067738936035,18499.73558197969,73.0,119.56833399676202,8.0
31454,58349.202891270936,4623.578096312306,73.0,124.44446702800458,8.0
31455,34110.370898123394,924.7855229008862,54.0,127.98346190513428,8.0
31456,32402.626390710662,21428.57373109236,78.0,113.50897495776216,8.0
31457,33814.808168819865,2876.841664507496,320.0,115.2518453171289,8.0
31458,43660.26920129164,1992.3387145915294,122.0,130.94850790577175,8.0
31459,42229.44188976406,30623.940848700746,249.0,129.60991273363263,8.0
31460,63187.91624364704,7109.188454228893,79.0,132.541466650522,8.0
31461,20522.208374273658,7866.108043112111,33.0,104.59122167419014,8.0
31462,22900.380008832642,3790.5528358348183,122.0,112.72272168791382,8.0
31463,39319.33494939386,29126.472533226868,116.0,115.33399087462067,8.0
31464,25373.64297061758,1181.4852415894227,11.0,119.5542877074628,8.0
31465,63453.392045106804,18953.108516905842,44.0,124.7990183717239,8.0
31466,8102.36780809258,736.3258876941178,24.0,102.65400114453251,8.0
31467,44518.281381557266,737.8831256124221,51.0,125.00960978545825,8.0
31468,22999.01887578829,8152.873159334531,196.0,105.96619791323964,8.0
31469,34005.77395812069,738.4710867789983,34.0,118.66100715143466,8.0
31470,28831.52930318097,21669.346617248775,132.0,120.79751305079206,8.0
31471,49024.97108344188,8323.80934004117,133.0,120.1824330058758,8.0
31472,22410.894435322592,5967.867586618252,75.0,114.95061036168693,8.0
31473,20890.882380037612,5858.764694460091,98.0,115.69367592741756,8.0
31474,43321.22327398501,1744.0893754064027,24.0,109.10083211742534,8.0
31475,28174.11451794767,2392.1713494635246,23.0,112.1666891555195,8.0
31476,37694.520761463704,924.8755615212427,50.0,121.82438939305884,8.0
31477,61259.646542011666,52994.83311554304,153.0,112.36981589330887,8.0
31478,27676.843214328648,8653.735371312236,487.0,128.56653390674813,8.0
31479,27665.196449662184,4051.013136497957,241.0,116.25236663925232,8.0
31480,20018.000639168335,14902.339307858043,60.0,104.53951988932623,8.0
31481,4728.467432717595,2364.644722749989,-10.0,91.36200039556692,8.0
31482,33903.5596726448,28026.872121009827,-81.0,122.63915471014094,8.0
31483,47933.64817970742,8889.515064361582,168.0,126.87717497181495,8.0
31484,35907.148136660704,3083.943248004295,368.0,119.53839072735636,8.0
31485,52383.05448000044,11480.493416802523,20.0,115.58905801635986,8.0
31486,45612.36883981484,924.9133304766281,31.0,128.98490756488982,8.0
31487,26487.51776046729,4852.530655444817,24.0,109.9889650533578,8.0
31488,23489.682693487553,2208.0426032392284,232.0,125.43935599165255,8.0
31489,49611.50749683128,3487.392630178705,216.0,129.4357937425865,8.0
31490,34253.21722355782,16664.43514140642,-16.0,110.98208531978673,8.0
31491,54480.20906942954,1185.176905442997,124.0,128.72445847560877,8.0
31492,46987.36740585207,924.8402368659885,111.0,142.73714916395647,8.0
31493,61602.73201094112,16088.17110700791,76.0,119.95724490384572,8.0
31494,11080.190133195734,736.7148103463556,23.0,106.77487144102366,8.0
31495,51123.94903668587,4619.557969894826,91.0,128.14493866637798,8.0
31496,7573.622686870071,5911.389045936622,3.0,97.60915639704,8.0
31497,14353.726006226383,3772.2006410019617,40.0,108.02011947734385,8.0
31498,20875.94670243954,15414.026369280837,39.0,104.79061910786217,8.0
31499,50436.44605219043,42158.270400291876,153.0,111.1151767394801,8.0
31500,19058.153966345755,3143.1391599038625,56.0,117.1854638074898,8.0
31501,25145.948013823905,1849.808528192673,117.0,120.94191466127754,8.0
31502,36303.395809741945,1183.0308843226658,128.0,134.6366651860495,8.0
31503,41307.40839195913,27095.03289304225,196.0,113.6532141051122,8.0
31504,8356.82207578354,924.8885384263291,0.0,97.32987857669517,8.0
31505,27287.44702000423,11386.353901847391,74.0,112.76960560753204,8.0
31506,53124.00537836654,14184.853940694591,117.0,130.87301159925556,8.0
31507,38548.03286552874,3794.0180793540812,22.0,118.34173916708097,8.0
31508,27312.21074265497,924.9997199073822,-5.0,116.0563079110305,8.0
31509,45738.90767976206,5230.435651235483,38.0,116.77948997487421,8.0
31510,39864.748501159906,32277.319716712682,-449.0,110.23064388406642,8.0
31511,45001.70764871376,924.9824868532351,9.0,120.33594263565791,8.0
31512,54106.5322258456,12077.83270763623,61.0,118.57642453361903,8.0
31513,49043.10686124212,6937.714705130658,437.0,123.0427321773086,8.0
31514,17588.811854434876,16664.781464365144,-146.0,99.71027784463155,8.0
31515,53743.45338577659,2888.1174068364553,21.0,125.5928708662039,8.0
31516,24059.807873315574,924.9209723780046,163.0,126.00985205591816,8.0
31517,23633.371524521863,13684.419372661361,278.0,125.10376074322812,8.0
31518,26518.43575282342,9576.214738021772,186.0,105.25230220010815,8.0
31519,45469.86078359274,4624.319857369114,88.0,117.67355834754073,8.0
31520,36080.6058127266,1849.8725433839452,213.0,128.93126691271846,8.0
31521,48634.68903928124,34535.86825582873,163.0,118.92285891425608,8.0
31522,29430.675278182578,11484.944885631909,289.0,124.06578204994753,8.0
31523,12649.068660012617,1471.5580672729136,123.0,103.46111721266544,8.0
31524,42135.76695700571,925.0235772349907,15.0,114.94594364231457,8.0
31525,32612.84152402401,735.9255994184973,147.0,122.44705290840716,8.0
31526,46589.03900736055,1735.5276827333314,172.0,129.42233322941138,8.0
31527,30177.668217772985,1850.0212291169298,57.0,122.74595196488785,8.0
31528,7574.403152282086,5911.568790319693,66.0,107.36205018835236,8.0
31529,35216.15890308802,7435.867656825177,112.0,119.6329798592632,8.0
31530,23508.361782111933,924.8467626295217,88.0,121.62443394607064,8.0
31531,44548.116189818466,924.8329121461234,16.0,113.74243452210025,8.0
31532,35678.238766089,19252.1785972534,73.0,112.76651116487815,8.0
31533,32844.583186317,1736.2824607652385,8.0,120.57497755800767,8.0
31534,39686.60055797233,1992.5865788383987,39.0,110.06388744959601,8.0
31535,38876.02202558018,16665.72040223911,57.0,113.13996103225399,8.0
31536,38498.71082207698,11397.447566369117,163.0,110.43742486097186,8.0
31537,20385.859218793863,1180.927095189097,196.0,144.39390630973784,8.0
31538,42403.85457672416,25361.624703538222,249.0,112.42255841722562,8.0
31539,48238.29623912406,12970.698898055138,70.0,121.23987993426061,8.0
31540,16739.708554350564,2884.055744075371,45.0,113.99163743713052,8.0
31541,39907.67137855228,7497.853203657416,112.0,121.29077909892939,8.0
31542,45895.17908542326,2399.996387189573,195.0,129.00074911372758,8.0
31543,9707.272185226106,7722.3850422934765,52.0,98.95214184807118,8.0
31544,51300.65776211259,924.798636863845,94.0,127.76270897094662,8.0
31545,35070.109642778414,737.5514540070363,24.0,116.23096248305448,8.0
31546,25275.486935430592,734.0063453197826,54.0,135.63305713501597,8.0
31547,27751.20824951231,26023.85724181594,3.0,108.82760177950504,8.0
31548,47920.38228327279,925.1574797559614,73.0,125.60428189630943,8.0
31549,5125.660854652578,4309.740880937763,-86.0,87.32073722891342,8.0
31550,41257.53754129289,8102.279548444191,390.0,129.90917769667203,8.0
31551,12658.99906827703,10477.731493567342,-19.0,99.44423854131189,8.0
31552,50323.11130036078,17054.31730991295,122.0,113.9774400823014,8.0
31553,48099.32868629867,11098.234210350693,124.0,119.41653034836841,8.0
31554,24211.050152599873,6174.444494562064,138.0,104.73244398090398,8.0
31555,51682.85969139465,33564.12939707211,163.0,112.38259963504706,8.0
31556,69382.14651741702,1184.8866630613286,188.0,135.22906682415442,8.0
31557,33758.54456634016,12575.041534034464,75.0,113.34988842547278,8.0
31558,39016.16803558064,5889.993230366912,26.0,115.84956856942196,8.0
31559,60270.72644994738,3138.2704037494123,22.0,124.19388873822578,8.0
31560,33587.03286715309,7967.167880995946,197.0,113.77756713734686,8.0
31561,62023.01957032858,53745.17440983418,153.0,112.53945331694463,8.0
31562,26719.82131478941,20876.891781314993,-56.0,110.87519220591794,8.0
31563,62596.19821559498,2358.317218784122,52.0,134.77489360377683,8.0
31564,7871.8205539991195,736.5041176439579,20.0,102.45409650060843,8.0
31565,21291.740410290207,11830.791774881638,53.0,111.02095743498089,8.0
31566,35735.951759960175,1180.172580669843,30.0,116.00405109238494,8.0
31567,41360.707016566615,22636.65825418052,187.0,117.37981026922436,8.0
31568,52907.155715893015,1179.7961724655877,9.0,130.17127268355986,8.0
31569,22500.603163508684,2870.248648919471,286.0,126.4627127756008,8.0
31570,39596.33601238259,28641.376710540277,67.0,114.11650128453005,8.0
31571,29483.710117586772,6353.958640403917,47.0,113.23541865714716,8.0
31572,19875.060648471375,12513.561470401986,36.0,107.89129476006036,8.0
31573,50653.345507051694,1184.633414196104,24.0,131.8602070398569,8.0
31574,11827.211401961787,3548.630713928687,140.0,114.08936971076658,8.0
31575,63896.80560811663,1989.3269889878407,270.0,135.8636225071981,8.0
31576,17833.42010868845,1474.5464970922674,66.0,104.62895050683963,8.0
31577,52804.11136479074,4624.992432535892,117.0,120.49897266866725,8.0
31578,31711.920772488487,14020.660788654528,45.0,113.37756945763124,8.0
31579,57000.09057584099,22792.850861118328,19.0,122.92170210075139,8.0
31580,35647.68311588235,736.71890228558,117.0,131.0878524536696,8.0
31581,38178.123124072714,924.8249090587301,59.0,126.8314084236389,8.0
31582,41045.17016061635,9037.852524336702,210.0,123.88163526725876,8.0
31583,41431.878808211935,2366.7446814905793,84.0,113.4395793129287,8.0
31584,45795.49104128512,2870.0379018261638,102.0,132.16188525477554,8.0
31585,8085.0243585357175,1182.5506634117737,57.0,97.86808418342017,8.0
31586,41503.58339594316,22267.643436923594,181.0,108.46572376287772,8.0
31587,50098.20867136007,2872.9844296737824,265.0,145.01328884077196,8.0
31588,37930.19608633165,6474.763596494259,42.0,114.6357890224201,8.0
31589,41281.03668343598,26040.515434141318,355.0,113.96409314376625,8.0
31590,42776.001671721686,5598.095523618176,122.0,120.16564235493061,8.0
31591,49374.71394715174,5598.465218301842,76.0,115.26265866646656,8.0
31592,48146.10742592483,41488.17088687797,19.0,114.34864870805762,8.0
31593,55012.83396008792,8256.147746952432,427.0,132.88830677233986,8.0
31594,30330.12655672989,2947.5165791829804,42.0,115.46114801581493,8.0
31595,23731.143023854194,12127.122903855605,538.0,116.00674019706888,8.0
31596,32204.12965321924,1741.498766270604,145.0,126.37891043298379,8.0
31597,46827.812030724526,13135.315522332541,62.0,118.96115788581491,8.0
31598,40449.58164161012,1992.1474379398846,72.0,118.5878515679001,8.0
31599,5478.136264931226,736.4620811405176,42.0,104.19320819525689,8.0
31600,33448.041240342856,14445.739667879232,379.0,127.75976412036098,8.0
31601,43501.485239485635,2946.257090085605,33.0,114.54623658113044,8.0
31602,64571.69873929535,1179.978179412811,8.0,126.6833684772438,8.0
31603,11403.619286410245,9422.08337967055,57.0,97.34638470318366,8.0
31604,60345.88368868634,925.0950544536637,44.0,124.42972620671718,8.0
31605,26913.37530543773,8356.696430600932,217.0,122.69353872255712,8.0
31606,36646.00388996178,1739.5670106744446,158.0,133.88187888856478,8.0
31607,28732.212701622273,11088.755828710426,16.0,115.77581401143007,8.0
31608,23948.560167091404,1183.2147355657762,120.0,124.50554604649662,8.0
31609,68924.74365788916,58737.29797537893,116.0,120.7202204779581,8.0
31610,34715.76589529511,18500.81442975692,32.0,117.47786104481862,8.0
31611,22096.195880282947,11047.834732040737,27.0,106.69439523994355,8.0
31612,55153.05280158106,1180.1856527385096,20.0,126.20036906462619,8.0
31613,46270.32781480865,1849.9688953231168,105.0,127.55229867866707,8.0
31614,62190.8192317853,19145.70698622633,46.0,121.54017776576498,8.0
31615,64042.27384531841,18066.61401336119,63.0,122.06653333287869,8.0
31616,49007.01299894446,24951.467989206576,41.0,119.57276691950413,8.0
31617,47536.35109088558,7435.749653611064,220.0,126.41457461087931,8.0
31618,46769.84435579696,732.7639032687772,53.0,124.84269314676571,8.0
31619,39187.293116075045,2870.2635118191056,67.0,128.05631878051614,8.0
31620,45551.055762019445,14392.544694577808,-59.0,115.22584886373438,8.0
31621,40413.288176266724,4852.298488351117,31.0,117.65040060309788,8.0
31622,42472.91490670825,1183.4987191445296,77.0,122.99845407278181,8.0
31623,53817.223224779635,11393.211557255869,165.0,120.71570629352198,8.0
31624,32824.61055802446,3472.020104089104,45.0,113.47712412922155,8.0
31625,43213.42285286018,8258.115057750721,196.0,123.72269487578293,8.0
31626,57004.09942577972,2360.928823220246,37.0,123.25353677908768,8.0
31627,33242.68989109199,736.8131450827376,-2.0,113.96735734386455,8.0
31628,35340.15418515921,12114.012866573,-10.0,114.99249383344396,8.0
31629,28823.515794200597,8356.824748910265,-1.0,114.90156675538094,8.0
31630,41940.14234355358,30980.568623958367,67.0,114.56743178000369,8.0
31631,27807.10466844066,4795.200354866753,45.0,111.16268387503196,8.0
31632,48541.674674381546,14083.522241263792,132.0,123.05232326880281,8.0
31633,39893.96281659225,2207.164645016908,108.0,124.44277728926296,8.0
31634,31992.99649889417,8613.733743500105,201.0,126.7634139771938,8.0
31635,54711.465970579,1179.294505449162,66.0,135.25343497236864,8.0
31636,53869.394193640306,45421.231819920904,352.0,130.95413149044413,8.0
31637,43497.72674437671,5549.858151040649,87.0,121.36366841199504,8.0
31638,39326.34615311476,2949.0984364989067,90.0,120.6378052065302,8.0
31639,28710.216447628198,924.8620626207862,6.0,109.81444915371436,8.0
31640,46937.19519819963,3137.7207221885565,328.0,130.86483226727628,8.0
31641,44990.70019779779,1183.8307198072648,41.0,118.15527328938477,8.0
31642,43352.90529849377,3089.72369314744,134.0,124.38689647938295,8.0
31643,14103.262514735015,4310.622392946245,233.0,103.30760672590011,8.0
31644,27790.018906653575,8565.905069599374,186.0,120.10011632005707,8.0
31645,36942.628867817904,3793.127328764771,60.0,111.00591654034213,8.0
31646,25574.818098656677,17498.564813689438,68.0,116.47662296676097,8.0
31647,27835.604193409934,1849.8433106655716,22.0,105.48898198398439,8.0
31648,46275.951586798554,9800.299466093229,114.0,120.29242050929574,8.0
31649,25402.202360326668,3484.0326224142755,30.0,112.10154470114233,8.0
31650,46972.48563255755,10186.071323751215,66.0,120.66187670362187,8.0
31651,37744.86610557744,1183.465876482608,46.0,123.04201214323413,8.0
31652,39317.21756496796,28887.85191594765,-296.0,112.8005716621923,8.0
31653,18450.563427220786,4612.931772726672,4.0,115.25120292474571,8.0
31654,34992.685669774226,733.9778407268003,45.0,120.71661798910338,8.0
31655,5125.022229625765,3141.1345654253464,40.0,101.15885836320963,8.0
31656,34727.55942643894,19238.53487599001,181.0,109.09169635785203,8.0
31657,21342.10122954966,925.0174449273356,20.0,111.21886066659586,8.0
31658,18991.834158397327,7597.580160311985,4.0,106.60771662268847,8.0
31659,43786.83337036458,35508.27327784177,136.0,121.52154136342463,8.0
31660,43986.907371154026,4304.719410189417,44.0,117.04459344693589,8.0
31661,36553.90623585436,26312.014877858954,185.0,121.93699138887615,8.0
31662,40347.05413826445,3138.473955629479,107.0,130.23477629796798,8.0
31663,41648.05833359365,15741.314794293918,270.0,126.96619860020974,8.0
31664,32581.196825000956,14871.967903180841,321.0,125.01425292556415,8.0
31665,25864.97369899495,3543.7068066368242,555.0,131.92331764754937,8.0
31666,11377.534272904322,1182.2449337042322,66.0,114.63563258696756,8.0
31667,19293.508964143464,11060.874353190917,15.0,104.77988411356566,8.0
31668,57192.67902372095,46954.45420385698,204.0,125.4746861098366,8.0
31669,41458.078701592705,17834.240395015633,43.0,122.15640304998747,8.0
31670,45247.903053475624,11699.530928716775,81.0,112.06005618130868,8.0
31671,50536.05313978393,925.0771433376375,24.0,126.37624165270452,8.0
31672,37991.30519705398,2390.9631625087486,526.0,123.51324223599781,8.0
31673,48456.59961366548,4683.313352749676,73.0,114.01488830881259,8.0
31674,25405.92381456574,1183.4602390718458,117.0,122.97475965443678,8.0
31675,27104.034153872286,736.936451032581,38.0,116.07320420092952,8.0
31676,9278.467139727998,4624.619968076902,-4.0,97.5348058326343,8.0
31677,27358.43692517714,4852.136936009804,282.0,125.77739434122603,8.0
31678,36211.97698891799,10256.306177514469,88.0,108.52078016537928,8.0
31679,26748.459912074013,6685.7481886656715,83.0,117.20551959650022,8.0
31680,35241.63671853906,6943.328278900228,246.0,122.98460921843888,8.0
31681,39218.240514443445,22594.745602553336,133.0,115.28446500857075,8.0
31682,38190.00422684801,26628.182155252456,120.0,112.22573262310176,8.0
31683,51348.40394781817,2368.7785405353493,73.0,124.28416650123356,8.0
31684,58041.32274218679,9962.797069870796,65.0,118.85106890859423,8.0
31685,58649.10418821212,1179.7504330709198,130.0,138.23013581040018,8.0
31686,31004.58729132315,18219.486717720076,87.0,112.96349013162724,8.0
31687,27835.318148528044,924.9575131480483,72.0,118.6358027487736,8.0
31688,35968.77992786731,1184.0598498730078,6.0,117.2875084239841,8.0
31689,33402.07883309201,3143.3105506173633,188.0,113.85861714972518,8.0
31690,56345.66411422028,29894.121473175244,-51.0,114.60697834450728,8.0
31691,37560.65754601745,733.6567426441216,49.0,129.82193234943395,8.0
31692,65589.9907321407,8292.726781297995,157.0,124.49073474813213,8.0
31693,35389.21407521367,1472.3844404112233,41.0,120.49754354934801,8.0
31694,21247.58935777841,19520.084586082954,6.0,106.55646775686971,8.0
31695,55399.963981252076,9364.627352017611,550.0,134.33395680495613,8.0
31696,32526.256067972092,735.6683128942543,2.0,113.34984786403932,8.0
31697,34430.48076118394,5244.080881026212,148.0,114.5672426007197,8.0
31698,46181.64090647979,2392.2565926794728,47.0,121.47323247164478,8.0
31699,30789.83869924914,2877.9475493833534,50.0,116.52189009651754,8.0
31700,49336.26031767969,1179.7963810079693,27.0,127.32174774143516,8.0
31701,36278.75154518105,1181.7407700004187,47.0,119.1804598022685,8.0
31702,59734.286067330875,23183.013098024978,55.0,117.14953217543709,8.0
31703,35860.124715558486,9096.481710499176,198.0,124.09844072350596,8.0
31704,24757.71218464984,924.8983080282967,182.0,127.62801336965543,8.0
31705,38105.243176794436,4511.821224722066,258.0,115.92446590602515,8.0
31706,18777.320413625857,8307.093802751968,185.0,118.20156686783977,8.0
31707,26558.402284879805,2870.3880181877403,94.0,117.37508971672924,8.0
31708,68244.34903076696,3539.5440910390853,59.0,124.5951189649288,8.0
31709,32867.37897497828,924.8772145855588,193.0,130.44300838921652,8.0
31710,17364.71027125135,924.904754845183,17.0,107.9133197953588,8.0
31711,59083.75436023944,1184.608961232041,18.0,120.7014762766437,8.0
31712,26034.627987394437,8885.585323608138,176.0,106.00846267528199,8.0
31713,37254.03552371238,3089.920216179363,460.0,133.8401056430136,8.0
31714,18425.173502061665,12547.78804613835,-17.0,116.87802757405103,8.0
31715,54558.02679906708,36438.817757656456,132.0,114.70861482517823,8.0
31716,20769.970337327082,3139.787047513971,118.0,108.46088520696694,8.0
31717,46042.4833022841,2871.6203828806842,54.0,128.0903600253306,8.0
31718,53208.535362929615,1179.082044768006,53.0,140.35978309806924,8.0
31719,39065.27731666244,12815.301843744866,70.0,115.38996947662083,8.0
31720,37681.387730719,21242.837611745013,73.0,113.19756928197052,8.0
31721,53274.781351947975,14000.523574844747,44.0,120.66962861654997,8.0
31722,31728.062543053467,4603.536356332066,125.0,114.4764080096221,8.0
31723,59755.66889113052,732.4560302474366,10.0,117.481729379318,8.0
31724,24941.72064421788,13324.838440619256,39.0,110.42234660320432,8.0
31725,54104.458355372924,41307.88240289464,87.0,119.38547279180848,8.0
31726,39741.82551384957,2397.6029253952997,29.0,121.12253351762317,8.0
31727,32672.361160549404,924.9538818352221,40.0,124.6814760823138,8.0
31728,49721.02864814292,1742.3114746690421,98.0,124.63955368891232,8.0
31729,17358.25063503171,3140.031692047393,119.0,116.14609764041393,8.0
31730,52448.754327430346,3540.6950985553326,56.0,118.55159390348621,8.0
31731,52757.9811280883,10827.350078198384,81.0,124.88974357508683,8.0
31732,43525.321556915034,26502.716324902533,183.0,121.9506570578325,8.0
31733,13848.733684300978,1182.39001732922,29.0,111.12106328324843,8.0
31734,59338.95098872865,1179.846610137831,43.0,126.17435321611728,8.0
31735,52779.07844622728,739.756412466085,69.0,128.8215833229737,8.0
31736,28681.62787063234,3699.5287566087877,283.0,126.91151768520785,8.0
31737,43167.86713517045,734.8502866973703,49.0,122.2768569651569,8.0
31738,8155.711519168376,7423.742905734197,-27.0,95.49282971982743,8.0
31739,24308.02283231546,737.1603168202449,116.0,124.08878776919514,8.0
31740,52681.36067428173,10998.296781392412,16.0,122.33768745395926,8.0
31741,57495.637193592716,2368.521965683207,260.0,133.64444227543856,8.0
31742,29429.06197403019,3550.5894819563414,315.0,128.26776718533154,8.0
31743,34995.962949857145,2362.5354193094545,14.0,119.11781518822178,8.0
31744,52641.99108735096,6669.176265054068,63.0,119.22486266304027,8.0
31745,68315.94951462174,4717.558623822676,124.0,122.09602619090242,8.0
31746,48184.95348398025,12969.245930060597,186.0,115.7639860060934,8.0
31747,45832.26872751097,10578.103269361703,142.0,126.60253955697311,8.0
31748,17444.846750904195,10260.426909210199,86.0,115.97606303226796,8.0
31749,25243.07224750126,12114.059986034476,-9.0,116.56385052248389,8.0
31750,50301.07873411661,739.0381444975792,17.0,124.39338615037283,8.0
31751,12379.464460609917,3772.2621565086315,28.0,101.4954489933588,8.0
31752,67864.25253903322,5895.449743824969,56.0,137.58928756798826,8.0
31753,24324.257611177887,2946.5583774644506,51.0,113.6448802640085,8.0
31754,39821.250059004786,19174.174159340993,186.0,107.88518503444233,8.0
31755,23624.826928728457,7192.23452214382,68.0,109.71162275193099,8.0
31756,44061.10581706629,1179.5933409979505,20.0,125.56876377113852,8.0
31757,52191.90734982474,1179.9607745293697,99.0,131.84144869174068,8.0
31758,62988.85790151237,1179.443718178409,144.0,132.25004993814377,8.0
31759,44498.635577516085,24655.739392672185,92.0,122.0546698208833,8.0
31760,48941.20520651248,10352.080450347818,145.0,121.96795396834665,8.0
31761,51148.77972906861,7543.702732258016,39.0,122.1540131312078,8.0
31762,31446.841270396922,9248.898889881713,93.0,111.19491997809922,8.0
31763,41939.76405482129,4682.690633030328,68.0,125.4848643518566,8.0
31764,23502.904021507282,5479.165284912994,366.0,122.3933058632304,8.0
31765,23169.874094887444,5549.456382950243,129.0,107.05853371559014,8.0
31766,39023.702340150834,734.6797009221758,12.0,119.96165042561583,8.0
31767,40104.51087862151,2870.245885943818,60.0,132.30882853027205,8.0
31768,47946.14716280534,5229.667510533128,382.0,118.90604136808676,8.0
31769,14750.345896662042,8881.318248153784,233.0,96.25808151419255,8.0
31770,23966.94562611497,8913.834235266162,67.0,115.0642741026082,8.0
31771,30199.91805393108,736.2596292935551,170.0,129.5410551578952,8.0
31772,38167.62831622547,26656.153287416462,81.0,116.44804915222949,8.0
31773,58855.33626535226,7957.105564095757,288.0,136.2873504229469,8.0
31774,54072.55619115356,27792.771358875292,35.0,113.09318732753326,8.0
31775,50640.10486528598,5129.999117323426,76.0,115.98606596463085,8.0
31776,20759.79530100767,4731.854838884631,99.0,115.82627040426877,8.0
31777,32580.548824866346,924.92854716815,18.0,115.06358118730317,8.0
31778,57641.53316403612,50980.22010936598,80.0,116.25651835071027,8.0
31779,33651.61123582921,1181.5761954260527,38.0,118.71735784990258,8.0
31780,33368.279724580985,2870.294776750543,57.0,115.65873351862655,8.0
31781,59960.480630154794,13719.598246874646,-1.0,120.36380823301607,8.0
31782,39664.11835608247,18001.311362058226,55.0,120.01749674657289,8.0
31783,18132.565795790724,12655.992508135507,54.0,104.0965866677454,8.0
31784,54768.09003162661,1989.5315073745937,52.0,124.82533971738785,8.0
31785,56040.106028483686,924.8234648815027,123.0,131.6585064563824,8.0
31786,58609.33637098982,2360.5269006109615,34.0,121.36069304964676,8.0
31787,46643.586875619185,6670.146601311235,76.0,115.42294804085932,8.0
31788,64029.476516094204,16787.6688079892,181.0,137.69658930773176,8.0
31789,50734.039585658524,3978.949068505108,228.0,129.28226521713785,8.0
31790,47263.19203537536,924.9247544846831,109.0,128.49613397004566,8.0
31791,48091.79549761119,26760.281601051443,32.0,129.8522846011174,8.0
31792,26517.72065040387,2946.860705265402,59.0,115.5464972509628,8.0
31793,46793.55224157866,37592.521538729736,-491.0,119.39382184931677,8.0
31794,56792.959611028025,1184.7079723591492,84.0,126.95736648492016,8.0
31795,25302.494651813588,6690.893709714283,139.0,121.0546876678338,8.0
31796,22483.81454300622,4050.7399244553653,138.0,113.18436650784116,8.0
31797,36874.96634830585,737.2418379457774,82.0,125.26676067526574,8.0
31798,39505.8427862583,21190.028000012033,28.0,116.61587316223739,8.0
31799,31158.977860299925,738.8930076425213,87.0,127.06911096238116,8.0
31800,44489.41978667016,924.9306138700184,13.0,115.34202134412155,8.0
31801,33116.07048815186,9465.719532826457,218.0,113.62898079950111,8.0
31802,31755.608538923905,2361.8515282821636,29.0,113.88178408283987,8.0
31803,33209.29721546033,737.2501932425193,100.0,126.04644601482613,8.0
31804,32548.862690418093,736.2380228978059,109.0,126.47704441410627,8.0
31805,22789.27057578008,8704.774997668945,58.0,116.41959673923694,8.0
31806,37990.45886635776,1742.301594370321,21.0,113.52339453782471,8.0
31807,30609.45457726409,4312.163348268229,38.0,112.8632451291492,8.0
31808,23636.67153528673,1736.417763012612,303.0,128.5494274726257,8.0
31809,6516.13875369934,5598.148239194495,12.0,97.33775901005454,8.0
31810,18131.16448635983,736.6493105829819,10.0,113.358397430507,8.0
31811,42122.47349460754,28026.937179068904,81.0,123.4576996680031,8.0
31812,48894.23723710223,11805.161654326052,67.0,117.3646566867209,8.0
31813,55504.59481786131,1179.8418909516229,89.0,126.93485804385111,8.0
31814,34229.55021479823,1184.305070887815,144.0,129.30820764845726,8.0
31815,36867.755754728794,924.9582090773551,40.0,127.25966860769276,8.0
31816,54361.92770697569,4302.8533246286715,334.0,133.08683869335266,8.0
31817,51593.446753130294,924.74080261744,20.0,128.83145107934595,8.0
31818,54121.00174925322,35338.263355115334,187.0,117.36952884847585,8.0
31819,39693.336618500325,22689.76040194624,465.0,128.3615434606067,8.0
31820,44797.70411831353,3984.193315641988,115.0,115.43721814826736,8.0
31821,49637.87788421694,1180.6270070683227,74.0,124.63995393109003,8.0
31822,50952.353642043745,2368.0414214583056,192.0,129.96341234839213,8.0
31823,43657.96757158741,17700.402458340508,78.0,117.34496053139421,8.0
31824,46121.84329341903,4851.954711773427,54.0,121.91978443442211,8.0
31825,28637.831269996328,8269.550034401533,88.0,111.12213805985934,8.0
31826,29474.038110599573,24902.458909915047,65.0,109.22439649760591,8.0
31827,36976.54053817462,21941.76283213222,87.0,116.0496267580366,8.0
31828,17955.92659947567,1991.4613364719553,42.0,103.10623630023129,8.0
31829,37343.21859697621,15696.521563019249,348.0,109.98750020856737,8.0
31830,4512.015031185289,736.5719441138183,28.0,99.8614435387237,8.0
31831,13248.595181236487,1181.7264110887209,23.0,108.56219633402227,8.0
31832,49953.30025031309,15724.627795761402,228.0,122.013785861406,8.0
31833,58213.32023856176,924.7196825079745,32.0,132.97276885219884,8.0
31834,45253.880957106005,924.9973411863667,31.0,140.42080778723968,8.0
31835,17821.279382125347,10951.035105938727,-3.0,106.86117130425916,8.0
31836,53179.541566401596,1744.6476223731495,73.0,123.46456138425212,8.0
31837,46041.663279411834,924.798636863845,94.0,126.8774322518019,8.0
31838,59904.86027719607,924.6729200221184,165.0,134.92789028837998,8.0
31839,48372.31657679739,11196.303674072387,56.0,123.25193712015088,8.0
31840,32243.592641905525,6286.645434774352,84.0,111.92218822455882,8.0
31841,53488.12329865667,9476.745561627637,33.0,125.87344857834735,8.0
31842,27379.024357081857,2393.1536831461513,53.0,116.85577033486248,8.0
31843,51118.44458938493,29076.906439059254,-275.0,117.56385630291308,8.0
31844,36438.11743636148,3772.0174047938685,67.0,120.71176383804726,8.0
31845,26730.159000765234,924.8815543755939,83.0,123.2699351434145,8.0
31846,16794.727797055883,924.9920303238416,99.0,119.04398908965393,8.0
31847,8311.728554626896,7595.534278345971,-18.0,94.45724303391209,8.0
31848,51508.85626370512,4603.339696384005,41.0,117.33007380863376,8.0
31849,60120.16381323348,19425.45257802104,63.0,120.87391503114671,8.0
31850,28711.254914488374,6474.854931292822,119.0,115.00621918797245,8.0
31851,59574.75534427475,1992.0668096468714,248.0,119.53805272823612,8.0
31852,42662.289353675056,924.8711364431521,57.0,132.4581430879892,8.0
31853,56623.419511301676,924.7333913231233,47.0,124.07477227161559,8.0
31854,37565.14340515117,11412.94090040087,46.0,111.71778506884651,8.0
31855,54652.270069128084,32407.812991872324,63.0,123.50097062636077,8.0
31856,57201.58418136289,13710.487706667644,310.0,127.75642768504332,8.0
31857,44886.15666831266,3802.93540605983,77.0,120.32588955347458,8.0
31858,47920.02523276454,2388.8662169981567,472.0,141.71785295515707,8.0
31859,38830.692644163726,8305.392740685773,377.0,109.21870431973508,8.0
31860,32340.23926828009,736.8287418586605,165.0,129.6369859762194,8.0
31861,34797.17931650029,1182.696027116028,47.0,119.34027151085073,8.0
31862,53689.29951229815,7398.87497192427,104.0,118.29915499102233,8.0
31863,36308.92643372704,16780.728803674792,77.0,120.41715786285201,8.0
31864,23637.18862089148,18908.17018565157,-348.0,102.6910016112062,8.0
31865,30664.84443599008,1849.8870430530278,31.0,122.49506896053998,8.0
31866,45429.286969666624,9472.11796563677,213.0,126.91122347951472,8.0
31867,20084.46317659169,737.4194360797524,12.0,107.84997880432219,8.0
31868,25439.169841581697,12130.6753163393,-52.0,117.04529769717676,8.0
31869,5960.4845236479705,735.8480923482524,93.0,110.8396868864792,8.0
31870,33599.07577737803,1472.701440441966,26.0,120.14763062909735,8.0
31871,56360.510378425744,48082.202099092035,153.0,111.31521580757072,8.0
31872,50023.715275677954,36586.26206878373,78.0,119.93181934544685,8.0
31873,47227.85733480751,37733.994218153755,339.0,129.15219480688427,8.0
31874,49786.5643666221,1743.6971495576684,28.0,132.13762008777468,8.0
31875,25205.41874546927,4421.8373060194,82.0,107.12727116564895,8.0
31876,39734.49651179371,25644.417121995386,163.0,119.07224930477632,8.0
31877,10373.916770669435,2882.8722743630597,53.0,96.06356046560948,8.0
31878,47261.824267110795,3699.5048771651154,138.0,127.59242563224004,8.0
31879,27525.951080038918,5213.708725795453,171.0,120.89662277479114,8.0
31880,19647.113931992262,4852.530655444817,24.0,107.059211927741,8.0
31881,20358.97853863605,5215.64640866234,353.0,125.67711013870567,8.0
31882,10949.224001342187,6340.909108744113,55.0,95.96157342196793,8.0
31883,59881.414487503054,20854.534615036246,43.0,119.58568969470197,8.0
31884,49830.45584120242,4314.5634739476845,76.0,115.34412703432321,8.0
31885,28767.34396017194,27077.102733092735,64.0,117.41680376021202,8.0
31886,22502.045628610216,924.9911101265087,19.0,116.9049153442426,8.0
31887,23491.78076954528,6878.922769923978,138.0,117.4656795827782,8.0
31888,22906.851678199968,736.1167925907716,21.0,111.21937308290786,8.0
31889,39195.61137779692,1181.0507336827275,26.0,119.9446123939629,8.0
31890,29431.378947537596,22773.703075617686,80.0,109.51660435189537,8.0
31891,30094.93710725897,9232.85732003974,85.0,110.64948426829525,8.0
31892,31294.188501572615,9252.649553374162,29.0,118.85114713408475,8.0
31893,42934.53750142508,924.9973522471436,16.0,115.61697307645886,8.0
31894,31079.996368844924,30365.638591025505,-529.0,102.86219898318862,8.0
31895,5234.835112363239,4512.4592588778905,-138.0,89.82553635717673,8.0
31896,37025.108243157025,2207.9017544801904,241.0,129.47383731315486,8.0
31897,27688.937599310935,734.7107884402343,30.0,117.07972618024853,8.0
31898,51853.18049568607,11535.519940436943,177.0,112.37355615601157,8.0
31899,43718.16843002732,26719.68751661553,466.0,134.264481113044,8.0
31900,15649.92901813138,736.4543897139665,5.0,108.68394177033113,8.0
31901,21667.605534788694,3086.7134346524663,130.0,118.69708850519427,8.0
31902,38444.88317720593,4126.782768132656,163.0,124.32258087570796,8.0
31903,65538.54807749245,5923.592090650858,138.0,120.6120227601257,8.0
31904,49023.03884635457,16649.706678853363,149.0,121.30776189542061,8.0
31905,18414.7447198619,2366.049648501055,15.0,111.79673926496953,8.0
31906,6954.910893275268,1182.0112720893596,31.0,100.91040945211132,8.0
31907,42347.67005412149,1183.7617047832805,94.0,129.91621460541154,8.0
31908,46799.801943230814,924.8132871006429,140.0,131.52336976220232,8.0
31909,37164.60154587314,1741.498766270604,145.0,131.17312878350813,8.0
31910,36423.99059053038,1180.4312165139404,125.0,126.53752840904237,8.0
31911,31033.338737725844,3482.582997133316,156.0,116.61895417078529,8.0
31912,40912.21385302748,17053.649547489862,126.0,124.81922847920247,8.0
31913,43412.04289373122,7603.927011900028,236.0,122.55582091617545,8.0
31914,17884.695956453656,12651.750312306429,113.0,103.7783221549074,8.0
31915,24651.586165620643,6519.638114141835,98.0,117.38119142285709,8.0
31916,26863.88626746714,4624.874425015395,104.0,115.20065252287857,8.0
31917,36678.56676615312,29134.781951454846,106.0,108.97007013616147,8.0
31918,23243.961821595643,7580.499111741119,450.0,127.23859832633502,8.0
31919,61779.94030306694,21096.449552168462,63.0,121.60936741236551,8.0
31920,24058.709192127353,5549.322583851336,272.0,123.83784973981469,8.0
31921,11390.25645328751,9028.754973134595,21.0,101.44173064330653,8.0
31922,46759.096477379186,32327.786931851006,56.0,115.78932649840417,8.0
31923,52344.791687896024,2873.8477297011405,272.0,135.56534540555884,8.0
31924,48478.80732188435,2367.3565687492037,189.0,129.67530700339154,8.0
31925,56704.96854973799,739.0938055812637,104.0,131.81412327748674,8.0
31926,12802.85531065604,1739.652954823298,38.0,107.20846619568306,8.0
31927,58028.07690947963,1992.2682902996598,68.0,130.7764544570884,8.0
31928,32417.951063813096,1990.193716199615,151.0,133.9936571324796,8.0
31929,49777.717918570015,738.9565986386573,36.0,121.49775682192713,8.0
31930,12657.164121614473,10952.202322405865,63.0,110.57349287057481,8.0
31931,24225.28912474124,19619.82832876119,67.0,106.98160210484927,8.0
31932,28026.678705203016,8146.753199307723,123.0,111.6700237704211,8.0
31933,23182.26212997986,8269.521778028815,80.0,111.88997857837562,8.0
31934,41681.11616160057,1849.8749732079327,126.0,123.84276636568713,8.0
31935,45182.93075590418,8763.610680061734,118.0,122.09623456027339,8.0
31936,27021.472957359398,1471.9524089521287,37.0,113.5918664854263,8.0
31937,34432.75027099366,17577.199068388643,71.0,119.15680142546859,8.0
31938,60712.257303732724,19371.087255116166,95.0,125.93897620143187,8.0
31939,33813.54695464182,11316.055074859458,99.0,107.53292503665274,8.0
31940,57633.85708480063,5921.832099549924,215.0,129.83986769869648,8.0
31941,55242.48666486767,11501.216852435511,56.0,124.55262733928834,8.0
31942,26557.99389473517,2870.294776750543,57.0,114.33717127791664,8.0
31943,51480.8477711226,4850.542274134844,110.0,130.801669571307,8.0
31944,43494.479507765645,8323.686130155462,100.0,117.92216861603814,8.0
31945,15704.8069123548,924.8787687962722,92.0,118.99054284659904,8.0
31946,44452.082361528664,5549.858151040649,87.0,121.47570823148155,8.0
31947,36671.099683198794,3091.5218935546645,177.0,125.6183511947307,8.0
31948,35027.98595263366,924.8820505283734,119.0,129.19940303546085,8.0
31949,4118.226198490581,1181.7722715269015,33.0,106.45352879772939,8.0
31950,29955.685266615335,2362.1149829101196,143.0,123.43801501748413,8.0
31951,9964.254401698121,5475.199759987921,40.0,99.19658747222243,8.0
31952,38318.30603605683,21299.955822807595,183.0,120.87199122647093,8.0
31953,19873.249575052112,736.6052310231632,150.0,124.71121045641155,8.0
31954,49943.99589357759,924.998251440494,12.0,116.49239360299632,8.0
31955,23096.659952039037,4306.052235924199,280.0,124.5807008402525,8.0
31956,38845.22998904402,1849.7610956086899,64.0,122.20596896599496,8.0
31957,56982.86156738821,38201.81151076098,187.0,117.6256431522695,8.0
31958,53499.3673578409,11102.386728740461,81.0,124.96059907446707,8.0
31959,39929.231867157076,8827.414870412225,133.0,117.61063426832047,8.0
31960,22247.18697689578,4624.675958274232,138.0,119.14079180323036,8.0
31961,37949.284858399515,3699.5569689672348,128.0,125.99044899826134,8.0
31962,56492.5021000926,36112.41044467254,88.0,119.36942506845253,8.0
31963,26983.987365786797,7435.7710844613675,292.0,124.69894536935313,8.0
31964,47003.11425096628,25368.37135129806,58.0,114.27716558063287,8.0
31965,52123.600999689006,6381.223384453742,202.0,137.22319214252465,8.0
31966,41725.47268755817,24092.807356106514,130.0,115.7681048740992,8.0
31967,49889.16934241333,1992.7359910470177,61.0,121.20104344175307,8.0
31968,38097.33832230993,1990.193716199615,151.0,131.3916560435722,8.0
31969,36451.64708940404,924.9239667173426,32.0,117.25511385566091,8.0
31970,24215.168472280206,5223.953993761777,432.0,128.19124144205858,8.0
31971,41851.924482113725,1180.86931398803,120.0,125.69959825950468,8.0
31972,59418.17811740619,40366.973711456936,-78.0,117.8060993812733,8.0
31973,53207.45715822234,11102.268529668921,43.0,117.07440284022633,8.0
31974,26457.92038983343,5122.907764386733,555.0,127.26533890688684,8.0
31975,52492.79543985755,2887.63478279558,254.0,138.21084589517005,8.0
31976,33306.30832598553,15724.253119556975,-12.0,117.27169232290132,8.0
31977,34936.2109007856,4517.186871121945,448.0,131.66125509453428,8.0
31978,16927.2474755592,2883.3041077738726,68.0,111.62101153889361,8.0
31979,37114.42408497687,4682.539655218139,91.0,120.35858386109038,8.0
31980,46283.53670316091,738.5256592195616,105.0,129.70342028566353,8.0
31981,46748.46396028394,1183.55188120516,278.0,131.2612305568579,8.0
31982,46635.806796346566,1734.314171116326,76.0,116.63510140806268,8.0
31983,58645.070151019405,739.3379012397821,91.0,131.07254130551047,8.0
31984,22788.2147136127,4682.772110102281,71.0,111.27782152794656,8.0
31985,61979.93753466431,40799.47600666296,75.0,123.16754044364406,8.0
31986,47863.235904487854,27485.02667948141,88.0,118.83774262084033,8.0
31987,40276.85538035512,11504.069461195995,178.0,128.0286114518542,8.0
31988,50681.472680293016,9197.829919449745,472.0,143.3885950646726,8.0
31989,40759.82361413758,19872.623178052443,51.0,115.98965716914806,8.0
31990,42269.755862521415,23543.312953483703,169.0,111.88506676233546,8.0
31991,58315.60353430293,1179.3372038888808,354.0,130.2508880969346,8.0
31992,27757.601751242106,1849.9259226643685,390.0,131.9930127061036,8.0
31993,35523.64528626877,15878.337953801507,232.0,123.83439337317833,8.0
31994,23864.58763172345,736.6062516892555,120.0,124.5577783530249,8.0
31995,44395.18437432104,32371.248927464032,112.0,109.90096017324109,8.0
31996,40732.87655081956,19193.006772253313,109.0,116.66034783222568,8.0
31997,47101.7189266915,14536.43264515308,63.0,116.76542690176748,8.0
31998,26603.199953757157,1736.2824607652385,8.0,113.15165507550526,8.0
31999,54056.371588231515,5977.640391722935,65.0,117.24469161615512,8.0
32000,22163.31917683877,5153.891881624909,75.0,109.54599610120053,8.0
32001,30322.081918808002,22903.615720043035,-126.0,108.0554761296868,8.0
32002,49288.916313087444,733.3482751051486,33.0,121.50340442271143,8.0
32003,38594.04638625432,2211.37702296994,90.0,121.50341140504801,8.0
32004,7575.985830304116,7095.125716055592,-38.0,94.15077673630597,8.0
32005,44255.58951824366,737.6679869945738,56.0,123.30069765735846,8.0
32006,40792.56364929177,18961.851468388522,-104.0,112.23449314298684,8.0
32007,30925.332688606515,11038.753050312533,94.0,109.84311047524223,8.0
32008,50768.58073259146,1744.6476223731495,73.0,132.61728624255346,8.0
32009,16532.938919518245,3142.290822832857,242.0,123.23578158421822,8.0
32010,16664.892018984956,15740.959175794675,1.0,105.18954158283397,8.0
32011,36423.00246410932,9703.831929917846,328.0,127.25760027518484,8.0
32012,26272.910884585595,3772.5408598459753,88.0,115.00577125160923,8.0
32013,45159.08718819708,924.7550095552267,75.0,128.60221235448964,8.0
32014,37684.099797487404,22644.68014679694,87.0,117.02623745362995,8.0
32015,52873.929895596164,5968.07740656449,258.0,131.52287486444132,8.0
32016,51611.43108366424,3978.7894610862913,306.0,131.89480545673558,8.0
32017,46532.35979449203,924.930791308741,118.0,131.38312222171464,8.0
32018,39585.20672862452,1992.211738939238,55.0,118.52255532916895,8.0
32019,56352.736157751046,22471.877680187485,104.0,115.55605721324963,8.0
32020,44782.21663687609,1180.7292974134007,32.0,117.85013552060919,8.0
32021,16788.86910160747,1990.454814857722,81.0,113.78026704458904,8.0
32022,8612.563951005328,6639.909041590776,40.0,94.96880652799868,8.0
32023,58815.92465964051,1745.7706193907118,106.0,132.16419485584913,8.0
32024,23266.47310556486,4117.459210043669,138.0,119.77104525022276,8.0
32025,7187.393844551192,6514.284563903893,-66.0,92.08128557108252,8.0
32026,22596.23483964312,15431.103747997437,-32.0,106.78278307142958,8.0
32027,40090.258023076174,734.6015503462047,110.0,128.5260614754283,8.0
32028,39378.634041108264,2206.9242193788036,61.0,123.02511146701167,8.0
32029,60443.91286709235,17263.66204147069,65.0,119.56627013156286,8.0
32030,38292.147599985234,1469.9342738381026,258.0,132.4753029281214,8.0
32031,26753.324430822304,924.7978435694413,23.0,112.24226638639004,8.0
32032,27834.479859226198,7453.1776379505345,88.0,111.22513620919456,8.0
32033,44304.74854245834,18020.73577468315,113.0,112.50079834354096,8.0
32034,30258.883586679545,13735.286646860457,37.0,108.88083164322602,8.0
32035,51159.677250464476,13282.995241726449,24.0,119.91850651573327,8.0
32036,27359.539175320726,3980.3953385626646,55.0,107.89777144599903,8.0
32037,18315.402507782866,1183.0742102583201,4.0,109.59716302261182,8.0
32038,55946.314468964454,30012.44990705037,139.0,124.08573422190435,8.0
32039,22965.792516382346,4852.796887710769,70.0,107.99943537471108,8.0
32040,44665.19291586096,924.854392992699,62.0,127.40719431569134,8.0
32041,56859.6752713366,46664.129555314175,116.0,119.13108098291315,8.0
32042,39020.62677778648,20467.92160828911,350.0,109.76468355963989,8.0
32043,45013.618557892594,10385.991023858936,30.0,112.54754817137088,8.0
32044,59358.76049883521,733.506947994295,107.0,132.66142680541722,8.0
32045,30346.545543540535,23854.882180716973,-152.0,110.29076901951002,8.0
32046,34674.42702289546,27090.76233354086,-177.0,106.56827872094908,8.0
32047,48116.25156899554,12968.991493022768,60.0,118.97014280181133,8.0
32048,31821.104756339206,2396.6470967095092,261.0,116.23692952674813,8.0
32049,37908.253194560864,25616.975202621776,75.0,113.38737137047191,8.0
32050,51248.674451973224,3468.6492826255403,143.0,123.90975500341371,8.0
32051,36973.30074327944,19021.321494127355,276.0,124.81131272737952,8.0
32052,24093.397961389273,924.9178882586278,70.0,119.4331412049099,8.0
32053,46363.627959769794,5918.132575248734,276.0,128.8807158684953,8.0
32054,30053.33538869668,12679.841369487185,104.0,117.69615441777093,8.0
32055,51396.09755441535,12315.80855122661,108.0,127.89266501316733,8.0
32056,8612.37712186746,924.8928602786788,4.0,103.71271961510953,8.0
32057,5854.180033109787,5217.6444581145615,-26.0,92.7086438929843,8.0
32058,53715.68209644576,36812.26661991017,-23.0,117.38671640178259,8.0
32059,13280.309568815017,5742.064391152806,127.0,113.71231807069674,8.0
32060,52972.198744378,8356.872205169706,120.0,130.27820055254676,8.0
32061,32503.53818943661,14748.602269345198,70.0,114.65311601832761,8.0
32062,45928.32710936516,9507.954028289538,16.0,120.43214229566406,8.0
32063,19983.663653295513,1991.430765463793,84.0,105.99359683250891,8.0
32064,52957.364524347664,1989.5879574766238,57.0,120.64463375017449,8.0
32065,45419.83895943029,4682.971944510124,65.0,129.67131412453128,8.0
32066,48904.09812249563,3138.0778600549124,22.0,122.73554328782953,8.0
32067,57345.52215221385,1989.3839075072704,63.0,119.41441701641752,8.0
32068,33529.03057615187,21972.476868053673,50.0,111.79659333862824,8.0
32069,23729.34976980828,736.7397581243829,17.0,114.43241515601628,8.0
32070,46130.9695856441,1989.88486444536,23.0,120.44934939072415,8.0
32071,37450.90667101412,734.7719793445482,205.0,132.9637063522215,8.0
32072,40379.2646562321,1743.2461106792407,148.0,129.50442511303325,8.0
32073,19861.59440365709,8749.159238662956,125.0,107.03843765507683,8.0
32074,53722.186300102156,45270.50662156293,353.0,130.93603311110627,8.0
32075,42465.19813934412,33780.85782079317,-40.0,122.11599259155108,8.0
32076,50355.59159273526,739.0001504836212,172.0,134.51653051901894,8.0
32077,24478.331137798334,8267.133551432442,303.0,108.79021746730527,8.0
32078,26734.69801801027,9339.153445675542,23.0,114.32291161611866,8.0
32079,39199.88432156274,22170.139389815937,77.0,116.18191472879317,8.0
32080,45487.666445022056,43126.32300390614,-76.0,115.76654601786889,8.0
32081,44355.09050864398,28024.337417295836,352.0,114.63988167077937,8.0
32082,46660.82422950207,10183.971872299755,194.0,124.07277257513724,8.0
32083,25291.468243233267,5232.147564723516,84.0,118.23705050169966,8.0
32084,41530.16156730832,1989.4723566162784,64.0,140.33357474565065,8.0
32085,41271.111246674904,1180.0696699409011,40.0,123.5779504417909,8.0
32086,35614.295461264584,3083.6197640815367,19.0,118.81332040823779,8.0
32087,30471.324242594048,737.4819913399373,70.0,122.62078586431586,8.0
32088,22498.653317327582,11548.747683493923,208.0,120.4674631544676,8.0
32089,10954.243034951389,1182.69695420838,10.0,107.51815547432302,8.0
32090,6512.707354101883,3087.9077469243753,47.0,105.1895775666832,8.0
32091,54693.1862143881,36138.35064960028,360.0,111.3820062588922,8.0
32092,29926.022008459335,10280.38133809759,239.0,104.6270275558635,8.0
32093,4611.414283439023,4047.5078067580853,-75.0,90.25952363167374,8.0
32094,30168.147272806265,9258.114410324366,27.0,114.40998439892613,8.0
32095,23223.916605898914,11609.383828785287,17.0,107.25433622882925,8.0
32096,20624.85472366547,19888.505328913317,-74.0,103.80125178359944,8.0
32097,29259.4718822182,6951.590183305771,132.0,119.01008163595992,8.0
32098,60631.235681680875,11398.611681351626,33.0,127.26176162993153,8.0
32099,20199.048180335427,3084.8927521270116,42.0,111.478867844149,8.0
32100,51980.08171745765,2889.1231729060255,9.0,130.00773933782745,8.0
32101,33812.33241961935,6638.534875775411,163.0,118.27078468777093,8.0
32102,27089.563294370742,25359.937666942937,4.0,108.62934040375178,8.0
32103,28222.268542293226,5905.571565591981,560.0,130.94177933674013,8.0
32104,39277.26608123449,32629.396628825627,74.0,113.24553501619914,8.0
32105,42025.66204590069,5490.205381634042,55.0,115.70098689094736,8.0
32106,40511.737192034605,1473.3492400880825,60.0,111.53359016845583,8.0
32107,24758.491075104364,924.8249449686048,14.0,119.61819351127805,8.0
32108,43597.613708800825,5845.065208758744,41.0,116.19770078089763,8.0
32109,20923.105447700458,4518.3866603797715,24.0,109.06336589625181,8.0
32110,58046.96525149516,38135.603065736446,111.0,119.03574363148792,8.0
32111,45262.64660623468,1849.8283854189078,159.0,128.59734554024425,8.0
32112,46457.98710990089,2775.0209860430864,50.0,122.41728612792694,8.0
32113,5155.678054781416,2945.9606529046514,1.0,92.35831696519324,8.0
32114,16443.815826106566,5239.616856572161,17.0,105.2423289641742,8.0
32115,21165.856516874315,1183.0705307771054,106.0,129.49166738090904,8.0
32116,17818.764944400726,4682.867671360135,1.0,113.57118815404081,8.0
32117,6514.964279094485,1740.171576694916,-2.0,94.5199814816723,8.0
32118,24328.57496452719,19739.488147765314,-3.0,111.15753404673647,8.0
32119,39440.862344402536,5241.237294099297,381.0,130.92014428007946,8.0
32120,30743.67067323971,3771.8881313848437,108.0,115.6353508661848,8.0
32121,35423.82891903466,1850.0248597211464,63.0,119.05982862320265,8.0
32122,53296.42371723437,16153.534028572964,62.0,122.10712536700078,8.0
32123,45603.85721624222,31510.357063940377,81.0,122.47519647994568,8.0
32124,50081.25565582769,39880.54575103383,139.0,110.74835347171049,8.0
32125,39407.63603343394,19645.36751660822,20.0,115.7996716541741,8.0
32126,37727.75649217259,11698.10316417597,152.0,114.27146535118247,8.0
32127,40745.32324797955,27465.43994633308,146.0,120.7044669990903,8.0
32128,32276.711796442,9229.673253118859,-32.0,111.2423497801729,8.0
32129,40206.962600865205,924.8485797417916,36.0,119.0564496743097,8.0
32130,41715.220498092254,734.7601578684339,18.0,122.01313763107916,8.0
32131,12367.681267681914,7189.803548250341,98.0,97.72976975255321,8.0
32132,52383.80074181994,43773.28213905272,-155.0,116.4410128548766,8.0
32133,17573.512673679586,1849.7941277464818,55.0,112.44609308825613,8.0
32134,34496.75421943049,8624.72996988409,332.0,128.07723318672691,8.0
32135,51124.90709903732,4722.581889325638,63.0,122.32532023529927,8.0
32136,44964.855539031574,8287.976149990633,192.0,131.04438324953057,8.0
32137,27080.809083213266,21848.42176434343,76.0,109.08077250387807,8.0
32138,47195.586744172295,925.1232327037783,28.0,121.17979472411838,8.0
32139,60223.069046097975,13944.781972629606,74.0,123.70197601005243,8.0
32140,34058.456575225166,11748.281669057647,527.0,121.47995542878189,8.0
32141,31086.40125997149,15089.76320046402,174.0,108.6720168596944,8.0
32142,32581.359777814032,2774.9594933599215,65.0,117.52002570591459,8.0
32143,17153.710301691735,3091.074268126671,70.0,113.58294007800448,8.0
32144,30567.727934054055,26521.75417372955,20.0,109.33860252312978,8.0
32145,62040.12306362963,4738.36660359816,249.0,115.01005865834264,8.0
32146,38090.221884098915,5224.500298244078,187.0,117.35797361481713,8.0
32147,50920.42245486171,17589.92863258527,351.0,128.32342072539424,8.0
32148,40935.7583485929,3771.69018070734,57.0,124.3695373543961,8.0
32149,55989.352461882394,6942.839262035862,67.0,114.72425027555722,8.0
32150,34887.79241136604,18275.819190382063,159.0,111.49144218837708,8.0
32151,52050.69432359433,3699.332449714331,85.0,124.07031287749649,8.0
32152,42827.51734981268,2368.02396670456,183.0,129.89126776476232,8.0
32153,28022.23404571185,26038.866292873823,7.0,109.24207763918572,8.0
32154,40956.37331774339,28272.89168932632,32.0,121.17085476719141,8.0
32155,46340.623201414404,30245.466935889057,450.0,128.57550240675815,8.0
32156,45497.94860729721,2870.486091735223,38.0,117.8344888221855,8.0
32157,40911.65716049733,1849.7120145677377,22.0,112.32751715485733,8.0
32158,20161.57927712118,15552.70684712395,58.0,103.7412051838582,8.0
32159,29246.335263099692,9024.634905688083,146.0,112.89695422823831,8.0
32160,55136.65453357656,13673.394460919604,402.0,130.6397949660371,8.0
32161,30789.446898576116,2390.0988978420996,157.0,136.94265160777968,8.0
32162,36549.74765750337,1849.9272513931946,69.0,119.75638627791142,8.0
32163,31775.570412091853,26567.10174364955,-221.0,115.97411850203557,8.0
32164,17711.940476902277,10280.186083187413,56.0,110.30184282709246,8.0
32165,47167.1857232288,4737.146561149896,87.0,119.12286615142017,8.0
32166,31428.291153606177,26858.50794627881,34.0,110.23719991105172,8.0
32167,57998.037551103305,4057.1146527002793,228.0,130.44875619536893,8.0
32168,53513.323837572476,12819.015021477206,95.0,116.7652463960829,8.0
32169,62178.155073959606,50571.506742558915,315.0,131.5564992576667,8.0
32170,66521.91072201899,3556.0263937514637,27.0,114.24144951019856,8.0
32171,46657.99513564542,734.4135309101871,79.0,134.62466095303571,8.0
32172,54749.021482553464,4683.293053960285,50.0,116.56002897043089,8.0
32173,31999.28299437188,1470.7856512464562,170.0,127.1941456517089,8.0
32174,39869.04229622218,24375.24678161011,181.0,110.7403826495943,8.0
32175,32506.763138330673,924.9465679835233,23.0,114.1428174277732,8.0
32176,33564.187995176035,16109.788833924267,109.0,110.29674255675815,8.0
32177,26783.58859878417,6697.319551404935,133.0,104.46837813370722,8.0
32178,24983.601558267877,1849.8397435786155,20.0,111.02758330969856,8.0
32179,38212.58732128293,29521.69365841653,-11.0,122.23874835966187,8.0
32180,41496.87303745812,33045.9772134463,355.0,128.92638241405962,8.0
32181,30251.15238724958,5154.864403383438,29.0,113.19710023957,8.0
32182,45989.38029491475,39338.27322977002,58.0,114.59018674367206,8.0
32183,37716.98810497986,1471.1843108407497,198.0,129.4914963110678,8.0
32184,52110.538323478264,925.1786537805812,47.0,123.05213570926787,8.0
32185,19622.477991384087,10423.599035526306,312.0,125.55038277159417,8.0
32186,38190.300307228616,28247.27194447438,438.0,129.68478965077028,8.0
32187,50249.92810691889,2368.122809083209,66.0,128.91815431242156,8.0
32188,47410.51130949282,1990.1813246974068,82.0,123.49390114074264,8.0
32189,39290.29525158657,24493.372812988793,87.0,113.22586192671557,8.0
32190,29771.631953649383,4786.1507431753835,46.0,117.52970964042849,8.0
32191,60225.831721555965,2360.928823220246,37.0,126.32940209917584,8.0
32192,67124.19220832335,51028.53046337366,-5.0,131.25097784685664,8.0
32193,55730.769988154185,1179.3532236423816,90.0,142.95772204301554,8.0
32194,37521.619635559815,9511.276040150227,46.0,119.85075091053292,8.0
32195,40073.055204838725,33419.94091331532,46.0,111.00978658055355,8.0
32196,28525.847997596855,11922.723090604348,113.0,109.22474221349646,8.0
32197,21184.63715157621,924.9136603724104,35.0,113.4058133268899,8.0
32198,51506.05693989403,10997.08486489145,38.0,121.23634728028752,8.0
32199,38014.70570248885,17642.85277864174,88.0,116.47219406119407,8.0
32200,51458.041921156226,25012.40728798172,36.0,109.53510703959606,8.0
32201,36278.23731013088,1737.1681528719682,57.0,118.67783111457359,8.0
32202,34641.1168450393,735.0246238118239,175.0,130.87595453456152,8.0
32203,36273.36359508379,32247.2961351931,-300.0,108.36177267166323,8.0
32204,34651.5080240163,3473.5302885645306,24.0,118.82589283051266,8.0
32205,57181.242873067655,924.8459076143296,50.0,124.60076055658217,8.0
32206,4853.155868835248,3981.758472302985,21.0,95.31112454767717,8.0
32207,26290.14602548403,3543.695693292443,418.0,129.54585128112348,8.0
32208,13920.263708157834,3480.655410350098,175.0,102.23580462746162,8.0
32209,8905.55976213947,736.8112062807943,41.0,107.84771350559902,8.0
32210,37274.98725615896,11390.501002281206,359.0,128.79290019778875,8.0
32211,63107.458646887746,45483.37718909335,64.0,117.85185695772608,8.0
32212,54404.84565421683,14084.253695243242,62.0,123.05603012967816,8.0
32213,57887.06754887031,15725.058910438971,55.0,116.26905365650903,8.0
32214,26722.17485765897,9009.90564619625,366.0,126.04566663824127,8.0
32215,67137.04728071482,1179.8404515548264,42.0,124.85545258855582,8.0
32216,37009.63839813514,22170.053065981265,198.0,109.28828828313172,8.0
32217,41146.62605527624,23529.608705903876,64.0,117.35001706493199,8.0
32218,13851.952469363005,1740.2263289803952,50.0,112.32474117230345,8.0
32219,50959.4323727219,3144.9701409437603,18.0,120.99842881897533,8.0
32220,19970.313796922328,8153.332903020923,8.0,108.0534563815494,8.0
32221,34223.317051784725,1849.9848206613433,70.0,116.28460622097765,8.0
32222,16719.046651863402,738.0952727546063,54.0,115.79147017627935,8.0
32223,39262.538155818096,29021.345092513322,176.0,122.36015369603794,8.0
32224,26913.283503432238,3699.5135719994137,132.0,121.13482765049866,8.0
32225,45154.64826813344,5868.162173809218,323.0,130.26109990253144,8.0
32226,21129.88162424487,4514.846990487314,190.0,120.13074400416284,8.0
32227,34136.2062326026,11950.75046767776,243.0,111.57828336913477,8.0
32228,46457.18482020359,3771.8183437375956,385.0,112.49841372927092,8.0
32229,28792.382373658325,9271.270655227105,-1.0,113.22052927387918,8.0
32230,14816.809712857643,7435.853069840654,85.0,98.88043710191722,8.0
32231,59194.31446703429,50928.63158826428,153.0,112.26253293641825,8.0
32232,24794.1740332881,12699.27053965416,183.0,106.03537277971792,8.0
32233,54660.17262152928,733.4101602362585,171.0,149.0090328508616,8.0
32234,40387.37671305167,1182.0628961746531,24.0,119.66348147998434,8.0
32235,54106.88912614443,15541.539191069518,79.0,119.18550094654746,8.0
32236,28709.976101753902,3699.5162685141386,278.0,111.9435652536907,8.0
32237,44307.70748956296,733.4395710615916,45.0,122.42835685956754,8.0
32238,48544.75342175339,7106.367306572991,61.0,111.69444848320877,8.0
32239,50879.57450372144,4303.61484810617,37.0,116.30565266368829,8.0
32240,57561.74097939693,3145.4317410568015,204.0,133.17978171820369,8.0
32241,43184.159104998944,924.7454595137659,78.0,129.13547920905583,8.0
32242,63260.67071745782,7552.408525248264,283.0,137.85672314580262,8.0
32243,36313.626955753425,1473.716717364798,238.0,127.75105838303065,8.0
32244,31842.011908182845,1475.5385468395602,157.0,125.40238836697232,8.0
32245,39034.592449563745,30728.345418225228,88.0,110.17116136591271,8.0
32246,52061.72164840773,25606.620096216226,9.0,115.79363127990688,8.0
32247,31311.423400476397,14464.72138506641,-6.0,113.02930527321762,8.0
32248,34575.356920090395,10940.84462522666,328.0,119.76884644420402,8.0
32249,31944.204242716307,22483.263009789964,53.0,113.80392135429213,8.0
32250,41169.23268716541,3552.9517770464327,55.0,113.52082282555989,8.0
32251,53782.737952908225,35003.43821876842,187.0,116.57477202847275,8.0
32252,34072.731068447465,6521.602598049306,111.0,119.92725075975875,8.0
32253,42234.25303502502,2393.168983176595,34.0,120.68529374523503,8.0
32254,44974.1377500159,30883.09641373383,163.0,117.08000639858798,8.0
32255,51919.03640654345,12151.791605948698,-3.0,118.76131703286468,8.0
32256,36398.020816180295,15065.592000175875,497.0,130.12678625950946,8.0
32257,62216.76622278526,1179.7512225086466,165.0,129.57791163657652,8.0
32258,41037.471110234954,6697.103919045735,148.0,116.4121194399286,8.0
32259,53400.85753113806,12579.510119345907,113.0,110.52998439739471,8.0
32260,33611.67351338888,7584.191118282518,156.0,115.61933808396037,8.0
32261,32456.48467979413,7363.807668527354,29.0,113.24708350197577,8.0
32262,30151.944434163357,5848.078680962175,59.0,113.65066214867024,8.0
32263,6959.214822723696,1740.201764241211,79.0,108.18449598160873,8.0
32264,51902.394839302615,924.7007694084948,-1.0,122.74648368107209,8.0
32265,15738.382396106428,14037.425434538774,32.0,111.96558849587079,8.0
32266,19601.31396717886,7496.7545409743525,177.0,117.828459657922,8.0
32267,46179.16201514374,4038.960623212856,177.0,128.31533832581547,8.0
32268,52555.39608541743,25459.615465228486,134.0,119.79876563551448,8.0
32269,58361.25340554205,13339.298645267007,152.0,121.01294301627358,8.0
32270,28907.98890335383,2774.848084335581,98.0,120.38543267691773,8.0
32271,68746.61109068834,1179.2684044453486,127.0,157.071930190437,8.0
32272,38843.12244136494,924.97311063683,20.0,119.27852187581671,8.0
32273,3982.0559242062627,1990.9476355006382,53.0,100.428149308949,8.0
32274,63696.283715977625,7105.686612503438,106.0,132.05969358381012,8.0
32275,50129.21719358345,5977.792401903571,28.0,121.62513096380742,8.0
32276,53614.479209982455,924.9498251228268,106.0,128.2945784692608,8.0
32277,5855.831207707743,736.544049200338,57.0,107.4380394527308,8.0
32278,10410.879991510341,924.8964522162182,60.0,110.97990686431152,8.0
32279,47712.99168849803,9443.734890477303,175.0,131.78340156825442,8.0
32280,9707.789416558162,3982.772610959229,4.0,101.14117329432639,8.0
32281,39660.199206712976,1180.3170164536762,138.0,127.67012559460142,8.0
32282,61157.43888351829,40392.36053088642,111.0,115.49621171524252,8.0
32283,43676.24537283845,5866.657419312462,301.0,115.66949828041447,8.0
32284,45227.56574987966,25696.80869574834,77.0,122.27613887522989,8.0
32285,40140.022980602254,11401.297746433222,76.0,113.03841904818894,8.0
32286,35733.68711292398,12573.651833245609,342.0,129.36408434400622,8.0
32287,59456.056484090484,733.4101602362585,171.0,147.70832894572501,8.0
32288,61357.55246328766,1184.6478724027284,47.0,134.8836712714447,8.0
32289,20523.04293106059,2393.82360407389,229.0,125.75632705183989,8.0
32290,31291.363100017297,2871.045714590567,102.0,119.35858667391722,8.0
32291,7544.700104420831,1849.7541345424875,-2.0,96.01662147393702,8.0
32292,30308.963911217543,11815.280377329807,146.0,119.39451219489142,8.0
32293,25432.963976781695,735.1667740539449,8.0,110.63388418086456,8.0
32294,40444.63922312432,20676.731135099708,-122.0,120.17901027161429,8.0
32295,39108.79707871109,20988.632301841608,57.0,115.06748868884439,8.0
32296,48920.004768907755,2360.137545400495,27.0,117.96159092775477,8.0
32297,58974.253559810575,3978.7599011491193,125.0,122.75467123650591,8.0
32298,45453.349036000676,29127.140803570433,344.0,114.8397305359568,8.0
32299,36721.550794217204,7116.572895466452,366.0,128.7416399238345,8.0
32300,29576.39686812016,20115.45356129976,53.0,113.23807138213778,8.0
32301,50191.776505112226,24249.596567796343,139.0,123.16119476054874,8.0
32302,52679.36310571216,7083.3977098026935,14.0,122.37441757342538,8.0
32303,61700.067141084626,19235.20377822379,63.0,117.54216197527386,8.0
32304,38197.62907899799,2875.8108964567054,38.0,114.38405669555634,8.0
32305,60866.67848971374,21594.536546398856,44.0,120.13199039691295,8.0
32306,50648.283275566115,7457.906161236557,65.0,116.66133179591922,8.0
32307,42477.63447745921,9971.149939864517,145.0,125.06050688544295,8.0
32308,58922.9298836933,1992.421017421826,21.0,120.4949160387171,8.0
32309,26515.18403385451,1473.283505464529,89.0,119.88102411667076,8.0
32310,41916.01855855416,925.1129003361083,12.0,120.42973940371931,8.0
32311,46231.809301104564,737.7079298351892,138.0,131.5390657966122,8.0
32312,13282.002647723697,7419.342004502653,230.0,118.25666904492223,8.0
32313,28240.42081675033,13820.08743171341,33.0,110.34169368216945,8.0
32314,57561.20445665325,15390.681920052068,55.0,118.71211667896661,8.0
32315,34154.52144144736,1181.0115475987666,148.0,140.52245009084407,8.0
32316,34445.79391706399,5740.423479505822,90.0,125.46359461598658,8.0
32317,58035.3825702004,3984.697223328799,57.0,119.03455117156507,8.0
32318,4727.751567989334,3545.8264890571018,87.0,107.64188570683018,8.0
32319,51248.27705725351,734.3251019876932,115.0,144.47971788327834,8.0
32320,39049.23953500366,30770.674345825624,153.0,120.81729009185042,8.0
32321,39941.42327651759,21387.55920512675,342.0,108.28561737512464,8.0
32322,51205.29362153802,23902.61544020849,352.0,119.80383567420559,8.0
32323,17337.84358064596,1472.9055252524786,60.0,108.91312122871454,8.0
32324,31793.24817846607,11382.74917770391,187.0,121.5604125649647,8.0
32325,60624.60876624503,10237.637802161837,83.0,128.31870787360143,8.0
32326,31664.12010309434,1740.025255636879,204.0,120.75603354608799,8.0
32327,14919.347149083915,924.9812914192296,84.0,119.27418664303237,8.0
32328,67154.93114994426,60506.884430039754,-83.0,118.30306195869686,8.0
32329,40507.8364861978,5154.926031290496,159.0,118.8721723660802,8.0
32330,45584.49724028132,28576.217366977762,437.0,128.54679636696716,8.0
32331,36130.42231802512,25894.104840050746,202.0,122.05249093957815,8.0
32332,22210.381473437545,21286.035016869748,-210.0,104.7968730148573,8.0
32333,36431.795293242554,16180.787251726604,73.0,120.44566255305809,8.0
32334,45246.35038753625,5863.399627231744,100.0,121.36391998873776,8.0
32335,39564.39419738272,20946.597622488793,198.0,108.04106029320658,8.0
32336,54333.832712226766,4719.982217063538,179.0,129.7810419415813,8.0
32337,25880.17849403061,6839.833536235974,111.0,109.828598771016,8.0
32338,48232.483813180654,3144.895958834502,28.0,126.72853042563739,8.0
32339,34085.04515097652,9796.90815335834,271.0,115.42741672985477,8.0
32340,33805.16399502896,1989.8927859056555,70.0,125.49179487428404,8.0
32341,32334.914770681502,1182.8062267109815,156.0,127.56503133998929,8.0
32342,35194.66352375172,738.6346549057849,48.0,121.71901276389809,8.0
32343,19211.50116552616,5127.257143697272,52.0,110.48862531568672,8.0
32344,34541.914598908326,17523.868845974583,183.0,119.77784664935794,8.0
32345,20222.27252114375,737.6787963337375,109.0,122.37841348213317,8.0
32346,15277.858821792654,5485.189354061327,132.0,117.99766190343118,8.0
32347,24327.184223571076,3983.3550807216825,81.0,115.04645441835753,8.0
32348,40372.65922384932,19326.115561074115,-84.0,115.03981603137525,8.0
32349,35774.747096893,2877.5588321077494,83.0,124.10674151290505,8.0
32350,39678.23225261564,1989.5286814522099,90.0,125.68983037751578,8.0
32351,24925.46598794957,8306.745584588814,132.0,105.61081466506116,8.0
32352,58576.180115520685,5968.07740656449,258.0,126.81867815557246,8.0
32353,14470.631683047199,12821.45478186977,-1.0,111.69499266731663,8.0
32354,53232.482105449606,44785.27561255464,372.0,130.93336748825078,8.0
32355,28933.613564407216,17379.87269710211,58.0,111.07197683881107,8.0
32356,41579.94711694646,24954.464404632905,118.0,113.89394037755885,8.0
32357,48534.436190510016,1181.774928506912,170.0,131.15243178970275,8.0
32358,54612.37191550027,5475.512913783821,179.0,135.20371762307633,8.0
32359,32476.721493807992,30786.733794674943,11.0,118.12334745742105,8.0
32360,36341.46419933508,3771.8333532589636,140.0,122.78065339917428,8.0
32361,52051.18181151168,5475.493136964026,14.0,117.23294132494351,8.0
32362,43380.48285472899,11213.030253271747,45.0,123.18355515861214,8.0
32363,27622.0298147962,7116.6630095138,42.0,110.52562985542781,8.0
32364,47410.395924653494,2389.0507155196597,329.0,134.2209494718785,8.0
32365,19050.947663028674,8086.197985966773,561.0,120.46481607917002,8.0
32366,44221.64995508873,1180.3044294513045,81.0,124.35950715260904,8.0
32367,30864.448526129934,6522.174426364762,139.0,116.1967440135253,8.0
32368,39686.68889430221,6682.481195163572,363.0,129.68259013341162,8.0
32369,26364.029229270593,9752.13556404922,193.0,119.84664662842849,8.0
32370,19935.595769144384,1739.175935496114,10.0,104.57979934619658,8.0
32371,24295.218920308005,2366.5116475361233,242.0,130.04309425363476,8.0
32372,35255.62157656524,9097.544629184846,88.0,110.09329286622813,8.0
32373,26500.5118221615,735.8787189225498,8.0,113.05017182399,8.0
32374,65358.525418061865,4301.914435725979,399.0,136.01906187663323,8.0
32375,33044.32307016405,2360.5578223044213,148.0,134.18797089734625,8.0
32376,18019.440800249056,5223.65640250505,129.0,118.59572215989151,8.0
32377,47674.99277211357,734.337420272064,182.0,134.19079659490546,8.0
32378,58261.95231201162,9032.64200134335,33.0,126.60029931274086,8.0
32379,56637.66987973939,3553.887326552569,110.0,130.16079530042842,8.0
32380,26250.38688017308,20399.386975343274,-1.0,112.82800617464709,8.0
32381,37113.44458811912,2774.63298356724,51.0,111.1962249238576,8.0
32382,46378.33942788114,2888.5298805869093,34.0,114.10580050815244,8.0
32383,55285.618188259265,36553.74477133434,178.0,118.40179721823581,8.0
32384,14993.278071168266,3797.781518603347,36.0,107.55846007593976,8.0
32385,36934.07710886594,17701.17854698173,181.0,107.46463086823641,8.0
32386,31107.049767846143,1736.1025665351913,45.0,115.57492504099747,8.0
32387,41648.818682910896,8324.759328770446,372.0,116.39408447328091,8.0
32388,22251.261513861496,1471.8233610666193,62.0,122.74171003564862,8.0
32389,28718.83231677291,2209.7067796141896,111.0,121.02823103711793,8.0
32390,28355.753630024727,13312.68490964013,87.0,113.06840515185358,8.0
32391,60354.99933633972,11588.396873222873,217.0,129.30584957821583,8.0
32392,39303.40283152761,21188.498122515706,124.0,107.00829297686934,8.0
32393,44066.5536530333,6944.7218902700215,96.0,115.49071915944253,8.0
32394,13389.107896156647,2210.3115946345115,16.0,103.4359739485191,8.0
32395,41269.22919448444,6631.809057251802,95.0,115.56769620828022,8.0
32396,24462.272286419593,9618.02082586857,198.0,104.38967824240108,8.0
32397,48252.447608323826,41592.263316500976,80.0,115.66496342780381,8.0
32398,35147.577998699315,8324.57732333312,131.0,108.29292163982538,8.0
32399,34213.054909555016,1736.26311370638,134.0,125.77700591058434,8.0
32400,60932.92866447728,5207.705645485344,78.0,123.65584004550921,8.0
32401,24180.656440230654,3983.471152524797,64.0,107.6215166174557,8.0
32402,14108.10879917159,8882.326217306967,124.0,105.14275359020353,8.0
32403,51062.52758739459,40863.189815578735,158.0,111.69336986628453,8.0
32404,39255.7084545834,7967.395700528456,263.0,123.8774813875353,8.0
32405,54229.43821489336,11549.930080056505,404.0,126.8317357457218,8.0
32406,60198.72826353637,20432.52121483155,61.0,117.72948708874249,8.0
32407,34707.84393721409,737.9672975157283,116.0,128.13357230826986,8.0
32408,16664.925237569907,924.8995381447132,82.0,117.08450264253541,8.0
32409,52061.423840514304,1990.2900976672217,121.0,128.35302016220163,8.0
32410,39276.51196331629,925.1500999833098,12.0,113.70399901854553,8.0
32411,43449.62630769903,8683.318515927624,54.0,115.83846075821994,8.0
32412,64782.671328315555,7107.615302397368,132.0,126.03098398360444,8.0
32413,25030.49849589559,14230.293992127694,29.0,110.04994164780501,8.0
32414,27367.275705274842,737.5060811335142,81.0,122.89124655884292,8.0
32415,13081.662042949869,10249.496497259704,-2.0,107.1450287315592,8.0
32416,47231.19596363214,6641.688345758686,31.0,122.70933882949535,8.0
32417,55997.13688243457,17959.239503540863,47.0,124.57811095785755,8.0
32418,22209.743078560667,1849.798765886701,32.0,114.13141531870703,8.0
32419,49619.433422743015,10601.80965156474,43.0,116.98543624189065,8.0
32420,11389.67480608532,10677.202049898264,-87.0,97.3998025851655,8.0
32421,61023.60559855881,924.713264471337,22.0,131.40843177586603,8.0
32422,29304.00337784594,4854.280183554917,147.0,121.54704721876406,8.0
32423,13308.882415301778,12789.977818363092,-370.0,94.93061498314924,8.0
32424,14802.065401953805,3982.9338289578027,366.0,124.79298831629347,8.0
32425,40440.36599509437,9745.279595850967,240.0,110.5890608312956,8.0
32426,39211.282778450404,4518.628751790445,186.0,118.21566924436306,8.0
32427,25864.607063157542,2367.219220848907,142.0,123.95221406639408,8.0
32428,34116.76034419403,3980.141833591871,56.0,111.55319586159435,8.0
32429,51881.39279023753,18833.2333108399,109.0,113.05490450146279,8.0
32430,16788.10803282599,4852.417495501439,110.0,117.61679201882353,8.0
32431,31103.036975655235,2361.4777185289126,85.0,132.53604464398688,8.0
32432,52129.25197825825,33347.044634808546,187.0,117.19422546027175,8.0
32433,43241.73053295493,8571.67532424252,210.0,124.39250187260481,8.0
32434,23315.726747273293,6181.058566186766,130.0,117.28365611305138,8.0
32435,8565.578506471284,7872.4305653798365,-42.0,93.96395363108306,8.0
32436,41098.02044983244,4508.001152049724,225.0,127.47681302588207,8.0
32437,35166.189440841415,1990.42008897333,40.0,115.65243696449095,8.0
32438,52645.944851596156,1992.5518308948556,27.0,126.12491610884564,8.0
32439,29199.0873706878,9971.73893880319,186.0,117.16571326901577,8.0
32440,24388.313227765982,734.1688499524091,91.0,136.27624462720212,8.0
32441,62203.95641509193,2358.323693047643,205.0,132.3351427998704,8.0
32442,31712.682685099127,10190.866967065238,110.0,114.79412420165067,8.0
32443,41401.305375680706,6689.796553193266,386.0,130.54997236641913,8.0
32444,28723.068341447386,10675.15490208726,121.0,116.97895527186188,8.0
32445,22909.738772486868,11822.240609412029,2.0,109.53358941826819,8.0
32446,49521.02407737815,5205.191775558484,621.0,117.27598532582154,8.0
32447,29430.315182065322,19921.019743176483,335.0,126.36046674682571,8.0
32448,26183.4189435639,5961.535445940279,121.0,113.05699507790055,8.0
32449,30162.22101766362,7832.150733232052,479.0,129.630455031468,8.0
32450,60553.154290240775,50309.8645909326,204.0,125.91849356954386,8.0
32451,41556.35164598574,30737.419459046465,96.0,114.2417944617005,8.0
32452,21726.557183956145,17954.391426609745,-146.0,108.72245109105235,8.0
32453,27835.741459427827,924.9197124202163,26.0,119.45030796854944,8.0
32454,56703.340072629464,5969.177949004742,13.0,129.04723685747598,8.0
32455,23719.154886268618,736.0230728667539,21.0,116.02431287861413,8.0
32456,16906.925905029355,1849.8002989077597,50.0,111.86211426754313,8.0
32457,37242.07629932017,1471.1843108407497,198.0,129.5092598209654,8.0
32458,48297.09154138191,2774.4959038041075,47.0,116.85432566400016,8.0
32459,18512.240825855755,10357.09415323279,68.0,101.2046733896121,8.0
32460,24149.320430000196,1849.9407971978774,64.0,116.49411350213919,8.0
32461,37325.048366440446,19206.825355788194,149.0,108.741174389547,8.0
32462,32523.890242077945,9026.435090621291,234.0,117.89645521797897,8.0
32463,57733.81764047113,1180.163341179763,98.0,142.28452970964508,8.0
32464,40378.45133793781,1990.3029013967914,62.0,118.80619975889817,8.0
32465,10197.555846276058,7837.67095721686,16.0,104.29845716096159,8.0
32466,26739.694379358833,3139.5152577718222,34.0,112.68323350143217,8.0
32467,14916.426409301184,12998.661411874999,-29.0,112.22147042462962,8.0
32468,43529.44333540372,5921.517647748388,55.0,118.22882621753035,8.0
32469,31165.077829805276,13711.15660491402,109.0,110.4142491058613,8.0
32470,34877.3398117772,32518.330770679026,12.0,115.07127587393448,8.0
32471,40516.29277319042,17699.73928220409,265.0,129.91371933539307,8.0
32472,45024.40477025648,924.8536521221247,60.0,138.08963001670537,8.0
32473,17241.261156885645,924.8198284924141,67.0,121.5437242093098,8.0
32474,32128.2765833607,9951.113932741197,390.0,129.2658452852312,8.0
32475,55673.89506289191,1184.2994593962273,101.0,128.10339545317257,8.0
32476,50199.42129691033,43538.381193815316,80.0,115.7746416923903,8.0
32477,43420.39696095658,28671.094369405153,183.0,111.51959703424373,8.0
32478,57554.14397060225,924.7251291917835,43.0,136.78468720451446,8.0
32479,32517.55270545518,8623.054380772923,48.0,114.45798689824842,8.0
32480,29901.583224999435,25403.726064000253,-44.0,106.8461848703062,8.0
32481,23726.045868532867,6878.182127256045,146.0,111.68961806356471,8.0
32482,4682.862403305936,2870.835699132706,-7.0,89.65824593013015,8.0
32483,34231.22167232097,925.0505363784642,18.0,118.59556838916936,8.0
32484,27835.621859306386,1849.9505748011616,133.0,110.13135640488815,8.0
32485,34138.402028082295,1181.053119057981,31.0,118.54422045343357,8.0
32486,55521.127102737955,1180.7004730196886,45.0,123.03465778535262,8.0
32487,48943.418628727595,12078.41833156587,95.0,116.8821675917172,8.0
32488,32384.59256115886,13247.962636620914,44.0,111.13965833944934,8.0
32489,57580.24417399562,8257.728920030266,173.0,120.11122796757724,8.0
32490,53721.65503646743,36677.617948430925,261.0,116.14966213687703,8.0
32491,47306.40588012123,5977.489121780342,75.0,123.85100787362761,8.0
32492,53135.93305309438,14963.454764068856,159.0,113.82969623329845,8.0
32493,3477.4726376972008,1738.643476314459,5.0,90.00532467764535,8.0
32494,16149.59488451167,3799.448502684531,-10.0,106.93053787261714,8.0
32495,54368.57579134836,1849.6160364990271,21.0,130.14389975939167,8.0
32496,26089.052393901075,3792.555377327482,18.0,119.71557925452441,8.0
32497,32145.271560622816,8624.703147655373,204.0,126.12902861971186,8.0
32498,29349.456336972355,1180.7442331210939,7.0,121.7687950274607,8.0
32499,32776.48011881533,6966.918184470321,47.0,119.53348369172512,8.0
32500,42544.6265723473,2774.573369238574,102.0,117.88870413310511,8.0
32501,41910.23380851702,1741.686519871652,79.0,123.13446031593621,8.0
32502,51282.23853333033,7119.871801651906,28.0,122.05985692217548,8.0
32503,38271.914907856626,19646.71867345064,95.0,113.45309421630391,8.0
32504,33281.99796931892,924.97311063683,20.0,123.67814058445944,8.0
32505,23169.56528539033,925.0032766437024,4.0,112.37989269548906,8.0
32506,15737.311404262908,3086.722637655967,41.0,103.5854869654321,8.0
32507,41885.32364458287,2360.4932331609075,160.0,133.0588454055362,8.0
32508,25043.48204369833,6624.82700276766,230.0,119.15655783691153,8.0
32509,51799.26120629374,11098.390567021812,188.0,122.60935281901926,8.0
32510,38270.46642260403,24087.80896313002,270.0,129.00729464228348,8.0
32511,49888.62291890437,9710.59323380657,69.0,118.50057321352267,8.0
32512,27632.410746389334,9510.885686750102,132.0,113.06748667425978,8.0
32513,54887.224912717196,15390.546487965628,35.0,117.28441250194851,8.0
32514,13936.152645685057,924.8866510595847,33.0,111.66331489363944,8.0
32515,60280.14166035217,46561.2176650836,184.0,123.09206709364456,8.0
32516,9264.726566732863,736.6397231261019,0.0,98.635830903094,8.0
32517,52464.27839151077,733.9179315424301,73.0,128.5088061105621,8.0
32518,39657.92278289897,12556.127894975363,164.0,109.9819731730797,8.0
32519,22336.811088376508,13447.877295383001,52.0,112.59456547978591,8.0
32520,30884.845630099244,1990.088501806397,139.0,120.92781631402258,8.0
32521,57427.56449697433,1180.0298693132272,40.0,126.99699416372293,8.0
32522,27313.012283208667,3772.2392233132387,89.0,114.45177122058328,8.0
32523,47768.53035990787,18771.979963005284,144.0,117.84596190440195,8.0
32524,34985.31609611459,3138.473955629479,107.0,125.96915493038134,8.0
32525,25845.484156305225,10353.080397322494,181.0,105.15341415652705,8.0
32526,27101.261100110816,9965.672993141725,101.0,108.14452090270635,8.0
32527,23930.37388956093,924.843916253636,0.0,117.40699359485711,8.0
32528,46173.213178770704,26404.306032474473,42.0,116.75239302246888,8.0
32529,41260.62506168848,3682.4619161202986,241.0,120.30256258912523,8.0
32530,23717.684880080415,735.0694341661585,142.0,126.4232347790898,8.0
32531,27788.026285053893,5958.248087990685,165.0,109.07127230006716,8.0
32532,52973.25086245524,924.9838915939724,16.0,128.63786568436214,8.0
32533,28417.392190647814,1741.104731328996,181.0,117.86628692447546,8.0
32534,21398.177416485414,13305.290907989714,62.0,114.93457061070096,8.0
32535,49509.46146177039,2869.6562492874436,154.0,133.1451238016626,8.0
32536,49382.53737316666,3144.5804950242664,130.0,129.13823861512523,8.0
32537,43246.35304646996,924.898262016257,43.0,122.98993919511987,8.0
32538,53841.33641465008,925.1476322163687,33.0,120.58823615678115,8.0
32539,13951.9196833136,10200.848650006132,-32.0,105.3213398477561,8.0
32540,44385.610871737474,924.8851117755984,25.0,139.73294610028947,8.0
32541,53135.07005576961,42856.99536689887,272.0,116.9738040999094,8.0
32542,17456.550183155377,1740.5659494489441,179.0,121.63412846101531,8.0
32543,54912.65251510876,46634.92095420266,153.0,111.84082827152837,8.0
32544,17701.77351247379,1473.4035992745053,120.0,110.62462973074823,8.0
32545,32221.832299019523,8832.707855478478,197.0,126.78075551467569,8.0
32546,67466.61666295817,54460.43986592945,99.0,120.49595885144564,8.0
32547,47825.494643557104,2387.851870492151,28.0,112.6738669079317,8.0
32548,47687.725257798054,32023.05985725741,259.0,129.59194338785431,8.0
32549,24503.766480286504,6842.453607165087,19.0,109.96900764138252,8.0
32550,28489.75193530352,1473.762551519834,154.0,125.25142518369515,8.0
32551,58059.46259653445,925.0520865769543,113.0,128.89488838668348,8.0
32552,32381.60574037251,14799.319909492408,-16.0,116.95647897356,8.0
32553,38377.05648267001,29925.772408914134,332.0,128.21230435599213,8.0
32554,27084.103370095414,10475.985606051292,198.0,105.98547818818375,8.0
32555,50079.92934889619,2360.5907338780216,29.0,121.67240990940152,8.0
32556,52351.022091360566,3145.29025966866,24.0,126.29769545692832,8.0
32557,28022.347672752083,5742.27768850362,139.0,116.18395200311895,8.0
32558,23416.014973553825,6400.70027516187,176.0,115.82322343884066,8.0
32559,26749.96863069136,1183.5372775870794,73.0,120.90100513118895,8.0
32560,55197.15738437723,9701.260865898776,133.0,140.22361556052232,8.0
32561,19944.414416329153,3799.448502684531,-10.0,108.62866066965745,8.0
32562,32738.97394226154,13050.561735362595,77.0,107.98213506001161,8.0
32563,56529.41323866222,7079.704854893046,176.0,133.6644663425857,8.0
32564,25940.370981609816,10201.05640252045,-34.0,110.37164141136883,8.0
32565,35575.198422066,23337.03553408509,80.0,111.68198483283858,8.0
32566,43507.13780143577,11053.24000314096,31.0,125.98378566255732,8.0
32567,52925.14730326999,40128.90928628869,87.0,119.27122198332904,8.0
32568,43626.20018876335,1849.642572535628,59.0,123.01983917333985,8.0
32569,50421.12582264915,4682.848779578291,101.0,121.55938683103169,8.0
32570,22591.449810842896,5472.274194306684,86.0,111.53948562987651,8.0
32571,22300.028529420357,2392.9061348773416,0.0,113.40785908395843,8.0
32572,51661.926560479624,3137.6262606629953,49.0,126.83349751429448,8.0
32573,42216.06456648239,5228.102000636228,270.0,128.65419516705822,8.0
32574,55656.47066547926,2369.757933188503,62.0,128.91580104448772,8.0
32575,51229.537998412256,2361.5977457804415,54.0,122.2974865982805,8.0
32576,5217.661974507679,4610.880558818858,-13.0,92.12628449771867,8.0
32577,45468.829162839975,5491.129510931527,76.0,114.72702722100281,8.0
32578,16288.76444578559,2397.308961623873,122.0,116.83035952187339,8.0
32579,20187.720935541907,734.9872373750615,282.0,130.66976480984624,8.0
32580,30197.006440297806,5863.1822649279065,139.0,116.63804554709353,8.0
32581,18005.61061467023,7582.281110791648,351.0,121.54785405384865,8.0
32582,34308.73449645717,21299.584060226764,414.0,128.4990217600194,8.0
32583,49841.05915956365,1734.3282851197455,109.0,126.31740068998391,8.0
32584,53858.46818641243,924.858341812065,31.0,130.16376568913188,8.0
32585,18043.01956136346,924.9184859410972,9.0,108.26314194205284,8.0
32586,44290.00983553423,3144.3605363602733,119.0,128.09966823266933,8.0
32587,20401.329484521004,2774.6960382182747,17.0,107.82066343072364,8.0
32588,40658.18656933268,7420.096232892567,407.0,130.43940604439499,8.0
32589,55167.56032701243,924.9990929589493,69.0,125.93304189009821,8.0
32590,56034.76684957386,1179.587095174942,95.0,141.4617912550115,8.0
32591,58018.87720654045,37254.01697339505,111.0,115.03320031436887,8.0
32592,58911.196184065106,1992.334549465519,127.0,133.345917826574,8.0
32593,50080.20349499669,6516.197513885369,122.0,123.39511117972035,8.0
32594,16110.289363608146,3142.8039878140503,72.0,104.90108203347474,8.0
32595,41933.557180037766,2871.678957557149,37.0,116.54756945705287,8.0
32596,50391.887454801996,35349.07274982025,87.0,120.7743867571398,8.0
32597,26306.71981775876,1183.4654764609766,245.0,128.0186348969764,8.0
32598,9263.008894953817,7592.789484733466,65.0,108.11556073598035,8.0
32599,20203.078828600468,14749.374333868913,42.0,104.6010239479779,8.0
32600,49767.62039197457,1742.8161711166524,125.0,123.93547539613445,8.0
32601,19933.760255759924,736.3432656080823,127.0,123.37964403470173,8.0
32602,51602.4291864804,7591.114197676076,33.0,125.23129280277657,8.0
32603,55396.009398315815,6363.770300041258,67.0,112.87008041462346,8.0
32604,51424.68643850018,5773.859390337236,413.0,122.247017736065,8.0
32605,43390.829719561385,7170.700543925514,119.0,122.1763964715538,8.0
32606,46763.26228035167,29754.43018851365,444.0,133.9936655177794,8.0
32607,37241.85367083106,7959.460512127334,213.0,137.54850499449032,8.0
32608,24593.783520603236,15997.001301947741,-6.0,109.87682513359862,8.0
32609,6393.855978225935,5217.807898430556,-131.0,105.91278834469767,8.0
32610,59488.39786323906,25606.807387197074,-55.0,116.19324444089419,8.0
32611,50410.72546204028,3551.1951296059815,14.0,120.81045583748175,8.0
32612,66762.55748833803,26066.29180476962,63.0,122.26129069031215,8.0
32613,31363.36815839037,924.787602139615,135.0,128.9188758034617,8.0
32614,51881.50466894272,9278.909348031582,49.0,125.38351340765416,8.0
32615,27103.904946834333,2391.753153400912,45.0,117.04483442003536,8.0
32616,38697.31231737222,9959.044661082926,238.0,114.46845229345244,8.0
32617,62592.555347959984,60930.44937647119,-53.0,123.6826354649464,8.0
32618,25052.569405496153,6279.258053463091,283.0,124.1824380679467,8.0
32619,54924.024685483455,1183.9507911249439,103.0,129.92296759465881,8.0
32620,59476.63678515919,16041.204719902546,203.0,128.31427193136392,8.0
32621,35930.57600414016,2393.8566950548584,282.0,130.4495529114089,8.0
32622,43836.75964625926,1183.5486358266498,253.0,134.14180506822663,8.0
32623,48610.111411050275,738.8779779179152,102.0,129.3854214172208,8.0
32624,18557.125653709114,924.9105456413565,76.0,118.13709340034708,8.0
32625,46722.219340604956,4053.557920487279,370.0,119.5333187236119,8.0
32626,40380.60113450677,14555.688481083538,253.0,116.29265922910953,8.0
32627,36187.08826186219,14537.550081801106,341.0,121.06800206448153,8.0
32628,32618.509647142888,13385.313389723027,181.0,105.3964464917802,8.0
32629,31994.97952930588,924.8273405131189,17.0,115.15760512315218,8.0
32630,40086.65018876409,17911.146992349004,364.0,130.628440121111,8.0
32631,52983.58303874179,32608.856772126772,88.0,119.07391232686402,8.0
32632,50171.36582820777,29803.374372393206,88.0,113.66084762050372,8.0
32633,58897.68374520127,10827.018432414246,65.0,119.10948868445395,8.0
32634,41897.7028767197,6651.7061789109175,179.0,130.381469186709,8.0
32635,45782.371422308766,925.0043140966744,32.0,118.9987682063362,8.0
32636,32419.908746094585,924.9891847983899,70.0,121.65985758646238,8.0
32637,31060.43476369678,11820.43407621964,181.0,104.66822413008187,8.0
32638,41311.25789097749,1472.2618395552538,212.0,130.92645018436784,8.0
32639,27270.02497544981,10666.572560228311,65.0,110.96091569832966,8.0
32640,36939.25731707576,1181.5761954260527,38.0,117.22012630563628,8.0
32641,56727.60776761789,40394.74784086221,352.0,116.04253177344896,8.0
32642,52699.079565703505,36605.03099074237,432.0,132.41579747141947,8.0
32643,37985.41298113151,2774.6140591750486,133.0,123.88742967714128,8.0
32644,30635.967874009515,22337.047122367814,116.0,108.55655877261948,8.0
32645,27306.57656508806,3800.044533274503,34.0,105.6213627402452,8.0
32646,59986.90325724693,43660.6877368676,120.0,124.68074679818477,8.0
32647,42137.418890156936,27918.911563410835,40.0,115.06759405898782,8.0
32648,45200.40059523714,739.0304911059546,61.0,129.86631635049656,8.0
32649,56450.428013402285,46258.6333768651,116.0,118.96303973442001,8.0
32650,37477.95266668504,738.7099873515425,27.0,128.33710434286664,8.0
32651,12545.845463755863,5151.453927381069,208.0,114.33172855527606,8.0
32652,56496.22366127605,2873.291011135751,525.0,138.88912435181044,8.0
32653,50602.23388218367,31870.385172598402,178.0,117.96569081181157,8.0
32654,46038.16753187512,11728.19335322883,7.0,121.0501762931255,8.0
32655,53826.30626306624,1849.6491717571876,20.0,112.53939469264783,8.0
32656,56176.755435039515,1179.9351076213552,35.0,128.8859226814775,8.0
32657,66129.08598824118,1179.7323136873872,58.0,134.35817645192915,8.0
32658,32404.715219741887,2774.594962137923,150.0,123.39534913379396,8.0
32659,25897.97978898073,3699.738408751894,3.0,107.37799656488896,8.0
32660,48103.770511336494,11099.871012510348,233.0,118.59073440983101,8.0
32661,39678.781797377895,1849.8955884329482,57.0,129.08709091171798,8.0
32662,39652.78786437732,737.137918980108,26.0,121.85401798123293,8.0
32663,32380.040456045543,10173.713996815943,106.0,109.98873882870456,8.0
32664,48410.39610746754,1179.850121961955,138.0,128.35742996817842,8.0
32665,4309.574838249751,3547.5176210936474,-16.0,90.11800362302567,8.0
32666,30127.086012364074,2362.080417393835,132.0,119.88402833145426,8.0
32667,35209.313659832405,19497.31732997639,176.0,114.91797229253282,8.0
32668,50318.59424599536,924.8726345678772,112.0,129.78152469250162,8.0
32669,50877.18860535679,5549.83599584651,206.0,130.36046733743854,8.0
32670,41637.892735535155,24616.03573796054,183.0,121.5749320853972,8.0
32671,15706.730892211444,10471.897428536598,131.0,104.0958811912767,8.0
32672,44220.133715595446,10271.247673027781,41.0,121.63717988147467,8.0
32673,41033.270745099166,39326.0582827085,-212.0,119.0537354772855,8.0
32674,63917.880042703124,5924.242123242491,211.0,126.73191445585672,8.0
32675,58099.05825381395,1184.78681190496,125.0,131.0017570461793,8.0
32676,54632.51719211803,27321.923163971132,316.0,118.63753527922151,8.0
32677,47953.09794977832,1741.9246775340266,72.0,124.18787221647995,8.0
32678,56738.02934602396,14811.290957362053,81.0,125.14213458650391,8.0
32679,23658.700415813295,14197.753257951777,53.0,111.60538453646123,8.0
32680,46134.442450452785,2871.436059096465,38.0,129.05233130879807,8.0
32681,11562.013556782515,6348.333757416611,-14.0,96.80189849493811,8.0
32682,49428.320595058016,1180.6748743013368,241.0,145.85066035252893,8.0
32683,28531.241140704315,10412.68239741701,132.0,112.93215678177519,8.0
32684,17892.24369168575,5217.693611047146,50.0,113.50951102223189,8.0
32685,33559.46719838017,4796.679574599685,257.0,114.95589790034133,8.0
32686,14404.094532556373,735.4256575815078,78.0,117.72609609322333,8.0
32687,33590.17837780967,14963.71137271127,95.0,108.49775274290973,8.0
32688,26969.927947247004,14670.493592165054,64.0,113.30340013313645,8.0
32689,52005.90394082613,738.2752288386957,52.0,125.1138821108552,8.0
32690,64459.75998135472,732.7421114284,54.0,128.41810677210492,8.0
32691,35540.35529682937,18317.540108283156,76.0,114.1310809500385,8.0
32692,36336.55807134226,24231.93091000122,183.0,116.23372052377829,8.0
32693,34978.65727224841,18547.546161957354,73.0,112.6525098154558,8.0
32694,32448.493915642335,10201.167831804967,116.0,114.81513764179311,8.0
32695,28903.683546898563,1180.7655747179447,51.0,117.43081851485323,8.0
32696,40874.74947978796,16161.184219756853,11.0,106.60890664552261,8.0
32697,55757.275316949286,1184.9114125585274,47.0,128.6507374308623,8.0
32698,58826.664441341905,1184.7473652065964,57.0,130.9182603014514,8.0
32699,46619.22677460637,2870.112904083198,148.0,126.73506984166939,8.0
32700,47531.85882260134,1184.4220941224728,50.0,121.4347416967242,8.0
32701,12793.059715938893,736.6337625730885,41.0,111.5898245875614,8.0
32702,3982.2714366613486,1991.2677080393548,17.0,94.8807513708025,8.0
32703,36385.68440248488,5213.198425908635,8.0,123.18644609723435,8.0
32704,32453.563394950565,1181.0651220535524,134.0,141.68276185743994,8.0
32705,59638.676465810335,14521.226298790914,61.0,121.66608023362058,8.0
32706,14559.686973727348,3981.496436748047,51.0,110.33321594826302,8.0
32707,26033.204898998516,2870.5575193213595,45.0,112.45753099762257,8.0
32708,13681.493490816027,4853.003050653935,71.0,101.34993126143164,8.0
32709,51363.80977240039,7558.531899481419,444.0,132.4285424264587,8.0
32710,30175.938728716214,10409.88548844659,266.0,124.92678837500269,8.0
32711,51224.112231740095,4851.376421801526,55.0,118.75911442902441,8.0
32712,55202.94946741969,24776.06983924946,13.0,124.62377384141377,8.0
32713,37998.41075650744,31827.70083703232,-51.0,114.30476271826927,8.0
32714,38194.00079056051,8269.152283425676,346.0,128.1995701370216,8.0
32715,41020.90063103408,924.9247544846831,109.0,127.34105753958895,8.0
32716,45326.162717140585,4624.419226172223,37.0,121.02613771553995,8.0
32717,46593.32814228713,1182.9436807499155,152.0,118.95476858501006,8.0
32718,15708.018486598643,924.9555282415884,4.0,105.81817573763782,8.0
32719,52846.84349826622,3699.281154381154,96.0,125.85961655772903,8.0
32720,43838.35988684918,3983.9199935627576,112.0,124.71699437115396,8.0
32721,25378.957332707883,1991.6612599361688,149.0,124.8081196933073,8.0
32722,28681.088645237713,12023.390731605123,92.0,116.17442332496519,8.0
32723,21511.46981337331,4125.651636363392,221.0,122.01105285205978,8.0
32724,11561.500918623837,2882.8534250799767,65.0,98.90727778952643,8.0
32725,25835.954591392383,1990.3567083826329,30.0,117.30412459480807,8.0
32726,39642.14107849144,32984.48100555767,55.0,111.01950816158924,8.0
32727,42750.442569715386,19994.72473482584,280.0,112.63893230739855,8.0
32728,19907.87816503968,1990.4386989541906,63.0,116.17699555791165,8.0
32729,47970.43766661736,5130.283682555351,43.0,124.13306413741121,8.0
32730,43782.65200241772,1735.3252989676196,248.0,119.01496580014877,8.0
32731,26404.231366141797,925.0160926090217,84.0,124.13944743670473,8.0
32732,31722.409782457536,2366.825027387715,120.0,122.99838403737499,8.0
32733,54971.84896871857,924.9926866694988,20.0,131.6011858295138,8.0
32734,47913.51240943732,20811.711307169717,148.0,114.02249253609854,8.0
32735,68492.9359229779,2371.1956658240592,27.0,121.5897770440591,8.0
32736,43993.40757688163,5477.1967488947475,156.0,124.40213896498875,8.0
32737,42573.31009702,9249.812714188392,371.0,128.99905125036278,8.0
32738,56053.47265445277,5121.045414285619,82.0,125.02978837998498,8.0
32739,41273.20308571181,8611.034268154152,84.0,116.95919093605721,8.0
32740,51628.62543958877,924.9060387597962,63.0,138.97701445132262,8.0
32741,35841.37926090374,20801.77991614263,87.0,115.64507506118963,8.0
32742,34491.39639159399,17483.955925590744,468.0,130.1817256958545,8.0
32743,50192.869236622806,924.8368449228004,63.0,130.71583676863088,8.0
32744,36814.844099137525,1989.9289894985945,23.0,118.21561152816889,8.0
32745,30744.654445305045,10246.385602838041,36.0,119.70119741725009,8.0
32746,57375.60524128377,16873.02991702328,38.0,122.62750956365247,8.0
32747,50850.266314933935,2367.610667426303,290.0,133.67801093506358,8.0
32748,36633.615091623265,1736.3947823719914,221.0,113.82046802032983,8.0
32749,18204.226869904647,1740.8119881403006,130.0,119.38315170825402,8.0
32750,51984.464310419746,13032.305953957999,324.0,128.6672299215797,8.0
32751,18030.524942096825,2883.7240003775078,90.0,114.47048690048355,8.0
32752,66998.54152026866,27718.313712136565,44.0,124.82578658887317,8.0
32753,57800.8603021023,4056.6378730377146,73.0,124.36389753572622,8.0
32754,28015.772396301458,1180.8205104220267,54.0,125.25370720273746,8.0
32755,39097.59662365417,1849.9236178893325,64.0,127.82931188040533,8.0
32756,34412.23642438253,1181.144980246773,66.0,120.8832542224674,8.0
32757,38035.96615737403,4682.534776820526,149.0,126.29616506813394,8.0
32758,53586.93477937647,30772.785242543025,337.0,132.43243252876835,8.0
32759,45976.1375218047,1991.7722944404602,26.0,120.20323783734311,8.0
32760,49291.17609417939,1849.9787186731019,112.0,138.08948439654984,8.0
32761,52914.75462482024,24764.216273157133,323.0,118.23016303170527,8.0
32762,58666.832616611384,9286.850422402,133.0,132.12169171040821,8.0
32763,49774.13156321561,11396.542229580818,64.0,124.60697552532466,8.0
32764,55731.27287076261,8735.266456984049,323.0,131.4029326944934,8.0
32765,31230.92693620851,11315.50567928769,254.0,114.67933149021218,8.0
32766,21837.08360414791,19685.09412745192,-168.0,103.87163689022282,8.0
32767,39196.41006516126,1180.8782355512046,26.0,127.71035582932497,8.0
32768,24016.379815682838,6888.6634416237985,102.0,116.07184459587572,8.0
32769,59979.21867773566,39609.8960849017,88.0,115.962688946127,8.0
32770,29362.538149717853,6279.121321439823,364.0,133.56414204625653,8.0
32771,10411.506727211825,1849.740571116101,1.0,108.54939359594577,8.0
32772,51780.639288077975,3540.8734052075747,59.0,123.54684233977599,8.0
32773,29424.81123169572,11386.536236987677,87.0,113.75521458471697,8.0
32774,22078.148210832944,5481.598223263885,127.0,116.69490911430026,8.0
32775,42458.54961231899,9281.03311951661,206.0,129.44469995396224,8.0
32776,30718.19668500248,924.9960494341167,184.0,129.50931729487965,8.0
32777,31834.76372655185,2399.590992298343,118.0,125.24297055434495,8.0
32778,54763.889322917115,11314.444856053724,286.0,129.06733117554938,8.0
32779,39333.344688712474,2367.417800943992,231.0,129.4998715729413,8.0
32780,54751.00260035843,20402.738038978132,77.0,124.89617024100144,8.0
32781,50239.76295583295,31789.98631370812,148.0,123.11653254761916,8.0
32782,47034.3922764801,1184.1722746630508,33.0,116.97102680787816,8.0
32783,31350.05019583677,7845.656361650869,205.0,125.94902453403705,8.0
32784,29767.881788042858,736.3622436604131,25.0,117.62759613878839,8.0
32785,45195.0541507301,1744.6065774657907,19.0,113.14694076396647,8.0
32786,35720.833045125866,24180.498643809042,52.0,115.14153646453548,8.0
32787,24265.651302268838,15442.78621080613,86.0,105.53567665443374,8.0
32788,59076.76298743972,14471.187055470298,338.0,138.23648380997227,8.0
32789,56301.16749926056,2368.4914386813157,9.0,124.13965173202892,8.0
32790,28468.501213878346,1183.148410410235,147.0,125.59393385046243,8.0
32791,41028.46635677922,6499.181380012131,290.0,132.62506111304728,8.0
32792,47461.167620869346,30449.88540790597,448.0,134.05423438123168,8.0
32793,50804.736248322355,2367.562323404134,98.0,129.31030908872705,8.0
32794,36875.74922319121,32832.507254551776,-76.0,109.47782882812335,8.0
32795,41939.451511131374,9365.373081968397,30.0,115.95915576226146,8.0
32796,27630.297108067905,9027.52468000407,122.0,119.84085826086704,8.0
32797,14376.610894871166,2396.6379652613678,61.0,101.48874772061161,8.0
32798,48536.97450462266,32203.109015265545,146.0,108.36750278481617,8.0
32799,7449.538201500987,924.8998948337096,39.0,105.69142614958606,8.0
32800,21342.734671208007,3482.521978368563,214.0,116.9941885450034,8.0
32801,61697.37073640466,48900.53221645059,87.0,120.16431823235752,8.0
32802,47175.488017351425,924.9382908829962,20.0,120.28650680281461,8.0
32803,63908.872024511205,43146.474842991985,84.0,118.31329532178798,8.0
32804,54766.210228990014,5921.463885450115,301.0,131.59576316774275,8.0
32805,10304.274748593718,4416.312456782785,166.0,115.67565136313056,8.0
32806,12354.850741244665,4517.0897074294035,55.0,104.49341418470422,8.0
32807,40351.00023339936,7178.392528936768,36.0,112.18522295690309,8.0
32808,27019.562939586594,2362.1752354353102,20.0,122.93385069205081,8.0
32809,14655.852237581359,6394.073331860219,12.0,105.12195924834279,8.0
32810,45171.6391822726,9249.138604175501,276.0,128.02529863762607,8.0
32811,56622.291755079714,2889.596735905405,217.0,129.27833705867897,8.0
32812,43570.347193895155,1181.4037185365955,58.0,121.84895207341694,8.0
32813,22972.067167680336,3473.9193198184703,232.0,127.30738673454664,8.0
32814,47326.84488172774,2368.612203931419,16.0,120.16002314547961,8.0
32815,40022.95434073566,7179.073973661411,30.0,114.68516671279863,8.0
32816,56513.14694054978,1989.3551523662911,29.0,118.94044956764014,8.0
32817,52884.24014703519,3539.3380355920604,102.0,135.63546781681157,8.0
32818,23030.729754134416,3139.3879511912846,44.0,109.59368877535158,8.0
32819,20906.652514024314,14034.70292443805,-11.0,108.05424600749434,8.0
32820,27833.067683172394,4312.176267356217,212.0,125.13722407359877,8.0
32821,47885.53912974241,734.2483901226809,176.0,151.66255191142162,8.0
32822,36560.24805661099,19723.753142419475,95.0,120.45603784457147,8.0
32823,45325.29426614895,10173.40950208547,141.0,116.63916136239642,8.0
32824,24983.563027484903,1849.8378135485098,30.0,108.52070723041096,8.0
32825,50890.92895900508,1181.522756057579,22.0,123.58744372471931,8.0
32826,43178.017931885195,1181.603371708904,129.0,127.99169306146237,8.0
32827,52997.43400332096,35975.60421330143,183.0,123.62424530955506,8.0
32828,32934.59925993858,3542.391047379753,38.0,114.30635880986806,8.0
32829,48519.8533156541,1180.598330586489,64.0,123.20982311281645,8.0
32830,23385.019674314484,924.8736785538695,80.0,124.35757231507996,8.0
32831,52468.216754941575,1179.9175932065757,165.0,153.16471553864162,8.0
32832,56329.78911549687,739.9940900108704,11.0,123.6176350874684,8.0
32833,47435.39756863117,7457.515957402256,76.0,115.80217179145384,8.0
32834,38860.18604495008,24759.493170291058,163.0,118.81811670523186,8.0
32835,38586.04358011534,1180.8788758991423,114.0,137.54646059606532,8.0
32836,53837.06285616545,924.9954215183405,48.0,130.31149015867368,8.0
32837,34042.817574103676,19615.57996607667,64.0,114.07152471625344,8.0
32838,41436.846170316516,12676.820285037858,-6.0,116.88381848105236,8.0
32839,16431.527266742396,11196.976502277483,127.0,103.4736394474835,8.0
32840,36974.42372592034,24888.65861293365,183.0,116.42867140590425,8.0
32841,38306.80681806429,23273.115287100514,87.0,117.20722464790548,8.0
32842,15458.21554850055,8096.7147162504425,55.0,104.01420385481266,8.0
32843,19888.56801787665,12522.529339892682,0.0,107.1976380993901,8.0
32844,22307.7937008576,924.9130686558489,-2.0,106.84529575364702,8.0
32845,61687.392248494936,12820.771194371837,315.0,132.55633047387786,8.0
32846,32462.493112196553,733.6567426441216,49.0,133.74658695597677,8.0
32847,37447.208861619045,734.2884680149174,185.0,133.01511847881054,8.0
32848,15041.485496619964,4613.185341852093,157.0,101.69183207751466,8.0
32849,42146.44499982454,27129.907467843004,-7.0,111.4776251333167,8.0
32850,55201.87627217777,2869.8447169434858,156.0,128.3529881626855,8.0
32851,36593.17958536659,736.1239211221342,29.0,117.04337949029369,8.0
32852,61548.36038209983,740.2376738729184,62.0,129.53639003035173,8.0
32853,21695.42726206916,738.0065219268145,62.0,118.98400318872575,8.0
32854,21555.28985534556,11977.213297053637,182.0,118.72540079627058,8.0
32855,8093.387338516371,6395.672671390308,-7.0,105.13237026145501,8.0
32856,45905.19995147505,5230.843720997362,63.0,117.24915745916338,8.0
32857,52672.87469513855,1733.8760327709751,46.0,120.3373696131176,8.0
32858,24149.38461226306,924.9148127243741,44.0,115.84971666512999,8.0
32859,34023.847947016286,1736.1025665351913,45.0,118.87949572367314,8.0
32860,62094.47006349437,732.6034604780289,36.0,127.71210508348497,8.0
32861,29014.860985454823,3983.623430931413,75.0,121.4259693588042,8.0
32862,48315.676996911854,11771.153402686865,55.0,115.65202222267696,8.0
32863,44518.39750769603,6641.5292246974295,52.0,118.16616293316753,8.0
32864,39026.48265764039,733.8265093315063,1.0,119.80674967419799,8.0
32865,44417.24803222379,18475.33462769676,139.0,122.12271789642162,8.0
32866,50211.7714807647,7436.14470952095,63.0,115.89024395472565,8.0
32867,14845.89998178433,7422.431893283758,27.0,101.10261189781065,8.0
32868,27477.113354003322,7414.787633169087,84.0,116.93516025850082,8.0
32869,48277.977914391166,4850.720354378715,286.0,130.01241676805145,8.0
32870,52802.09614468316,924.9478686944608,9.0,123.28072137052777,8.0
32871,43975.50850056117,7545.636458829316,81.0,113.1827227183021,8.0
32872,61631.97123270827,1179.3962126752879,21.0,119.23630839310023,8.0
32873,44194.66968787823,1181.19415253977,130.0,140.74475797976635,8.0
32874,37114.53674677543,13893.745608771178,-10.0,116.94084913967633,8.0
32875,53734.78544377114,5228.544390500788,364.0,132.8922259256861,8.0
32876,41580.32763061236,738.182620246212,203.0,133.83063287490546,8.0
32877,55824.26328844288,4682.787361404595,13.0,122.48366905024216,8.0
32878,31995.220086668585,23542.348096966736,363.0,127.03453467712353,8.0
32879,54340.108325366265,925.154469303104,40.0,121.94363419636325,8.0
32880,19692.64084686257,736.134371775116,17.0,112.37666318172279,8.0
32881,31482.824268865428,5549.844117123258,47.0,115.26317861177256,8.0
32882,24487.926380421457,22751.11190651208,6.0,107.3505251771816,8.0
32883,61044.03881076278,49295.86648419906,-83.0,128.01112677215332,8.0
32884,50123.538455121,1180.9613858779235,34.0,119.43963714764234,8.0
32885,41440.21528667771,32224.176688846128,191.0,123.00093725131133,8.0
32886,18732.02417037614,11196.619950967459,-44.0,110.83815375970978,8.0
32887,18509.63794573809,1473.0172620866954,101.0,117.82522725514619,8.0
32888,33564.10568146112,15748.798024128388,75.0,119.70204891837065,8.0
32889,37107.806155831815,5960.98777734006,449.0,115.428035185992,8.0
32890,46888.98830561029,2400.586322720485,97.0,129.81108340143362,8.0
32891,65658.04847389834,924.8096802146312,135.0,134.21666117841704,8.0
32892,15372.402717094767,1990.414802374778,42.0,108.47451253779938,8.0
32893,35524.156411066826,11196.86089583568,155.0,119.46949738227761,8.0
32894,39888.726761195576,1180.7896008542564,36.0,137.92547746349896,8.0
32895,44952.3065197623,6525.5133458929995,87.0,121.9014506989041,8.0
32896,24590.97744432126,9754.559521454437,12.0,112.8191678411469,8.0
32897,34444.81862087679,3980.734074946323,38.0,113.67815696017938,8.0
32898,38874.140946474196,11123.247497788609,109.0,115.0528752907378,8.0
32899,51935.810284091596,3489.2308804377412,29.0,124.65467981564575,8.0
32900,32867.59733858855,9704.680970996897,51.0,110.5765616966592,8.0
32901,29674.61826258502,1474.5818244260113,118.0,109.4691953747147,8.0
32902,35127.57101399065,20719.58071862458,-167.0,109.0627106182851,8.0
32903,66714.13045152048,5899.30630855155,112.0,123.14271856993318,8.0
32904,30435.302982315767,10246.349610052326,32.0,108.04438408586674,8.0
32905,17711.54168096728,16794.262318510868,-359.0,97.4129105319596,8.0
32906,52367.37938326796,8062.056164365969,600.0,135.48337674597275,8.0
32907,55348.25743735411,28246.48928343221,-36.0,115.40868780974412,8.0
32908,59635.02951455548,42617.560172315505,183.0,124.63051899906505,8.0
32909,63728.1986800308,50935.52170435097,31.0,119.07503691581228,8.0
32910,29752.48393872241,3542.6414868320035,18.0,111.2622248039414,8.0
32911,17955.86477524797,17051.791679226197,-339.0,97.95361016384368,8.0
32912,52847.79746971707,34292.27360914185,366.0,113.67358299371601,8.0
32913,45001.785463619686,924.9643743763546,56.0,130.14938299054123,8.0
32914,66116.75152479204,2358.7684577723726,227.0,134.28630983086737,8.0
32915,61583.499233656585,16473.93883983847,61.0,121.72146517821054,8.0
32916,56060.10110386066,35296.705246886224,111.0,116.51393973239922,8.0
32917,49153.04322974347,1735.8704933691217,208.0,131.57497180141596,8.0
32918,49319.92427057579,42661.548449911876,5.0,114.11969546159867,8.0
32919,51320.91161399721,3772.636421453319,51.0,112.71807113177563,8.0
32920,68048.41316141955,1185.3420288638904,24.0,123.21995189884996,8.0
32921,58839.48234513506,26271.314965298763,38.0,117.23723207781029,8.0
32922,48957.54250676868,4597.13643227921,163.0,140.91248672062306,8.0
32923,33572.49102117913,4851.8107039726165,233.0,138.8391500986485,8.0
32924,48184.099229327716,7435.607808574095,90.0,121.4335680320735,8.0
32925,42022.42953646468,4041.0347646708647,331.0,131.48073345124442,8.0
32926,56361.038521427516,3137.706090783243,140.0,127.56507858056602,8.0
32927,50052.56767073179,37255.56059861413,87.0,119.01398406701496,8.0
32928,40063.71354917723,22032.607095799634,87.0,118.73285083207246,8.0
32929,57523.866357980056,49254.237548182,153.0,112.24161527660412,8.0
32930,13951.997088745402,3772.678850307847,145.0,116.16527335759025,8.0
32931,28638.494151614166,7453.872010742955,75.0,115.37148147773753,8.0
32932,48361.34714527529,3468.4303732376848,55.0,120.37627463991386,8.0
32933,41227.401979905895,2870.5255614136154,59.0,116.3480613372329,8.0
32934,31585.740507857423,6516.3597350493965,13.0,114.82531036938352,8.0
32935,41901.75077595943,925.034587362804,25.0,117.07569915228548,8.0
32936,37601.177830552464,735.4090317808649,150.0,130.61268675473227,8.0
32937,12236.673881881776,11404.32500969827,-465.0,94.20105093910708,8.0
32938,22006.892891101485,15363.65291617519,73.0,108.18925404451906,8.0
32939,60077.10518810779,3145.4317410568015,204.0,131.11733860285764,8.0
32940,50601.23456490214,32480.00901291689,163.0,113.67092785158782,8.0
32941,28211.902349515687,14110.317546531716,163.0,115.00219121769462,8.0
32942,52850.16297576235,13893.983631978073,354.0,129.15942591490514,8.0
32943,15075.156702148504,2871.2013002404046,187.0,119.61925490586822,8.0
32944,30557.560531504354,8356.788455129585,109.0,111.89973566733244,8.0
32945,52143.22492355539,11640.069247926016,38.0,121.33155302157991,8.0
32946,32835.18822716701,735.9214809934597,17.0,119.30101105033276,8.0
32947,19416.42598253332,924.9874669636037,120.0,121.74520914092795,8.0
32948,38411.138059111894,28910.79279102017,327.0,127.52163641570846,8.0
32949,39020.41154401204,12046.553507867444,322.0,118.84235167993468,8.0
32950,19536.14812037121,9975.4565661141,194.0,102.49790732815099,8.0
32951,43672.209526767,925.0049248465759,9.0,114.44991722175268,8.0
32952,36874.753577832256,21380.221977319263,181.0,109.79211121018972,8.0
32953,44606.46579400676,735.3219205209183,58.0,122.22932849448206,8.0
32954,58374.27960853898,56400.96959238947,-188.0,111.33216920060457,8.0
32955,48934.840011795466,924.9166455136417,49.0,122.413030416143,8.0
32956,48798.39685372992,12377.373457217162,28.0,121.39449584958717,8.0
32957,52670.65995906453,12224.375517051812,61.0,117.59959388445465,8.0
32958,40520.64604594739,7365.156275756239,406.0,130.33352716943477,8.0
32959,55847.109335807116,1744.932311812345,192.0,135.63752191338148,8.0
32960,42821.03561530054,5208.175737825444,358.0,131.10878832693083,8.0
32961,28725.542565345055,11043.661615148583,45.0,113.08007273750387,8.0
32962,28222.97366513832,10351.975144044505,81.0,117.81314698025045,8.0
32963,49703.25596595622,13990.724240723412,118.0,117.74633324619586,8.0
32964,44493.65099312836,8356.798898797873,99.0,116.49205379563188,8.0
32965,12299.09189417882,11826.470786816248,-390.0,94.24524415001032,8.0
32966,43837.95027881186,3541.0113480672894,67.0,116.21545986465101,8.0
32967,54689.40854374807,3979.8777894734626,31.0,122.80928485383915,8.0
32968,23385.967634680954,5741.063204522127,21.0,117.19070579855963,8.0
32969,54142.389791427806,10211.642558716498,102.0,116.63689158816561,8.0
32970,21161.086595268684,9020.970383390348,-44.0,110.3538523871241,8.0
32971,25908.035651890892,13893.195469516584,165.0,106.87532981561635,8.0
32972,26512.25724152176,738.2170018081194,88.0,123.53698952079966,8.0
32973,32422.336120764583,31686.322677438413,-313.0,105.02966886222282,8.0
32974,37681.235717774114,16790.491658096948,51.0,115.10812761930998,8.0
32975,31152.14126914888,16306.08011192138,198.0,107.23774710200443,8.0
32976,25479.64161352137,3981.264856230753,105.0,113.67936847284403,8.0
32977,33735.023467299696,12573.157453089058,72.0,109.46011806241495,8.0
32978,24748.33412545403,1474.1163688969355,3.0,109.01867634259663,8.0
32979,25549.886057955337,925.0976532067431,41.0,116.09682284363176,8.0
32980,20539.874172112122,4124.490102574256,58.0,112.26674824928403,8.0
32981,24296.385350952307,3550.5327913875994,104.0,104.76895678092414,8.0
32982,17233.347611545763,924.9849753845269,148.0,124.00245610539946,8.0
32983,53092.56085319091,10215.36967150173,19.0,125.86767245479678,8.0
32984,46242.358437389106,43882.73131793134,-100.0,115.70648993102382,8.0
32985,41058.62330755098,1183.2655809159992,240.0,131.9513599324636,8.0
32986,24676.6588084118,3139.9812838789207,240.0,111.64848654006211,8.0
32987,47819.963995819504,7851.049429748612,43.0,119.13488150005962,8.0
32988,37002.7666645916,20360.621003807395,136.0,122.8410654598587,8.0
32989,61512.18623211439,11739.18205990272,210.0,123.56979535168698,8.0
32990,40669.663553958366,12804.88845161514,52.0,112.44846750901594,8.0
32991,36250.6514837336,7179.073973661411,30.0,119.34121980851046,8.0
32992,28972.085993164634,11934.45747609867,86.0,115.10531280495186,8.0
32993,49838.89693124805,6670.625553798473,65.0,116.30890402295016,8.0
32994,28122.781560818556,2208.9497046691376,21.0,120.08628312510592,8.0
32995,27361.155772050508,924.9464197161985,50.0,117.48519039110897,8.0
32996,42073.78069431453,26579.099678099887,181.0,111.36808748155104,8.0
32997,16211.542546308112,1181.6894760968264,64.0,123.74950803722317,8.0
32998,54589.86127249109,13341.741021996892,76.0,110.52187831910702,8.0
32999,54652.27145363199,18514.55209654372,206.0,125.45713079647305,8.0
33000,32581.606324530767,6516.370255134862,-11.0,113.86006237978623,8.0
33001,48615.58887831721,924.9873127299472,7.0,117.41663856685187,8.0
33002,16856.576335845326,16149.543305724073,-71.0,102.28529545124982,8.0
33003,13543.878163904385,11200.402843876584,-32.0,101.20733550952369,8.0
33004,37059.88917712313,1181.1333660479652,237.0,132.5034465334013,8.0
33005,22270.379166131104,3681.7661180682903,191.0,121.2713929328986,8.0
33006,25795.374560226704,1182.2544789680155,38.0,115.36387664705423,8.0
33007,46399.45794761088,31360.65464106843,87.0,119.24604328126094,8.0
33008,29780.081888942543,2361.8085444214034,42.0,114.46927039971663,8.0
33009,37179.956069498956,13951.795907637088,0.0,119.23050922625814,8.0
33010,30147.40406282515,924.9750584013632,47.0,122.68512737502088,8.0
33011,9937.107370579768,1740.178097081649,146.0,115.33110691703266,8.0
33012,36426.000055281474,1182.7926241797618,86.0,127.03559054492126,8.0
33013,43754.4366346204,6915.328055539627,220.0,119.86374034647199,8.0
33014,5856.097703119006,736.5812300394621,62.0,107.28048627244974,8.0
33015,57031.556671976025,2889.913290414497,227.0,132.118915735427,8.0
33016,36192.17285799244,25992.08049315261,121.0,104.95024131910239,8.0
33017,48167.32035672841,924.8499189339278,62.0,129.21537933498936,8.0
33018,26646.632044291673,1181.1038125244731,15.0,110.19571064519249,8.0
33019,49027.53344490349,924.7383317216598,14.0,129.0953493407053,8.0
33020,46161.85190121755,735.8298207008058,136.0,131.26845424031603,8.0
33021,41989.095300936126,23867.27546250599,130.0,113.08196862691038,8.0
33022,35121.17443639567,31085.541487494804,-239.0,108.75558228170016,8.0
33023,46717.37519080946,924.9247544846831,109.0,128.4408860369202,8.0
33024,22348.741504613346,737.1193610970766,130.0,124.8521586510914,8.0
33025,29132.83355859252,20679.36867407932,348.0,126.26804118337765,8.0
33026,30156.703260492355,15897.734449547488,141.0,108.1364089137405,8.0
33027,56698.15548639526,2869.5686295953215,45.0,128.22193949557598,8.0
33028,51071.80582467909,1179.8366538287137,64.0,132.38622244533343,8.0
33029,47955.40583741959,32921.62082975659,72.0,117.82580894066734,8.0
33030,58138.263147420155,51482.923521346645,80.0,117.02790146694642,8.0
33031,44860.63973978985,26738.88399915143,132.0,113.37904951230509,8.0
33032,20679.74025723677,1991.9832487674894,87.0,117.23513292261742,8.0
33033,34992.16841739659,21523.67049059953,112.0,125.33508694446006,8.0
33034,28472.14992239094,16852.110720051838,7.0,110.52354718719684,8.0
33035,31598.084246989543,9709.349335329143,231.0,128.36187962400558,8.0
33036,34974.24845857593,1990.1940616745749,48.0,117.02084150523488,8.0
33037,52723.09150374054,15722.483718636382,171.0,120.28219788272712,8.0
33038,44548.476949566415,924.9180670571758,37.0,125.59461829278499,8.0
33039,22633.374173408152,2870.470273800648,81.0,115.50619633079766,8.0
33040,41802.6028497716,20910.706599272697,51.0,116.270450675605,8.0
33041,52661.88985684595,7559.524168219729,158.0,128.77721216290294,8.0
33042,8880.93986253913,5960.096281138515,15.0,100.28017970980972,8.0
33043,47345.412359921036,33252.86471507562,81.0,122.7057262164508,8.0
33044,38274.255276166485,9824.41272750675,22.0,116.49037994285867,8.0
33045,33185.69622636003,20388.56094503166,87.0,114.33134820067419,8.0
33046,39784.64304172129,6628.914861602827,401.0,130.44117833479734,8.0
33047,21142.519654234617,10683.23572359942,2.0,108.1118986113971,8.0
33048,27315.150468877877,5742.81201694953,103.0,116.6515821544142,8.0
33049,16837.747984263955,737.7746463069428,11.0,112.82756273876933,8.0
33050,15373.899164571176,1181.9935963929274,163.0,122.54358018250396,8.0
33051,42348.49708571592,35687.36192888904,63.0,113.65177461660987,8.0
33052,39659.920605381725,1180.1975570424104,73.0,123.81054957341266,8.0
33053,36216.4505411412,1992.0377725376811,17.0,116.61541625880938,8.0
33054,27314.80583264766,924.8804827332613,48.0,112.74897230435758,8.0
33055,17043.458469010722,737.2756081977525,21.0,112.54499647422588,8.0
33056,59694.02205705399,739.3339850665923,83.0,130.3857853450691,8.0
33057,30995.743711106603,737.3054917767433,89.0,117.07820019356083,8.0
33058,7093.296845464789,2364.829673484815,15.0,95.39096622143721,8.0
33059,46621.05506467116,2871.6073967621064,75.0,118.07062313473995,8.0
33060,38414.67041873276,26132.99328763612,75.0,113.09201234207887,8.0
33061,55006.62028156299,1184.129865708393,62.0,123.99389076307428,8.0
33062,63610.88976150853,18501.25386998808,61.0,122.13624836448932,8.0
33063,46315.773129393165,2869.7360179425086,211.0,129.27979111719046,8.0
33064,42177.48151663351,21936.146846985528,73.0,121.68401294597555,8.0
33065,37487.76361305783,25383.42435624291,183.0,116.58246848690139,8.0
33066,31462.443601038085,3544.0523140064142,50.0,110.83348838745842,8.0
33067,62880.24410654424,20415.654384603495,63.0,117.7811417057973,8.0
33068,62514.163270384146,5921.415983089871,117.0,133.5544948754408,8.0
33069,19931.285130121138,11055.266029244336,-13.0,118.11219109028283,8.0
33070,59167.775464198196,57179.70486708278,-372.0,109.65662651802207,8.0
33071,18731.476810741628,924.8567058708658,51.0,114.9134251347987,8.0
33072,28855.89970153604,24808.973304287312,29.0,109.67722228385357,8.0
33073,59110.56327590289,23858.902896740285,157.0,125.23334536112614,8.0
33074,38467.142178435075,21436.621049556015,77.0,115.97471654789459,8.0
33075,48139.952306680316,3984.8769719795364,28.0,120.5779236322096,8.0
33076,44138.8674815229,924.8707945532938,93.0,134.8212376257518,8.0
33077,11653.652258466895,1474.0347782911997,29.0,105.84331659158748,8.0
33078,56523.71654339058,3138.2704037494123,22.0,122.96361165718851,8.0
33079,53294.10373432004,1179.9221794001057,71.0,137.06568449099217,8.0
33080,46831.26735399332,11196.99611625952,91.0,117.26052338683779,8.0
33081,56167.94606866934,3540.6554521741646,131.0,125.88746126346834,8.0
33082,36831.61153190598,4515.252826240446,460.0,132.15926791678177,8.0
33083,41554.124149590665,8315.23211858869,95.0,117.16379021147581,8.0
33084,44362.1641424045,34163.840751453754,75.0,116.08102700041809,8.0
33085,5910.022642013247,3545.7477846296892,-2.0,93.20385536241854,8.0
33086,45484.7991464374,9953.35151671383,103.0,113.96788286625394,8.0
33087,37349.45752602622,733.8087942029324,91.0,131.29691471730212,8.0
33088,8149.234279544059,2944.261327545815,111.0,110.6775013907922,8.0
33089,27375.802802292208,9256.185721158081,203.0,121.30060319363423,8.0
33090,28221.020009417076,924.889958030693,5.0,116.8915908094512,8.0
33091,54306.30666956512,5230.400213956394,93.0,125.85834039608362,8.0
33092,54605.703078796534,1179.7175689535281,60.0,122.09584155640748,8.0
33093,47018.115930477856,1736.4394575316405,104.0,133.19730351823785,8.0
33094,60712.092472116325,731.865398625932,5.0,130.88957984405405,8.0
33095,40698.154084703136,32420.909906308938,153.0,110.60783837673782,8.0
33096,49261.49427819766,8770.707847794629,38.0,120.44696554817506,8.0
33097,17893.73781632421,17165.923336347147,-184.0,98.86750169301449,8.0
33098,58803.323967265635,38038.60281663517,111.0,116.29267743140456,8.0
33099,31584.837930039794,12046.119999898974,362.0,111.82019681714927,8.0
33100,15678.80382820384,5484.306171737619,41.0,109.35869245809961,8.0
33101,52264.812486501825,1992.24576318493,91.0,127.56438371447383,8.0
33102,50428.07514819276,739.2746518402054,28.0,125.28615929607955,8.0
33103,34639.79066988115,13999.420566246457,8.0,112.76970019764234,8.0
33104,47228.83928664579,2871.413383598327,28.0,117.55450791283472,8.0
33105,53378.10466023599,7107.9194432984295,147.0,119.28939277472398,8.0
33106,52923.851480237325,46262.855655933854,80.0,115.65412199697177,8.0
33107,30324.31570750421,15576.608082177478,103.0,109.80799238137939,8.0
33108,56565.526352976594,15872.142882903161,63.0,120.06736544261852,8.0
33109,64315.22304158202,57653.90740622824,80.0,117.05650337617578,8.0
33110,52758.00607348636,29941.40770233178,345.0,132.33708207803235,8.0
33111,50638.53493034557,4304.835450396328,110.0,123.16108200711284,8.0
33112,35494.61034095767,2877.105236627527,14.0,119.23757558306107,8.0
33113,26197.519862360787,25472.930380231595,-155.0,104.34310199446494,8.0
33114,4853.601385932459,3982.2311508517773,-9.0,90.85036451539496,8.0
33115,43024.24804316754,27354.983419422195,397.0,130.43704329634073,8.0
33116,30000.17660752132,9228.460003548063,68.0,116.54744195736345,8.0
33117,58151.23188358447,12267.000272941723,116.0,131.2109486898087,8.0
33118,26228.075695816715,24272.416803420427,40.0,104.72447450389828,8.0
33119,35750.96577580623,739.0432961130049,71.0,128.529921369097,8.0
33120,16906.97997244655,14962.64359622697,-94.0,98.71130229189086,8.0
33121,38488.870189271714,8890.184520684032,-5.0,116.3076398403979,8.0
33122,9461.277953747667,1182.6967978471077,120.0,114.69851870095226,8.0
33123,29523.09261460728,17917.452001081547,39.0,111.67025862053194,8.0
33124,52612.552868581515,17910.12693964507,56.0,115.0406495702405,8.0
33125,47313.74973900104,28756.95021662525,314.0,109.46778179869254,8.0
33126,8618.010162190054,1990.8701983158264,69.0,107.80154704616928,8.0
33127,58014.016352070335,924.8669456681472,149.0,133.1967074158115,8.0
33128,59880.89976568205,10951.51242320936,129.0,122.8127115389976,8.0
33129,38495.614111199015,1180.5757002634107,164.0,128.76668963996707,8.0
33130,40969.223109439314,21056.8029649018,77.0,113.54806460327208,8.0
33131,56338.27438508831,12322.383349180549,33.0,126.67089491201601,8.0
33132,44293.993712433716,18821.4815961476,238.0,127.46996236386059,8.0
33133,34694.43210003624,17843.823306727812,71.0,115.10528258941291,8.0
33134,37229.635359835964,16465.12171946945,44.0,115.77110278192234,8.0
33135,48969.69080428139,734.0904743096808,84.0,137.97524155573333,8.0
33136,28133.94379902925,11091.583773215007,67.0,114.17655326939295,8.0
33137,32922.9969958745,1180.8192317176124,20.0,113.31432543089431,8.0
33138,9262.630478116442,2394.8300250069983,-7.0,99.37422855554038,8.0
33139,16543.442619488284,4725.501513676777,-39.0,114.90833470350651,8.0
33140,37285.023389273636,17578.91868624769,73.0,110.6715038802377,8.0
33141,49373.78316533929,2871.865543809774,41.0,115.05908969405259,8.0
33142,17016.627175660306,5909.171129325047,109.0,104.6105960871383,8.0
33143,47740.47735920216,924.9229860693067,139.0,124.43961297022527,8.0
33144,42361.20009996947,2870.3183662351958,5.0,112.14437613901366,8.0
33145,18619.77426255052,2945.266798668709,158.0,115.18132400604,8.0
33146,40320.78709766503,924.8132953582102,10.0,116.2361708705459,8.0
33147,40205.26080647573,1850.0497723835208,59.0,127.46795683112084,8.0
33148,57344.023864114395,739.1751832249716,56.0,137.3002111008715,8.0
33149,32878.310547510475,1741.3217581187164,43.0,117.51981607734221,8.0
33150,28710.87958388693,4854.796208389598,126.0,115.082471767796,8.0
33151,41802.10744822301,33491.19172097548,116.0,111.36781737771557,8.0
33152,18463.08759005059,16099.60712117435,12.0,108.89917205583824,8.0
33153,39587.7540419759,738.7300660198008,220.0,135.43693178763303,8.0
33154,29357.555402822105,4854.476966880423,82.0,109.15395013264347,8.0
33155,4121.918026345285,3479.59255987077,-11.0,89.404288731551,8.0
33156,35155.95249999962,1849.9912966595746,36.0,118.95561181470124,8.0
33157,9751.882910271286,1473.2005421437007,80.0,110.54307817489537,8.0
33158,29830.592111507816,924.851335355378,79.0,135.24900511001164,8.0
33159,12829.39663331993,4517.025461984821,105.0,101.54250543432423,8.0
33160,33152.90226060519,1469.6510165631796,71.0,120.14266560155866,8.0
33161,35441.54497536162,18896.795783733658,25.0,117.64931656079833,8.0
33162,38432.6356907297,17252.548817344126,55.0,118.0811708379797,8.0
33163,3797.3227997655003,3088.471469065121,-3.0,88.43553293749666,8.0
33164,45167.21414904651,1180.6309155589647,24.0,120.62783808452377,8.0
33165,39304.7669674439,24458.7285413638,198.0,110.00876692902602,8.0
33166,56054.484274568786,732.7037159840515,225.0,138.58461708849134,8.0
33167,42405.016069641395,3772.8630999632055,58.0,111.69397973674843,8.0
33168,43936.523936657875,9975.037528447434,322.0,128.82729778478176,8.0
33169,28952.83337541716,11085.400142737042,81.0,117.77016742086457,8.0
33170,24226.05701071092,5223.754860553912,460.0,128.60277204587834,8.0
33171,50086.22753958163,4719.376618126925,394.0,133.37260516789686,8.0
33172,24325.85272887391,13735.508575247197,108.0,121.83336326856279,8.0
33173,34712.7798798964,14766.339725326381,133.0,120.0381242233404,8.0
33174,63059.51752412777,7077.641244658087,387.0,120.08717482110845,8.0
33175,45318.82452135518,5472.519771237692,40.0,121.31259163577036,8.0
33176,30363.021732623547,9022.703589562621,216.0,110.55735536669887,8.0
33177,44624.004754250374,5225.195146898399,183.0,117.5887599957146,8.0
33178,33853.10955778709,17522.99930437354,120.0,119.82693108868928,8.0
33179,31546.072703085356,734.8705062974657,27.0,117.81958934617072,8.0
33180,33893.680065336644,2209.392313520136,131.0,119.64808921688473,8.0
33181,53597.469912237546,5967.9805435503085,274.0,129.82876428877552,8.0
33182,38177.611847853696,925.0174590793216,34.0,122.6959659046185,8.0
33183,34271.571961085625,10412.68239741701,132.0,125.50975281231462,8.0
33184,59587.52486292447,2369.474071498889,68.0,135.56218352911765,8.0
33185,49845.89122565693,4737.146196395505,58.0,121.94097838508446,8.0
33186,19769.8971884069,1991.4448539683522,49.0,112.13505919018147,8.0
33187,31775.059662645366,20256.301011325464,81.0,114.90966098825606,8.0
33188,46431.59721718144,925.0383198840913,41.0,120.81634078892753,8.0
33189,12512.398664868933,6624.436773301633,219.0,95.46050320042579,8.0
33190,35676.92811417043,1992.0589172325965,38.0,121.03712328974463,8.0
33191,11758.889533112764,1182.787551411066,121.0,120.30179829571009,8.0
33192,64367.54566351334,19249.637355148298,61.0,122.28987079790171,8.0
33193,45343.42350287185,11098.390567021812,188.0,123.37462900622003,8.0
33194,47488.36962169135,5865.151911373384,142.0,119.76987779277962,8.0
33195,67051.36085850603,14621.96862311981,201.0,134.2470857602923,8.0
33196,42704.738830260605,924.8218957910044,32.0,121.74178687852225,8.0
33197,43944.99936054957,9272.017029535695,210.0,124.27249227441685,8.0
33198,36138.38764173819,6516.16015943743,110.0,115.60839478047816,8.0
33199,38158.99821287963,1469.5419633330762,194.0,129.88125542919752,8.0
33200,43981.601238691575,27886.217842995815,408.0,124.65159053966104,8.0
33201,49757.93651375788,1179.7129766697578,136.0,131.9498507118394,8.0
33202,46896.499378574874,7607.742587536676,224.0,127.42912687131044,8.0
33203,55175.836182713036,46897.55010187863,153.0,111.24917701108527,8.0
33204,42264.95194695936,1989.4505734825714,219.0,139.84306711679983,8.0
33205,20527.81253701984,736.5072592479788,103.0,121.83823081313994,8.0
33206,39096.81112212047,924.9253081113957,83.0,124.63820647097333,8.0
33207,36515.884883885665,16856.556265917876,118.0,124.04781673664337,8.0
33208,24227.94471604845,6516.391878374908,249.0,123.12852957805723,8.0
33209,34411.18541665828,15193.418726328831,87.0,119.44447561682352,8.0
33210,52742.607753413315,12970.412445796053,393.0,116.26801605606822,8.0
33211,15485.624741827969,9614.278837183869,231.0,119.163616750757,8.0
33212,35963.43347960388,15727.877621989222,71.0,109.98330848107767,8.0
33213,40821.56467776234,30009.598611753896,369.0,128.46570274116624,8.0
33214,41724.82637383399,23169.25656145024,289.0,108.21568243026897,8.0
33215,45411.82340635517,1180.0148125902629,68.0,130.36458283744915,8.0
33216,23946.698363662246,2393.75343713966,33.0,111.3304794307492,8.0
33217,24791.97122708695,5768.78680735721,442.0,128.21757022997153,8.0
33218,44485.29539899153,33907.86215914845,327.0,128.69127681284382,8.0
33219,42713.60750681944,734.0373756159355,140.0,139.53855188600608,8.0
33220,40876.596405253855,10346.933717412356,188.0,125.74142780505767,8.0
33221,13476.693833729978,1182.8976918301853,39.0,108.81371247187528,8.0
33222,18517.084020306957,1991.4024475016995,27.0,106.90462583014423,8.0
33223,26463.911016062222,1735.9384112904763,248.0,128.17695355149556,8.0
33224,40673.081814520156,3980.4519895724866,68.0,114.98554216535567,8.0
33225,53271.34578788099,13094.013132181864,75.0,124.92789412806508,8.0
33226,21848.693854942067,5237.631603559012,187.0,119.83792051723053,8.0
33227,55723.6170848077,733.000732718711,13.0,127.03664921699342,8.0
33228,53656.46765147004,733.8206912545239,80.0,129.37180834307708,8.0
33229,17628.26692020424,7450.279931653296,42.0,105.5729457291969,8.0
33230,50956.22129695706,1180.107357576907,28.0,125.57408472837926,8.0
33231,46385.31459368804,2369.0934982260255,18.0,114.30882908380207,8.0
33232,43044.285225185085,924.8759766178229,38.0,130.65202937107873,8.0
33233,65230.84075728803,11399.925084514629,203.0,128.1740155021084,8.0
33234,54369.72803893832,924.7858835428433,14.0,123.30425740577564,8.0
33235,34419.02070557914,7435.715242343037,276.0,126.39823815117911,8.0
33236,49091.97926240094,37565.083265977126,62.0,121.22731170258662,8.0
33237,62210.0823899836,732.4029798247261,127.0,134.52666666411534,8.0
33238,42280.56246161054,1989.6162543291866,23.0,124.5801227726217,8.0
33239,38058.62436626208,13717.46246563617,139.0,114.05311104839164,8.0
33240,39088.71465774932,737.9667623751202,100.0,127.8032748318817,8.0
33241,35676.207485046434,9798.952405464579,336.0,128.33663665760298,8.0
33242,37658.96935692443,737.0617010073568,14.0,120.65011271237702,8.0
33243,62733.00910587377,22753.786031906686,73.0,119.68935252787446,8.0
33244,8077.635263119317,736.2357958522767,92.0,115.80081972665754,8.0
33245,22744.95180803211,6655.132180989394,508.0,123.03730583397532,8.0
33246,46259.40820563214,5226.007520902497,223.0,127.60174607982103,8.0
33247,54339.73767094458,1179.5689678890171,103.0,128.17039785774404,8.0
33248,15579.478782020371,736.3961801778436,2.0,103.38485747803406,8.0
33249,41208.18213595565,733.5614726756286,144.0,132.26342833594092,8.0
33250,22072.875090289603,4852.907147481236,40.0,105.92685938450282,8.0
33251,17921.942371142562,7966.056782720472,294.0,123.47679650926972,8.0
33252,59327.97632679811,10463.055218281559,315.0,132.26184284009597,8.0
33253,40150.84774663136,2210.146509360201,47.0,119.36538882514616,8.0
33254,46716.79952870639,6516.0275199217995,340.0,130.11785898289426,8.0
33255,20186.804015536854,737.2943466931949,142.0,125.46227650783464,8.0
33256,27460.22029683723,17049.202905455364,-113.0,116.65853196345785,8.0
33257,46580.11405330709,2388.8662169981567,472.0,144.60633913804077,8.0
33258,30557.21839657991,1849.7955192310694,55.0,115.23114920842423,8.0
33259,34827.103415350764,2948.6986912464354,89.0,113.07918565369076,8.0
33260,55251.310962458825,6331.6321887443,115.0,131.80715529581047,8.0
33261,18862.335649179906,11317.584340172556,101.0,99.48300955752973,8.0
33262,45328.92434929932,925.0589661835801,109.0,129.1340048948711,8.0
33263,24048.59985008767,2774.876261926846,53.0,114.48473175097809,8.0
33264,35957.79034290151,1740.851193887149,13.0,120.30568986864898,8.0
33265,51299.87965769434,25461.035741295487,48.0,116.83824471522024,8.0
33266,24008.8237032909,18774.750997888746,83.0,108.83248796511059,8.0
33267,39319.24027403611,5967.05803072005,231.0,109.68345447889651,8.0
33268,54354.86753060658,3978.3473352497504,398.0,134.78355612403104,8.0
33269,59801.27328603277,57816.201837963315,-411.0,111.39879316567881,8.0
33270,52770.0079127059,28915.25147317408,132.0,120.70470937146501,8.0
33271,13893.58435119808,9278.583299201257,40.0,100.53809104186529,8.0
33272,22501.56126498639,14048.764565406513,312.0,124.20334667402359,8.0
33273,37527.14777869457,29226.803254254944,116.0,109.30534112797241,8.0
33274,52605.40965110759,19338.013856541296,139.0,115.00712912300533,8.0
33275,30480.91670792608,1736.2475558694575,43.0,120.07535754395192,8.0
33276,38569.820220391506,1180.8656053470895,130.0,127.99876403185911,8.0
33277,36448.69195092398,24886.766803855764,120.0,112.04000613402735,8.0
33278,27140.497397660583,5225.583842551926,38.0,114.22898733043162,8.0
33279,45383.692065373965,28528.636954620797,71.0,116.23578415660593,8.0
33280,47983.886828161005,10456.610027416024,135.0,128.03722734905955,8.0
33281,18413.34915254324,7364.985832285279,29.0,104.33887726376965,8.0
33282,52469.50385946505,30139.443683558842,418.0,128.84990156954643,8.0
33283,45698.61711055107,37420.59383360019,153.0,111.71541524853374,8.0
33284,67164.77648172823,1992.335149330561,166.0,131.89398124724534,8.0
33285,43416.796386619375,22545.85744757909,85.0,113.67283863572624,8.0
33286,43240.97366781253,5210.42580837528,165.0,128.68363705585284,8.0
33287,28314.457344418406,1736.2562816309808,51.0,117.26886620244964,8.0
33288,52136.127586580165,9006.322522242222,7.0,117.71829124539576,8.0
33289,9818.81408718823,4121.364297228838,51.0,109.5927951144225,8.0
33290,37661.98689089575,5890.655145224061,294.0,127.69647633830404,8.0
33291,41446.77435738991,2398.6203336779645,165.0,125.81318685205478,8.0
33292,38051.82968364468,12116.50260476021,139.0,120.81302248107016,8.0
33293,54121.212305626905,733.9120702268266,80.0,139.69667534729606,8.0
33294,52038.67545192667,14510.005579422148,124.0,128.58918252480444,8.0
33295,43734.06359656346,1474.9758369409797,191.0,110.33384770301475,8.0
33296,43143.577185970455,1470.3965775813729,160.0,129.13110021557773,8.0
33297,8243.757268294496,7592.831710064877,-78.0,93.87734202884967,8.0
33298,42842.97382022162,32601.13665843587,151.0,122.76486674879088,8.0
33299,17574.437606833784,3481.319773348392,66.0,106.62869710577576,8.0
33300,14259.663630149364,2208.849238541212,41.0,108.98559293116872,8.0
33301,37572.65495963181,924.8862420045987,37.0,129.4601388766922,8.0
33302,26592.408800156583,9976.64209260127,133.0,107.67498695405044,8.0
33303,43694.760121822525,16713.51411630237,239.0,126.103902403141,8.0
33304,40362.50077007034,924.7454595137659,78.0,131.46806076475556,8.0
33305,33694.10909748876,25243.060924331374,355.0,127.36217623242757,8.0
33306,53475.11809624104,18773.047669663116,48.0,118.09735978098348,8.0
33307,10200.7214760992,3699.6906676946714,-17.0,99.28224225198397,8.0
33308,29445.416063496177,17888.640040566745,62.0,110.49124069520474,8.0
33309,38318.72820933093,17680.08444191564,186.0,107.4090545929127,8.0
33310,31821.824377348075,6964.098530927052,51.0,119.30657103880213,8.0
33311,39989.05134427156,3081.723070347803,302.0,131.84906576354126,8.0
33312,36701.22170821066,4304.9243469569265,308.0,129.05013423394848,8.0
33313,38485.64530823397,1475.1907307505112,112.0,119.27191062297099,8.0
33314,53264.69811358577,11101.129527538538,55.0,118.96094540705353,8.0
33315,42109.592789064205,20775.541393454456,37.0,120.84639579290224,8.0
33316,54830.15142891178,42141.009850752795,32.0,125.07300506129474,8.0
33317,52559.82159234825,7718.6696964849725,156.0,130.29308685220892,8.0
33318,39716.91529056888,2871.3518908329456,27.0,119.16484881849118,8.0
33319,30886.10055293312,22278.97817367491,-59.0,109.7645663131119,8.0
33320,61449.53507438296,47732.02946948519,-49.0,128.2602052283371,8.0
33321,42364.70290315985,3540.5164405703854,57.0,122.90719423128883,8.0
33322,46060.15949024519,24554.37395135273,139.0,113.22975837328791,8.0
33323,20598.315016131233,2393.569382836396,21.0,114.49242335164985,8.0
33324,48634.876967722266,44589.00625930707,-32.0,114.12843396404239,8.0
33325,48899.76940686226,22752.760687921713,68.0,117.93222223835072,8.0
33326,21363.52822091503,1471.2732180840208,136.0,121.54556652189525,8.0
33327,52110.8790756574,1989.8197133961971,37.0,124.22910143553197,8.0
33328,38685.49408825666,4514.27596707061,345.0,130.04823386353604,8.0
33329,37986.984258651064,12970.269065792592,-10.0,116.80467596102524,8.0
33330,9791.736056284168,4309.621868191077,18.0,102.25039589388182,8.0
33331,55818.693263682915,925.141645636052,40.0,129.6479272615165,8.0
33332,30542.77737063227,1736.628190395845,86.0,136.1200946962268,8.0
33333,20413.76860636328,6174.444494562064,138.0,104.16484732409229,8.0
33334,47874.18618324335,32205.26275255321,259.0,130.45185739619717,8.0
33335,57700.7374979871,924.8107440547597,55.0,131.97022116124197,8.0
33336,54597.48337974037,924.8231273480601,90.0,145.33215383360806,8.0
33337,43325.70058781689,24890.36138659161,-4.0,111.17188215065015,8.0
33338,49562.624123461654,22471.877680187485,104.0,112.86378131694572,8.0
33339,42077.33964900199,25471.55190846735,198.0,110.67981647348354,8.0
33340,39430.88424734828,8889.00840212595,66.0,112.89016165471352,8.0
33341,34606.81182503243,735.1999960028071,66.0,123.52588192354753,8.0
33342,31620.604312107655,15001.462082315831,129.0,112.08296083351034,8.0
33343,12379.543682830006,11483.382215269488,-64.0,101.41762722761439,8.0
33344,49892.397189554395,7970.201192443088,81.0,124.92722934098927,8.0
33345,52460.61167750266,10416.659678519278,29.0,121.44907134471418,8.0
33346,49417.539727847,22322.83088539016,121.0,119.1836473111201,8.0
33347,54811.92477345637,5777.886495498431,73.0,112.60459705153036,8.0
33348,50066.93923949734,4037.2119281513483,62.0,121.5398856675498,8.0
33349,51390.370793158625,925.0245872279351,76.0,126.0090799060083,8.0
33350,48349.8878196749,2361.5720422315267,380.0,127.23161177508545,8.0
33351,25475.139941278303,4734.578652282979,105.0,104.11992169848568,8.0
33352,35746.785334963184,15447.604765223628,56.0,119.98080716517659,8.0
33353,5598.2016567202645,4682.799490943405,-23.0,92.90230712366791,8.0
33354,58089.90100712718,11091.134324500938,255.0,129.91115777428564,8.0
33355,40265.06083884969,7102.451789205173,270.0,128.41822624734704,8.0
33356,36096.65940232724,29437.753436366012,80.0,110.74712678764061,8.0
33357,31893.07303136237,925.1023078523376,14.0,117.32540742223776,8.0
33358,32118.574973862585,10581.78886759633,417.0,128.4650672931214,8.0
33359,15566.873786388043,13833.434012101352,80.0,113.33454184395251,8.0
33360,38633.164128973236,3483.3701364246617,87.0,123.60566242585266,8.0
33361,38974.00585583171,29018.80276969205,452.0,129.90065785796716,8.0
33362,10347.639029543163,7419.012174804843,19.0,104.73647680115118,8.0
33363,54014.37524975571,4850.720354378715,286.0,130.9458523181426,8.0
33364,41152.92180422309,29539.57343973159,-15.0,113.12210853634072,8.0
33365,37190.64685945924,28575.92013275149,-1.0,119.61257580731677,8.0
33366,27539.50610801236,736.8540050875212,60.0,120.32610020799437,8.0
33367,49268.57824443418,3145.5485295836847,48.0,123.50931012105292,8.0
33368,7722.470363196547,6640.092210671218,-28.0,94.80906576281652,8.0
33369,36264.149485833805,733.8265093315063,1.0,111.89742077841636,8.0
33370,43625.71522058817,2774.5233810108375,29.0,119.18137158693372,8.0
33371,57136.39474898131,8824.543889221035,312.0,133.32517213008038,8.0
33372,38066.53689234093,25967.42873495232,183.0,109.56794825869144,8.0
33373,23037.6792610907,4794.505518875564,53.0,108.68443102326437,8.0
33374,55740.886540933876,1180.6722280581844,53.0,123.02335429817812,8.0
33375,50613.720027012845,28581.023933752193,-172.0,110.86492717982479,8.0
33376,61689.82101348583,3137.481856462108,49.0,129.13526866928703,8.0
33377,65413.99113184716,5473.690976377751,123.0,122.84088172641738,8.0
33378,12097.199731489674,2393.4234619979557,91.0,117.82889121127384,8.0
33379,23228.608448194547,15792.694796333344,-144.0,108.98808729990402,8.0
33380,33989.65600788737,22452.825214823093,59.0,114.09804412343225,8.0
33381,57000.21220993379,23950.143740446263,86.0,117.27174662511254,8.0
33382,16907.057993994338,1990.9017806764523,29.0,106.14639567866553,8.0
33383,58717.362925030546,1185.5070992634246,38.0,128.24335835514788,8.0
33384,53825.62504533631,7850.244509362726,63.0,119.21778803643758,8.0
33385,44119.18076342705,734.6721587303944,87.0,144.42836438648567,8.0
33386,44439.15733951692,924.9269653093388,58.0,129.9716394486129,8.0
33387,54588.07991300045,1179.9524590696803,79.0,138.4841343880076,8.0
33388,67739.95337637668,57552.35686699309,116.0,120.64939148693183,8.0
33389,55062.732953649334,5597.742460787077,274.0,130.20342827552068,8.0
33390,44648.600908175824,1180.3251868431942,11.0,117.75973184152913,8.0
33391,40480.51439738177,7359.374452796509,248.0,126.74149507554242,8.0
33392,26647.92652351707,8622.669237956614,87.0,111.52606486476608,8.0
33393,47154.85370143909,1180.680944364049,18.0,136.87635658546404,8.0
33394,32709.842364646734,1470.781511474194,52.0,119.00418818511021,8.0
33395,52312.30047708954,19043.94759857763,117.0,113.41952510590647,8.0
33396,34294.42249196422,12047.102954447735,42.0,115.90654266767137,8.0
33397,33197.75172625946,9508.455995535409,137.0,115.86383417619555,8.0
33398,40433.504526900426,21649.360046985254,185.0,116.28044919312525,8.0
33399,48552.148100642065,4683.329833812511,55.0,122.40694501038975,8.0
33400,48465.00282704285,5227.232773044682,319.0,116.21957852812162,8.0
33401,26110.42529105894,6883.817715443605,186.0,120.21421881465206,8.0
33402,46593.15768210018,734.1058042647774,99.0,129.31321199216393,8.0
33403,41592.06841587502,29502.875279355536,183.0,117.7233796513193,8.0
33404,51877.86180916135,8356.533767962228,125.0,114.71932117290524,8.0
33405,46636.56068298701,11395.538526088349,84.0,123.36245545629566,8.0
33406,43696.31160853003,28853.21597818871,198.0,111.24569392493567,8.0
33407,41140.20686896044,1741.1426386968437,165.0,117.66909924920168,8.0
33408,66341.08937002461,731.6227248612005,51.0,134.27951348536175,8.0
33409,56157.792704558946,1180.1726036244902,98.0,137.7276044964765,8.0
33410,63412.16866841177,5119.113197795582,142.0,120.6342589214804,8.0
33411,19959.190029939775,5858.891481930294,91.0,115.44936858824951,8.0
33412,53303.77989959888,12159.183856598793,107.0,125.05940586588301,8.0
33413,36184.1089216174,13676.620904355572,298.0,130.0355851197598,8.0
33414,35130.879712341506,735.3735288986114,41.0,119.65974541221664,8.0
33415,13054.4289405799,4789.756046160996,67.0,106.21161509835139,8.0
33416,22121.09496745784,1473.0172620866954,101.0,119.25989126825695,8.0
33417,39879.99010569776,4683.147281505997,155.0,121.72356503201321,8.0
33418,37521.6985161633,924.9127669140413,44.0,119.27391781431834,8.0
33419,59527.69383756902,3539.0272747785693,316.0,134.00239567162288,8.0
33420,42759.28107730773,737.9667623751202,100.0,128.49809134379632,8.0
33421,4512.565671567084,2394.2542664858997,-4.0,90.67413959088431,8.0
33422,29949.690152249223,22551.174777408178,103.0,114.32695612530789,8.0
33423,24827.891542102,1741.1772086761057,196.0,115.74390141145157,8.0
33424,64379.49523972079,7593.299833446572,268.0,132.67889501051482,8.0
33425,40711.05452209896,4304.741787351916,132.0,135.1701121364767,8.0
33426,19052.325993492952,17917.79673301116,-115.0,103.95877147560225,8.0
33427,34419.32928745419,11196.354737495614,265.0,109.98266817603468,8.0
33428,44360.258265445336,3773.1200236566388,27.0,122.6718388936313,8.0
33429,61252.25956696159,26689.72243067586,36.0,118.67725982895018,8.0
33430,7590.804848547138,1182.5463356899313,0.0,98.23433698939277,8.0
33431,33813.392411284476,16906.41538419184,46.0,114.86054645416,8.0
33432,30858.138702927354,738.2256220236942,99.0,125.3608228301418,8.0
33433,35283.547745197,24330.244922327904,67.0,113.22298468984482,8.0
33434,12808.458377530245,925.0007178856233,173.0,121.90837117603462,8.0
33435,40410.99326150066,34933.452597940835,52.0,110.99660541459687,8.0
33436,26445.055644926237,1737.1385901321985,28.0,120.75211282632728,8.0
33437,41162.91478156117,1180.3771658752535,27.0,125.03814435427401,8.0
33438,46271.18104032073,12046.954553031826,271.0,126.14964529392839,8.0
33439,6694.479817819816,5965.1426653158505,-20.0,93.59126371448035,8.0
33440,13694.353708723547,6511.613158278739,56.0,102.87780704202288,8.0
33441,66354.06242377927,1731.790079853302,103.0,128.3688213034362,8.0
33442,39879.88877701928,14871.652671359143,276.0,110.94535062119714,8.0
33443,23287.250133594,2397.417655492721,75.0,111.01523305029858,8.0
33444,34270.93418057682,24761.478141414143,336.0,126.74546409041028,8.0
33445,14182.791409525093,1849.7929637377385,12.0,108.42397864200531,8.0
33446,17044.19176218172,5965.342648768187,25.0,106.46553919376827,8.0
33447,24943.13501918376,1181.0454907650521,7.0,109.12662383689113,8.0
33448,34915.437688402206,28256.125279167103,80.0,110.40788141791887,8.0
33449,11557.393672875321,9819.62277453007,74.0,110.84948547059396,8.0
33450,30258.18193170127,9620.264327647115,146.0,119.15865732552719,8.0
33451,40170.07505093237,5967.706066419954,378.0,130.58792624350133,8.0
33452,10365.203743226262,5759.682068780288,59.0,98.1810978220667,8.0
33453,69662.42006764325,11795.728825824328,145.0,118.21332093067562,8.0
33454,42049.575471900636,1180.22920199168,16.0,133.67630678816556,8.0
33455,53917.069817593874,31100.129196270085,332.0,132.4638630707948,8.0
33456,43886.79571985661,925.0333871706554,80.0,125.92044530980759,8.0
33457,46211.91792733845,34120.39532942073,183.0,118.87974144150355,8.0
33458,42114.887313864434,29428.19435525793,32.0,122.58625984231995,8.0
33459,54577.014831622655,14799.7147855212,382.0,129.65225904565432,8.0
33460,45279.77014254965,30245.508307960354,87.0,118.99158712184969,8.0
33461,14894.253255283958,14097.273167502899,-339.0,98.28854739232352,8.0
33462,36424.60388432134,3771.9901839442573,79.0,114.83837857897998,8.0
33463,28250.580603784714,7101.579566460288,68.0,109.28654922817032,8.0
33464,38643.32305927042,19610.77815353276,60.0,120.94337781692369,8.0
33465,22490.20516809083,6284.694295380475,241.0,109.92254186256932,8.0
33466,42703.885905041774,18116.731154967314,172.0,116.22176679670446,8.0
33467,46751.08689726187,4620.242820234406,410.0,120.26067672890322,8.0
33468,43959.38636652557,11940.163347831627,210.0,111.16199635789455,8.0
33469,38299.29493709482,735.6470665338701,7.0,121.46745364381859,8.0
33470,40430.37990023744,14806.969812626969,109.0,114.23595268725941,8.0
33471,46951.598498009815,38498.07161825202,368.0,129.93653134668307,8.0
33472,53585.43494355109,4736.762461594331,301.0,131.58715704113004,8.0
33473,13745.422282257494,4310.8098787300805,46.0,105.22059114129803,8.0
33474,37266.30295727195,30081.742153604933,-211.0,108.59907752150693,8.0
33475,55831.46717775424,739.4332535308571,85.0,130.4998022459967,8.0
33476,46457.194715998325,8356.850117187478,48.0,108.2236764569699,8.0
33477,43565.75693224502,1735.387843962689,44.0,118.42952258905457,8.0
33478,47451.39992507479,6515.9702379811715,121.0,130.42733175506967,8.0
33479,56516.655397530834,2359.459267858715,23.0,119.62698601846374,8.0
33480,30519.18713874906,8764.458866617133,88.0,110.9011741807587,8.0
33481,53773.017855100225,14817.832689315937,365.0,115.06718840640104,8.0
33482,48435.637994605924,1743.0717445040812,169.0,120.3622916975758,8.0
33483,33035.30498872896,22563.11017344701,138.0,108.98527516106664,8.0
33484,53219.54560783121,12718.096850326696,38.0,123.51027993931186,8.0
33485,18798.166340197527,1990.8230799660967,185.0,123.72112650040671,8.0
33486,14036.374315742327,3796.711836875992,83.0,112.07685057539805,8.0
33487,49569.42979272274,15694.352563901934,166.0,112.99586028798117,8.0
33488,40103.10337175865,14047.602981150323,257.0,123.48055963886995,8.0
33489,42809.35103493033,26382.66921979059,43.0,112.35615355946733,8.0
33490,33476.83668901014,2210.8733820002008,161.0,121.19092752528857,8.0
33491,25933.719953320408,2946.968758499023,108.0,119.7775559547227,8.0
33492,49383.87339069328,2886.4718849431592,161.0,129.45123935237365,8.0
33493,43472.25453997537,925.0429646541722,182.0,131.9812415525447,8.0
33494,23636.715040653497,8090.917451003442,306.0,123.7493076085644,8.0
33495,47745.42668606484,29013.505064750996,167.0,117.49504245818018,8.0
33496,45234.65678844187,34994.85792778727,418.0,108.418313753969,8.0
33497,55249.01795808323,3138.7165336591243,77.0,120.13966175473972,8.0
33498,46141.57260319479,924.869119871727,48.0,127.15610595004782,8.0
33499,10591.142743499293,924.893382306021,26.0,113.72332495098408,8.0
33500,37025.06007660688,2774.6140591750486,133.0,127.90507100545094,8.0
33501,16868.260340272034,924.9879724511759,151.0,123.45182062379075,8.0
33502,9365.49677959975,1849.759836587275,36.0,104.71670080851526,8.0
33503,33928.245375795304,12092.744089254897,156.0,110.42305383694413,8.0
33504,37859.83352319969,7427.512283376337,293.0,127.91364176765671,8.0
33505,31122.74523055915,23936.840049446717,-208.0,117.19157582615534,8.0
33506,22283.50768976841,1183.0267850802445,15.0,111.65996317903532,8.0
33507,41234.7325437121,5598.418931654604,127.0,120.963669549689,8.0
33508,19354.505333495337,9754.61938373519,-2.0,105.59498812694142,8.0
33509,39877.69930404866,6936.701742028007,82.0,112.84742805019906,8.0
33510,42374.408507357664,16079.493305924716,44.0,114.64871466314408,8.0
33511,24757.398471032655,7115.386159826521,40.0,111.47359897842352,8.0
33512,18695.656652662685,2365.7742216462975,128.0,101.81933820174744,8.0
33513,40954.431004909005,1743.697155438086,39.0,116.57098737981502,8.0
33514,15656.148661614037,7571.751209678235,67.0,112.40367604603159,8.0
33515,35982.23764078384,18847.496518807755,163.0,110.48925537722499,8.0
33516,66110.49567528459,11847.922037320252,88.0,115.92821615327514,8.0
33517,52906.12579147538,13951.764885259614,338.0,115.65093755706727,8.0
33518,54203.91605282611,738.6012865568453,61.0,126.74640337373185,8.0
33519,25070.494418873284,2774.8575316913957,49.0,110.83370222177483,8.0
33520,37742.2767900901,22903.74174506857,198.0,109.51470066208206,8.0
33521,24572.478787873744,7565.536816217824,524.0,128.87373376557323,8.0
33522,35849.97151419009,2875.447287748324,108.0,132.17731248561125,8.0
33523,26822.380917738225,2774.6891964533615,200.0,124.74705962284361,8.0
33524,65523.36859620512,3137.136929144829,382.0,136.97201379282484,8.0
33525,33418.253768423914,3482.60317084779,46.0,122.21323933435195,8.0
33526,16268.64414545109,5847.859923781359,369.0,124.4751148352034,8.0
33527,40380.63850623382,924.991407908978,10.0,113.4809583119277,8.0
33528,56098.198305220714,21359.15561241392,45.0,120.75349266463314,8.0
33529,31230.62269371204,20255.58078000469,78.0,112.31777435030389,8.0
33530,39559.778033099195,18023.400214634283,476.0,109.47506190124493,8.0
33531,40739.34714947096,736.8984713942979,51.0,133.54306991314056,8.0
33532,34572.70576573965,24334.513639372402,204.0,121.7711437431996,8.0
33533,37431.462296198166,2362.259153812675,2.0,112.60592173938662,8.0
33534,30343.732443781984,1470.9584656075692,12.0,110.84046139295772,8.0
33535,36423.25496405559,26176.889102104506,203.0,122.12050445884242,8.0
33536,50388.96434922092,38828.22622741112,120.0,115.82394956500687,8.0
33537,49043.19776257156,1180.4986146320855,156.0,132.07599271603215,8.0
33538,34702.25468825313,1183.142806391199,149.0,140.07776980009658,8.0
33539,54095.42604808372,9785.596854778993,357.0,131.67715750887467,8.0
33540,43246.42950109533,924.9166455136417,49.0,121.39420000601433,8.0
33541,35399.55237421268,18545.743637063133,71.0,115.17949556912095,8.0
33542,52212.86359216583,1989.8365104296354,18.0,124.98418756519203,8.0
33543,25069.941623476727,15792.237218385244,194.0,110.74041862112354,8.0
33544,47087.56751255769,9366.861097522678,45.0,112.57458331661516,8.0
33545,53456.00356985164,2869.6913271118606,171.0,123.67106678698147,8.0
33546,53439.46361079792,1990.4107697558265,71.0,119.30848539123946,8.0
33547,21334.02087160989,7961.894871833646,57.0,103.58373880813907,8.0
33548,52418.659190796505,35415.228195208736,388.0,133.47503561279413,8.0
33549,42517.27726532988,34205.586664257185,116.0,111.45021297766928,8.0
33550,32317.86695771903,16614.51384396404,159.0,119.40453036084328,8.0
33551,40624.885704252236,21126.36449843729,176.0,109.69293258649864,8.0
33552,16335.178221465754,3549.0564769954763,85.0,112.4641543200209,8.0
33553,21401.559882699323,3772.429296184299,371.0,107.0984447288617,8.0
33554,27298.010702149677,3980.341326605999,127.0,135.65295073416274,8.0
33555,41799.442158625534,924.8796735002219,53.0,126.23841705213368,8.0
33556,54814.15260895354,12113.913733360207,400.0,116.9569444269694,8.0
33557,33631.08226223855,735.0154458705279,58.0,135.13281941971934,8.0
33558,23889.325941742674,10446.420553996652,65.0,114.87846768920572,8.0
33559,51499.75988130876,5210.787661080617,76.0,122.36527693390207,8.0
33560,7367.172048147484,6629.935735036789,-18.0,94.64583582959116,8.0
33561,54900.298495391384,9437.326281397727,165.0,130.4556573753942,8.0
33562,30434.590358195044,13392.742988055305,60.0,114.40374828921749,8.0
33563,48186.35969016658,1849.8507381397387,224.0,129.0927390754149,8.0
33564,55459.88400389793,924.8800821896149,90.0,134.5217181514667,8.0
33565,35767.08316614489,2876.841664507496,320.0,127.46323819522513,8.0
33566,50437.551725118654,1992.3387145915294,122.0,139.9688604711856,8.0
33567,7361.502507987826,5153.255039434291,-57.0,93.91726339006809,8.0
33568,48627.46102071588,24764.55189972837,132.0,125.28361657855673,8.0
33569,29683.878338219976,12655.202407119268,77.0,115.99887675699141,8.0
33570,11615.902907173868,9934.366498982094,52.0,110.54280315002273,8.0
33571,50307.95059071807,1184.3640433979597,24.0,118.94214975847174,8.0
33572,65977.53529739124,20870.667780186635,61.0,122.60169765380648,8.0
33573,54240.71538620708,2889.1231729060255,9.0,129.61297789075874,8.0
33574,14962.44546800801,2774.76179052474,101.0,103.65463362821387,8.0
33575,29606.772379338916,11485.536315809351,132.0,112.81200912358662,8.0
33576,48769.96797498932,924.9052499984184,49.0,133.1669276719022,8.0
33577,45597.1634354342,739.9132594547128,17.0,119.76101670189965,8.0
33578,42185.362373005104,17843.149951936128,139.0,113.80408498113061,8.0
33579,36548.071761215244,9364.915341511069,245.0,125.03605939990382,8.0
33580,18214.30415972782,3088.3757561244975,24.0,113.58180751551062,8.0
33581,45438.35785884839,1179.7700178426594,50.0,128.9206643357626,8.0
33582,15088.854994733483,11316.54342314823,-65.0,103.90403718566816,8.0
33583,28387.132958022885,10256.879974274896,194.0,118.55749731172573,8.0
33584,29823.546132707,13727.580043839078,477.0,128.48733133111818,8.0
33585,14037.895766246917,1472.5439308974633,43.0,100.88006112691467,8.0
33586,38448.33797697431,735.4996222454174,2.0,111.3498764591606,8.0
33587,20401.76929994781,2774.8463015248285,130.0,119.3362825814045,8.0
33588,12560.798463677469,2365.35723946526,86.0,112.02386162276412,8.0
33589,49184.979727131584,30132.69045542003,109.0,120.92933551049327,8.0
33590,4045.197878563485,2880.2288450528354,92.0,106.59089637797322,8.0
33591,25624.719167849024,4509.18396901427,69.0,112.4095458404527,8.0
33592,66851.49201375945,924.6679448004636,50.0,128.08136513085364,8.0
33593,53457.06689898058,925.0182555234481,30.0,120.35276794267769,8.0
33594,52579.6627542375,4056.8123560389045,196.0,114.43879069906436,8.0
33595,52728.19216849263,15724.795296751288,155.0,128.28166652140072,8.0
33596,50033.87161801683,924.8754250886212,26.0,123.95294678508317,8.0
33597,38909.70644099958,12970.103979789406,202.0,109.13146287302577,8.0
33598,25991.935124264768,14871.81811071812,-111.0,104.31466407808956,8.0
33599,53493.999513853545,3145.2331893640176,134.0,129.56253358570933,8.0
33600,25469.144017675095,12700.14800597943,87.0,115.11154644662393,8.0
33601,28784.77678128192,13289.82162450937,181.0,106.73599791817406,8.0
33602,57942.11907233089,32490.181767209575,-116.0,124.88520083061425,8.0
33603,12343.125182782916,6171.022627995672,5.0,105.58553906929083,8.0
33604,69857.15393866935,61578.63166241665,153.0,125.3948060253775,8.0
33605,18191.685166476556,1181.0777848199432,227.0,144.4710636234383,8.0
33606,13939.13347788682,1991.3414147132344,65.0,103.36719024849108,8.0
33607,32902.974102511034,15996.3432357875,123.0,110.21291560189037,8.0
33608,18870.713222600927,11706.194840347916,32.0,100.95971353957349,8.0
33609,66189.16844535209,59529.73249141082,-92.0,117.7453886634047,8.0
33610,32541.272777974682,9961.117232045995,72.0,113.78783175256194,8.0
33611,3982.4201971335438,1182.906582271452,2.0,91.89340648664786,8.0
33612,48372.1214801616,5598.559462604985,84.0,116.72497034004645,8.0
33613,48137.49358973445,5204.372380606824,282.0,147.85277752742954,8.0
33614,30502.38642800174,12380.942619331983,136.0,106.18454543365624,8.0
33615,46921.947718613446,1181.1066282226209,14.0,115.28476911225759,8.0
33616,38604.66800865896,11480.591306614107,245.0,119.700460876049,8.0
33617,53336.12400147714,13134.245582183135,292.0,127.7405200202231,8.0
33618,6177.118883841753,1473.8108512542167,49.0,104.34963002030594,8.0
33619,21921.91331764407,3139.7497622201313,266.0,124.84615915330562,8.0
33620,54242.03897266949,28300.78324544173,139.0,123.82201687107035,8.0
33621,39907.929596538896,5753.862361810549,96.0,120.23130868303716,8.0
33622,23591.51634651889,6630.57914997145,32.0,115.23425413298045,8.0
33623,57655.64368572688,47066.92512193726,271.0,130.4706589963616,8.0
33624,33911.09462034178,1472.576636875896,346.0,133.64176069866357,8.0
33625,53341.93052141154,924.821337865675,35.0,130.3106813652018,8.0
33626,8643.637961580776,1181.8647618861671,82.0,101.33421237827218,8.0
33627,53458.62005359656,1850.1095975637777,27.0,117.47821192311025,8.0
33628,42129.278882309416,37548.40685583006,-2.0,111.411627170813,8.0
33629,44566.18340405824,4055.732763535795,38.0,116.03478385131802,8.0
33630,48299.95553211929,9279.061123415117,94.0,118.16548914213183,8.0
33631,47642.44183486872,31978.532753472304,375.0,120.5152626834804,8.0
33632,18666.63486180308,737.1193610970766,130.0,123.42500666130573,8.0
33633,43526.409163295546,18512.249912353156,163.0,123.37390666905381,8.0
33634,48336.645409844954,1181.1452198426257,144.0,137.01305420036053,8.0
33635,46299.79000374143,1184.0445100302754,54.0,116.89634622312074,8.0
33636,34062.611559477366,734.3156417995916,11.0,118.40230646494702,8.0
33637,45162.38003830899,30119.34378978788,87.0,117.47777429885122,8.0
33638,34551.71215597251,1471.6799197469306,60.0,109.71980605910633,8.0
33639,19908.81953459288,925.0412724430896,7.0,106.34915181470858,8.0
33640,32367.306796674635,733.9973997788842,45.0,129.23772700502863,8.0
33641,19697.468485118545,3796.05464288735,75.0,107.44007535787853,8.0
33642,11049.96896638214,2946.4199352956384,0.0,102.5849813062409,8.0
33643,58467.58066331163,50189.7859943364,153.0,112.1907689558912,8.0
33644,55946.68455218828,7105.743957832794,295.0,131.7253481841305,8.0
33645,29782.265905011795,28085.348529128518,82.0,118.72708035424509,8.0
33646,41227.11356275305,22175.405495538133,71.0,118.57438113543533,8.0
33647,8275.253473809424,7093.019640966844,-80.0,92.51144871734134,8.0
33648,57656.273472977104,1992.6037999165587,103.0,130.86679101831828,8.0
33649,43243.08860112968,24230.650993619223,84.0,121.89549519116649,8.0
33650,39273.13788057049,3543.5813765172766,50.0,112.65321865296004,8.0
33651,37355.69947779571,18630.632072631473,108.0,111.13170837209461,8.0
33652,55058.50250469393,1989.463875764978,163.0,132.5303243009789,8.0
33653,52816.90870814157,28371.018897906433,182.0,122.19127371777671,8.0
33654,13470.328466750123,7090.274124301833,10.0,105.85363325883196,8.0
33655,56742.69696960658,9002.5569423183,449.0,127.63384283574945,8.0
33656,53723.09199366658,35769.35667795315,324.0,112.73306027926684,8.0
33657,21992.5424966815,5485.189354061327,132.0,119.54785879467694,8.0
33658,33889.03715301934,13261.386079737624,32.0,119.16372139975805,8.0
33659,31525.44533994999,2774.8775826078504,85.0,119.57463554260947,8.0
33660,57155.3183669663,44463.8463460157,32.0,125.07436205984368,8.0
33661,25016.11147661786,6474.331739415662,304.0,124.60010618660823,8.0
33662,50806.86732553146,3541.7815874022094,70.0,122.27196156104078,8.0
33663,58018.0341018655,1989.60097258035,5.0,115.88195587624489,8.0
33664,29743.437894943796,6516.092345484983,288.0,112.99718809066333,8.0
33665,18410.585874570996,2365.791500390352,128.0,118.29259669425377,8.0
33666,27633.867310004778,5755.551361418062,32.0,108.54971837617971,8.0
33667,55772.86849051923,14522.409121414878,76.0,110.82576947373539,8.0
33668,48526.850796067665,1180.3122773437365,18.0,122.57379352645009,8.0
33669,45230.9619963046,5487.871517789654,152.0,116.30032216964133,8.0
33670,55765.69301385922,45176.00878600755,262.0,130.15712817652883,8.0
33671,32146.62211534439,735.620918213452,12.0,114.75968417408431,8.0
33672,49731.65100529882,35635.69752356095,81.0,124.3274244256384,8.0
33673,50783.75752843886,2872.7962152997816,225.0,143.64216074162522,8.0
33674,36930.67032655697,21438.982973888636,181.0,109.8122948373247,8.0
33675,39489.74775222148,1180.3197745792963,51.0,125.03579022758501,8.0
33676,49809.82188245933,924.9942108646245,15.0,121.0655958735714,8.0
33677,55799.880900255484,43004.84193438837,87.0,118.15973510873981,8.0
33678,34010.72791336317,2875.3730855039944,187.0,136.95870746651502,8.0
33679,50987.67414466608,14357.463616880388,55.0,122.14815962880097,8.0
33680,30570.86890019442,6947.242475491667,307.0,118.22168242277917,8.0
33681,15417.273289462168,8240.557186129647,51.0,103.27498172188649,8.0
33682,35758.51131324698,9817.75256756841,139.0,120.28830741119339,8.0
33683,45276.21681703226,23770.020261590093,139.0,114.66886716823953,8.0
33684,51985.31786884368,924.9795065855806,38.0,129.61166753118152,8.0
33685,41889.88615625179,5475.417998600599,-25.0,124.76855422289742,8.0
33686,62343.514538618045,6290.316242482255,57.0,131.30447982621405,8.0
33687,41119.239374031335,924.921756214351,121.0,128.32625228706746,8.0
33688,14798.68557727714,13873.793266021,10.0,104.2849705394254,8.0
33689,51520.131920687505,1179.9542631060078,135.0,140.3238838338071,8.0
33690,52132.95268028665,7559.5333647356765,94.0,118.73501957021126,8.0
33691,43766.51974418867,734.621109297311,199.0,134.11593391788932,8.0
33692,41645.84460334451,924.8145827744562,25.0,124.1798947023504,8.0
33693,45803.48719686972,2871.7562950930997,45.0,129.77482571111432,8.0
33694,30262.084824757203,13294.343286064977,20.0,119.70535812757379,8.0
33695,46231.293242475665,737.3406013085985,30.0,122.46250200128097,8.0
33696,40969.919992513016,15036.949882920404,139.0,121.43797539864394,8.0
33697,60414.7062884467,53754.03123516177,80.0,116.70180134222284,8.0
33698,42329.38154877987,1184.253348302914,26.0,120.04260476579861,8.0
33699,26247.451936863265,8622.638110866465,64.0,111.59759538644083,8.0
33700,32430.209832940403,11788.871154031827,111.0,107.49088655186894,8.0
33701,45090.078498131035,23916.777380626172,37.0,120.29870923712824,8.0
33702,50380.78996231094,1180.5394957155127,218.0,131.79961730633713,8.0
33703,36097.89145927393,27840.24595804078,153.0,108.96622055523002,8.0
33704,56345.75492267978,32482.57745848892,132.0,125.83999972410115,8.0
33705,15088.483993394631,925.0104958905708,74.0,116.00447266519305,8.0
33706,44158.10666780675,27370.563972165302,436.0,109.99530043624222,8.0
33707,62857.86583671035,46534.152044862225,92.0,125.00122567163476,8.0
33708,28820.112644482844,1181.3347449101334,75.0,119.9246697459734,8.0
33709,55670.15047843232,12223.087540156688,289.0,131.933113962421,8.0
33710,43756.59798640199,1736.1827734747676,140.0,127.10418847278275,8.0
33711,23309.42152556024,5597.969756698326,228.0,122.71094573696288,8.0
33712,53092.92239826557,1184.6595210819637,44.0,130.19520585673237,8.0
33713,31456.892624219596,10174.602658120006,-10.0,110.9442748391169,8.0
33714,50839.49681543518,5748.795730735978,44.0,118.99561212254955,8.0
33715,32752.41870810145,12666.285658898147,108.0,116.981208296601,8.0
33716,29396.412720988123,3483.2824376769677,139.0,120.99916303627654,8.0
33717,21548.61006040566,6662.7024489103605,-16.0,105.80817262024104,8.0
33718,16230.801558610907,736.218600632699,14.0,106.25814364149258,8.0
33719,54154.224554457265,924.8223929059232,32.0,131.37296906468248,8.0
33720,24047.66530472298,924.8608469056237,56.0,116.6222957902387,8.0
33721,44549.908877152084,1849.931950232113,28.0,126.80622132826494,8.0
33722,41724.438580091606,8554.399507862438,23.0,111.08527645598745,8.0
33723,36567.6394489469,737.2314494281634,27.0,120.55831000635642,8.0
33724,38267.65884093613,3084.971495777292,237.0,125.80027947658377,8.0
33725,45012.97541724291,2875.600925925734,316.0,114.34775660172785,8.0
33726,46258.89036103081,2399.737611743576,97.0,123.29816575856722,8.0
33727,47223.984259672005,23539.96056539056,65.0,116.85395597265206,8.0
33728,25364.120252098513,21320.140354994717,23.0,107.85838987870103,8.0
33729,47610.90109269434,10211.642558716498,102.0,122.80057074918244,8.0
33730,53210.97496015483,26758.173787756972,-23.0,115.04240741553768,8.0
33731,24227.69166858097,924.9105456413565,76.0,120.23906310813551,8.0
33732,21552.40858963447,1183.093150034644,48.0,122.98557683364513,8.0
33733,40104.27827569387,3772.515701318439,89.0,119.34845419063306,8.0
33734,69822.59230965831,5923.070588300672,176.0,128.0040994410354,8.0
33735,30389.278823883848,16300.159575383714,163.0,115.99954024940853,8.0
33736,36431.74834762943,15665.485920343453,486.0,128.59603260872848,8.0
33737,32080.770305495193,734.8705062974657,27.0,116.95287187564362,8.0
33738,23244.844231136853,3549.898240596199,38.0,114.8401234249798,8.0
33739,14404.829156697315,1738.5045766341573,45.0,111.6713578641185,8.0
33740,40605.762849305254,739.1185394787032,128.0,130.82867108170188,8.0
33741,34890.67608103418,2941.9711044418523,84.0,128.98093960881272,8.0
33742,24716.254544433305,1740.9078234780623,45.0,108.62813090890165,8.0
33743,37956.31842326407,3086.236432644376,235.0,128.04433544140846,8.0
33744,36294.18903298868,3801.5111330352283,252.0,122.56420851703297,8.0
33745,51977.398985879045,1180.4673374022077,58.0,129.1840839139513,8.0
33746,58561.68993150883,32608.856772126772,88.0,120.43419960769033,8.0
33747,38007.90153755474,3803.088024843215,103.0,116.53720060184109,8.0
33748,26529.836503460494,736.1167925907716,21.0,112.49445457043254,8.0
33749,43332.00265551127,4314.69826762203,43.0,116.03759116621734,8.0
33750,40104.80414430553,925.0768845902295,14.0,123.72729524501341,8.0
33751,41530.565232188885,15588.878397867598,139.0,121.5530712154788,8.0
33752,48611.597193998925,10981.346273710296,49.0,114.75989705179167,8.0
33753,16213.85139481247,13388.15657752557,-3.0,109.35937938644037,8.0
33754,46946.83927310202,925.0137750403505,84.0,136.05636418037676,8.0
33755,50184.343647676935,28682.137546841688,139.0,114.21542511030471,8.0
33756,20006.12663085358,2362.6559175319762,16.0,112.63449971225145,8.0
33757,34394.97921779638,33686.72224528148,-419.0,106.65538342285481,8.0
33758,53834.89536361619,12375.392677706837,428.0,129.17657342147504,8.0
33759,27421.920566149856,6388.6949135200375,27.0,118.29223229470229,8.0
33760,35269.71147716904,9799.450832091521,346.0,127.29159070297699,8.0
33761,17122.478805527742,6881.307411111716,77.0,111.05264687668387,8.0
33762,51600.531468774214,5976.701936845538,107.0,132.35551742802605,8.0
33763,47905.00215755777,11480.845374080007,26.0,122.45792862389541,8.0
33764,44556.71663754104,3771.911101404583,24.0,118.6033421172269,8.0
33765,48339.03807945831,1184.438564493079,85.0,129.63347087872773,8.0
33766,27391.187030558525,12553.1289495066,198.0,105.5094285493548,8.0
33767,58806.65120640747,13342.336476405255,38.0,124.5111145190264,8.0
33768,43522.69525479463,26374.733670252102,176.0,111.80062691358106,8.0
33769,50719.40713035912,3979.266940335166,310.0,115.7940797910451,8.0
33770,7093.440650805888,1182.2500653957788,8.0,97.67625134715803,8.0
33771,37062.68269241897,16188.18529647509,85.0,111.81877171156911,8.0
33772,25401.582038289107,20910.294522478238,60.0,108.36755669974075,8.0
33773,52550.71503707485,33512.21505705942,60.0,123.55214871634111,8.0
33774,34021.34027133626,2362.032283595307,282.0,123.80186396751546,8.0
33775,27990.8621325371,4682.970052688092,87.0,117.1089656081836,8.0
33776,14817.056583743513,2774.798603914303,52.0,103.43299897959258,8.0
33777,43550.035816983334,1184.4353643697964,9.0,122.96033061561346,8.0
33778,16149.546926433823,2871.0010162062204,135.0,109.07356869558498,8.0
33779,5216.381823922122,4609.873101480711,-24.0,93.32574780337355,8.0
33780,51674.35927976912,4303.260398733231,309.0,116.94340278586293,8.0
33781,49194.5410608339,924.8572524041069,6.0,125.40157364386678,8.0
33782,41270.9311107001,33917.63356664144,68.0,115.25547731507376,8.0
33783,36438.595117361125,13136.536926770854,113.0,119.98124642302315,8.0
33784,37275.21198310457,27504.3444172659,168.0,125.66000346568566,8.0
33785,46614.63271578994,1737.1215381544591,166.0,129.6065829342672,8.0
33786,48278.73432989391,1990.057553561502,138.0,119.05242055700786,8.0
33787,14817.388937491407,10200.956708539854,28.0,100.08487920254517,8.0
33788,57701.91004903555,3144.966752240124,256.0,132.30896181752794,8.0
33789,25015.614537363595,8356.587704315483,92.0,111.85277122509409,8.0
33790,66252.61732943414,4301.16751512899,273.0,133.30294786456244,8.0
33791,30460.53309695833,1471.8444295687832,44.0,117.94551709046634,8.0
33792,6840.584106959891,4853.003050653935,71.0,94.99422166003025,8.0
33793,58071.77008658366,1731.9715640899879,396.0,138.81138294367895,8.0
33794,51972.41781794573,12141.165726839714,456.0,142.61829303197564,8.0
33795,33183.45307794853,17524.718915426034,155.0,125.57128894089288,8.0
33796,36365.00125304674,8066.578570343925,156.0,125.74979943079006,8.0
33797,32889.66615927372,2948.474521596779,207.0,116.88928464955089,8.0
33798,33937.16356171105,2210.130013860327,238.0,119.04993747332358,8.0
33799,52738.52432416769,2774.5145363060924,52.0,121.58278194785593,8.0
33800,59888.14013160495,1184.296143685438,65.0,126.55398913710577,8.0
33801,27847.57513310453,8090.330825794837,40.0,117.56881908430844,8.0
33802,23016.897394871903,735.6377131181739,111.0,120.26354943472091,8.0
33803,37059.887928293516,1179.9211193257397,33.0,131.1215172729456,8.0
33804,33580.7805508343,18537.908174882064,87.0,114.26256591655797,8.0
33805,63502.515566697555,10217.692319256284,95.0,125.24566109950295,8.0
33806,52907.899378362185,26625.95080257819,29.0,108.2632449173344,8.0
33807,47249.61585427878,15665.392636291168,142.0,118.52169483594699,8.0
33808,18037.691330454174,1991.1854730396167,122.0,118.27970880649488,8.0
33809,51634.983615950034,924.7882695400309,20.0,115.60803598112447,8.0
33810,35389.06758037124,10256.049117112585,164.0,127.07524199188717,8.0
33811,33751.83109102208,12571.357478853815,236.0,129.29799693155357,8.0
33812,44950.27711325037,24351.61422813767,82.0,122.22394260111717,8.0
33813,28936.334235620234,21518.57544798456,186.0,114.6011052047393,8.0
33814,62954.57042438123,1746.5934713528395,69.0,130.53385564630614,8.0
33815,55260.36007452972,13404.831632933003,64.0,125.20932622393069,8.0
33816,57497.02942117546,1179.2592713528347,56.0,132.8262879895086,8.0
33817,42316.81778292272,1992.0589172325965,38.0,126.7781032558778,8.0
33818,47099.12558570073,925.068780473737,76.0,126.20002419740251,8.0
33819,48788.32967422375,2369.428486995537,75.0,131.89733370423323,8.0
33820,12808.717125878777,10818.447764220673,59.0,98.52395209214835,8.0
33821,43284.42573989205,1989.4359907359792,30.0,125.51958507056146,8.0
33822,45648.91405103932,4315.014360304318,95.0,123.76251163051941,8.0
33823,21862.796149993355,5241.930786948256,126.0,116.68131117321653,8.0
33824,47703.22281302006,1181.2534603685604,32.0,118.88999998110916,8.0
33825,44512.823312438675,4737.146196395505,58.0,116.90683355450204,8.0
33826,61286.50599584355,3978.404127970776,188.0,123.9527416306614,8.0
33827,42161.10015221716,924.9010999059848,21.0,134.2031566581266,8.0
33828,59759.996681013785,32449.76717815183,346.0,118.93386919271653,8.0
33829,59915.591471818756,57577.57815134618,-442.0,113.72433642466656,8.0
33830,18924.910782206138,9463.960892292127,47.0,108.82775172713886,8.0
33831,27990.919778407613,11196.384473285556,44.0,108.38798263273503,8.0
33832,30557.75443408866,1849.8314657153767,65.0,121.10369894761675,8.0
33833,26862.757553600244,1849.705078523603,135.0,123.15099861032755,8.0
33834,45544.45051389082,1183.994567517145,7.0,118.19254769926319,8.0
33835,53091.46566326088,27134.511586629214,82.0,119.41880988661364,8.0
33836,20821.873000788608,13278.993906898353,40.0,101.66569435664262,8.0
33837,29796.620856213332,13463.675476334563,230.0,123.5297549530372,8.0
33838,56677.4267164105,38952.423439143655,112.0,137.51048550470267,8.0
33839,36766.814056077135,735.2710851436003,107.0,127.25601034693423,8.0
33840,33421.47076756428,25833.230748109523,75.0,105.9373231374493,8.0
33841,43731.53166489565,3541.683526985567,101.0,128.47798344515758,8.0
33842,63787.00186536882,1179.1113939666664,155.0,132.93736545617756,8.0
33843,55335.586509061475,3137.410129609367,78.0,125.7957924350697,8.0
33844,15576.072301584529,3796.6998301146687,63.0,108.11448833050822,8.0
33845,30832.417697885463,30201.212823769507,-370.0,107.48223490522952,8.0
33846,38403.62658710332,924.8616646485326,82.0,131.50313146205195,8.0
33847,25359.39409720589,1181.1741970875603,87.0,131.86329685147336,8.0
33848,31525.695770283604,5598.081117705405,115.0,119.27402727290527,8.0
33849,14025.51624549898,2946.1734079938055,10.0,103.12140234227049,8.0
33850,36848.35706391145,35121.70787430262,-167.0,118.23476232588027,8.0
33851,47936.467337152535,5844.107227132818,121.0,132.21304608107698,8.0
33852,29784.99007449731,4306.5513283549535,19.0,126.80390570355821,8.0
33853,18225.38770778209,4124.053190301992,151.0,112.19241119636982,8.0
33854,31686.656409026542,15468.200685849126,136.0,111.60818364873063,8.0
33855,54448.66940026918,739.7625499010916,95.0,131.14513411205823,8.0
33856,36305.99272735596,734.622013889907,37.0,119.38649103635119,8.0
33857,31085.33014833524,2870.5575193213595,45.0,117.90279234480522,8.0
33858,26823.00069543529,4624.759316810466,-54.0,106.88975323183247,8.0
33859,49992.382541447885,14816.07509383904,91.0,121.16984970632865,8.0
33860,38889.74691858288,32236.182505331355,80.0,111.498162162865,8.0
33861,7485.723617745961,6341.492914451337,-367.0,102.42299230618161,8.0
33862,20947.583630138957,735.8883354405411,34.0,112.37841723159164,8.0
33863,16140.688518337764,4050.127240563275,179.0,117.97388599193377,8.0
33864,39725.03872652655,2877.3218648968664,223.0,119.68005480057153,8.0
33865,18557.320345064134,2774.876261926846,53.0,112.65195312436899,8.0
33866,52502.24772595712,33468.502062943444,60.0,123.54429043951723,8.0
33867,48658.83634631273,1849.8370230034845,29.0,124.92947928692215,8.0
33868,44549.31415416134,5598.074239192168,192.0,126.43325805589515,8.0
33869,29606.266933367442,17588.616347192274,178.0,106.19214645295203,8.0
33870,30950.632775626436,17226.707687642127,280.0,117.19001732373577,8.0
33871,51666.745502786114,5739.9191223982425,38.0,113.10565387857103,8.0
33872,7113.60422450018,6283.598425604683,-36.0,93.04991671048722,8.0
33873,33045.348782046036,21430.560816507565,39.0,112.33401689858182,8.0
33874,54807.919216652226,3539.286667107497,243.0,122.20480454148917,8.0
33875,17285.52683794252,2363.5308150783867,21.0,105.22297644825201,8.0
33876,46365.06493625535,27306.84034936471,109.0,122.48704068458257,8.0
33877,36227.2916002168,27971.624897977385,153.0,107.0420983233836,8.0
33878,49689.93214062092,4850.893752377381,141.0,129.79260958801262,8.0
33879,32133.901420706447,734.706058066343,67.0,122.65841838261896,8.0
33880,31866.591521086473,1990.2938622440763,49.0,121.34836176521566,8.0
33881,53593.286382987324,40796.129164467944,87.0,119.33556120004458,8.0
33882,30931.83426390355,5478.556935123437,244.0,125.16640671840673,8.0
33883,56510.88402528742,22452.098572130675,74.0,123.19614419475218,8.0
33884,51328.97072215615,32322.549667896346,84.0,123.3518607675897,8.0
33885,8453.331037359545,1849.7929637377385,12.0,100.347146447251,8.0
33886,40956.52166722221,28851.9623331153,183.0,117.55011922577542,8.0
33887,41703.58648146049,734.2020760761477,98.0,121.91928710882698,8.0
33888,51209.826149979985,5598.154576922399,46.0,120.71630542960891,8.0
33889,46902.86430517711,35341.793739689776,120.0,115.434136687301,8.0
33890,13739.178197130359,11376.888451501025,17.0,106.64263723354958,8.0
33891,47743.0767494491,2871.458904289123,12.0,118.40840394149299,8.0
33892,54170.53130832677,4719.893638774428,135.0,133.38538957043266,8.0
33893,48181.521734073336,1180.618567624101,155.0,131.08918048075986,8.0
33894,14988.088298100925,1741.187510022409,13.0,117.92247320630986,8.0
33895,42663.20205903939,11086.450872639636,165.0,116.38097899227019,8.0
33896,50081.384853807685,3699.8053998897735,332.0,132.64641344455987,8.0
33897,46578.777668828145,11684.487566474509,122.0,121.37374780156807,8.0
33898,48645.42024180659,37084.51501352623,120.0,115.62807177968502,8.0
33899,6840.909887546766,924.8923117558254,10.0,97.74791846652542,8.0
33900,26543.109209092887,4617.139575764181,38.0,114.54243372281731,8.0
33901,47362.74491884086,1989.7653415113998,293.0,133.88270202110357,8.0
33902,50320.020875727336,733.0458761249891,43.0,133.4003396651626,8.0
33903,16097.422345075145,1181.7874149169422,59.0,113.45190244513203,8.0
33904,57805.88581533727,739.9881263704825,183.0,137.15283639330397,8.0
33905,49519.85109171817,4598.61783822044,50.0,118.02625551399275,8.0
33906,50671.99153642141,10353.37603765089,213.0,112.37425137411374,8.0
33907,44355.86360330953,924.9135762988024,224.0,134.05155103059914,8.0
33908,37025.95556816514,4422.199224493138,55.0,112.07805423667917,8.0
33909,45913.63737786444,20559.335358732118,121.0,125.49650849049704,8.0
33910,60224.26059829126,9439.765930746413,67.0,130.5620440993139,8.0
33911,34269.05850893721,27095.1972119023,-62.0,120.24685151687615,8.0
33912,34934.31295981739,736.1497125653339,123.0,128.0006654240023,8.0
33913,11655.210334920468,736.7156921655634,72.0,114.06283494588725,8.0
33914,22725.389101913697,9428.021385924823,119.0,121.06413811921513,8.0
33915,51516.095991716924,924.7535150001612,30.0,125.98043020246979,8.0
33916,49068.99505583132,5549.163147895112,63.0,120.26689045145179,8.0
33917,68302.65224388904,1178.7272852480635,17.0,135.82469186828513,8.0
33918,44498.47186013692,3474.0887522127996,157.0,125.95259173689624,8.0
33919,59183.081351801535,8255.449072772697,416.0,131.38873636965587,8.0
33920,14029.444021236877,5472.701543949483,145.0,107.09127879318224,8.0
33921,58376.15020502784,7437.9483069516655,432.0,133.75714185819072,8.0
33922,51799.390434513196,924.8276154739447,13.0,117.74633721930013,8.0
33923,54493.75664427942,2360.673648541761,65.0,121.12894997165262,8.0
33924,48187.01388779642,733.1003770575699,29.0,121.32390991247608,8.0
33925,33548.41244470199,734.7938271503284,42.0,129.3191022749029,8.0
33926,66809.22204952741,2359.4370853246114,52.0,124.61816467310274,8.0
33927,52671.498777256646,1183.944423455837,213.0,134.0814173657479,8.0
33928,34159.31874698062,27503.816532930538,80.0,110.3022190396933,8.0
33929,22282.827911296696,3772.4405150939197,266.0,119.76749567305569,8.0
33930,44897.611790809715,1180.9980776415514,3.0,120.47471144400248,8.0
33931,19931.1605357649,1472.4349584056272,14.0,106.99679270759748,8.0
33932,55977.79798200229,924.828297228333,43.0,131.6329103755535,8.0
33933,25489.225323695835,10592.205787812934,-113.0,106.9425847198564,8.0
33934,59314.38134448263,2358.903609504412,344.0,140.21683712800768,8.0
33935,15051.222373497787,7867.631366333276,195.0,117.29351919299266,8.0
33936,50298.28244659421,38737.08238400436,120.0,113.80615318831099,8.0
33937,24811.084292453328,4042.9957552469955,38.0,113.74078478851814,8.0
33938,60817.88079780705,58455.1106384991,-128.0,118.13791218412703,8.0
33939,35672.043665057165,3551.138924793862,22.0,112.88769867004348,8.0
33940,25690.388838206076,7872.686407677903,80.0,117.48165480234653,8.0
33941,42817.5939799309,1181.1218516131796,38.0,122.38891522832037,8.0
33942,44733.32331415108,4038.5876652419097,170.0,133.35949652291396,8.0
33943,31717.745226742398,19613.09861771494,183.0,114.65260386882117,8.0
33944,11316.831839741051,5598.218700303479,8.0,102.30294680362724,8.0
33945,34576.54859556458,30565.403693491367,-289.0,107.88510939518694,8.0
33946,54612.474042123045,2774.4979314373772,43.0,126.75152519795071,8.0
33947,54788.62377556443,1989.413171782072,17.0,124.62921637544021,8.0
33948,30516.421945328773,14199.459089775855,181.0,124.32791085452438,8.0
33949,52901.80202084703,3137.711340080174,155.0,127.86620067678352,8.0
33950,54960.70898654431,49845.419567458506,73.0,113.89538181883798,8.0
33951,42494.69496753846,1181.8109237466717,5.0,120.5772723527353,8.0
33952,35530.06810780402,1472.896720173469,265.0,131.6339319976193,8.0
33953,30474.09145548791,2876.4550223377805,86.0,118.2189729895535,8.0
33954,58822.24289207594,16847.023349549898,235.0,128.50382008685733,8.0
33955,22467.599966606907,1182.720560368584,-2.0,108.91074352550199,8.0
33956,40402.29569097877,19062.631551465427,377.0,118.5130966233163,8.0
33957,53088.4865115621,2368.391532271708,43.0,123.237698566375,8.0
33958,10819.801978257146,9706.93150199334,-7.0,103.43445745675852,8.0
33959,39729.46997521796,5750.962761735914,189.0,135.27770110166642,8.0
33960,29981.767329953364,10968.587377055921,440.0,128.08166060622605,8.0
33961,23518.813193758895,924.9184859410972,9.0,116.17135784582798,8.0
33962,57232.0026166219,10826.873783001713,95.0,119.80220936552487,8.0
33963,63764.86379895406,2358.85840036556,78.0,124.30778769521099,8.0
33964,64597.82276581695,1184.8418903212207,79.0,132.89573750619084,8.0
33965,32746.15730455574,15192.596644465457,173.0,120.76183463987668,8.0
33966,61531.2164492643,9241.929954394534,284.0,131.27025436412475,8.0
33967,23323.771863215214,1181.1144770916487,228.0,138.99121250622323,8.0
33968,42064.13687123762,3794.90771260433,56.0,122.75641702849258,8.0
33969,21677.40043144971,2209.1669187286484,160.0,121.47724438572675,8.0
33970,53719.12168736055,2889.790506980818,186.0,129.55106734736836,8.0
33971,37204.26761804564,2206.4312718425604,206.0,128.2266443323079,8.0
33972,47524.32284281065,925.0147350130686,24.0,123.85055980527277,8.0
33973,34724.6955432046,12224.608255419578,73.0,110.14018537337068,8.0
33974,10957.831814334384,737.460699541613,46.0,109.92867798700924,8.0
33975,40098.11963518035,1737.4884132193067,14.0,113.26445766338087,8.0
33976,45941.79207613991,8615.277791904453,70.0,117.47933739094631,8.0
33977,19743.979487381857,15167.345701334918,61.0,103.59216428465936,8.0
33978,46297.66773990569,2774.5812276566635,45.0,126.97025979372513,8.0
33979,41412.98976356991,22172.583987533246,181.0,108.43639170073223,8.0
33980,28440.8939512185,11056.253445825592,110.0,117.26548498776297,8.0
33981,60456.06826757057,2357.811719446624,281.0,134.7483680493262,8.0
33982,56370.01710551771,37585.187199163025,187.0,117.56999813898831,8.0
33983,9423.758183234102,1182.306674654745,99.0,114.64338780838966,8.0
33984,40363.32374420948,3484.7506533405203,135.0,124.8875375269677,8.0
33985,26538.986404112788,738.4908721383113,52.0,120.44302163930577,8.0
33986,59039.326701587095,1732.5638555312084,83.0,120.4340752267355,8.0
33987,41525.301401003235,3084.494974448571,254.0,129.72857216051156,8.0
33988,16718.089402509275,5222.0161265040515,67.0,113.45600920300237,8.0
33989,42437.46504974934,735.0328573629977,85.0,126.4195571342693,8.0
33990,58968.23144592244,2368.502667905178,81.0,124.55228781026601,8.0
33991,44030.86956104501,3552.43626495253,38.0,117.72548094421896,8.0
33992,27131.615880238143,924.875661743144,46.0,125.13011619755412,8.0
33993,8084.49801023222,2882.593546132156,7.0,103.35534704189647,8.0
33994,6957.06083675014,3478.65200610377,46.0,105.66351074561831,8.0
33995,16483.192370838744,14753.241978931359,74.0,113.73593432991245,8.0
33996,59683.56600417095,20413.63115411844,44.0,119.89799522471941,8.0
33997,38997.770025452315,733.9550069686163,97.0,144.8971546965487,8.0
33998,50435.90149790936,4720.541397169479,190.0,137.95418012364146,8.0
33999,51818.96374172092,11099.954014306866,57.0,119.69837053934593,8.0
34000,9365.888675518205,925.0081853440249,13.0,102.35102394507554,8.0
34001,45760.43120043188,6911.982114476956,70.0,127.92118007629986,8.0
34002,16067.545775933506,1182.7215386503879,17.0,114.02466432769668,8.0
34003,18225.323873908892,737.0375545959643,146.0,124.1203212394599,8.0
34004,16706.256634487207,2363.913011067738,98.0,115.2392254917813,8.0
34005,8096.224066815622,2365.5443303574853,40.0,96.94221769942952,8.0
34006,28733.640845323087,23264.944582588138,-19.0,107.1651751816625,8.0
34007,23711.66409079268,3678.228560341596,83.0,119.84654390553223,8.0
34008,22210.79037177862,3699.777759257091,83.0,116.45799864896449,8.0
34009,25016.282797785356,14817.06872647927,191.0,103.98035297209009,8.0
34010,49522.37249693078,3772.5053319594176,116.0,123.91165253167901,8.0
34011,14745.235923395358,3799.8914064311134,75.0,100.67962890136788,8.0
34012,52043.52450315199,740.0130867755031,73.0,127.42402550261119,8.0
34013,59705.60843949987,925.0727640480873,136.0,132.6861365808734,8.0
34014,25880.423784956354,5123.331618587937,45.0,113.28202002129936,8.0
34015,14353.813337890262,3772.090491631042,42.0,101.78376188759819,8.0
34016,63545.62244409732,54526.21082067306,62.0,116.93346482044274,8.0
34017,28984.618314444742,3543.5475994250896,20.0,126.90730960063134,8.0
34018,42285.81610381218,3542.564432960389,22.0,120.58536250506162,8.0
34019,43536.81935841431,3144.1643577630653,37.0,117.8220105452771,8.0
34020,52125.11712270989,6289.9647965595195,15.0,116.29951740602462,8.0
34021,10249.78656466631,1990.9644046151616,113.0,114.15676701024303,8.0
34022,19526.739790148407,3800.168710784127,184.0,119.96838361105551,8.0
34023,10965.526370403104,2364.139214227198,17.0,105.24952972367943,8.0
34024,59848.02303238009,11091.134324500938,255.0,130.10807107143165,8.0
34025,38954.47660614912,924.9858719896939,34.0,119.84184755412241,8.0
34026,40828.265425347156,8312.471180837707,347.0,129.36224032309997,8.0
34027,3087.6386334460108,2395.3896114908152,-3.0,86.71183428113108,8.0
34028,16493.299349220793,1740.9950882320463,152.0,119.74443273934935,8.0
34029,53969.32959867952,14872.619266353326,20.0,118.9394831435788,8.0
34030,54982.79872255575,38194.08840741484,303.0,130.03485995242494,8.0
34031,42034.58659661296,10316.588764512033,43.0,125.82498891134632,8.0
34032,29785.189380495434,2877.2230978682437,206.0,126.0181066040345,8.0
34033,52064.065192672526,39057.852493979684,99.0,119.45731968630679,8.0
34034,27106.186899210665,1181.7137277544894,138.0,124.97461089210736,8.0
34035,58916.25782164376,29314.046444616524,369.0,120.48094454893693,8.0
34036,63737.84176403016,17769.746718994986,63.0,121.83092684442033,8.0
34037,49529.9038422703,9205.37160905046,217.0,112.3239000724603,8.0
34038,53436.22342165302,30627.773583030536,298.0,132.27240642111664,8.0
34039,55283.98321567486,42487.15615649195,87.0,119.50280560225691,8.0
34040,48096.90057295352,1989.6858744158376,129.0,136.2892989869704,8.0
34041,52063.88700570465,43249.763281757005,32.0,113.62236636793887,8.0
34042,21985.10763576461,1181.1242791783425,71.0,118.65138521850622,8.0
34043,41571.62373155392,18425.159083332466,234.0,127.5549759785903,8.0
34044,48556.285843259444,36995.402237140755,120.0,113.44182148301205,8.0
34045,66868.6753850829,2359.8852972561476,104.0,127.1228194764507,8.0
34046,41863.01946038599,8738.208003471382,182.0,129.8475854933009,8.0
34047,58478.262363782516,1178.9396752710013,131.0,130.83269917835077,8.0
34048,48298.91610624855,10200.710692937979,61.0,115.49554047766165,8.0
34049,22075.803791028542,1183.823121921019,61.0,113.97946361806707,8.0
34050,39921.51249664545,733.559372110894,193.0,134.68985424743266,8.0
34051,12656.25730384196,2209.123400975968,139.0,116.59575351348565,8.0
34052,12811.64588871984,924.8958385225602,37.0,109.33085959847654,8.0
34053,50255.0402892591,32302.761049342593,319.0,111.97354595104186,8.0
34054,22213.205233411634,5213.226943534986,558.0,129.51745688853327,8.0
34055,40449.609319039795,18705.419885486444,-31.0,119.29783890633027,8.0
34056,50074.71784455929,3469.182713014927,181.0,128.97029659185574,8.0
34057,54066.30674408849,11486.237991569087,57.0,122.37826960884418,8.0
34058,45284.91572253067,26502.02544709794,187.0,116.63387751711633,8.0
34059,37992.42481283739,17907.18074563529,81.0,107.02477585291834,8.0
34060,18121.701641452735,924.8713121384319,9.0,110.65051443633692,8.0
34061,32240.998947314994,2366.6737195084856,267.0,129.23341739653566,8.0
34062,29132.061721736165,925.0622822093004,56.0,118.76049166564049,8.0
34063,37729.741234531655,29040.8390248679,-66.0,127.06753447587487,8.0
34064,17287.110975340544,6949.317283154565,505.0,121.59828589510325,8.0
34065,25146.458474437295,1473.4518560835797,11.0,112.69563499694422,8.0
34066,44120.244291032664,17673.852090701417,150.0,111.36044997141991,8.0
34067,46038.96665650432,4038.2380028237826,122.0,134.2266105261781,8.0
34068,43263.19904464954,4722.9652482058245,-1.0,117.17925554761229,8.0
34069,46093.880201767475,733.3482751051486,33.0,121.2841226802741,8.0
34070,58896.37578057994,1179.8418909516229,89.0,129.8408361221925,8.0
34071,54633.61665611606,47089.00772064896,147.0,112.67528551709991,8.0
34072,21038.534305887773,1183.0454672349886,116.0,132.1525938136449,8.0
34073,40154.785297671246,21534.042622603487,198.0,108.2166404470321,8.0
34074,28356.08595720032,9749.102810496812,132.0,120.21303186776123,8.0
34075,58467.12740047875,38088.81932340974,88.0,119.6390265754836,8.0
34076,6513.188049731076,1182.1090272707622,61.0,95.04181121856632,8.0
34077,12225.383459327099,6639.8974209385615,6.0,108.63152095254418,8.0
34078,57763.47593664957,9963.089603048455,43.0,125.46077018220097,8.0
34079,21549.70509283,1182.901846377624,12.0,115.43846402459062,8.0
34080,27559.243922348953,13459.535878351273,163.0,115.16388191526542,8.0
34081,44169.12736449798,16781.078827293048,8.0,117.99578800313833,8.0
34082,24062.731116600564,3084.73728665615,77.0,115.7646787999775,8.0
34083,11203.92449664806,6694.735677513129,18.0,109.2577561850809,8.0
34084,51603.96305280392,740.2415408870845,77.0,128.65205269762748,8.0
34085,49993.78190617348,8323.912456081338,88.0,119.67361158334423,8.0
34086,20874.07378587139,736.829607637696,37.0,115.4869126694695,8.0
34087,5220.149154751892,1182.0467793674443,28.0,98.5789001630337,8.0
34088,55147.48615224832,53156.59197666591,-157.0,111.60929476800833,8.0
34089,41521.50258518192,5120.633923866585,80.0,124.94650942413453,8.0
34090,38410.22020529341,1990.1412139016104,186.0,128.25362314399592,8.0
34091,21478.444231321275,11694.88978676297,322.0,123.79282040423698,8.0
34092,27101.636868905414,10483.71412188493,133.0,107.3416916711559,8.0
34093,48066.0083803066,8290.739227623588,61.0,115.53919327938681,8.0
34094,57245.0215651655,739.9791095835791,53.0,130.96832633118908,8.0
34095,53672.44367193114,41568.94179840274,155.0,121.51188668588489,8.0
34096,40002.993163220206,19014.89837793521,248.0,122.91707635533322,8.0
34097,46783.0722952686,29127.216017348273,356.0,114.30218215696743,8.0
34098,27074.159003446268,4682.741765258628,-7.0,110.15458504761736,8.0
34099,5741.644333768742,3772.2052180064015,-44.0,91.37089220987991,8.0
34100,23722.930961443046,1473.1083836791024,33.0,118.79874746634837,8.0
34101,49718.288092535666,925.0452696256131,38.0,121.38352751023353,8.0
34102,29758.8686952908,23099.35434358616,48.0,111.49627164881622,8.0
34103,45130.87490070412,4116.208561574678,264.0,122.6609950274539,8.0
34104,38957.06179209016,1849.7363554477454,59.0,112.73830918032814,8.0
34105,24734.987313209618,7593.312501430951,176.0,119.11756240029743,8.0
34106,12564.57852365357,924.8811500354838,90.0,116.68548367787183,8.0
34107,21367.831586489858,1740.7105962984515,67.0,115.25463391036965,8.0
34108,23042.744801591987,735.8651178619534,103.0,123.76812922094996,8.0
34109,38494.28183211271,18730.28833762558,211.0,125.42913108558544,8.0
34110,37510.59784374881,1989.875457286389,163.0,127.38684763217469,8.0
34111,36521.55860565045,924.865307276413,41.0,119.56493165070864,8.0
34112,31110.58754977796,734.5606152628428,175.0,130.68848572465723,8.0
34113,24324.530449892107,14755.646110197902,161.0,108.89513507898104,8.0
34114,41515.58999614923,735.2171348118384,73.0,125.59927308188975,8.0
34115,27068.493187068307,20409.678525187515,77.0,108.44949585243914,8.0
34116,52739.505601764846,8323.728327630472,68.0,113.92093857385925,8.0
34117,17366.935681109455,7115.6021845092855,197.0,117.97685281523448,8.0
34118,9956.410804804924,4854.129737049542,58.0,96.10462078319627,8.0
34119,51768.52201888488,1849.7018842588877,16.0,123.06635600998655,8.0
34120,36110.127081326886,2870.5829211407076,91.0,120.51413951775841,8.0
34121,36961.13911367863,10816.18185588525,113.0,114.91633847974427,8.0
34122,31838.605703298937,16795.616451164966,87.0,113.5159979139485,8.0
34123,32998.600129836115,3143.884654337602,54.0,122.49822792347646,8.0
34124,52765.28139306446,18512.11378877167,117.0,120.12341395523191,8.0
34125,52925.89865346943,7852.393949395516,28.0,121.47352413793702,8.0
34126,43800.84122886693,26793.539542623486,183.0,122.00417151996497,8.0
34127,34052.2082201677,4123.923097502853,215.0,118.69631033044814,8.0
34128,38530.80748094786,1990.0736836970993,74.0,121.1234565966393,8.0
34129,16438.48372351266,8153.332903020923,8.0,106.94182436396093,8.0
34130,36207.646006351024,3684.158948502339,29.0,122.74404176158038,8.0
34131,49108.013906021435,5549.139024946,159.0,126.63331191343838,8.0
34132,29300.104749760412,2362.3976708913524,285.0,128.98551337080156,8.0
34133,53653.94098277952,925.0879365201586,41.0,122.40191682685649,8.0
34134,55816.04045125036,11499.93737490555,339.0,131.44196653973347,8.0
34135,54063.33560742268,731.9714130941582,21.0,133.8088709081685,8.0
34136,20871.704809002254,10964.223654906946,46.0,107.53296361654336,8.0
34137,41712.93282122925,6946.618563093816,61.0,116.90809528065284,8.0
34138,38027.64860351494,737.0721303169781,74.0,133.11782668286338,8.0
34139,20521.67753927784,2870.5529015287534,4.0,112.54452009770858,8.0
34140,47742.29599710844,2359.7960156797826,362.0,134.9686025032266,8.0
34141,41724.934775876325,6516.261133439769,171.0,120.68338317320303,8.0
34142,44911.53861396781,3471.070956517339,45.0,119.63657679598609,8.0
34143,43869.31601143038,1849.6217639200472,36.0,114.53852860084896,8.0
34144,25149.2630495049,7594.9301760177705,179.0,119.39635763957908,8.0
34145,44567.95757668586,2888.4011292061996,16.0,117.26907886249028,8.0
34146,35384.0637552825,18548.859985204726,99.0,120.19954763576412,8.0
34147,27369.34528395582,6843.16835790001,68.0,115.83611331377682,8.0
34148,62261.7160143272,53990.87405392868,153.0,112.56243273838331,8.0
34149,21898.098712509276,1181.0852774091088,110.0,122.9209456210614,8.0
34150,48777.03982822349,13885.532060794216,127.0,121.64691123676275,8.0
34151,51298.781247477185,1849.8283854189078,159.0,129.58437154835212,8.0
34152,42954.235349934585,1849.8370230034845,29.0,120.2380130005371,8.0
34153,16648.917237160447,1849.825207687136,34.0,102.23564662970662,8.0
34154,47763.99560066365,3540.5164405703854,57.0,128.51046825975632,8.0
34155,49055.859762250286,2877.1088078820226,51.0,118.90186664156619,8.0
34156,18031.751133173962,4726.460653016003,203.0,119.70904696857342,8.0
34157,33127.86998867024,23666.929691426256,53.0,114.07552654376582,8.0
34158,23636.208173656756,2362.8822833961012,39.0,111.83140909007221,8.0
34159,56167.61611409689,19024.401339676642,60.0,122.24863350850185,8.0
34160,23886.606986016075,1990.353809643324,261.0,127.10565139692417,8.0
34161,44494.025385247,924.9210673651412,50.0,124.09982294891974,8.0
34162,43395.89973297747,1744.4561095669462,16.0,117.20288268669714,8.0
34163,16469.636320858765,7583.537906677304,330.0,116.58824408723746,8.0
34164,66285.44275505292,8292.98856477892,187.0,121.13818857710746,8.0
34165,29265.16774227344,28542.344663138738,-464.0,105.0260870430567,8.0
34166,59209.78512670145,19232.24241352648,76.0,119.32016769854941,8.0
34167,52171.34453725938,8271.966654969245,161.0,130.0445920100164,8.0
34168,52142.41715616929,5490.161537096399,181.0,131.31671954774123,8.0
34169,51211.31096445206,2774.6167539028233,35.0,112.37720026850603,8.0
34170,50141.2267087364,13032.903894208253,72.0,114.93909822594412,8.0
34171,43417.667591182755,734.9851307145876,55.0,139.95393555179905,8.0
34172,67213.3808168012,50192.456069994536,183.0,125.65286308866912,8.0
34173,35679.50842651914,29018.410606231522,80.0,110.62867734577624,8.0
34174,42403.660457266866,734.7582226354068,177.0,132.88738748646318,8.0
34175,57423.268061171424,9947.39646391492,496.0,133.80905514179187,8.0
34176,63317.49562374896,924.795935615188,118.0,132.67748519622546,8.0
34177,22737.345700485002,737.8770016926713,40.0,116.25272507870545,8.0
34178,27451.375832040645,13723.313037787666,311.0,112.93378095837598,8.0
34179,61138.50704740134,14898.386498300844,3.0,122.9333987684723,8.0
34180,38734.58671213066,734.1175899435659,40.0,121.08283843572329,8.0
34181,40695.54354472176,21912.673860000472,176.0,116.54825713575494,8.0
34182,22393.250832867405,924.9870343199556,31.0,110.19687037493759,8.0
34183,59446.87598258957,10215.678586619528,33.0,126.95215007912236,8.0
34184,27869.550763519605,9952.114272412991,6.0,112.08443343609723,8.0
34185,29905.635960995354,4116.027795644542,21.0,114.61264049277125,8.0
34186,36321.42342678101,1181.7135015907484,12.0,118.25627747041833,8.0
34187,33284.459304189666,7116.6630095138,42.0,112.02215265924352,8.0
34188,45751.72144010968,1180.3182557201226,125.0,115.4634213441117,8.0
34189,20961.35778246827,737.6348570933159,54.0,116.49479520548691,8.0
34190,24261.02285183755,2362.3976708913524,285.0,138.72632639746902,8.0
34191,30697.67689126386,13544.920970256797,176.0,112.2710967806278,8.0
34192,50226.13652090903,733.4395710615916,45.0,123.74755342320931,8.0
34193,25360.733198862476,735.6248267424936,89.0,123.55665907012612,8.0
34194,55971.83693498,13285.77080969563,38.0,126.26240287870283,8.0
34195,64189.618364545284,924.6742024105974,64.0,136.3004426931895,8.0
34196,42621.6830435371,24010.83635914979,198.0,110.40367235973164,8.0
34197,56054.15696313943,8836.175671002073,26.0,120.71348036557141,8.0
34198,21339.232501577862,9959.923530530048,12.0,109.84752599392772,8.0
34199,45581.54631701766,6640.692010635294,109.0,129.63826855540128,8.0
34200,14750.774645526786,7588.657769476101,171.0,116.68320936326066,8.0
34201,52029.49325205289,6358.622868396441,431.0,122.4538489478697,8.0
34202,26250.99323208775,24580.42629294882,71.0,116.69527973996901,8.0
34203,9706.497210716989,7721.651653238828,60.0,97.70999553912806,8.0
34204,32878.31490208874,10594.826415693342,46.0,116.55146094636204,8.0
34205,65577.37006929785,24881.0903038088,63.0,122.05607420340647,8.0
34206,25381.948283866135,6930.512400295848,68.0,116.73326550727063,8.0
34207,52971.92733182341,14871.775274308728,223.0,125.87472499552862,8.0
34208,26777.863403875115,26048.679770625306,-282.0,103.15616987464122,8.0
34209,22711.557167786115,1181.0852774091088,110.0,122.698387471031,8.0
34210,61547.93341447409,3554.277082258381,154.0,128.43256550630792,8.0
34211,39235.01534838146,3138.759361450261,149.0,136.19325935460125,8.0
34212,24677.558406895132,17108.284909666894,203.0,107.5469320498842,8.0
34213,9973.70727954501,6511.613158278739,56.0,108.71685574705114,8.0
34214,20392.444785390093,9454.312655209107,47.0,108.7240437093669,8.0
34215,41119.119422142845,14047.53697210134,220.0,125.3534097237837,8.0
34216,58199.33125867116,2889.031255151897,158.0,132.74591909541164,8.0
34217,58678.524456570616,16229.05645442789,63.0,120.01796303541076,8.0
34218,53460.54836386237,34729.64030265492,180.0,118.26455983220853,8.0
34219,43526.53071808896,11940.996186561657,157.0,117.7351611004479,8.0
34220,47948.952023715035,1733.7505359482914,24.0,122.1408964245795,8.0
34221,27835.28858971906,6666.15528551389,57.0,113.24793827870275,8.0
34222,21387.778167638346,13951.874437211625,-94.0,109.18051958604012,8.0
34223,42776.26467634313,1850.0424617115048,92.0,123.22669242717068,8.0
34224,36915.50390018911,12549.11226266409,15.0,119.44145329871817,8.0
34225,35252.57406807266,13493.961981446655,88.0,110.4579960598434,8.0
34226,39976.86119470941,5210.539840155795,46.0,116.30868752220114,8.0
34227,43545.34954650781,20391.945777777233,197.0,127.73881764968165,8.0
34228,43942.386846778594,42284.11284189667,11.0,120.78344362117282,8.0
34229,45484.9595901322,3472.1810442158503,133.0,124.32842515080272,8.0
34230,33406.86867839248,8269.726637570502,172.0,126.72820946756383,8.0
34231,51735.487117746045,924.8405611562778,28.0,136.05076818207894,8.0
34232,26746.731408808908,1182.9094930802112,137.0,117.7284604264351,8.0
34233,67484.23700454822,28436.071916947272,31.0,119.7282522764946,8.0
34234,40567.19189541657,2398.1686375596287,222.0,129.61970389989966,8.0
34235,43337.77837243068,22311.13439805005,92.0,111.00967071415013,8.0
34236,31085.10501164369,11386.353901847391,74.0,112.7620265893858,8.0
34237,35359.85898165092,33684.841385826396,44.0,119.05688270009912,8.0
34238,40523.72976907627,3682.60793119168,53.0,117.87222310362597,8.0
34239,47032.69247234563,34239.97886311542,87.0,119.02511436704447,8.0
34240,20708.16844179484,737.1423652003999,99.0,115.18696059611374,8.0
34241,47716.010298013265,2869.787200450542,119.0,129.36841659653135,8.0
34242,7595.080510188843,1473.3032198345952,9.0,93.61110232727135,8.0
34243,46688.647520511426,36098.42217678729,233.0,128.54904509896872,8.0
34244,43737.451575464336,733.5077197226918,3.0,120.78747199248353,8.0
34245,19162.610397862583,735.9329886095953,22.0,112.07234950516086,8.0
34246,28902.38053302206,1180.6833002602496,158.0,136.56758127507683,8.0
34247,40757.946367966986,18514.136545843878,46.0,120.31393689946933,8.0
34248,34856.7396575319,11316.05984276644,81.0,114.30852173303494,8.0
34249,34554.46020261207,10189.986761246808,25.0,118.47940746158386,8.0
34250,19018.49697989616,924.9346961128967,42.0,113.3025093539814,8.0
34251,29705.729521541314,734.9589987446249,9.0,116.15801184146818,8.0
34252,52296.30049867727,28913.429521817536,187.0,116.5137604124134,8.0
34253,31623.394502372026,5242.9132656096235,45.0,111.1762841636051,8.0
34254,42646.75619696185,1849.6156131107045,94.0,127.23256312379877,8.0
34255,29364.628017178562,5479.380667887621,16.0,122.03733738312943,8.0
34256,30664.492166695458,13032.678830217676,170.0,109.98856452357182,8.0
34257,14046.863301586787,3089.653023354624,70.0,110.71119252030523,8.0
34258,33334.96040861754,3143.51732318,162.0,121.77319840641023,8.0
34259,41809.923802694095,26561.66811379836,329.0,108.47998162376449,8.0
34260,32297.740894860926,3085.1853793886803,70.0,116.16617743935664,8.0
34261,23094.839327389614,18516.771612064094,47.0,105.65430036902808,8.0
34262,45120.16804092835,737.2879258523562,204.0,134.62259236844602,8.0
34263,46164.11725004644,29153.516779204125,183.0,122.45015327498437,8.0
34264,20224.065958457624,3800.427777181981,61.0,104.59133065785376,8.0
34265,38783.05311408658,2366.2585205030396,178.0,121.36868307706219,8.0
34266,17427.622538465836,8829.09794065794,24.0,108.13189230032654,8.0
34267,54728.0031600094,3978.9513921709326,150.0,127.8776912243657,8.0
34268,31982.088492777457,10588.997796548032,218.0,123.46200244366193,8.0
34269,63433.52590451006,740.4692555765407,38.0,126.3246873287997,8.0
34270,33735.275868901204,735.9913104730375,93.0,125.72196512343858,8.0
34271,25378.528982171025,924.8971238748952,6.0,115.3569772894713,8.0
34272,26365.0059341035,5471.356586438151,15.0,116.91953741575747,8.0
34273,32248.113781016356,27125.225074345657,73.0,109.20008828936496,8.0
34274,43095.70818581217,734.918783215159,103.0,133.70552988477172,8.0
34275,41929.29657266234,7431.709323761655,42.0,124.16778523001483,8.0
34276,46324.3353553011,1992.0958177301318,37.0,125.958679602253,8.0
34277,61512.0697035399,10574.154579410622,450.0,133.00975963218772,8.0
34278,43835.66310033873,6890.123016229575,30.0,122.01091163438372,8.0
34279,52547.590474178745,9366.653719585714,63.0,122.66554382639556,8.0
34280,18512.97147847871,8324.218549739666,160.0,101.8569613845726,8.0
34281,44372.256888009695,1992.6812463193291,18.0,115.09330652168585,8.0
34282,60620.36617599171,3553.279766121013,239.0,131.68052970409175,8.0
34283,31481.364272811934,9278.37088527603,126.0,112.967246895948,8.0
34284,28210.612430459143,10467.883705276245,55.0,115.56524520551437,8.0
34285,18913.09479245072,10636.974576964465,9.0,106.21906045462347,8.0
34286,33981.919423364554,7601.548325276806,45.0,112.44260197396869,8.0
34287,58040.91161172997,2871.7247191816064,46.0,132.64454317645934,8.0
34288,44357.644258026565,7543.702732258016,39.0,112.10345793690414,8.0
34289,60078.66887160249,39885.25075572106,72.0,121.38729660592638,8.0
34290,63008.407879577055,1989.1782854529354,393.0,138.755793128017,8.0
34291,29639.833492703943,13323.542266488374,120.0,118.7106512862477,8.0
34292,39311.62634124568,734.2783674396566,132.0,148.9362305793295,8.0
34293,31583.40859884551,12355.893245281008,159.0,119.48389840504501,8.0
34294,52125.164670752514,8834.441688608107,58.0,116.91750006806865,8.0
34295,57881.4680241206,1180.034591404477,78.0,126.24647629983886,8.0
34296,40584.64317776227,13277.246629960871,316.0,129.18778496018012,8.0
34297,29511.492005369608,2366.710136297146,32.0,118.67429832575577,8.0
34298,26643.903155996053,15034.171546059923,39.0,110.98005851838546,8.0
34299,52895.63529842749,924.9798032046004,228.0,136.03667044511124,8.0
34300,45278.41045791674,28487.825422971473,412.0,108.09894000052239,8.0
34301,54286.76278014924,35754.74225671436,161.0,114.9179371176898,8.0
34302,50083.03277107049,924.9739143495252,49.0,134.40359612959256,8.0
34303,40198.83452615147,26732.659460818544,147.0,126.93541920785597,8.0
34304,15269.296770401006,1990.559984713943,11.0,101.50886401679254,8.0
34305,28418.541237910205,11988.296269646411,73.0,110.7051613195271,8.0
34306,25760.209667359835,1736.0770192583993,78.0,119.23695680483266,8.0
34307,56442.362554356914,33334.03009459746,353.0,130.42997433900808,8.0
34308,32191.306131942034,7831.958428090706,280.0,118.85498735615947,8.0
34309,28711.409781979088,4782.718146797394,70.0,108.48858375602877,8.0
34310,27927.571961310885,6279.249299737546,395.0,127.69570050033411,8.0
34311,37931.94974510783,2391.661597803126,31.0,110.02274906336024,8.0
34312,49611.40830916139,734.0886028077949,128.0,142.0117979226563,8.0
34313,44064.868093407604,35789.268853763155,153.0,109.60245323207042,8.0
34314,33024.031630010046,734.706058066343,67.0,123.24556858505713,8.0
34315,53981.01781982088,40972.42309421519,128.0,110.83297403713432,8.0
34316,56413.42142326924,54475.96358521679,-153.0,114.11061446149913,8.0
34317,29098.6149076616,9966.253948180192,85.0,120.8391032602621,8.0
34318,51496.86873269287,23046.53416911315,346.0,119.98833839400521,8.0
34319,45308.00143131086,10415.116056346898,181.0,116.05651583914477,8.0
34320,3772.1953632786312,1849.736621057954,2.0,91.5669096664937,8.0
34321,33814.462856044396,924.9397642660598,83.0,133.76719979984352,8.0
34322,31525.0977262151,1849.8493601861596,108.0,127.59859277155748,8.0
34323,39779.895904878475,5549.854320723928,251.0,126.88460059967113,8.0
34324,35424.309990180496,9278.471145441863,103.0,115.85376915258517,8.0
34325,53985.65431739911,3541.7815874022094,70.0,118.94121436412784,8.0
34326,34265.41548098524,10589.469249695792,23.0,112.9718230650194,8.0
34327,43735.83662566994,39127.52113668769,-29.0,111.09593942312068,8.0
34328,12225.471458771737,1849.7395106974777,37.0,106.67223367989291,8.0
34329,51003.50108736652,7436.002864538428,55.0,121.31349791969754,8.0
34330,3680.7196713417543,735.7956458578299,20.0,94.99653802709985,8.0
34331,44915.880141489106,1735.00405316651,26.0,121.11996486810168,8.0
34332,19653.028014478343,924.8971238748952,6.0,109.42552289440762,8.0
34333,32290.978388310814,1735.9393515159538,143.0,131.80628224106945,8.0
34334,39783.98318168351,2884.9283513290566,111.0,127.68387301611956,8.0
34335,25148.551542164998,924.9549151661402,8.0,113.45884686523038,8.0
34336,26737.477066268057,5860.915566928205,51.0,113.21184406533712,8.0
34337,35389.14492283223,735.6295461907159,20.0,119.03632595752282,8.0
34338,19548.5294377127,5482.281118554511,148.0,117.15448089171007,8.0
34339,10250.699971377739,8265.11336038949,8.0,105.71942202659096,8.0
34340,60347.03507291736,9412.058868885655,420.0,131.79524521070948,8.0
34341,34349.55423331376,29744.349140008275,-75.0,107.47777918490917,8.0
34342,13029.414947475096,1182.4758398953313,56.0,115.98104719321941,8.0
34343,36678.99967746691,2211.1251686187497,224.0,125.4535373554206,8.0
34344,53111.46710045105,1849.9012636788325,70.0,129.3069415724342,8.0
34345,32121.729640544232,10583.622528724674,97.0,112.29592704304389,8.0
34346,20017.111092746396,8267.38795197249,181.0,121.59678857127528,8.0
34347,38707.471378034475,1183.4055681348527,148.0,128.52713294663988,8.0
34348,57238.529877281966,36475.91390096019,111.0,116.57111126779017,8.0
34349,30949.635431118877,736.2679510512454,54.0,120.50417655303238,8.0
34350,8829.731086983107,2870.614866340763,73.0,108.6288841085628,8.0
34351,59173.190340152534,2871.4082438972914,37.0,118.71905340646386,8.0
34352,29080.12778655305,9565.606803216971,314.0,125.43519078352429,8.0
34353,36905.2139223917,738.23658001129,18.0,126.75456323455307,8.0
34354,35637.828738927376,13308.263087191535,499.0,129.9344630179283,8.0
34355,44924.51410042044,25874.361953965865,101.0,120.0626138255313,8.0
34356,42036.77071384517,1471.274468699349,44.0,121.87881382689983,8.0
34357,43417.68358811969,1180.9712271400126,99.0,126.47240879571052,8.0
34358,46753.179548378976,2367.8430957177056,168.0,129.9018591593649,8.0
34359,36502.78664503447,1736.454533515863,17.0,116.09884653232076,8.0
34360,51807.48958944116,4038.216159673747,306.0,131.6407366443978,8.0
34361,55894.37214267424,25971.04209487213,315.0,126.95034922785081,8.0
34362,65601.64289330808,1185.6189890775854,36.0,121.77386450219586,8.0
34363,36661.99512460689,19505.677245946958,176.0,110.72619693336996,8.0
34364,42885.81238952184,1992.3543670146655,29.0,125.32511973808892,8.0
34365,52952.19976372698,32449.76717815183,346.0,117.01826632975516,8.0
34366,37681.09793750095,16798.96136932135,85.0,116.71052432527344,8.0
34367,26588.299634718285,6632.030538210615,72.0,115.36320804277652,8.0
34368,57203.45705856129,2359.2077573387505,79.0,136.99892493865343,8.0
34369,28229.376616552396,13383.81472288145,198.0,105.93570874254615,8.0
34370,31351.92361487124,10975.423636275611,88.0,112.65691697296563,8.0
34371,56582.96374443425,10995.256706767645,151.0,114.6617096284035,8.0
34372,25453.87944947016,18027.570046835666,-114.0,117.44374483442733,8.0
34373,39909.10814377287,22898.427232214795,490.0,134.67044175601677,8.0
34374,65907.43350405489,59246.56458710304,80.0,117.25400430738762,8.0
34375,26077.484574745864,8689.062460647125,108.0,116.51274997012756,8.0
34376,30849.869851818094,1183.5384311733058,101.0,123.40160297465081,8.0
34377,53627.911406528016,732.9534211607221,238.0,138.50753693635505,8.0
34378,37259.369778989574,925.0338468821476,15.0,124.08937229224796,8.0
34379,34266.66634042216,20081.94335077621,420.0,129.22028884002316,8.0
34380,46324.257769183925,5598.043054482079,61.0,129.8068821887535,8.0
34381,44645.780240742344,14791.981895437584,171.0,138.56401164916377,8.0
34382,9706.691989925286,1181.7706407581175,38.0,106.16475317166739,8.0
34383,25780.567628545803,2209.7067796141896,111.0,120.05676428379414,8.0
34384,40319.82177653184,925.0833237164046,63.0,122.40796272639388,8.0
34385,35586.982665988464,738.1310450497123,121.0,130.19750952091317,8.0
34386,61164.237253878695,925.2072644754535,93.0,129.8674520579277,8.0
34387,19890.361817314522,11786.815749194675,-22.0,104.08462032249136,8.0
34388,52272.357879923045,924.7333913231233,47.0,130.04256816042863,8.0
34389,42649.72780724595,3700.0545981235105,37.0,126.74584916364178,8.0
34390,43636.344412943195,739.8529396350156,116.0,130.66132817094828,8.0
34391,31270.598293365576,735.1042259141393,52.0,133.40952086616997,8.0
34392,66112.09546678829,3555.0043894289774,236.0,132.37324806944343,8.0
34393,44144.54725994476,5243.07165074106,90.0,124.10009491529169,8.0
34394,27404.612023861864,10965.665179523368,73.0,110.72722595714197,8.0
34395,23503.22795325862,2362.1409753162898,176.0,123.14833095839842,8.0
34396,43900.2548592012,1180.2489769776716,69.0,123.35606101489041,8.0
34397,40355.4207327652,3979.57453772479,184.0,128.01640424329426,8.0
34398,28825.874701401946,5214.006428644011,136.0,106.44716697510876,8.0
34399,12969.79106953156,5549.534552063797,-13.0,97.00466604252108,8.0
34400,51802.62694819457,1180.9286682364823,77.0,134.49871946132416,8.0
34401,34776.88204195875,22485.326175357313,64.0,115.64653609691703,8.0
34402,15930.532941769918,4854.212248404499,198.0,118.78701366372215,8.0
34403,32521.571403858816,15906.147198946544,186.0,120.37163467986247,8.0
34404,49760.126351928295,9439.706052241105,406.0,132.2719100423464,8.0
34405,35960.77651268307,15074.12628344546,51.0,114.55740538042564,8.0
34406,31270.132573919043,14114.839161551146,176.0,111.58158897089552,8.0
34407,58627.68454366681,16231.559916880291,65.0,123.77685219437204,8.0
34408,36984.00392746974,17916.09220522338,109.0,120.57263102797896,8.0
34409,51905.5521317674,39109.21554043909,87.0,119.17582703402738,8.0
34410,10821.141952922302,924.988866420181,-2.0,99.08559947954198,8.0
34411,59640.527416170684,2890.4623979514627,262.0,133.4204220611431,8.0
34412,29011.19221256753,20560.48620660232,354.0,126.27968096531308,8.0
34413,54648.14600919097,20400.91853600437,187.0,117.56141094771003,8.0
34414,7111.9916995716485,5972.396025372275,35.0,110.12756193411796,8.0
34415,28818.053793728945,27087.284168161597,-6.0,109.06289864293987,8.0
34416,11556.15398321541,1182.1424148834487,2.0,107.0103256306358,8.0
34417,65800.24020282866,1746.044472145184,128.0,133.1383265383775,8.0
34418,31852.505190403066,30162.826836205386,61.0,118.26151650921065,8.0
34419,68332.80893293077,925.1565660132339,35.0,123.45427186271436,8.0
34420,27202.250413805275,2366.6706479939407,29.0,116.23351223219697,8.0
34421,49481.51757057328,12944.415775009404,55.0,115.7308247407248,8.0
34422,31596.055835616244,19357.46446846893,74.0,111.09960646741722,8.0
34423,54103.113259951686,5205.056854827287,115.0,132.943357172554,8.0
34424,48922.97020465961,5119.725452219473,29.0,126.3736721885195,8.0
34425,47806.02185766662,34358.72400257741,78.0,119.47330223513711,8.0
34426,43219.2087119802,29130.35131891835,81.0,122.16228444927177,8.0
34427,26003.358418498265,2884.9313158378764,47.0,110.45476513015427,8.0
34428,61830.27214545537,3538.572328098044,202.0,130.5690577581367,8.0
34429,60069.29695927355,731.9481573275011,31.0,137.05227339921205,8.0
34430,39615.225854364864,34158.556431516416,-140.0,107.50411605500652,8.0
34431,51940.68396754986,39251.541252541676,32.0,124.28524938731063,8.0
34432,11099.071195786448,10174.17888430537,0.0,101.61283953719916,8.0
34433,28364.268731471366,924.886982340309,200.0,129.41205909444147,8.0
34434,41457.9768531783,4126.106011725306,170.0,122.27095338295591,8.0
34435,49877.011675116344,2401.749387801246,145.0,135.09181588623161,8.0
34436,59182.87943987562,732.4443436221796,158.0,136.03480465454751,8.0
34437,23885.87434680488,2362.9798159247616,57.0,114.55359572831682,8.0
34438,15672.388078929542,1182.9241977373351,68.0,120.46889706134141,8.0
34439,45352.489882527254,7082.965231446581,186.0,131.46365815123895,8.0
34440,49711.78152038168,1179.8366538287137,64.0,126.5466091489793,8.0
34441,28477.68005635598,6966.478811821561,139.0,108.08470551021027,8.0
34442,42580.96389793616,18247.04986748775,139.0,113.7989513331396,8.0
34443,19023.70703397283,737.3692328853779,89.0,118.74632988160693,8.0
34444,37582.31365233167,20648.510578347752,93.0,119.05555617636219,8.0
34445,37993.62994566495,23902.33741128633,163.0,118.57477583473624,8.0
34446,9268.65966410718,736.9459234650429,12.0,101.56608225516453,8.0
34447,42971.57767527452,8317.902562362784,210.0,124.44520202324571,8.0
34448,39540.91734622222,17909.654520759843,265.0,131.50548564980784,8.0
34449,44725.214956394644,1733.556794773792,72.0,122.29285505380366,8.0
34450,43856.32164959936,1180.2657141060288,278.0,143.63942664549523,8.0
34451,49642.91889929305,42706.85955166607,11.0,113.20519894057567,8.0
34452,64917.76988303647,8728.998461425857,104.0,134.05648945469954,8.0
34453,49865.45561313426,18528.44492743698,27.0,122.33786651702815,8.0
34454,38910.746374497394,2774.9662607458686,311.0,131.10020636336895,8.0
34455,47863.61618138945,5491.2282600473845,33.0,123.3627943027926,8.0
34456,56932.518301872464,31306.59310635561,127.0,122.78145023356363,8.0
34457,36500.54253323412,734.6680398092508,40.0,126.48861847912914,8.0
34458,55292.221319382115,4599.655347746922,68.0,117.86577008567318,8.0
34459,27225.445076737524,5223.873670151033,104.0,121.9918814532388,8.0
34460,41632.08037996092,1183.4055681348527,148.0,129.06620249024883,8.0
34461,62332.76663955652,2369.757933188503,62.0,129.56291339878373,8.0
34462,39156.26598043267,1471.2504969617119,17.0,115.880482315029,8.0
34463,12930.692335887277,1182.814294232296,19.0,105.88699021761606,8.0
34464,16783.70605904871,1741.2061496242113,43.0,110.59607303240094,8.0
34465,60386.23792517361,3138.468607992184,16.0,129.64301438984438,8.0
34466,24985.643192636708,5850.114113571032,139.0,120.29310807572165,8.0
34467,48100.37056955777,12023.360570926741,98.0,114.06347397634752,8.0
34468,38362.33001599634,734.838135226501,215.0,134.10609560157002,8.0
34469,29438.193100567398,15182.933988047282,141.0,108.21733153820053,8.0
34470,51515.9371568765,6844.06224508695,103.0,131.97537566030354,8.0
34471,45035.23624429427,12377.73743112092,54.0,113.53297097665514,8.0
34472,52849.99487068131,924.9467606055633,44.0,129.27139589293805,8.0
34473,29304.119412697426,4854.622023910229,220.0,121.40879294727479,8.0
34474,36958.690176539334,924.8598729315023,41.0,124.09414652951642,8.0
34475,39180.73222782854,24919.87384322303,-139.0,112.95379116217342,8.0
34476,47363.503128784774,9823.820838823223,138.0,127.96331079224305,8.0
34477,21834.08539436452,735.3070644578947,55.0,116.81833032741845,8.0
34478,37135.994393732166,6638.981815380952,58.0,112.81141946969886,8.0
34479,68404.46758831025,7594.645556775232,156.0,126.79355095098923,8.0
34480,52849.18387151741,6515.9498388472175,213.0,126.01235794691675,8.0
34481,16141.354791268162,8561.879262695691,-49.0,106.55076915899433,8.0
34482,23164.25795444065,924.8766336674661,52.0,125.23515421221933,8.0
34483,52595.29442871782,3553.330331496306,9.0,123.74445329236217,8.0
34484,41233.99424100833,21590.680254267143,235.0,109.6448447852359,8.0
34485,30057.290258234978,4617.672741967285,180.0,126.81409006134584,8.0
34486,61593.68031736194,13744.254999492048,164.0,128.1710595338493,8.0
34487,53962.99979467907,1745.5878331019387,78.0,122.57765366242552,8.0
34488,39055.69705594351,737.3930439381733,116.0,128.08686436899492,8.0
34489,42007.65772353218,924.9401038183564,62.0,123.39950023375654,8.0
34490,67877.2353058544,1179.7027260769025,49.0,118.04117777191604,8.0
34491,22763.061552021478,4731.971109209247,87.0,110.29709864705221,8.0
34492,57195.45549380137,3979.1657432025036,93.0,118.05765121141567,8.0
34493,45655.11043013819,4055.9199268767125,9.0,124.63000472732841,8.0
34494,67322.75446633084,3539.594693320601,126.0,127.1153370189677,8.0
34495,16205.33301610036,5155.919362927399,17.0,106.15348070436987,8.0
34496,43252.35992679435,12377.863500235924,113.0,117.94085026161616,8.0
34497,56691.55802985476,733.333179774834,143.0,135.02708570126785,8.0
34498,37762.38418325963,2211.3233494172678,206.0,128.17184690078054,8.0
34499,49028.44568110412,14799.67253329494,217.0,121.75867663439868,8.0
34500,49474.70256725299,16205.380606497549,130.0,115.01559408734151,8.0
34501,29634.748878845123,924.9252342786516,82.0,122.0889215575591,8.0
34502,54254.95250754245,12125.717894791145,424.0,117.73002104865034,8.0
34503,40871.959870048406,10352.65327304541,91.0,123.60758331707481,8.0
34504,17821.944070789643,735.8062953911009,108.0,121.38261102995821,8.0
34505,48848.94028747397,1743.7668537194434,101.0,125.93240932960973,8.0
34506,51341.459079493965,924.7261136632413,51.0,129.81313713264555,8.0
34507,18853.163911052587,7114.9231654342275,310.0,123.20930287857448,8.0
34508,41252.286138898,3143.975234560449,57.0,117.07046200328097,8.0
34509,20703.394840361987,736.0523785555544,15.0,112.4821322822511,8.0
34510,39861.713462875035,5153.217901037926,498.0,132.9971240258663,8.0
34511,37733.12699120712,26042.361457937328,123.0,107.60953961432864,8.0
34512,34166.170878808,734.0688145522552,123.0,129.17585801260324,8.0
34513,40708.01132622911,1184.272402923474,12.0,122.53575654784653,8.0
34514,53341.26305370641,924.7251291917835,43.0,130.1718437345594,8.0
34515,19355.377986140116,924.8873518094916,42.0,116.26049193783088,8.0
34516,43554.50621778041,7083.048207522481,191.0,131.22847548983572,8.0
34517,29227.29733516011,9018.797306248603,76.0,117.90790114471366,8.0
34518,38909.23213430512,2774.6676331769995,80.0,118.70861633422962,8.0
34519,45506.29584895821,4040.6300570148314,45.0,117.99919124548627,8.0
34520,49219.281387197254,2774.8709864866714,465.0,136.6612710406024,8.0
34521,43120.653001261846,5490.205381634042,55.0,115.70126228996541,8.0
34522,27702.516579129147,7865.193458100893,24.0,117.08387600181031,8.0
34523,26557.564752436065,9817.219719379957,25.0,121.06706818819083,8.0
34524,9955.00484008891,9102.214078435312,0.0,100.65637949108282,8.0
34525,51282.28249932126,9002.5569423183,449.0,140.71390786330446,8.0
34526,40910.898229112216,2362.5259465813992,145.0,125.6510530801605,8.0
34527,39186.06276257685,6694.21743304282,531.0,132.53418127161018,8.0
34528,8699.127482509848,3479.8935560853774,-14.0,103.83177137466262,8.0
34529,32146.677832975296,21909.66694656684,204.0,121.27971240342042,8.0
34530,44662.34787944932,925.0419251491562,8.0,113.77381478951204,8.0
34531,20743.13302692967,736.8806890828397,15.0,109.71237590412537,8.0
34532,49390.30263561124,27879.77060345236,139.0,115.67914979833378,8.0
34533,50894.05037098495,31844.150241471903,100.0,120.86406463359043,8.0
34534,63928.02750901164,24879.840768565828,31.0,119.28292820677457,8.0
34535,46435.18232521117,1181.1306309205013,100.0,139.13493761426105,8.0
34536,59193.95831974894,925.2254119288286,9.0,120.5675765640877,8.0
34537,28722.344126254895,21366.395540611993,68.0,112.19089571746285,8.0
34538,41047.04567233737,26022.357847096584,51.0,111.7810558034629,8.0
34539,26702.259642492758,6339.582718000224,124.0,111.14162247985607,8.0
34540,28237.230405028058,924.889958030693,5.0,113.81115636536285,8.0
34541,11693.851555589015,10820.00649713653,-14.0,101.80487493339044,8.0
34542,35203.97000074952,2876.8954756080484,45.0,119.16797280473241,8.0
34543,37652.940131937685,8247.145855925748,267.0,116.7884645507285,8.0
34544,28318.823021895787,16761.80183486862,61.0,111.05276180261274,8.0
34545,13700.158332180601,1740.4031128818544,54.0,110.52478442934111,8.0
34546,51807.43418316795,6290.038961770069,76.0,116.74624869267154,8.0
34547,11821.434331640434,9456.54171409988,21.0,103.61628265400947,8.0
34548,29940.851783463244,5756.332558284503,40.0,118.77294860524033,8.0
34549,36260.19177316339,924.9546245488566,35.0,117.43862856125051,8.0
34550,32470.975134964232,5740.569111436335,324.0,113.66526493934717,8.0
34551,42258.615557426114,6698.614767131647,210.0,125.02335161606372,8.0
34552,66795.48633256587,11082.871214231345,206.0,135.82546463853785,8.0
34553,26832.533760569986,14816.83211863118,170.0,106.68317493189,8.0
34554,55684.543298143864,48139.8695523807,143.0,112.55188269260209,8.0
34555,57750.77645889783,17056.877360710867,63.0,120.34587095869973,8.0
34556,26379.42133310949,9257.15193074064,208.0,121.1617618905009,8.0
34557,41351.16483560448,2360.833455696465,334.0,133.12007571367786,8.0
34558,39788.469639687435,2209.8365302181905,164.0,120.46044334894913,8.0
34559,15149.381569255112,1182.4758398953313,56.0,117.98115119070275,8.0
34560,23421.959145715384,1183.6047138418242,142.0,121.24252724284746,8.0
34561,56412.33917659377,5750.935000514076,74.0,128.8089325626799,8.0
34562,19182.240073705347,4043.6196996830317,349.0,125.20630154293696,8.0
34563,21272.69133068473,924.9585836555328,107.0,121.72613406562238,8.0
34564,33194.59075605223,13355.367513661296,113.0,119.66161770006221,8.0
34565,24813.445078656037,3543.5347407790205,33.0,113.15011281658444,8.0
34566,40862.45148507566,6332.286959780083,53.0,114.749723118256,8.0
34567,44367.33940790506,2368.0414214583056,192.0,128.79895063077947,8.0
34568,62016.14431712878,55357.06970981389,80.0,116.86267545680482,8.0
34569,22307.834727020247,2774.676141249714,273.0,125.71836987545166,8.0
34570,60075.88828679481,2359.7250650903434,13.0,124.3420748583938,8.0
34571,58081.902098995975,3145.514192463183,220.0,131.19422588024645,8.0
34572,49491.73181780239,924.9768329715921,95.0,135.77932060324605,8.0
34573,63911.33496866886,50905.14892027943,99.0,120.08950616053741,8.0
34574,35576.6453804322,15078.998266380071,319.0,118.42794424250032,8.0
34575,14987.945172669813,4513.74327044337,193.0,99.48503461361213,8.0
34576,39809.79787668935,1180.7488022360521,80.0,128.5523761535928,8.0
34577,52613.55346479037,738.273295253402,108.0,130.95904512543098,8.0
34578,32529.19288817828,27951.025289418045,21.0,109.56462600711227,8.0
34579,29277.708457942932,28631.34582128843,-487.0,106.15308842076026,8.0
34580,30555.835602620675,924.7933134006928,82.0,124.55212566774946,8.0
34581,33227.15465030139,1741.996354509628,127.0,114.46528604523303,8.0
34582,45550.03317430273,2366.924343121126,213.0,124.43515498420774,8.0
34583,50346.14476692793,3139.1361770992316,46.0,125.94880136815777,8.0
34584,30274.34287381298,9253.165429345312,27.0,119.67824572723782,8.0
34585,20221.0010982378,15648.582603611818,46.0,104.05872183356718,8.0
34586,48510.908537588875,3552.6799058945103,16.0,120.30348835250369,8.0
34587,41486.62699057976,1184.2681404588925,25.0,116.76619771477549,8.0
34588,37554.228360791974,1180.556763283648,20.0,122.56733035036594,8.0
34589,50389.10213636077,3984.7781164018256,90.0,121.68510636366763,8.0
34590,59192.60462741451,19911.39437913271,44.0,121.61073340040075,8.0
34591,33723.5991778157,10690.009230876132,45.0,119.09316720962029,8.0
34592,32300.57272946395,12706.991537206877,200.0,113.20797710922074,8.0
34593,37379.66820447093,3087.4645976672355,136.0,126.89800184670082,8.0
34594,59051.94498932838,5899.343360215387,180.0,133.16300188224332,8.0
34595,43181.7023652999,7545.705754922476,113.0,115.62677492693378,8.0
34596,30396.08230938668,10688.532324791746,73.0,110.16272197074142,8.0
34597,13310.557871122905,1738.5409955464766,20.0,103.0687705191373,8.0
34598,50698.869612393064,12121.392299063165,145.0,122.26899147529693,8.0
34599,37613.66264458845,16967.08762082545,186.0,107.17078154789807,8.0
34600,30233.12497836547,6842.827583341464,194.0,126.33572597272868,8.0
34601,36061.448186669644,4305.879575476363,74.0,118.40414125306243,8.0
34602,59907.31189201091,924.8423331042163,94.0,140.01770898153214,8.0
34603,23637.529646571464,11537.046133580334,173.0,103.93437495983272,8.0
34604,65776.55931555368,925.2254119288286,9.0,122.44080034232525,8.0
34605,43689.71575899838,32879.275591846366,383.0,129.04043967783542,8.0
34606,26749.26219638256,1991.846689302272,30.0,115.77824282112735,8.0
34607,42706.96150142765,18421.41493502269,174.0,111.82072695378568,8.0
34608,18508.157070847374,2393.490705705781,45.0,108.37707423693774,8.0
34609,41753.9996741192,3086.236432644376,235.0,128.8204682563265,8.0
34610,35567.10736285356,3980.60297372715,115.0,121.03082906642466,8.0
34611,30564.755427971944,9799.761721097058,111.0,106.84910452133862,8.0
34612,4609.966318956295,2881.1077197665923,73.0,104.03997362495198,8.0
34613,20751.970549360416,9013.960821843077,303.0,122.95194017037977,8.0
34614,34457.033908982135,8832.89193987169,101.0,111.6200060443548,8.0
34615,38007.70327823815,20387.665633567733,64.0,116.73293730846883,8.0
34616,30475.13094823057,7723.52616229838,165.0,128.060714606976,8.0
34617,49445.95692020391,734.1430536424451,51.0,124.92927863854996,8.0
34618,39932.554810195994,9781.498482975247,86.0,111.2676254795111,8.0
34619,38178.9021809939,22308.08912351925,183.0,113.66919815068584,8.0
34620,38137.1696761,5970.299596680973,45.0,123.29491445500936,8.0
34621,37113.52094688244,924.8312247573087,35.0,117.5686022229008,8.0
34622,49707.5375292488,1990.096389580428,59.0,118.58723226883956,8.0
34623,63151.15688941297,1185.2836076574456,27.0,126.45855199855843,8.0
34624,24718.34391826356,737.0890618607439,46.0,119.21739879540308,8.0
34625,11080.751199924467,8149.650185856827,17.0,104.99960121024715,8.0
34626,46661.831724091055,10184.702341717983,182.0,125.15171600814696,8.0
34627,26257.507111561554,15446.64603090296,95.0,106.8351829888677,8.0
34628,26377.906129632316,25658.329498257383,-207.0,103.7862969501517,8.0
34629,26791.197050349252,19209.07664427595,191.0,107.15904891568259,8.0
34630,47373.32670214959,5776.7882139116,9.0,126.36692262964647,8.0
34631,21903.503968661953,2394.0071548239343,11.0,115.06742925551434,8.0
34632,54082.252812595776,925.1514750259515,120.0,130.763969118597,8.0
34633,36561.64979108557,1740.7352224739143,122.0,125.92293340308703,8.0
34634,37721.19088703697,1990.21892163335,107.0,114.80146333597803,8.0
34635,63152.23935174708,41973.385174744115,72.0,123.13075001339679,8.0
34636,40763.59485853002,735.8218655683054,36.0,115.55305994522328,8.0
34637,12689.376416019715,1182.1887168003589,11.0,109.05152460671106,8.0
34638,23040.050947097636,1183.2545972589674,32.0,112.5199334528327,8.0
34639,50404.26158072806,33383.68499125999,183.0,123.19713981542864,8.0
34640,55658.872663343675,3552.6622453713785,289.0,132.68322336911038,8.0
34641,29366.94645582903,3473.302810269629,111.0,119.71032263932997,8.0
34642,13732.52033632241,2366.099631050163,211.0,122.0578930553311,8.0
34643,29409.87894810884,16731.280369909386,32.0,118.75669202355367,8.0
34644,49379.056383725496,3553.2101708427363,15.0,122.69406079327653,8.0
34645,45476.23943140718,1989.951911514269,22.0,116.97447395844813,8.0
34646,28889.03925296575,738.002636514471,53.0,121.32641993545877,8.0
34647,38382.553496079614,2391.367913310144,54.0,122.08246876246304,8.0
34648,54620.50931323779,1990.0555545400298,39.0,120.65143845275098,8.0
34649,34254.23999071724,924.9258665187198,85.0,123.59901887388676,8.0
34650,36655.05486291148,5237.554480740147,183.0,123.84344668055599,8.0
34651,18513.54008723312,2774.866883973691,87.0,115.19422230605073,8.0
34652,26863.406487196207,1849.9419307621877,110.0,121.2772941168707,8.0
34653,24470.635899602206,5971.311702411411,0.0,111.1260123720006,8.0
34654,27495.34019116423,7419.718196088831,137.0,113.78588264905345,8.0
34655,21322.360542768172,735.0694341661585,142.0,125.93490589834352,8.0
34656,50038.26165045815,30986.4291337182,105.0,120.6322201758874,8.0
34657,22499.962016181642,8075.940874933286,83.0,107.62362072647406,8.0
34658,31162.388468769175,19633.71045697908,81.0,119.37618364662231,8.0
34659,17170.76123087313,737.4707622418641,5.0,105.26656119585687,8.0
34660,26736.495838315765,23293.11411627802,-217.0,107.43222365700457,8.0
34661,51505.70046447447,35415.43854595648,292.0,130.7768634838674,8.0
34662,22968.05975812178,13463.675476334563,230.0,122.94518617375496,8.0
34663,61553.477002023166,40790.0253531206,111.0,116.83455650020557,8.0
34664,14228.128515427728,3982.6400215123604,446.0,125.23994083691133,8.0
34665,24759.734439953758,7544.594200931517,270.0,110.275897304793,8.0
34666,32317.72037142641,2397.3323512415714,119.0,117.62600720546911,8.0
34667,31876.902732985334,14844.290949387674,77.0,116.12690215818725,8.0
34668,56931.77416463074,46341.677837964155,132.0,129.72868326313156,8.0
34669,19124.602841831584,5849.860262622128,98.0,114.68372110593073,8.0
34670,38805.274948237784,17929.30445613168,85.0,112.37863735463269,8.0
34671,35370.37944314605,5893.327200940558,548.0,132.39226117495355,8.0
34672,31347.419556465473,5742.612753140082,92.0,110.52312812104705,8.0
34673,39770.77966244449,4624.435084180108,40.0,111.9787289597134,8.0
34674,42932.88688664948,8299.27922347274,50.0,116.66475916063395,8.0
34675,20776.278144405846,736.9087966608748,22.0,115.60323380168636,8.0
34676,56850.85077677212,924.8181983414726,26.0,123.98714958427476,8.0
34677,59495.24726830233,2359.0788281145656,458.0,130.01001797587233,8.0
34678,54056.10122300781,2871.4692586115702,32.0,126.04123179295526,8.0
34679,24313.12288060912,4794.192495215265,133.0,118.93448800708104,8.0
34680,54695.837893237454,15741.714230804937,344.0,128.93166062859504,8.0
34681,15071.953480114107,9101.321294146726,-29.0,101.40555677734596,8.0
34682,53397.6149816063,924.760081894756,28.0,122.82308239319964,8.0
34683,36070.0321118374,20823.740501194752,345.0,110.31208887098231,8.0
34684,37731.318192648345,11485.798709299283,75.0,112.70076750400176,8.0
34685,56678.28570145507,1179.6237587940498,107.0,139.82668706289593,8.0
34686,52560.47106603887,1849.9185103814332,244.0,133.35412881010967,8.0
34687,48743.0178967269,1989.9511564353652,48.0,121.92842698244309,8.0
34688,53457.54779403853,45004.3392404663,354.0,130.9004709787636,8.0
34689,18924.367952728302,1182.9205794448972,205.0,125.16254557969512,8.0
34690,32832.316187094446,1180.9866728631523,96.0,123.16064131650447,8.0
34691,38073.56354240258,23654.317435913435,64.0,114.28580670773364,8.0
34692,44785.20187598427,1849.6973422435026,38.0,129.57150187231738,8.0
34693,53465.79117654388,6836.546844939564,226.0,139.4929457498938,8.0
34694,31994.669472820726,9710.031482661145,46.0,116.38881397116523,8.0
34695,20991.586282329816,2870.9817758250383,243.0,126.5475942492646,8.0
34696,44358.79352600332,4682.804383077099,49.0,120.6967237913789,8.0
34697,60361.721861514896,3554.036727269473,316.0,134.1422349923359,8.0
34698,53860.85342056731,51900.86640539205,-29.0,113.11048528293422,8.0
34699,56666.07327029518,1179.3430443880175,80.0,131.46606573713836,8.0
34700,47861.16658329916,2886.247872033766,199.0,129.48590530626,8.0
34701,38100.547866347515,25407.690557042235,32.0,120.21995251596798,8.0
34702,47684.9806055618,40518.55282942857,-329.0,111.33232477009317,8.0
34703,54257.44189297451,52272.54907932575,-167.0,111.0226851369784,8.0
34704,28340.802846103416,3481.7171000431963,43.0,118.28554875772456,8.0
34705,54097.02409132853,5231.30894944545,302.0,131.50948261232082,8.0
34706,59556.79832598571,20523.265477768036,43.0,116.00130865050384,8.0
34707,51669.004298940294,1989.5625251066635,32.0,122.76389583642865,8.0
34708,56557.73733730667,5922.579580968078,145.0,128.4056517685184,8.0
34709,54592.90519274116,2775.0159963693154,58.0,125.1593655509813,8.0
34710,52807.00164822791,6638.2496152421545,497.0,134.36796511042485,8.0
34711,43910.622943346665,1183.3894758971358,7.0,115.31943843239412,8.0
34712,38709.2146288718,5772.951345064839,180.0,116.11296530545539,8.0
34713,42335.4899014806,27579.649582836133,183.0,108.4587994138055,8.0
34714,51131.11337946529,13032.169949005356,255.0,121.02596609070953,8.0
34715,12046.798585951707,11123.66197778231,-98.0,103.17669007464397,8.0
34716,45227.66328838276,924.8990190965648,200.0,148.40548292917788,8.0
34717,25493.58734576916,2366.6737195084856,267.0,127.34422475035825,8.0
34718,69668.31724241636,30678.127321155236,-243.0,118.57160021072153,8.0
34719,52508.25933720722,5489.388107504116,193.0,126.27054012578475,8.0
34720,26925.883623965885,924.8286175413389,51.0,116.68474071496341,8.0
34721,57642.38643561922,1179.5778819912164,34.0,137.79726871838557,8.0
34722,36178.80558714395,11369.756526977904,50.0,118.76800576057047,8.0
34723,48505.05110288644,8673.100315781765,614.0,134.8229668625317,8.0
34724,58897.17404965581,48941.672473431936,368.0,132.76004013806036,8.0
34725,62272.8238159012,5490.977927060706,422.0,135.0326615799514,8.0
34726,35672.913160035874,15588.71227349338,78.0,116.3724194416498,8.0
34727,38714.3848461412,26630.273597164945,183.0,116.93593346531088,8.0
34728,40337.16223083373,733.3056731910872,102.0,144.8117748246012,8.0
34729,44091.73484160485,35638.423683109184,373.0,129.47372839987528,8.0
34730,36139.40067589505,25939.52465328289,65.0,120.5505845617214,8.0
34731,55511.75126750608,4720.541397169479,190.0,130.48374647867468,8.0
34732,45340.24786278236,28336.06234790818,465.0,134.2462130329092,8.0
34733,28958.27089411191,21534.900922260298,-48.0,107.74420010324374,8.0
34734,56907.6396537204,15436.612176980321,403.0,130.57099895774857,8.0
34735,42422.36928250161,31602.01095951754,92.0,111.13202761909318,8.0
34736,46344.25062162458,5743.768254592619,31.0,122.69334810456819,8.0
34737,28264.540491932694,1180.7763515245256,91.0,115.24669231078428,8.0
34738,31139.72347992138,9818.655232236615,37.0,117.43404135080783,8.0
34739,45124.39794197466,42800.69546582968,-99.0,116.30497228001181,8.0
34740,42953.73044447204,1849.8384598218745,22.0,122.0232618089132,8.0
34741,20824.844924165092,7445.476059937022,178.0,109.95388120359571,8.0
34742,8324.257987851108,1849.8806606591447,7.0,96.7784395475797,8.0
34743,40757.91115494159,4624.986878117633,297.0,129.15609541812495,8.0
34744,46702.76758205137,1183.2655809159992,240.0,129.97382009047334,8.0
34745,41988.70115988963,4683.356122271082,67.0,118.9313361887559,8.0
34746,31781.06503013686,14756.751521347473,77.0,113.78330115051185,8.0
34747,26525.21655114547,18437.229662020913,61.0,116.73120886913101,8.0
34748,57543.941873517295,17769.604617628564,61.0,117.16017250790313,8.0
34749,57754.37237522163,2873.4791256306285,589.0,123.96733632141661,8.0
34750,40046.99797400275,18863.812977087822,69.0,116.96818361630967,8.0
34751,27903.65164673797,924.9235157063462,89.0,122.16464161561797,8.0
34752,19684.88351286914,3084.73728665615,77.0,114.19149593217527,8.0
34753,38382.583059516044,9096.012661428216,185.0,136.39738291118329,8.0
34754,27088.47588711388,7872.745752441881,186.0,120.12916723851725,8.0
34755,41940.824052331925,924.9507379176952,3.0,114.77696505330718,8.0
34756,53094.17039608147,11846.644769667748,76.0,110.09771635117646,8.0
34757,42530.85770077141,4721.994308568408,118.0,130.9638664457024,8.0
34758,20097.65295431928,1991.6406934318723,76.0,115.62227303439784,8.0
34759,34718.984159697,15935.781966596798,184.0,110.89423017766138,8.0
34760,55440.564866491826,22170.846267977624,66.0,119.18288658276911,8.0
34761,67593.80792148664,21615.85224432211,63.0,123.73633689183947,8.0
34762,16479.31151308864,1738.5294026133217,41.0,109.66988429099656,8.0
34763,36913.659127264655,1181.3341912090448,50.0,117.48849284044086,8.0
34764,22236.090753152464,12659.56519077147,179.0,103.3205908059118,8.0
34765,55567.18643742963,1180.0378103974251,23.0,112.68797651896284,8.0
34766,37451.00897589399,35716.5577973811,-33.0,119.14281419914205,8.0
34767,14026.843005988438,2946.4549531337293,27.0,106.16526789415367,8.0
34768,46360.20961519646,6499.722415219461,102.0,115.74032040810343,8.0
34769,56636.339035288576,1184.4284248754395,147.0,133.78957603530066,8.0
34770,12024.25237487231,7399.555763339903,67.0,96.81168940019117,8.0
34771,7839.890743685664,7095.450280961108,-89.0,92.16562261689415,8.0
34772,41965.24512180482,7361.0387117260525,257.0,131.21452407390802,8.0
34773,27304.14075524791,26589.1501921101,-365.0,102.85176720587111,8.0
34774,37484.389161431485,33438.25185326605,-77.0,109.62955849638907,8.0
34775,31489.61684007817,4735.3874188309155,22.0,111.91687201809526,8.0
34776,54568.612575530984,6473.992915157146,41.0,118.51371580626713,8.0
34777,47962.36714825311,737.9889634765119,3.0,122.35483173202468,8.0
34778,19645.46143533977,11196.333864854461,340.0,123.63531786052641,8.0
34779,48455.704169608194,10280.625791090224,147.0,115.0958377121131,8.0
34780,3477.967440808999,1739.0588663508265,85.0,103.10225704102204,8.0
34781,43997.99433110064,3550.9961211540453,289.0,125.87826051456273,8.0
34782,28940.14046262491,11192.699168161498,63.0,115.9627586460733,8.0
34783,47093.07612440363,10623.845730323188,196.0,131.81552321472316,8.0
34784,47905.52610404621,925.0070335984244,92.0,127.17363892411578,8.0
34785,23964.75122774539,2362.729565307552,401.0,130.05160449819718,8.0
34786,56347.48919995998,19024.46962369505,71.0,124.1404724260818,8.0
34787,28241.174598318154,20157.0139663626,64.0,117.28131409615108,8.0
34788,38627.40168104646,10409.638798243906,282.0,130.85236315786537,8.0
34789,41547.46803263636,924.7728051548854,10.0,122.6211477743667,8.0
34790,57819.690082617715,11392.425571303502,472.0,130.89132943614968,8.0
34791,31339.869391123048,9010.22660997056,483.0,129.62507394907146,8.0
34792,14427.84537033684,12691.775747840284,76.0,112.66861353456011,8.0
34793,34292.8836395303,15740.442941525724,284.0,124.77929427371214,8.0
34794,36101.63380995708,8324.047765708923,113.0,120.98723892828937,8.0
34795,30825.313652447163,738.2474400831577,105.0,127.46230839349431,8.0
34796,38612.80270445715,1736.5697227361097,387.0,128.3664493258612,8.0
34797,37003.43948164364,1849.7935325007177,67.0,119.2216129849011,8.0
34798,29130.843399825444,924.8911872626372,256.0,131.65991232943614,8.0
34799,42405.61512919914,1737.3643109455345,197.0,130.05422730003752,8.0
34800,29010.422383576424,3143.345021196015,146.0,119.0749964266364,8.0
34801,42460.88771147495,1179.9349918342189,22.0,115.77939855724124,8.0
34802,41041.30261321709,2948.1157410414335,58.0,120.61710136014966,8.0
34803,46381.81908795641,14794.654967677368,152.0,119.09614846352915,8.0
34804,27522.524888531454,1471.573476068126,11.0,114.89254842392339,8.0
34805,52599.693712513,925.1615148877293,28.0,120.3323640103481,8.0
34806,37664.9255737362,22172.583987533246,181.0,110.05536922220692,8.0
34807,24216.63348166692,737.1193610970766,130.0,126.19840970139377,8.0
34808,52430.85807561289,7824.424580126167,456.0,133.0759052581905,8.0
34809,22834.816025178916,5892.591344424855,180.0,119.527213945264,8.0
34810,51403.25551018586,7436.221745297076,53.0,121.04772023588646,8.0
34811,27510.8188517817,10480.624612489366,104.0,106.70973699900819,8.0
34812,49229.24194219796,2367.993661945105,35.0,116.6724090248396,8.0
34813,5482.916434628172,3141.0931576355033,-3.0,94.16329570170534,8.0
34814,46613.21314452022,1183.983579614314,33.0,127.95377449564671,8.0
34815,62675.65043497268,1179.097610744197,195.0,134.88935422648663,8.0
34816,40503.34369713018,4780.426362818999,70.0,117.85825485315824,8.0
34817,50383.54017020478,924.9865912788828,13.0,125.92290494043198,8.0
34818,38345.03016846349,736.822648031903,91.0,136.6183880396813,8.0
34819,31870.713576902283,20258.213516404383,39.0,112.08290411062862,8.0
34820,45245.25644447775,23198.95091030626,-69.0,110.5336902895186,8.0
34821,48103.708487338285,6475.0123848946205,306.0,113.40146339092388,8.0
34822,5152.19679702969,1472.4225742630315,57.0,93.89094335802264,8.0
34823,29826.110153978803,13952.035934983462,192.0,111.9412143710803,8.0
34824,49513.963423265035,1850.1220663058125,22.0,120.17490583605735,8.0
34825,39200.072929711154,2361.5457196557218,32.0,116.83663199325608,8.0
34826,41307.29589468384,14535.708482390704,122.0,118.8225880266449,8.0
34827,40896.97527845793,3138.519876819413,129.0,130.74691905669786,8.0
34828,54081.27111047321,38412.94542184164,169.0,122.04306152780114,8.0
34829,21923.5662202606,4306.607883113205,23.0,109.0007440305932,8.0
34830,44380.6311941793,1735.4853825242128,51.0,121.09528617333909,8.0
34831,59651.14302805224,52991.60615843767,80.0,116.62534754508633,8.0
34832,21570.529653149784,1181.8176573582437,162.0,124.86261739076633,8.0
34833,22135.942643908955,1740.6378005525958,65.0,116.2324789661867,8.0
34834,63496.46798475063,6376.749811783473,324.0,145.5597502117435,8.0
34835,22474.043504554007,4732.59900098808,170.0,121.03068946266666,8.0
34836,4309.182158382513,2364.6685420088847,21.0,90.62017606329992,8.0
34837,21358.320873840494,735.5424582116002,99.0,133.65251855747255,8.0
34838,23689.971076425885,16148.170066490222,-76.0,110.54258079460239,8.0
34839,4515.3193859670555,3797.6173348505718,-11.0,90.23439478195532,8.0
34840,13534.286678853581,5959.2164741604165,170.0,113.34613162052452,8.0
34841,44708.84719720857,27686.34086065872,164.0,122.10300482776121,8.0
34842,49599.551939751975,31874.528911782865,362.0,129.85314219097828,8.0
34843,48236.00483379482,4313.100327626872,169.0,126.93849504670784,8.0
34844,25340.386200361787,10362.887817962372,22.0,111.87759398827635,8.0
34845,39021.8149665051,4682.753156590657,8.0,112.33087054219071,8.0
34846,20575.45378306922,738.5863162396588,53.0,118.33818971949302,8.0
34847,18833.409300982355,2397.1440441822133,66.0,112.9919769016911,8.0
34848,15878.075565069974,14962.765214578705,-164.0,102.46420307896359,8.0
34849,45125.49231353217,4682.268518633544,461.0,122.88095861333147,8.0
34850,30140.712544365913,9952.540753138986,32.0,111.93044934110904,8.0
34851,56027.84014609351,5119.0580034132345,203.0,136.5254806049359,8.0
34852,35154.63913222081,14389.736071477228,13.0,109.08095376527692,8.0
34853,45836.15530877456,4114.315765482114,234.0,136.3866274726135,8.0
34854,52919.624555026036,4855.730778083108,65.0,116.49834343353173,8.0
34855,23663.858832071477,1741.9408691834487,29.0,116.96799992692497,8.0
34856,29060.086897004243,22899.668131371287,-2.0,112.32483686575627,8.0
34857,35768.4245913832,11318.067482619403,175.0,108.51416534807709,8.0
34858,38340.51941252115,31946.55088851398,-34.0,113.00309213128898,8.0
34859,10200.919463609524,5598.183949186384,70.0,107.92571699219991,8.0
34860,17445.01414760589,7869.930530461433,210.0,118.32031404517437,8.0
34861,15170.939759055844,13434.632133501083,5.0,103.09927700088146,8.0
34862,24694.053913960008,3550.670202144771,68.0,113.8191502300976,8.0
34863,17691.45864047791,7450.945244496291,426.0,125.24657338270836,8.0
34864,31993.244016763398,21187.177235888055,138.0,108.90863694351972,8.0
34865,52804.29364230151,12970.314127934415,278.0,119.17180381541465,8.0
34866,53434.59067186469,27485.02667948141,88.0,120.28499297487382,8.0
34867,40690.561513903354,735.7264775729607,92.0,137.61791620067893,8.0
34868,29480.384914592716,10448.192791991201,254.0,106.37751292376088,8.0
34869,37027.530000950224,925.0584069689156,146.0,129.02212898432742,8.0
34870,45472.99258198732,20000.722281252547,227.0,129.4654301629685,8.0
34871,31925.09234140564,17833.669662761957,163.0,113.17043832349313,8.0
34872,40457.55640674793,33809.95797409905,74.0,113.40257217473219,8.0
34873,41837.792777236595,4519.636526340477,42.0,121.6155026332857,8.0
34874,14270.22200410739,3088.6549348268995,21.0,105.93668683430566,8.0
34875,56615.52783199194,11135.972344132628,38.0,124.18713890958861,8.0
34876,57164.33885224211,14892.535636937384,479.0,139.3855398126276,8.0
34877,39920.880967888734,1734.9821977188487,173.0,130.48147559936345,8.0
34878,51750.180944316984,924.8702980357564,171.0,133.4668959850745,8.0
34879,54150.70117437213,733.7554475763968,64.0,127.52203966099898,8.0
34880,24622.775310943027,1470.7805947912013,122.0,109.77589860384909,8.0
34881,38780.46653773255,12381.76562693331,75.0,121.99416558627856,8.0
34882,43972.93440739497,7436.164386880749,53.0,119.17589485103446,8.0
34883,45328.970394059885,11099.752742170416,261.0,125.98763906225659,8.0
34884,55063.00547033958,924.9342713200896,15.0,121.02208611321954,8.0
34885,17367.972248902817,5768.279753249933,11.0,105.9810004331529,8.0
34886,39233.30582501658,16078.28519971651,304.0,127.49675298770288,8.0
34887,44106.28880058821,1469.671260139577,91.0,135.86745704517807,8.0
34888,47183.86085190865,4737.183329806901,63.0,114.96978553033742,8.0
34889,35447.24539150261,21262.524211441047,444.0,129.61071176451185,8.0
34890,19933.017716748567,3086.087917517868,125.0,107.18538734778164,8.0
34891,36524.40134700029,2361.750753213025,94.0,121.21686303216562,8.0
34892,27927.824792616233,1181.328125070485,151.0,125.9053751168136,8.0
34893,5217.5675144107045,4044.9477945254334,84.0,108.3467153088817,8.0
34894,15702.753748081197,13535.251153348177,-11.0,102.64347173320216,8.0
34895,42034.699531036276,15877.248066572247,219.0,125.32220203826999,8.0
34896,48647.6593739145,2360.8020882792907,36.0,123.7733401401885,8.0
34897,20776.505716643234,1991.9832487674894,87.0,111.50760884520032,8.0
34898,27720.091221088518,8101.443090984307,432.0,127.71542434381809,8.0
34899,38099.92220262698,18556.49108599939,206.0,110.7579815881005,8.0
34900,51458.98445685047,5490.288598347806,60.0,119.29065001995207,8.0
34901,42950.68097480599,16793.703151584603,101.0,123.98868695204972,8.0
34902,25336.78589266141,1181.245650714259,182.0,126.76808770556451,8.0
34903,19918.610749559615,1849.8735480868636,59.0,122.80851043311138,8.0
34904,59347.35194045461,6381.086971967729,368.0,133.85745162735802,8.0
34905,49352.17933910618,27022.799904926324,449.0,130.07868108056778,8.0
34906,26360.047869015063,2209.480122362982,71.0,120.98201772552876,8.0
34907,59467.908467328096,12116.029589862106,70.0,123.61298094528385,8.0
34908,56489.764934373066,5747.826600073878,44.0,118.98576141807317,8.0
34909,37059.641917422916,7604.13877036167,70.0,122.08247843529841,8.0
34910,44407.026530261035,12812.611959693382,177.0,124.72678042373322,8.0
34911,53089.16257136623,11642.219267332359,61.0,116.93038228717857,8.0
34912,24803.501876242393,3544.0392719103143,25.0,111.35257143255909,8.0
34913,43953.21718464099,25833.776194065056,57.0,116.20525128258939,8.0
34914,38047.894393357776,26497.930762888354,-2.0,113.7057627809775,8.0
34915,7722.585635492631,1182.6766145449474,12.0,101.03352167008866,8.0
34916,40678.347787334395,6278.086618477698,54.0,118.39636839366976,8.0
34917,57711.519088572044,924.8696337260353,55.0,138.56406936505584,8.0
34918,16438.956558416456,11656.860983578032,-2.0,102.30268232529939,8.0
34919,23712.503367079105,1738.1782670654613,23.0,116.2607756527265,8.0
34920,49945.02246745592,30176.125538623204,-3.0,115.58135133516382,8.0
34921,56871.06626508138,50209.99844484876,80.0,116.35123324901217,8.0
34922,9509.489388304231,924.8907744961382,7.0,100.02615171385646,8.0
34923,32242.624043575288,2362.080417393835,132.0,129.90608519531523,8.0
34924,25708.01036292757,1740.4081007522502,34.0,112.67667395758306,8.0
34925,46942.78362010373,924.8580204853884,18.0,131.1361420902354,8.0
34926,36275.579924810736,11289.315993507129,23.0,119.11423371091516,8.0
34927,48550.65899162849,4683.198522859508,55.0,125.19775911436311,8.0
34928,36042.62604756777,3550.684319768947,125.0,121.80985408962283,8.0
34929,42381.47537149496,21196.5954385511,32.0,114.28157738263751,8.0
34930,16764.800105826245,11297.720404396176,59.0,103.71526799692518,8.0
34931,58451.70600973937,16774.98412197273,16.0,121.56392646321581,8.0
34932,36749.81964155462,735.0090300904856,27.0,116.62722975278207,8.0
34933,52916.7771224872,3138.546777050779,8.0,122.25423617442306,8.0
34934,54101.84573510826,4315.259830966998,28.0,118.40244988293523,8.0
34935,33458.571562199555,2945.1451238983186,343.0,130.87797918038444,8.0
34936,38399.26189426105,22906.358324279507,181.0,110.2908457661545,8.0
34937,15930.968386679944,3983.176901893342,67.0,110.49853723286044,8.0
34938,36689.273971891176,16454.63491357866,71.0,110.22032923637289,8.0
34939,49601.96406567603,12121.770045444999,0.0,113.90991687647413,8.0
34940,50031.21282369664,1849.7571017325008,25.0,116.12706358248084,8.0
34941,12689.699998092525,1181.9698241213432,61.0,111.5015702614927,8.0
34942,30328.872810533427,4780.943537734363,226.0,135.73969723970592,8.0
34943,39832.61907533533,3699.5174246717006,72.0,116.95440152923268,8.0
34944,39054.96856342347,18416.495853316206,186.0,107.64722337313802,8.0
34945,15681.887572698457,924.9332680904143,28.0,111.92566337879421,8.0
34946,51605.68553658761,7458.185843846599,28.0,118.67482436772165,8.0
34947,34546.675138365754,6653.852172519463,61.0,114.13948909373394,8.0
34948,39096.45607065476,12113.433607959705,342.0,118.37195236519985,8.0
34949,31440.941597414145,737.6334068513911,149.0,128.61807242521,8.0
34950,18510.325329408504,924.9492388038818,15.0,105.9908945975786,8.0
34951,41799.359870670356,21034.498422765384,201.0,129.71880284717514,8.0
34952,61294.60081053992,1179.5066892083714,50.0,120.13590915243572,8.0
34953,38686.62443158645,2870.486091735223,38.0,114.79937953085725,8.0
34954,41816.63157204199,1181.1066282226209,14.0,114.38878710577504,8.0
34955,30523.316848160877,4624.756400628678,68.0,116.42608512705823,8.0
34956,26614.24009598517,11571.286068068566,87.0,113.38036357485136,8.0
34957,40531.25532321504,734.6818362881041,127.0,137.4489533960321,8.0
34958,37355.21135319311,19646.51193563467,227.0,108.3867041015385,8.0
34959,8356.716343393773,924.882370161793,43.0,106.45063347052717,8.0
34960,35698.95516512695,14535.708482390704,122.0,124.07662365935207,8.0
34961,23864.255514181215,5742.7569470304525,121.0,113.65007523331897,8.0
34962,16142.486033702186,10675.859309592988,56.0,99.4893947257819,8.0
34963,39722.003767309085,33081.499907361984,70.0,112.7616340504455,8.0
34964,41022.990263241416,2774.699272114509,36.0,116.85828947800263,8.0
34965,50916.81428727854,7398.800493484264,84.0,120.6499588586797,8.0
34966,44806.04639543437,925.0785254035028,15.0,118.53926713663786,8.0
34967,28859.72451768624,7101.35679197099,88.0,111.34898226808855,8.0
34968,30684.168662847078,12573.190723516243,58.0,112.56597153263661,8.0
34969,38847.38498522598,12024.384321821115,17.0,117.65890289693706,8.0
34970,38183.83866873656,18234.05650735965,133.0,120.84228478238519,8.0
34971,10312.611710921334,5893.109301472083,12.0,107.46293090643687,8.0
34972,28123.461736450547,1181.81177643423,3.0,113.36313868474727,8.0
34973,24229.986526156903,7499.2854982188765,19.0,121.05750530246088,8.0
34974,24452.623128308278,23743.071999658474,-377.0,100.93439722506977,8.0
34975,25500.21775875804,1849.7547535513304,73.0,125.22055548683308,8.0
34976,13767.311793171863,1474.020617906557,14.0,103.55058704344124,8.0
34977,13135.79689267286,1849.8745153572324,179.0,98.11237901821569,8.0
34978,31625.024043577763,1181.3341912090448,50.0,112.1942032484348,8.0
34979,18786.93618727126,2210.897959092545,130.0,106.61781435012259,8.0
34980,30204.938321382844,9577.281265000334,32.0,118.33403213073204,8.0
34981,31343.999892324195,18551.849951956403,87.0,115.42881308607136,8.0
34982,32487.694075773652,3085.1853793886803,70.0,118.4890726097281,8.0
34983,40863.94376688695,924.9607175104901,34.0,121.72635564071702,8.0
34984,37121.77471174018,738.6095060186732,66.0,123.66519274164051,8.0
34985,48663.89999048557,924.9698997671896,15.0,123.98724443963387,8.0
34986,37474.355482166866,2392.7492780865286,36.0,117.189100803461,8.0
34987,41252.94926497273,5891.3112469611915,274.0,127.94405764701813,8.0
34988,49048.53621038873,737.785682266958,100.0,142.5607490356378,8.0
34989,28574.906550445805,9783.432416117304,207.0,122.5572873944574,8.0
34990,22331.37266477603,13735.300074855177,17.0,114.41988573339641,8.0
34991,61690.863916302595,20434.84356634304,76.0,112.3455762576462,8.0
34992,40200.23861640968,9250.929026953507,151.0,123.6586344696166,8.0
34993,59511.19549242921,6379.891422149876,199.0,133.29846350692293,8.0
34994,23899.626179091552,924.7978435694413,23.0,122.46759305445892,8.0
34995,47192.76625414092,2774.5870395741094,71.0,120.44466145456107,8.0
34996,35312.919651536475,924.9874188073331,10.0,113.93982000763458,8.0
34997,22006.493280664807,19642.599894314273,14.0,110.42386868008235,8.0
34998,56516.33927215267,10242.196176941397,128.0,119.88300489669095,8.0
34999,16930.780973475557,735.8427330039235,9.0,109.1469656607458,8.0
35000,46206.4597236725,4622.648216690911,4.0,124.34128687487024,8.0
35001,42338.421398951155,9782.664338558381,59.0,116.79534352827147,8.0
35002,42801.45229812797,10278.447454514213,145.0,118.83786355524126,8.0
35003,47213.935037804134,1180.3669775501587,200.0,132.97373566344618,8.0
35004,59468.89204905184,1185.0930205534567,95.0,124.45581426237096,8.0
35005,41737.389955426115,7422.516543791537,57.0,120.85072228492785,8.0
35006,36211.01982265517,738.9681123210229,134.0,130.52092922913772,8.0
35007,30631.0168131767,5242.720397669262,278.0,126.72270119347598,8.0
35008,30225.405809361066,19646.38951994852,-42.0,117.97272180885716,8.0
35009,33412.38454781352,25139.850618110904,153.0,106.87612345997371,8.0
35010,34118.14034709902,5122.03297226787,65.0,120.19168160124387,8.0
35011,45133.280923908205,26409.826827729736,186.0,117.64096258999807,8.0
35012,41857.84050123098,2871.742787675608,5.0,118.36575616776021,8.0
35013,16479.717570364424,9324.66486371454,193.0,117.73173129758459,8.0
35014,35638.87237708723,11196.899920303167,171.0,126.27489443985576,8.0
35015,21557.690522397126,737.7926149751717,12.0,111.48906521290424,8.0
35016,53689.84902041952,2774.6120142010286,12.0,125.89078202525701,8.0
35017,41065.454414002226,11659.249127929457,267.0,117.59893046171186,8.0
35018,40746.0366037481,2871.6175000019507,35.0,118.22962128402337,8.0
35019,9808.987694236237,4048.386142783796,-58.0,99.23155872252069,8.0
35020,45061.13995906258,734.9026841532467,143.0,132.37994106061305,8.0
35021,37603.650683554704,2208.9002691052506,240.0,118.52906762879384,8.0
35022,49444.91114238008,32422.798668855314,183.0,123.03365905687717,8.0
35023,65143.532732928164,56123.02903617941,88.0,117.35020393460486,8.0
35024,57993.6805298099,40252.31194222885,-4.0,121.32638682005178,8.0
35025,32505.621319866426,9278.203066025724,265.0,109.15356770488764,8.0
35026,30043.61423818447,21590.111040389846,357.0,126.5468023951198,8.0
35027,22126.51178342057,1181.7331832965285,106.0,103.29990338846346,8.0
35028,32865.90824877006,11480.591306614107,245.0,127.78111294455634,8.0
35029,36833.213303860444,733.8293408324043,28.0,117.46768444937986,8.0
35030,44450.63823569279,2774.6484051383445,112.0,119.4699579271587,8.0
35031,40968.22675270637,8092.31063811404,40.0,120.10728817937223,8.0
35032,40283.36360681577,5752.778760443486,45.0,115.32276258722229,8.0
35033,35628.634022324804,14088.695295201462,479.0,122.22497452541612,8.0
35034,50661.51975288901,3985.4589540824027,48.0,124.54506732849616,8.0
35035,43554.967818704994,7083.246623972229,195.0,119.36171475384944,8.0
35036,22452.01785657442,17844.303489788595,17.0,107.37505151688433,8.0
35037,26037.635505075075,1737.91147771144,79.0,110.2216388168335,8.0
35038,7113.1775864647125,1182.4425152436213,12.0,98.18559192386452,8.0
35039,24482.810464521168,924.8910756726603,19.0,119.37677853216061,8.0
35040,38553.90232222596,2877.603855953134,88.0,113.90247394544595,8.0
35041,31474.19256019836,1736.454533515863,17.0,111.70721817209862,8.0
35042,16433.618868141493,736.9699369185322,21.0,109.32530189331455,8.0
35043,44388.73033571497,1989.6543569811367,31.0,112.67318818188329,8.0
35044,46085.18930462965,1180.8008240322356,170.0,149.9865265889149,8.0
35045,45799.47737929237,6943.668704703491,1.0,118.73875097907481,8.0
35046,53837.662357775895,13764.699029911557,24.0,119.5123628454842,8.0
35047,50642.05070845158,733.3660321687112,96.0,135.66129820807427,8.0
35048,32900.82972445765,735.1174767149765,72.0,123.35546743172893,8.0
35049,48054.37715777144,1184.617232626431,36.0,124.23362324115612,8.0
35050,39938.34520985972,8883.288936043087,226.0,125.63135708458279,8.0
35051,9953.704075322163,5124.02962631908,-19.0,112.30790859401031,8.0
35052,43505.13943189535,3553.401241685843,33.0,117.48239877826836,8.0
35053,25054.08487086323,23096.58931879446,90.0,106.72629577509274,8.0
35054,53772.85501040994,21324.755644317178,113.0,122.12443707608234,8.0
35055,37428.67215173935,1734.61377625201,135.0,136.21250338560904,8.0
35056,24942.38881509528,9508.358287146315,21.0,120.74074364208973,8.0
35057,44641.86189870699,7561.817897815445,77.0,122.90279591756513,8.0
35058,35164.880868565786,9507.90653002325,284.0,117.9744439506995,8.0
35059,14759.520791708255,2946.3917448553225,66.0,110.63557267007405,8.0
35060,53146.7350553885,1179.818517655443,33.0,119.68862171699531,8.0
35061,46071.935257645484,31887.23196933482,459.0,131.54400595265426,8.0
35062,59177.130911405024,2369.4387162565304,285.0,134.7226938246611,8.0
35063,40818.78516304487,735.6086421691593,19.0,116.83656099237348,8.0
35064,38756.08758055668,2360.564293689251,16.0,124.12018028476572,8.0
35065,62732.650430464615,4739.001789168543,194.0,127.9419919067507,8.0
35066,34758.732325408804,6946.50583342237,56.0,112.45070313293948,8.0
35067,22485.6221342984,1183.0276660809013,30.0,111.58935738319106,8.0
35068,26756.560781664073,4312.364680149671,38.0,104.53027623310543,8.0
35069,19974.712635675114,5156.493205601847,26.0,107.02361451584625,8.0
35070,37746.39800601102,3550.9961211540453,289.0,132.34555256055336,8.0
35071,40187.832487451626,3771.9032612234278,6.0,119.94908933320328,8.0
35072,50764.50027943462,2875.6153012870673,28.0,122.28003274552862,8.0
35073,25887.530119926763,15076.92431054681,-9.0,108.96573432617123,8.0
35074,31867.354596279576,15878.205503516545,207.0,110.15552946724094,8.0
35075,34318.62192749992,7600.298354185123,4.0,118.42996272930444,8.0
35076,43313.15632657252,25362.16394277071,299.0,111.70756116269453,8.0
35077,35075.731101172765,3090.8946738887776,210.0,108.9886750706121,8.0
35078,32506.555896851212,9941.057202260625,177.0,109.999394657857,8.0
35079,55390.99436503946,6364.057418994935,73.0,120.08385302480325,8.0
35080,49372.247331485225,2869.8069474011936,373.0,134.7690382893673,8.0
35081,35148.25579633785,2774.923568109423,43.0,122.46428111171608,8.0
35082,47617.15130043519,39341.001579205,153.0,109.69002683296067,8.0
35083,52078.99390365532,43800.44370717707,153.0,123.04229918389419,8.0
35084,22907.098095361784,7422.780608267073,180.0,118.92071971541921,8.0
35085,54409.74124044709,12125.432471571567,116.0,113.74564759695556,8.0
35086,46292.35260348268,31249.654952097295,87.0,117.73574641930236,8.0
35087,15089.093481365424,14183.198211373861,-203.0,101.32565700086019,8.0
35088,19771.45948718595,5222.646221149153,19.0,108.8391351819005,8.0
35089,36495.34140314834,28425.324689337984,-73.0,110.30929837869459,8.0
35090,42434.1218124421,29439.245639465793,226.0,111.70954535013085,8.0
35091,31205.90686120018,10443.92721487106,66.0,113.5859765386419,8.0
35092,32886.542869571356,7444.16992017075,21.0,123.55473917913298,8.0
35093,14482.456759886063,6394.207857636973,67.0,111.7693107256581,8.0
35094,39144.717503271546,924.8374811770308,16.0,122.77829678118286,8.0
35095,38174.18369784779,9950.42606242978,44.0,117.53419185063659,8.0
35096,36968.78127844336,3772.123481732077,27.0,116.57701229268892,8.0
35097,34319.75226532642,2945.5903778802026,37.0,119.98723739712933,8.0
35098,31904.7103380529,17719.98445921236,419.0,128.74287542495125,8.0
35099,53574.03613950326,14993.0307338616,145.0,122.74000537507811,8.0
35100,56708.090203799875,1989.362299691718,62.0,123.15423320465834,8.0
35101,37736.07901560505,2877.3218648968664,223.0,113.69770302019108,8.0
35102,26405.02376523156,9508.455995535409,137.0,104.80816214983905,8.0
35103,33137.255021690136,25779.86331873157,51.0,112.3347652872145,8.0
35104,30007.045829590534,1183.4393015147198,21.0,114.70322528312313,8.0
35105,21115.836575399764,13530.96244164871,122.0,110.12039426354102,8.0
35106,36631.10178238934,1991.6979858377738,48.0,118.26264797250718,8.0
35107,33856.83793065824,735.6815453376814,221.0,132.59335528548905,8.0
35108,50483.3446061153,30236.765205093125,73.0,123.21048005173024,8.0
35109,60824.027572848136,924.8017914097593,54.0,132.33876800674568,8.0
35110,39183.25834462127,21560.55373258567,64.0,116.89698354284047,8.0
35111,8618.246886744146,3141.3878190916103,51.0,104.33048511587113,8.0
35112,42965.262173391515,26128.06609910111,99.0,121.84085079062572,8.0
35113,49372.30947502828,33058.636611784576,120.0,123.02116116750221,8.0
35114,17818.523044908237,6516.21706605482,3.0,108.71965777322418,8.0
35115,36107.50953843815,1989.9289512077894,56.0,129.99013209138428,8.0
35116,5549.494326012293,4624.618656319135,-25.0,91.3238055999852,8.0
35117,30236.642955100702,11813.96281687945,197.0,116.70883816132873,8.0
35118,64344.282543714544,1989.1782854529354,393.0,138.99328622586458,8.0
35119,23691.903579549416,5742.273038812899,261.0,123.44912935117088,8.0
35120,44421.6107758286,2395.8436271236496,371.0,130.64410056583642,8.0
35121,61543.64198973779,4721.723497296325,76.0,126.37270354333285,8.0
35122,13873.796150191276,1849.860657753392,106.0,115.67525583545907,8.0
35123,35179.84858176216,23080.58259399469,183.0,108.68238634189491,8.0
35124,50532.36705862728,1992.5518308948556,27.0,130.12314771247517,8.0
35125,52769.187826472444,1849.939277825094,23.0,120.17520917006851,8.0
35126,53828.04678416181,11124.027824351939,369.0,130.25448994663685,8.0
35127,23633.18467880311,10246.349610052326,32.0,102.28340554629204,8.0
35128,46977.88334912047,17372.801062209244,310.0,127.49973655883389,8.0
35129,10643.621476653532,1183.1484807433803,132.0,116.53019839971941,8.0
35130,49996.7532316466,7399.920498510659,119.0,125.51063346016943,8.0
35131,47452.838873071436,8357.21584925586,77.0,120.81170010010507,8.0
35132,41803.02384993327,17952.50577824112,308.0,115.9570313672767,8.0
35133,56983.22978532967,14811.657598957974,72.0,122.77532404391198,8.0
35134,29860.993707078804,3139.3879511912846,44.0,112.18452308828799,8.0
35135,26466.500408814416,22454.82182786644,8.0,108.8658277021406,8.0
35136,29420.066000239047,19056.01936646777,-178.0,108.52616200078955,8.0
35137,44362.96647099553,35913.09079645259,361.0,129.4676173652246,8.0
35138,53364.81583650528,4036.160421815856,22.0,125.53602531236722,8.0
35139,25472.519419421384,2366.4096177370907,-4.0,118.5328178553377,8.0
35140,59980.68695456037,924.8092506951774,49.0,126.58388046877886,8.0
35141,18197.36401716464,7090.588975271171,130.0,105.90143021701893,8.0
35142,24052.980158320435,3981.2133628113847,22.0,120.67184317008119,8.0
35143,30044.473211244236,8454.293229158622,102.0,113.81104973576187,8.0
35144,39777.193699863456,31499.4599848194,153.0,109.00157824003905,8.0
35145,32415.212313423872,11787.55872487334,32.0,118.83309655118683,8.0
35146,29009.81941047264,3142.9039786161825,260.0,127.17882121174128,8.0
35147,19157.46214318339,11971.54959436061,34.0,115.70953402567244,8.0
35148,42763.00450454922,38191.26061078688,-62.0,108.13045562360472,8.0
35149,56169.921879749454,9412.946660909069,483.0,125.04797611758104,8.0
35150,42176.5992732084,4855.482070922909,77.0,118.41754528525365,8.0
35151,34550.24312367084,30521.486906444807,14.0,111.42797854500454,8.0
35152,16088.303678222583,10630.446783854148,56.0,103.37117792035284,8.0
35153,50292.74694765649,1849.7827081593534,29.0,111.15244505307534,8.0
35154,43869.14489185155,1850.0577166595488,22.0,115.89982708046333,8.0
35155,17892.94111238137,13846.25880378119,28.0,105.28580397669423,8.0
35156,49247.17672180389,1179.9349918342189,22.0,118.64430551515463,8.0
35157,39641.19664658544,7856.308499917529,54.0,115.95700771487773,8.0
35158,41206.77148054559,1992.1071849040072,8.0,114.4289157174628,8.0
35159,42693.158704767564,30454.926084902683,59.0,113.58304076306631,8.0
35160,29217.207157096454,6182.206584280781,45.0,111.73818560147647,8.0
35161,12796.651436754899,737.0724870944941,23.0,110.67488894673878,8.0
35162,33583.45605695485,17145.655361638015,73.0,112.43127326985491,8.0
35163,15719.54701002107,7426.442246988468,110.0,101.29328509645664,8.0
35164,24381.41893488827,7425.278400465139,32.0,118.34267773934691,8.0
35165,22912.158969666805,5893.903739377165,111.0,105.14388745457728,8.0
35166,45533.78378392181,25693.73861750842,113.0,122.3334191422079,8.0
35167,53463.88401939491,739.2746518402054,28.0,125.50932314827807,8.0
35168,47175.53156425793,1849.7687546618442,70.0,124.04211374386574,8.0
35169,51668.903263329536,2360.7294143559698,1.0,120.08937784096679,8.0
35170,57182.28867063709,1179.262723477069,192.0,134.13555947504543,8.0
35171,43865.370643568865,26731.355339629747,163.0,112.85565490890193,8.0
35172,56501.72637386189,14568.571451739059,81.0,123.39552871417837,8.0
35173,11650.550121939026,4514.104849332988,45.0,101.82352412910234,8.0
35174,12656.474966169728,5475.182028755843,-11.0,102.80579002771357,8.0
35175,27468.843105741315,924.8058295073666,70.0,124.40713508302969,8.0
35176,43147.92049667065,1990.1055266611063,9.0,123.30242007035068,8.0
35177,30165.075653572396,2362.614257553149,31.0,118.48557108802261,8.0
35178,19908.89506932397,4419.343405356551,170.0,104.03741439118045,8.0
35179,32515.98440787311,27289.049852127446,-434.0,113.1741414230211,8.0
35180,32904.771275212,24451.415047662867,363.0,127.2368404306028,8.0
35181,15907.185903938675,736.5600465862015,7.0,104.66281983365886,8.0
35182,33097.428261549125,2871.12551909794,178.0,125.16518069397925,8.0
35183,41265.4099152146,2947.8220680886543,134.0,124.14260819809078,8.0
35184,63235.81988702831,54973.28333321822,153.0,112.85550970124153,8.0
35185,41697.38319625988,33422.2397789119,146.0,108.42059332533016,8.0
35186,15997.12856761418,925.0186352981078,10.0,103.16356455402622,8.0
35187,35406.416371373816,14760.897788099748,186.0,107.12801784358636,8.0
35188,38867.73666510235,1475.0112015644688,23.0,111.92977513138942,8.0
35189,39885.97650942188,4422.181384217895,89.0,112.27742135814096,8.0
35190,35008.66152350418,1992.3291087116843,36.0,115.86540119787422,8.0
35191,25973.724194829934,14418.03381305774,49.0,109.35170214134493,8.0
35192,33967.19839513155,734.309398953588,75.0,138.7615949093884,8.0
35193,21641.169580384347,3982.9338289578027,366.0,110.63788106762681,8.0
35194,43010.461100457105,15915.48395815929,172.0,111.16254096423663,8.0
35195,63616.39682420255,56967.917021030175,-19.0,118.29755699176691,8.0
35196,58010.75628989663,49745.58460604071,153.0,112.21345642768117,8.0
35197,43271.51752190449,11690.633111324165,171.0,119.5237882253647,8.0
35198,44095.104496024105,34141.10013973165,433.0,130.72912050614153,8.0
35199,31576.053485633325,4852.122250727648,334.0,117.61143896230016,8.0
35200,54748.95722080317,8356.844196985181,356.0,125.2708686703623,8.0
35201,32225.824395799904,5918.075252934052,167.0,117.39702774514215,8.0
35202,39192.0646901511,18424.565102704786,-151.0,111.58400954942269,8.0
35203,47634.47180883565,924.7858835428433,14.0,130.08559925581324,8.0
35204,6924.848381967017,6395.892418040381,-83.0,91.15096411347835,8.0
35205,15483.910229737772,9613.227122348282,228.0,97.2820409790169,8.0
35206,43471.95983078059,925.0299108414386,26.0,121.11229745821927,8.0
35207,31158.704352316552,19059.257424501007,183.0,114.43982007898741,8.0
35208,23587.688759190925,2209.480122362982,71.0,115.96197989935895,8.0
35209,28017.304900444484,19411.677423010464,15.0,111.31765834952668,8.0
35210,27428.937849104295,6665.859527155499,44.0,110.2984640597854,8.0
35211,45776.08226797858,34216.84829095428,120.0,115.31028289993309,8.0
35212,52966.57037348479,52469.87991720454,-852.0,110.64969123234282,8.0
35213,12563.110273659813,2365.9784437430394,106.0,112.76247129226675,8.0
35214,50945.21497694975,5476.072929721726,162.0,117.4588547007161,8.0
35215,33140.830643235575,734.2248272254285,5.0,118.60460456297754,8.0
35216,59596.05037948436,52934.94557225442,80.0,116.49707463149062,8.0
35217,42150.68328338388,30623.573137110012,81.0,118.42726387284547,8.0
35218,36198.22976840134,5975.358044456756,185.0,117.92851547893478,8.0
35219,31154.9811036355,11927.866965398905,181.0,104.7203627738007,8.0
35220,43541.61223028227,924.9016726890354,40.0,123.10197674398646,8.0
35221,40177.80268795552,9959.253127980828,213.0,115.00289739204625,8.0
35222,25021.093849565816,5122.780013962014,26.0,108.02033846971483,8.0
35223,53038.70594651846,19994.529629474247,105.0,114.09004091228398,8.0
35224,30044.667153672337,11318.067482619403,175.0,115.76337166082372,8.0
35225,41037.34462263161,20271.612093362288,-132.0,114.55351789746541,8.0
35226,51760.99839689129,925.1116877656145,36.0,121.26130576624796,8.0
35227,23310.110247778404,6516.416936547452,73.0,110.46934309750183,8.0
35228,56808.228923472896,39789.69875602377,183.0,124.21612055931345,8.0
35229,29757.954583815837,4306.609755303839,21.0,121.87042819163098,8.0
35230,38034.21195940341,3771.968877885544,63.0,116.93191814850046,8.0
35231,42669.2006365042,36011.31075906944,40.0,114.58370387841123,8.0
35232,19932.138136589827,8560.173667252731,37.0,103.77798682960224,8.0
35233,44653.014057410874,13075.460494966082,153.0,116.01070810419573,8.0
35234,22210.484591100274,2774.8279505170385,47.0,109.75998450961217,8.0
35235,33852.66320101822,924.8004353189572,30.0,116.92320909159181,8.0
35236,45703.76702391271,1849.8311997323003,34.0,118.07333488539628,8.0
35237,52538.34113111845,41580.485303806745,67.0,116.36322971511795,8.0
35238,21741.088735739067,20092.771865114908,63.0,115.0496387132525,8.0
35239,54254.18398418609,45803.61190078763,375.0,131.09399825964044,8.0
35240,28238.065994661225,1473.930749278057,198.0,127.21068761749322,8.0
35241,34100.49967058251,924.9670548264579,32.0,116.29244590377485,8.0
35242,56407.15982555402,9435.003285921519,47.0,124.29398378335372,8.0
35243,22766.147948170877,1737.603638204116,78.0,117.08942785618851,8.0
35244,44672.92665716199,1184.094464089307,55.0,121.02793485314379,8.0
35245,26381.054711837984,9759.356270079406,133.0,106.94409692214107,8.0
35246,30536.054463159526,18791.155607987843,193.0,123.8474897990353,8.0
35247,37348.19908282005,2361.189783480307,57.0,126.55702482462155,8.0
35248,54802.431047518265,7472.380702299962,72.0,122.91963581327717,8.0
35249,64878.45679807747,8289.917215576685,122.0,130.64786946196745,8.0
35250,23673.323290340737,6932.921983707888,18.0,118.84704586406953,8.0
35251,16846.676330649436,1739.584861365252,10.0,112.78550892115483,8.0
35252,18509.254864126367,6279.724470128434,126.0,116.66245212649233,8.0
35253,53163.688360112144,19900.780831789172,107.0,114.36791107630319,8.0
35254,48431.83889978491,739.2569943368752,141.0,134.02432216197172,8.0
35255,55592.08163686767,4851.6154333171235,26.0,125.59107229708943,8.0
35256,48488.87758829132,6358.622868396441,431.0,116.47744773119858,8.0
35257,44493.62321081118,924.9587800827177,38.0,125.1732335263301,8.0
35258,44330.307802713345,733.7902130786413,49.0,123.99351502621519,8.0
35259,63399.337306685105,23068.45525339546,171.0,141.54417700014127,8.0
35260,43294.288605299946,9097.685194011876,82.0,119.11939124617959,8.0
35261,20245.97707565546,738.4462368186054,33.0,113.63843986331437,8.0
35262,58402.84885764831,48150.84560027611,204.0,125.63702211033574,8.0
35263,25784.46584916647,5156.80295249292,30.0,109.9446984407302,8.0
35264,45761.63375634092,1180.4036661987054,78.0,116.27100774343296,8.0
35265,49131.72728196624,738.1179745137114,80.0,127.8669973220671,8.0
35266,57350.99027522106,6382.098438671221,113.0,113.95341844233175,8.0
35267,30223.777028192708,3980.497591675567,219.0,126.75035260801482,8.0
35268,56290.82488638569,1184.3523420905922,105.0,142.50699844260944,8.0
35269,44339.57800128131,2869.7524852158754,197.0,128.80092188917814,8.0
35270,20294.350195790706,19200.906831304466,-227.0,118.02368001208268,8.0
35271,51207.48307921611,4054.7307086469486,54.0,121.59598503888778,8.0
35272,40770.83623105455,24331.91234481376,73.0,114.05023670903347,8.0
35273,31730.7977675518,1473.7248747809854,90.0,109.95804846625549,8.0
35274,39525.26623499276,1180.5407689382503,154.0,128.8077499532144,8.0
35275,30758.19441640204,21879.706258035592,193.0,104.60325071033101,8.0
35276,32137.370213661234,3772.0911139429672,27.0,116.38388899372535,8.0
35277,44403.84075577213,6685.353305844984,115.0,111.68542866983476,8.0
35278,36800.12644771527,3791.588320391115,349.0,130.6955317688073,8.0
35279,31756.332453611692,8453.975446558889,126.0,116.89514332158149,8.0
35280,18629.960997477603,924.9716081625897,153.0,123.70101540638872,8.0
35281,63072.988368908154,925.126755899758,66.0,127.50618270553909,8.0
35282,41947.46236622896,1992.6350998685987,76.0,121.31658052196276,8.0
35283,48745.58114664228,32424.142611519932,203.0,109.52860359273937,8.0
35284,44857.94385136691,35349.775985283304,334.0,128.73239075369273,8.0
35285,18458.629816736335,1181.2334206230726,36.0,114.28360450587725,8.0
35286,58718.81095215539,1992.0027238244513,361.0,138.14907224589422,8.0
35287,36314.603248470805,3471.3510473963033,294.0,116.39709473003606,8.0
35288,23394.781834520494,1735.7027909725684,19.0,117.94297983004095,8.0
35289,52129.55202586643,924.7993046168785,39.0,119.76924894921193,8.0
35290,13951.73274280952,924.9044293599865,15.0,106.47631618648539,8.0
35291,59345.19838845516,8733.77762724321,53.0,129.72133889118453,8.0
35292,40944.523884042,10816.592628766655,49.0,121.15289772539548,8.0
35293,38569.22202471761,21537.36355182785,14.0,115.47190499464398,8.0
35294,28879.97294793527,13848.659984785185,87.0,115.27745813525543,8.0
35295,21333.07444502175,738.2590100040495,52.0,118.22314460230905,8.0
35296,34447.54722575579,924.9735769856384,10.0,116.24732802489144,8.0
35297,45536.15048768832,7435.991804473229,304.0,122.03550120215812,8.0
35298,52022.92253421268,1180.0638189722229,101.0,132.32368305390514,8.0
35299,32876.57780979386,10593.826779510013,193.0,115.9197977300489,8.0
35300,51938.452846852975,1184.1249900439366,43.0,125.14387078392411,8.0
35301,10411.201806916748,9509.438230048076,4.0,101.13621956777898,8.0
35302,58716.83000386747,16547.148560740232,55.0,117.18012065762805,8.0
35303,29122.984268770746,20846.415876429488,153.0,107.33187233051869,8.0
35304,29085.86940562418,1180.8192317176124,20.0,112.20901610316109,8.0
35305,4309.6244927415,3547.6084696123303,-122.0,85.13657183700117,8.0
35306,40739.692391455836,12377.92226142959,43.0,120.61919770059883,8.0
35307,38594.26937161854,735.1174767149765,72.0,125.06917866654076,8.0
35308,37957.57299268342,2943.5971842012164,286.0,129.76898150758817,8.0
35309,31792.000573573983,5917.540606064953,340.0,127.75027825975754,8.0
35310,44634.00769786513,1733.3175223150133,50.0,120.24162444195981,8.0
35311,10975.682841051672,5222.348196017229,-21.0,101.71145414426547,8.0
35312,9017.135688979897,924.8793063846808,29.0,105.37793149464079,8.0
35313,18031.38899432933,16059.681918241653,69.0,103.55082349860136,8.0
35314,36138.482849350505,20643.758758276537,181.0,109.55055644597219,8.0
35315,43757.64117861251,734.6818362881041,127.0,144.10531106125686,8.0
35316,49691.53311327564,1989.5315073745937,52.0,120.7506232326021,8.0
35317,58338.15310421814,24458.42658632166,110.0,116.38818837546486,8.0
35318,11090.356414612615,9953.753448999427,-128.0,112.45022409047044,8.0
35319,38270.370848791616,925.0573442463595,24.0,123.1152744598619,8.0
35320,58157.78258462545,45361.781228437016,87.0,119.79643303951116,8.0
35321,42344.3298023506,23726.61231793375,198.0,108.85992082293473,8.0
35322,25966.366152497547,4041.1254815039997,242.0,135.36984741325446,8.0
35323,24338.87349087977,2879.3051216447507,81.0,111.58211920829172,8.0
35324,40827.29303543338,19786.114209771593,32.0,115.3723125242823,8.0
35325,33577.06273324058,1990.2153568890328,105.0,122.21795720822603,8.0
35326,42659.43906872252,14794.127675405884,48.0,112.63551191967454,8.0
35327,55350.25001077649,1180.2054777546066,94.0,137.43546755100803,8.0
35328,58156.89160072549,25109.244489617413,71.0,114.19141579747603,8.0
35329,37315.798943442336,1989.8817021836276,211.0,128.22192274865705,8.0
35330,28368.22368872541,12381.256718434235,82.0,112.8894608223587,8.0
35331,14023.968724761538,2209.3554377415703,63.0,110.71197860877085,8.0
35332,40754.98055479963,7420.909815136569,217.0,125.88839950936796,8.0
35333,56051.87214783527,1992.1782497208717,53.0,126.08036781403618,8.0
35334,36268.867736838445,19236.42135070711,77.0,116.11260221448141,8.0
35335,12522.460136061449,8102.958052546045,-1.0,108.25744390001863,8.0
35336,57181.430564391965,3489.4474216352296,73.0,124.27197566348661,8.0
35337,20606.22258062821,737.5528174869223,41.0,115.0551405592284,8.0
35338,51306.28826063651,1181.0612459748586,156.0,124.8506331294472,8.0
35339,15089.631554180502,13280.44825728501,-72.0,101.28075627968609,8.0
35340,23170.27265265531,5549.703616879939,21.0,113.38278174419312,8.0
35341,27803.689199412715,27101.7210579587,-206.0,104.60571877824361,8.0
35342,39823.748476175024,27131.53194698413,32.0,122.0605378415331,8.0
35343,53048.17078082813,5598.192547059837,98.0,123.69535208682987,8.0
35344,40402.28080274136,17251.24254992023,247.0,127.39197678431836,8.0
35345,38272.106416125,25484.91537089756,87.0,116.45086386821023,8.0
35346,41228.845604339935,6624.4137610983125,229.0,130.9356638382242,8.0
35347,43815.95732735104,23644.840477689628,-195.0,113.06746897440325,8.0
35348,19174.777187344993,8102.884680179564,26.0,108.12504210736554,8.0
35349,54054.60738879174,20182.484540700734,148.0,113.36740467467985,8.0
35350,11377.740616015844,9016.771886651297,16.0,105.12299845974597,8.0
35351,35701.14367370082,31101.686090517258,9.0,110.60705066652964,8.0
35352,39201.67821386237,21382.071540830995,84.0,111.44232143666763,8.0
35353,52600.006794103065,2869.639802179179,208.0,139.31479942236615,8.0
35354,35212.436101968204,23684.966574651975,81.0,116.58064827608848,8.0
35355,42545.40393442839,7399.059368542885,44.0,115.47577726736529,8.0
35356,42845.80720463623,4798.405588876816,157.0,124.45724625148691,8.0
35357,22889.31940719537,2207.5366916578537,76.0,112.76757474013593,8.0
35358,26942.75590785787,22919.817000057512,7.0,108.99573146809892,8.0
35359,37468.62559898705,1735.387843962689,44.0,117.0884326932609,8.0
35360,32520.366098468792,7087.034737532728,21.0,122.41948835686966,8.0
35361,37517.66202882283,23086.075584809263,64.0,114.55951824185833,8.0
35362,60149.91524883708,3552.633368302847,104.0,122.30129977692907,8.0
35363,54947.910164360044,13404.46764899441,33.0,125.93575681083948,8.0
35364,40205.80370778162,925.0800999577485,77.0,123.98357215006662,8.0
35365,46638.9261081505,5490.145931296655,122.0,127.95237831890184,8.0
35366,52051.52360712494,33500.5276185658,336.0,110.93584458286294,8.0
35367,67066.76379599556,732.7694838501764,12.0,124.71202078655926,8.0
35368,28238.39535034013,735.4533941929561,42.0,117.97842607553973,8.0
35369,41010.51091992268,6692.686487694794,86.0,118.99973249538336,8.0
35370,44344.168510109164,2870.161589139676,42.0,117.36609528420641,8.0
35371,53656.62297993245,1184.3523420905922,105.0,130.56535625506888,8.0
35372,62120.65924161597,1179.0422541444925,65.0,144.096614515042,8.0
35373,37794.51150386628,2398.4707268813695,168.0,124.85666125589316,8.0
35374,62390.3787905237,732.3171469675092,96.0,132.22294808322562,8.0
35375,63194.77780180672,1184.6011350108602,89.0,141.26656288475067,8.0
35376,27462.71750505459,12225.526871256981,309.0,124.54938066489208,8.0
35377,39514.216121531404,17757.061363165583,88.0,110.54440354786928,8.0
35378,55485.50620398034,1184.782687674807,32.0,126.79088161816595,8.0
35379,24271.15203020961,5742.731691975509,151.0,117.99601519744633,8.0
35380,29249.020574694245,20945.130689012585,-56.0,111.95314882758218,8.0
35381,8749.88685537378,1181.5966502509057,-18.0,109.22011238415763,8.0
35382,23135.441011714596,2774.8852078491163,71.0,115.43941525132884,8.0
35383,52924.63462669976,10827.28137140202,43.0,117.93121691010708,8.0
35384,60584.2429842765,6411.634479873546,139.0,132.2436821476498,8.0
35385,16086.036273124806,3086.4428589129675,47.0,107.46924835396615,8.0
35386,65422.58805286793,1732.5638555312084,83.0,117.48346964926333,8.0
35387,41783.7198721933,17634.99661039784,269.0,126.2709828837929,8.0
35388,54550.55644443759,1179.7666117577978,96.0,132.88619551885873,8.0
35389,27312.02819750935,1183.3387829140374,40.0,114.97844266949926,8.0
35390,56938.88532282029,14240.837987583593,72.0,125.44027075951243,8.0
35391,36847.823097547174,10594.563265009261,75.0,112.00397152873396,8.0
35392,51507.13822616011,5868.85302793644,446.0,116.08413989784006,8.0
35393,13962.698317915441,734.8503044303776,182.0,137.9902181254408,8.0
35394,49140.780304390086,4597.908079091374,125.0,110.53010906057006,8.0
35395,58279.930748515144,15529.646752410588,26.0,114.31997278392643,8.0
35396,14559.091283738988,12573.78580284042,78.0,101.11117614070686,8.0
35397,61036.22631270278,18578.48136784694,63.0,120.34499399767932,8.0
35398,49242.24784027892,924.86460250101,49.0,123.4145136997253,8.0
35399,50389.0943574003,7118.860471276377,48.0,116.57662076163712,8.0
35400,52405.04808437162,733.1185082636288,68.0,130.7329455940698,8.0
35401,34192.092106013195,10940.891488849373,54.0,109.5064850022244,8.0
35402,46392.36315508055,22247.09648813051,47.0,123.43974157278106,8.0
35403,50692.383274637265,2874.983154364273,118.0,123.64529050505237,8.0
35404,52728.19611444464,925.0139916140481,32.0,120.46641477875183,8.0
35405,37675.18542316407,4126.539210828511,121.0,113.69431708024757,8.0
35406,57288.31712306425,36123.77318553718,72.0,116.98189737072704,8.0
35407,45890.35075411535,5490.92897715293,15.0,117.42612151592515,8.0
35408,22006.319577062408,6965.037674387584,77.0,110.20199257985902,8.0
35409,31468.101713397165,737.0930058342126,39.0,119.15200108147059,8.0
35410,28265.87212115854,2366.4229384726696,133.0,130.7338062527548,8.0
35411,16229.268327035245,4418.68994568199,61.0,101.55697664425206,8.0
35412,46193.14113783245,924.9631778312752,175.0,133.0342843119419,8.0
35413,37521.10580619638,28024.337417295836,352.0,127.5020808591578,8.0
35414,43499.55435173364,2207.135077939345,140.0,125.85532229527695,8.0
35415,61384.22383531258,5204.131182661138,193.0,133.31918708492555,8.0
35416,51878.74319875453,11698.923305444077,67.0,118.53389557994777,8.0
35417,24791.772948329777,4049.3242346665374,181.0,108.55002659131712,8.0
35418,21371.10862868426,5214.269888170592,42.0,109.40988167687034,8.0
35419,33227.16825319522,736.4086093919673,42.0,129.52371801374449,8.0
35420,40589.383098200684,9704.303562182033,108.0,117.21277411638624,8.0
35421,29394.5160566901,13308.34581873917,476.0,128.41716270248833,8.0
35422,62233.89976964015,1179.2722929906874,65.0,120.6797565945156,8.0
35423,11821.307231889772,4419.196062054152,51.0,99.98937503735523,8.0
35424,20821.224865439566,925.0117532017395,136.0,123.85636209778622,8.0
35425,25098.523244040764,2885.747013933222,38.0,102.0990051317907,8.0
35426,24737.336380121244,7420.5727197339065,77.0,114.06996688080666,8.0
35427,64138.95808296099,2891.197495531587,97.0,129.4102669553805,8.0
35428,43001.92127770557,34705.77773896468,116.0,110.03661113990968,8.0
35429,31523.959464942072,924.8249090587301,59.0,115.66817950814468,8.0
35430,33370.94859852558,924.927064857055,41.0,118.57896865219647,8.0
35431,38514.82409312989,733.1531813024211,22.0,135.3885022710301,8.0
35432,8839.92952066869,8102.693237977076,-26.0,96.37652140158445,8.0
35433,25913.98523073789,7419.71817960793,109.0,118.84472109269763,8.0
35434,38836.834692176446,2361.4217117021612,172.0,124.32563025279009,8.0
35435,58363.85438598433,12126.962684721082,40.0,122.8252462670187,8.0
35436,40104.146684723084,13032.479586808944,80.0,117.55007140082323,8.0
35437,66591.74068173676,10178.321338119798,174.0,120.667491747855,8.0
35438,5912.972578334395,3547.8183783608765,-2.0,93.31961024484092,8.0
35439,35387.15725605852,9430.541663831718,88.0,113.6124247585797,8.0
35440,35172.15995211613,17053.649547489862,126.0,112.52082083630651,8.0
35441,36472.5501597194,925.0264509413731,13.0,114.5101058476319,8.0
35442,36384.659771527295,4041.3524816964396,45.0,119.44732759625212,8.0
35443,48447.862269198355,46710.59952194469,-44.0,121.41431125086912,8.0
35444,62149.40854436326,1990.264468786317,58.0,122.90267058521154,8.0
35445,51400.531414552286,925.102015434479,25.0,131.20097644488334,8.0
35446,13893.317771698517,12969.822105588291,-2.0,103.55154563478101,8.0
35447,36211.6100909842,14198.859102553348,229.0,126.04778253107827,8.0
35448,37954.46414856595,11697.888792717735,69.0,114.51322375498444,8.0
35449,13893.620365940575,1849.826269766005,37.0,108.9245752777504,8.0
35450,48089.13206744465,8225.004041781389,36.0,121.30421847777701,8.0
35451,60093.03559057099,1179.767129344821,148.0,132.7459906306786,8.0
35452,10958.354799558076,3089.8496513178234,53.0,104.67127437261635,8.0
35453,56496.690996633544,924.7334935824322,23.0,130.89857182336794,8.0
35454,51505.752965517575,6334.831821213814,119.0,125.52153787671052,8.0
35455,54063.149892514935,2360.0248737898373,260.0,133.10110203814975,8.0
35456,51149.4604802899,42546.52930732272,-20.0,117.01535126948009,8.0
35457,41505.204892494614,737.7218538394666,93.0,127.19573319590343,8.0
35458,28697.59584880632,21110.6914941043,154.0,112.40338413859246,8.0
35459,23422.557610696498,3481.0913267155875,128.0,118.49904367868967,8.0
35460,37850.053676404794,5970.06355200669,142.0,118.61146975489099,8.0
35461,45184.98467785237,736.0770206711001,14.0,116.19153439008876,8.0
35462,30993.93783908045,925.0917179478998,50.0,118.70250218188406,8.0
35463,7489.545203460978,6925.4828940516945,-137.0,90.77741957755876,8.0
35464,37987.78476809254,2884.9283513290566,111.0,127.67379396270114,8.0
35465,50955.306577164105,9278.38243192617,92.0,117.61001296983534,8.0
35466,35329.62105575134,16552.760008365043,181.0,116.02870301419797,8.0
35467,24983.490686450947,24059.01905780681,-354.0,105.61667569486757,8.0
35468,31111.221521010888,11401.858385722968,73.0,110.13808537251627,8.0
35469,48170.65363562991,925.1786537805812,47.0,123.07040008496135,8.0
35470,45536.3878135836,3772.7368004358837,121.0,123.99780677540176,8.0
35471,44693.49603099646,17711.08824621733,34.0,122.18265437224878,8.0
35472,38739.33448122748,2877.105236627527,14.0,118.51877265054203,8.0
35473,53736.960530757875,5968.531090107277,135.0,132.3241757808991,8.0
35474,30574.39707467501,28837.338346769728,50.0,117.84334763275396,8.0
35475,25070.37440131784,6516.269271287507,308.0,124.67479389513201,8.0
35476,19076.40769367202,6401.255621162581,7.0,114.28008557488116,8.0
35477,37259.347507071994,26983.459067808257,211.0,108.4749740049557,8.0
35478,53586.013432842454,11417.11161443969,55.0,117.33608139058092,8.0
35479,5474.648083276005,3794.5756370186923,6.0,95.10532193599926,8.0
35480,22583.2311585411,5968.515388940919,130.0,105.04952006472064,8.0
35481,29870.99951202866,3983.471152524797,64.0,110.5822659114763,8.0
35482,31600.361388624915,737.0782895340893,200.0,131.28141064891054,8.0
35483,38084.33693762913,738.2430657598704,93.0,127.90877707804651,8.0
35484,22148.56748001149,5861.156340534903,49.0,118.83521529576205,8.0
35485,39289.2193018466,19644.230158225342,202.0,126.2574322090637,8.0
35486,38126.00526092359,2390.9607520205873,62.0,118.50269682559438,8.0
35487,18991.74446033174,2396.7001890326837,125.0,118.01583471620805,8.0
35488,54495.08835028584,46041.59222237055,354.0,131.05330508566206,8.0
35489,47882.60244970257,1743.256311840034,225.0,132.12556025735915,8.0
35490,48136.153509194264,5475.76395235776,36.0,115.95088646924398,8.0
35491,18118.23749249492,9571.43536952586,139.0,106.96935179892338,8.0
35492,28367.833534970112,10412.18202966814,280.0,103.94261029405087,8.0
35493,38084.235344770415,12154.77297538677,139.0,120.82021492823847,8.0
35494,8647.00593135937,1182.5027406449951,79.0,110.73800755658375,8.0
35495,45319.18897423822,5549.1357848665375,101.0,120.04899459704339,8.0
35496,40857.74231204147,1184.64154211735,29.0,128.2229944536245,8.0
35497,33652.827624197475,5755.551361418062,32.0,114.83268063592973,8.0
35498,53306.168833518306,924.8284768346779,22.0,130.77339963032293,8.0
35499,47905.18257645632,739.9132594547128,17.0,118.13630318258213,8.0
35500,41083.07082190952,735.085502997656,212.0,134.74311369564845,8.0
35501,23137.330727389104,22410.60132480898,-312.0,100.75637222525825,8.0
35502,52278.28891866091,15725.058910438971,55.0,116.39965686618969,8.0
35503,47546.89220390985,9805.467298289102,18.0,115.15633096464238,8.0
35504,58040.18319692047,47844.171014601656,116.0,119.09714687803472,8.0
35505,51645.33328146107,9711.999955061108,81.0,123.80363294022816,8.0
35506,43616.593230722276,14767.90391341668,-93.0,111.77238007480176,8.0
35507,25952.733187002344,13864.617892350061,183.0,105.3188621477513,8.0
35508,51547.04087664525,2359.8968497120068,346.0,135.32971527663875,8.0
35509,15378.849845449231,4311.145085291891,70.0,110.26768021984297,8.0
35510,18452.420028771212,16734.54096965369,-87.0,112.98589015139373,8.0
35511,37986.243077728774,1735.54033391041,28.0,115.34671666111112,8.0
35512,4790.874976386251,737.0575777867173,6.0,94.55413672042127,8.0
35513,49025.104097866104,3552.43626495253,38.0,122.96114248371885,8.0
35514,52177.521061224405,31798.184613153546,88.0,119.0130135235072,8.0
35515,60384.23651097722,39626.03165057132,111.0,118.87166888558164,8.0
35516,45468.99896491504,4682.991302125257,100.0,124.17463810826979,8.0
35517,29571.37883788642,11812.189732740642,66.0,114.76854308461384,8.0
35518,33264.96529084622,32531.187076523573,-410.0,104.74010602280376,8.0
35519,37929.654825431535,13874.341670365555,20.0,108.85531532169759,8.0
35520,19203.713815601102,1182.8163101963444,196.0,123.64232132822087,8.0
35521,62021.49947484907,21325.172263418433,63.0,121.38914587234656,8.0
35522,48024.78491527342,733.8587025724433,161.0,133.75623551585053,8.0
35523,20816.884101743162,737.5528174869223,41.0,114.80252079013722,8.0
35524,31755.074642745134,18027.177706463674,204.0,124.38277693916079,8.0
35525,18021.566113485183,16283.15250057427,71.0,114.44301776796077,8.0
35526,40845.74965717197,26756.352825247493,163.0,116.00813357033738,8.0
35527,11979.973730985617,11304.143832769825,-108.0,98.53955295570438,8.0
35528,34349.08949683071,5598.016534159052,44.0,117.66062753898294,8.0
35529,29910.898142006954,2362.0403568286247,179.0,118.90111083079981,8.0
35530,49964.94268450601,27949.160585869384,332.0,112.48084207237191,8.0
35531,49154.07947367192,1183.8576099671077,94.0,129.11338744794753,8.0
35532,9706.909451639975,924.8991012214505,7.0,101.75255614862682,8.0
35533,53742.49466882248,47081.92321929887,80.0,116.05834516654123,8.0
35534,38839.350119952374,18892.846358497143,133.0,120.98615173300827,8.0
35535,26782.05427023938,14500.533618567713,70.0,107.90697241530357,8.0
35536,13386.444933531426,1181.295480447199,53.0,114.23360820063189,8.0
35537,25917.546325421412,1736.4927290282224,247.0,134.14154336805734,8.0
35538,56941.22491194604,2869.9507853971973,68.0,123.08183419705796,8.0
35539,37927.75342520934,1469.7736422219068,337.0,134.64555928247066,8.0
35540,23186.47881246335,14179.972483813985,-12.0,116.84724711374295,8.0
35541,30186.047860441395,12150.149870472076,87.0,111.35539714162233,8.0
35542,67008.40166500621,56825.57580250316,116.0,120.606922751401,8.0
35543,22072.061773978756,1180.7655747179447,51.0,115.27317564309408,8.0
35544,55265.89008433739,924.7506891551013,11.0,130.3623620523809,8.0
35545,17818.60034250567,925.0390437719808,22.0,110.08967756270646,8.0
35546,36440.47703447617,12934.797838957433,289.0,125.91489542518774,8.0
35547,56751.16298991952,3138.4698319719123,88.0,123.28159310288223,8.0
35548,14816.716026744603,5549.35854729609,195.0,103.3933998524604,8.0
35549,37463.005022762656,2870.4342179697574,34.0,125.3518911841751,8.0
35550,31262.964409087817,17165.574828227647,163.0,116.29254048314054,8.0
35551,10369.929501538092,1738.9443702111125,8.0,100.76623764738413,8.0
35552,42832.40426803039,5483.731089367839,42.0,121.8145977687292,8.0
35553,58710.594406125296,1179.9221794001057,71.0,141.91377155365245,8.0
35554,19292.996652857437,2393.201860887239,30.0,109.09453645536567,8.0
35555,39806.49239028256,13868.552080842175,139.0,121.1941625816764,8.0
35556,52473.683654951594,4600.376074270013,28.0,122.56274523328838,8.0
35557,40475.11216962626,735.3821481250177,14.0,121.23577138833014,8.0
35558,10970.068629246463,1182.306674654745,99.0,115.14294190533116,8.0
35559,44644.502537617416,924.8726345678772,112.0,128.8274987501808,8.0
35560,29382.897098127134,11762.717024376852,59.0,113.91869739896654,8.0
35561,47453.47583162875,733.2170111443826,73.0,127.74666868695618,8.0
35562,48134.398026521856,5977.052128236537,45.0,114.36864551846838,8.0
35563,33854.336300340095,26673.623684093254,-85.0,111.49990911429441,8.0
35564,37248.61211582012,2870.609631206686,36.0,121.37415389086082,8.0
35565,36961.549175749904,2396.825878230975,198.0,131.78736140401958,8.0
35566,23611.347749956985,3474.414446252758,121.0,109.72536748889259,8.0
35567,18041.362404282998,3982.989901057057,264.0,123.26855472048257,8.0
35568,46906.924313613155,2368.122809083209,66.0,130.07908255743914,8.0
35569,45289.74317521011,8227.158668619895,60.0,122.59538763847247,8.0
35570,41785.880583895494,3485.489386500443,218.0,117.74806709248514,8.0
35571,10591.58572220251,9706.529754847064,-239.0,92.94700293177164,8.0
35572,28918.77115540892,21331.261165292035,114.0,105.05596816702374,8.0
35573,19378.124952279533,8271.952936673455,132.0,105.11871095061551,8.0
35574,57123.102065594925,732.6998467520893,182.0,134.04672240122048,8.0
35575,55206.41923785393,1989.6591037252908,101.0,125.88346247806555,8.0
35576,53155.35516923349,1179.9542631060078,135.0,145.3318495381567,8.0
35577,22482.856672409525,7483.537365898519,198.0,120.13457429139436,8.0
35578,39555.73556350972,13398.56138007778,46.0,112.39659004342249,8.0
35579,56451.214370222,35687.70776076714,111.0,116.18159546766911,8.0
35580,15041.237529077021,6169.177947647339,312.0,121.72903871733084,8.0
35581,38855.09818351902,16649.50078950011,-18.0,111.1837109210721,8.0
35582,44417.0633957713,3145.1579351878645,61.0,118.81509490985901,8.0
35583,63471.014555122514,55192.60139730541,153.0,112.33943122447643,8.0
35584,35056.051107097,16435.854491687165,198.0,106.54700230287435,8.0
35585,23572.169960638035,5152.364153103124,256.0,123.03459413416465,8.0
35586,18210.983369910606,16478.247357983535,21.0,113.10816399099542,8.0
35587,51938.021880973145,15390.681920052068,55.0,116.58591626520592,8.0
35588,49806.81147555235,9364.734722313144,464.0,132.24184253705113,8.0
35589,64690.900008034805,43926.44829444829,106.0,115.33460624176855,8.0
35590,31993.22594869792,925.0191143677197,87.0,121.80736345203042,8.0
35591,61215.12004297816,2360.6067256263154,128.0,119.60987374544044,8.0
35592,45068.0665218081,2401.5261623357596,328.0,133.647139969551,8.0
35593,28037.37511927862,10349.685411353765,45.0,115.02960833659455,8.0
35594,19692.602257582217,13301.858072980254,18.0,108.43693929662817,8.0
35595,49278.28410479577,1183.2246636829918,108.0,127.97609902557626,8.0
35596,35795.42770278632,5470.296883691258,11.0,116.08688292322591,8.0
35597,36127.770103527866,25891.600622606544,455.0,110.1019323808982,8.0
35598,18556.633075173097,9278.328075386555,191.0,107.72483150611369,8.0
35599,55898.020621387666,1992.0668096468714,248.0,116.80178364785061,8.0
35600,35278.61010743594,6520.366661995797,83.0,116.53649897455597,8.0
35601,12114.05037972145,9278.583998904029,-69.0,98.82018600185759,8.0
35602,41960.56958739358,9567.078164024537,275.0,125.91577449722357,8.0
35603,26836.297858652597,8571.724873612156,55.0,108.19145253894528,8.0
35604,51487.56395575663,32419.145326582493,61.0,123.21241880968392,8.0
35605,44886.87567211895,2774.8741969175367,36.0,123.55133354309251,8.0
35606,35331.516671412355,27751.609381248993,-407.0,108.77505048984322,8.0
35607,41588.498879983796,1181.4104772651633,275.0,144.44390276765336,8.0
35608,55835.9142705883,924.9664325475069,20.0,123.03858858894255,8.0
35609,49158.096355299145,1849.7658896804892,41.0,116.70693022451871,8.0
35610,42368.30528499905,10361.992161680431,210.0,112.90957607235515,8.0
35611,23124.612637273913,1183.4654764609766,245.0,128.28698014873112,8.0
35612,48289.861227796944,4855.787462333784,50.0,121.54264745775203,8.0
35613,41440.6419864254,4125.306579114623,42.0,121.53471292708481,8.0
35614,34650.65318620583,3984.1076712538193,30.0,118.99767300168287,8.0
35615,51879.89273770563,5549.7889587048385,267.0,129.49069720898297,8.0
35616,33953.24453833693,734.6918333775208,242.0,134.46478439388883,8.0
35617,67018.19538485305,1179.5901809126406,151.0,133.32099309846444,8.0
35618,58460.84305991196,51808.0179193216,-24.0,117.09380427597885,8.0
35619,50336.21744965818,8666.353007082123,16.0,120.26346966488646,8.0
35620,55310.11629581418,732.2933527774501,53.0,126.15970803291131,8.0
35621,16548.55848751322,5742.161293090171,346.0,123.32853333383876,8.0
35622,53308.307312348144,1183.96046045236,229.0,134.80097474800903,8.0
35623,22632.913671131264,18860.602246081744,-327.0,104.69964322297795,8.0
35624,44703.968411562324,924.7429861560835,122.0,129.7354419428974,8.0
35625,57153.407218370965,7725.790533216131,30.0,123.08378559960506,8.0
35626,39328.187756239415,5122.31248081233,73.0,117.80809356104436,8.0
35627,18065.58751047659,6884.720779855117,13.0,108.73531419646854,8.0
35628,35423.116687584785,924.9203956623645,52.0,130.50493450511524,8.0
35629,30733.353753823703,924.8085908648579,36.0,121.76929653122555,8.0
35630,45252.97425887015,738.9598148671556,69.0,138.5925555770972,8.0
35631,51892.21201308326,738.5256592195616,105.0,130.9089924438876,8.0
35632,33162.73682434881,12522.634203358031,186.0,105.41321128351863,8.0
35633,39282.546323785624,9341.910312676142,32.0,120.4143548647665,8.0
35634,50612.56992116642,9915.880055444259,21.0,127.69750593515917,8.0
35635,36549.18319301807,14048.24544835012,17.0,107.72242439540867,8.0
35636,36924.10860972612,1181.2367504277015,44.0,118.14163890934664,8.0
35637,33158.262442954365,32422.23545268166,-498.0,104.271434745163,8.0
35638,20642.47244773754,736.134371775116,17.0,111.93363297840813,8.0
35639,10411.613342144281,2871.0010162062204,135.0,94.27539364826653,8.0
35640,6343.834269749539,5761.998331573923,-29.0,95.06611966419503,8.0
35641,56037.59780252338,12549.472837233046,359.0,129.2017326731175,8.0
35642,41784.48935594984,15792.849288149562,48.0,109.48622760328618,8.0
35643,20810.05671961982,2209.4050005574763,162.0,121.33359414354567,8.0
35644,49219.911214226915,924.9388251881744,61.0,132.63455917132114,8.0
35645,10435.421540979502,4044.7947981712505,19.0,100.81210461232091,8.0
35646,35234.18418776299,23146.642892186974,183.0,115.88603775482201,8.0
35647,48629.09142239354,21032.0337158301,9.0,121.17215004968651,8.0
35648,39019.88617261893,1849.7302346298768,33.0,116.51259925952101,8.0
35649,14561.554355101585,3772.429296184299,371.0,123.85646623537318,8.0
35650,24103.501708960437,734.6917085658296,3.0,115.82722487586882,8.0
35651,28214.697545912506,2399.041284379295,47.0,105.74339960404268,8.0
35652,51385.45618292116,2875.7269296020736,377.0,129.0660067478057,8.0
35653,31897.198392313563,13384.439076285003,-2.0,116.53761858503613,8.0
35654,26670.089260070126,6696.588918894546,75.0,115.45780068825606,8.0
35655,45600.864239932416,31508.35270197432,163.0,118.5445984843613,8.0
35656,57848.62795959297,732.0365759041157,58.0,148.17135649511994,8.0
35657,48444.13132148103,33683.22523543785,183.0,109.96997918197576,8.0
35658,49685.10237876231,14962.610407564684,44.0,130.19272049526435,8.0
35659,32461.347826025834,16965.948584527614,181.0,108.28686354876548,8.0
35660,6176.950483265465,4515.845698051463,-6.0,93.44979970673607,8.0
35661,50777.281960283166,2875.7345197281334,371.0,132.2251474808814,8.0
35662,29293.774613241258,8251.969838293518,103.0,115.28855404367307,8.0
35663,25475.28066531079,23503.205896810996,23.0,103.94533358254316,8.0
35664,29609.066558479743,3983.5977281816545,174.0,122.83932278841871,8.0
35665,30043.068558324652,8284.89324026206,88.0,111.00930129763897,8.0
35666,43834.460212626735,738.6294479952569,65.0,129.29837733718952,8.0
35667,44214.97078374153,11094.180370145838,162.0,130.01407510453907,8.0
35668,60815.115932989356,925.2036733448068,23.0,120.14312396130785,8.0
35669,48255.814634212446,925.1612092692915,16.0,117.43328215028632,8.0
35670,26585.101358120548,2947.5165791829804,42.0,114.5276441358796,8.0
35671,29606.30854214714,1849.716588322793,58.0,117.11006588347475,8.0
35672,16451.297032551254,925.0247054316048,20.0,111.44945745297315,8.0
35673,49346.061378171435,32336.794373907047,238.0,131.32555747793654,8.0
35674,40319.125128242435,1850.0561625701366,60.0,124.23563209805201,8.0
35675,51270.601583158445,21351.125827880274,315.0,122.83204643216894,8.0
35676,61839.201674173695,12911.40593401428,26.0,121.1065472572893,8.0
35677,44921.02416466907,9949.335174448464,186.0,126.51037453182572,8.0
35678,25076.551131888053,4312.302494509084,103.0,116.69291233586068,8.0
35679,25044.452482104483,2208.2477178980907,10.0,113.49107360278754,8.0
35680,13345.153805465365,736.7148103463556,23.0,107.46011765953507,8.0
35681,11196.144218738666,3772.0483113695946,2.0,102.34859909595038,8.0
35682,45941.503542567516,2360.9527523537195,30.0,116.06215471601953,8.0
35683,58362.665314404796,17671.989535295477,95.0,117.67846940373506,8.0
35684,44786.03804822571,2774.5417987602696,46.0,109.99517292351607,8.0
35685,42568.76116791441,1183.6719336582746,131.0,129.91010599507933,8.0
35686,25500.55955313632,7544.934796141773,255.0,123.19933001657958,8.0
35687,33282.59659765731,1740.1481943647086,86.0,110.71230968571192,8.0
35688,33982.94296733605,3472.460777014395,190.0,131.5869034610589,8.0
35689,32661.439408338134,3980.057388464969,39.0,113.20406550849086,8.0
35690,48235.81659579374,924.8280594842917,37.0,119.17646960484304,8.0
35691,66414.38132725838,1184.8866630613286,188.0,134.85481637065476,8.0
35692,37099.126810740476,1741.0750704236434,186.0,128.4164084982786,8.0
35693,57811.86702833518,1179.2558902982912,172.0,143.30528942543796,8.0
35694,51299.334638691435,1180.888378479318,43.0,122.35444610145936,8.0
35695,27630.491482933714,1180.9166698863287,117.0,137.91802945495195,8.0
35696,18731.590902505955,10280.276243261424,344.0,123.41178672053559,8.0
35697,54082.56670090801,3144.0523080230937,92.0,133.4393959195534,8.0
35698,53639.699007934665,8609.086293791657,189.0,136.66478386735758,8.0
35699,12828.260171539912,5240.5900320390465,13.0,113.76584491368953,8.0
35700,30712.437112647647,9833.058673987553,85.0,115.33511884499005,8.0
35701,50291.20958634095,39703.101006887744,264.0,129.32271445737274,8.0
35702,9020.584170387256,924.9988583994859,51.0,109.87383586704445,8.0
35703,30385.541324471465,9339.153445675542,23.0,115.54345466781469,8.0
35704,34122.10124278164,5842.723786367408,245.0,128.12935665208704,8.0
35705,19052.533707072707,10248.318743045058,31.0,99.98950099055988,8.0
35706,37256.19259441374,22358.083083387453,53.0,113.64265568810319,8.0
35707,24693.58262052794,2393.546798927569,137.0,109.62122996783532,8.0
35708,46742.82599719148,20805.98518264832,139.0,122.55596457745244,8.0
35709,50097.76730927609,11505.991040351199,145.0,122.16720830540709,8.0
35710,30600.118572076102,9827.353111140494,54.0,116.08299348750911,8.0
35711,35424.64718604073,16795.294115672412,108.0,111.62882221760816,8.0
35712,10280.125962186074,1849.8243519978485,97.0,115.30058341310884,8.0
35713,54070.214811327874,13468.13590219373,31.0,123.42922648025933,8.0
35714,20094.428565964838,18119.214673741364,49.0,102.41978532541476,8.0
35715,39636.643913798536,2876.4763045951763,187.0,141.0989168425354,8.0
35716,48363.58589779492,924.9954215183405,48.0,138.85731491859684,8.0
35717,47639.84951234575,25140.625693775135,44.0,126.2893705712865,8.0
35718,45702.12747810541,2871.5364931575828,50.0,129.71060203123022,8.0
35719,24983.025190333075,4624.432272159244,91.0,118.64917243488402,8.0
35720,35654.042435123396,737.5625656987479,48.0,123.39322849971003,8.0
35721,51634.2301060284,43180.72195382143,361.0,130.65209294559747,8.0
35722,35672.636229830656,737.1600764647662,44.0,118.72865170106421,8.0
35723,47920.30150550561,10596.118141850366,76.0,121.20117356959075,8.0
35724,51927.97194388058,9241.332335141666,388.0,126.69137605901591,8.0
35725,65839.99270122434,43518.42987974385,116.0,125.78108607974025,8.0
35726,19707.803252935155,3090.2975769155305,124.0,103.6510865827271,8.0
35727,36193.037805571235,4417.782448624046,328.0,112.36648154361022,8.0
35728,30990.34198038491,15494.914042869801,181.0,107.70880052717004,8.0
35729,42626.7536813746,3088.8673121828115,83.0,122.91155676280734,8.0
35730,28223.081561028073,19770.051875430825,345.0,126.02324202405913,8.0
35731,54196.5264075048,13504.54975523348,63.0,119.47248530006789,8.0
35732,41169.364157073294,739.1567257790047,59.0,124.668838959543,8.0
35733,42146.30172613233,1735.0662701145607,47.0,119.22377659407495,8.0
35734,38107.12434773736,4051.823253329617,145.0,122.41858963918823,8.0
35735,5234.28919653421,2207.949476784086,-1.0,95.31411879168553,8.0
35736,38186.33234414606,735.3392093144189,76.0,124.96448586444131,8.0
35737,15682.156963536934,9021.899339542711,52.0,103.98054168543412,8.0
35738,42067.854597510035,22565.758567584187,-33.0,115.8527583717018,8.0
35739,42953.05472600331,924.8114915157772,72.0,123.69786904581261,8.0
35740,22308.063714628333,1849.8578740746007,93.0,125.5157230467771,8.0
35741,50449.32551364936,9110.242942859591,95.0,124.51323383556084,8.0
35742,40344.147351402346,1470.7372471348883,134.0,139.29663339137431,8.0
35743,35158.82876420509,7601.578940957526,3.0,117.8342749499129,8.0
35744,22232.485481031203,737.2125676438405,192.0,129.54972743195242,8.0
35745,54196.49394408287,36076.64262751559,132.0,114.27411946785588,8.0
35746,7574.711361529246,736.7586051676119,13.0,100.10731225652887,8.0
35747,26407.121376894243,1991.9832487674894,87.0,119.05853534497643,8.0
35748,27818.930101965638,924.9829869628041,23.0,118.4636622594179,8.0
35749,21901.158923848376,10947.572271904703,216.0,120.42092095224373,8.0
35750,26158.680818406905,6516.216232507123,294.0,124.53324314086663,8.0
35751,26406.60724842337,3772.3890636488973,81.0,125.52321831177592,8.0
35752,35556.970356799335,1180.638337125034,14.0,112.85247308379054,8.0
35753,36284.99891770957,14457.752414608041,145.0,111.56449231334943,8.0
35754,45422.45166233827,37878.96586311776,153.0,111.37973444893959,8.0
35755,36438.578926606315,7543.831201855447,41.0,111.63048365529406,8.0
35756,41681.69490008785,26930.60590632763,183.0,111.0631860543613,8.0
35757,22734.959052048158,10447.85713648027,135.0,120.94960305906315,8.0
35758,31422.19918606968,15709.170418908674,176.0,108.0373917502802,8.0
35759,58416.169223053505,18437.03384855779,76.0,119.14447402455502,8.0
35760,63769.61308658938,21893.75049884511,289.0,132.86227134133745,8.0
35761,46457.75276162888,11196.164773500373,61.0,122.67346989989578,8.0
35762,60174.08882861251,3144.5185634168624,198.0,132.36861004125234,8.0
35763,28682.846391142335,5549.766177895042,61.0,121.40922524743384,8.0
35764,36244.268450970885,26735.692549402964,329.0,127.10503905204935,8.0
35765,22066.250069459777,2394.6519505744136,74.0,108.26854086286282,8.0
35766,11123.380884468372,3699.6478106449795,12.0,103.19481639674231,8.0
35767,19294.505443113507,1182.428742253057,35.0,114.08116272605827,8.0
35768,65648.91852974588,2359.5222656527976,120.0,128.05853123215218,8.0
35769,25848.59788926574,4306.959606921576,112.0,111.96190698821215,8.0
35770,45106.59003983221,4622.379408476271,30.0,117.65202009720532,8.0
35771,21726.702195469697,14182.48699238354,23.0,102.00068097726188,8.0
35772,10678.66944398323,5237.2923181721135,63.0,96.17752675693553,8.0
35773,42337.7614180664,1180.3923247304576,9.0,122.9019908937915,8.0
35774,53584.617965967496,37587.66395590712,235.0,117.56744568160082,8.0
35775,40164.36809501875,3541.7408299942363,95.0,120.87692662567515,8.0
35776,33089.9055083312,4725.210350472591,21.0,116.86739425744939,8.0
35777,42139.69360583399,29131.859810218433,323.0,109.09076525663436,8.0
35778,39086.8036034039,738.0368170083603,46.0,133.94837323256317,8.0
35779,31299.629191169934,5213.719817987319,225.0,125.73481615703602,8.0
35780,23950.116229286214,17295.963442216307,75.0,107.57903975497922,8.0
35781,24701.75099727501,6663.803376270654,80.0,112.29977956587634,8.0
35782,20190.11364869956,5768.382713502098,27.0,107.4309460605438,8.0
35783,42464.574733552035,2393.590200077398,204.0,129.0643202824155,8.0
35784,51880.80525045023,12046.954553031826,271.0,127.02446042308739,8.0
35785,38416.44962390164,2948.6986912464354,89.0,113.60118023211183,8.0
35786,46718.850620462326,38270.60871020306,353.0,129.83481912797663,8.0
35787,30931.900806054222,8612.376604090021,458.0,129.32742130782628,8.0
35788,44869.34999215717,738.5040297055792,185.0,138.50602715153656,8.0
35789,22634.218753697707,13136.254335369793,233.0,123.64141165268131,8.0
35790,51486.001583751924,1989.8788213326486,79.0,128.0898998774622,8.0
35791,24264.463517804466,925.0655063000355,54.0,117.22817294240785,8.0
35792,41446.477783696784,19002.79056874292,40.0,113.27124730125485,8.0
35793,42065.61695056079,6625.908549909277,332.0,120.08338204001987,8.0
35794,25959.696705788014,3143.3303137212165,201.0,126.00865035635702,8.0
35795,37005.56003628526,5549.862893776719,41.0,115.54704582117618,8.0
35796,19437.663191563024,924.914856721248,106.0,120.82893712916805,8.0
35797,53649.03113096849,4624.364573749748,58.0,121.88767099595324,8.0
35798,30520.748622216022,4604.1885638944095,-7.0,114.66863714534125,8.0
35799,41073.50857124159,2398.065332619083,18.0,121.45935625741187,8.0
35800,25684.993210127763,2394.0071548239343,11.0,113.99559171535891,8.0
35801,33170.33611536728,1471.2666040933632,-8.0,118.48681299576566,8.0
35802,48174.548677686726,25844.835545883758,459.0,129.4723062438494,8.0
35803,39042.567676735445,2947.4574133965116,47.0,117.60834873045715,8.0
35804,15997.19738439777,2870.573197720046,5.0,109.0905106105866,8.0
35805,47191.34182097542,1179.7444750700645,26.0,131.7363633193326,8.0
35806,18012.969146666903,1739.8600398328288,171.0,121.5578947452366,8.0
35807,53714.437340720746,7543.119878051838,525.0,134.45042246879385,8.0
35808,54314.04811563413,9286.666167511868,18.0,125.74654117632814,8.0
35809,33695.03809082765,16908.510542749882,293.0,105.47404230483264,8.0
35810,52426.07673412712,43974.37387623722,362.0,130.77592995709358,8.0
35811,41496.31330439914,24451.420915184783,246.0,110.98081157592654,8.0
35812,33330.789731086385,924.9425192996633,79.0,122.72899187104717,8.0
35813,39216.87377406264,13332.39519115996,319.0,128.89676560303207,8.0
35814,45919.51055056163,733.8528868628218,210.0,149.43630295124092,8.0
35815,41725.6315214435,15792.482474084929,209.0,108.18492535347677,8.0
35816,45493.77051266696,1179.8452035219018,111.0,127.36134232902863,8.0
35817,19755.06092313529,3476.366012515251,11.0,112.05462567331453,8.0
35818,28758.32869185438,6516.3398549062595,107.0,114.62435708756799,8.0
35819,41668.891947464734,22602.598163045608,109.0,121.58123591184336,8.0
35820,48629.19769227263,925.0384730678958,5.0,121.40084330407554,8.0
35821,25420.119793603353,2397.451767818709,45.0,114.34453041805517,8.0
35822,38855.003597253846,4624.801540316812,237.0,126.91464311006087,8.0
35823,43233.18155795369,34920.925460050596,116.0,111.5335768593488,8.0
35824,47512.060587804255,18237.14633698762,68.0,112.85421151743245,8.0
35825,34180.52026002811,28951.571132336398,-226.0,116.83732788313912,8.0
35826,59530.9987376306,1989.295182070288,106.0,135.21778801103798,8.0
35827,35847.97093489174,5975.777666001897,71.0,123.27357070696054,8.0
35828,24362.325827764278,5961.535435298575,231.0,119.50825290269569,8.0
35829,32663.027201072593,24051.659875504305,-36.0,111.08299430934052,8.0
35830,42546.31111099439,7193.8709955388595,191.0,127.25154726961591,8.0
35831,25095.65668358613,1183.6157188942814,87.0,123.37783426833462,8.0
35832,36550.736954562075,11412.872847532584,171.0,127.35384188141131,8.0
35833,41213.624127048264,4040.345417600608,40.0,120.40128829590245,8.0
35834,51391.1722097758,4039.1114576527298,65.0,122.34341297694151,8.0
35835,52515.52751963971,42333.557826942015,116.0,118.30130234067758,8.0
35836,50382.02526099517,10279.385121238201,226.0,124.98543952673793,8.0
35837,49380.66375124931,2886.3949616541645,153.0,127.5041973945946,8.0
35838,51375.46170966038,30993.909297327613,88.0,118.57558602434075,8.0
35839,15271.620160173841,924.8745283626067,275.0,127.66635577154008,8.0
35840,62316.65033262202,59956.05909501203,-151.0,118.79581493447363,8.0
35841,32894.3158955608,2885.405506747004,228.0,130.64716378369903,8.0
35842,59318.40515358092,42998.01679230348,120.0,124.58507341774971,8.0
35843,27929.54504062151,7444.6329198486,15.0,118.61854874787927,8.0
35844,36398.340093482955,3980.134826140265,159.0,124.59344839001707,8.0
35845,40101.322260279674,6937.510564960812,271.0,129.5045026130048,8.0
35846,17765.17092501183,736.009618494439,56.0,115.36223360971834,8.0
35847,31663.086498849665,734.7807472823866,174.0,131.02656732875676,8.0
35848,36673.542352574426,8452.798149696751,305.0,128.88820435789367,8.0
35849,50108.57500938167,18528.790528712347,129.0,116.88159476755717,8.0
35850,45539.796432287134,19920.817980564047,86.0,117.61563451226316,8.0
35851,40319.09332679807,17817.931154935737,33.0,112.77411652942807,8.0
35852,65630.66308439481,1179.9703845707709,49.0,127.88855218048192,8.0
35853,63109.40481282902,3555.1420795416825,112.0,131.42998149934334,8.0
35854,35059.38945037928,23984.765364385472,49.0,111.59224283902711,8.0
35855,32562.201890286964,1474.069202140652,37.0,118.44326711216401,8.0
35856,29239.892310134088,5844.543757034717,227.0,131.2211059032044,8.0
35857,47632.57428456911,7435.812136039483,333.0,132.09730104609392,8.0
35858,30956.11278376089,12934.75753171163,87.0,111.44357438661842,8.0
35859,53664.367335947136,25907.18611026036,80.0,122.09285218691055,8.0
35860,30466.19066838725,12807.298895356165,-3.0,118.65092255564122,8.0
35861,30543.601630541343,29816.150931412252,-553.0,102.45833880902887,8.0
35862,50140.34358909805,31584.72293084525,341.0,110.43667139004836,8.0
35863,31890.653764596518,1180.349386938761,92.0,135.6037399429546,8.0
35864,52350.382009832596,20763.212864041016,133.0,117.83321521035975,8.0
35865,32406.787764635385,924.9402444910386,26.0,115.88686728307466,8.0
35866,46393.86758137861,924.9690282373078,16.0,128.3666656183407,8.0
35867,56575.83727624802,1179.3898620674756,92.0,142.55550385738397,8.0
35868,22308.1759433184,11196.470051007089,-29.0,111.23941010628981,8.0
35869,44956.770792510164,1180.011592029978,242.0,150.93639976234107,8.0
35870,52957.4006523677,9914.73931032133,18.0,115.92159942252368,8.0
35871,41649.03402998218,3481.99244521742,207.0,125.50306016248912,8.0
35872,49041.907921106904,21285.09938280009,120.0,121.32784167120523,8.0
35873,40207.0658479788,924.8667613612315,24.0,120.43514263376147,8.0
35874,42680.1084010928,9788.65816426082,174.0,121.6763336215935,8.0
35875,45044.94926618238,13885.201485614883,95.0,115.49325924439691,8.0
35876,13839.048512410844,737.1251254100615,10.0,104.32371854619976,8.0
35877,39928.929640057846,9704.448711009989,18.0,113.39969048839762,8.0
35878,33022.72162497607,5210.490568548176,54.0,114.45002850214856,8.0
35879,54428.25312437796,11739.855430909196,556.0,129.36718034701852,8.0
35880,34548.94043803812,1183.465876482608,46.0,116.62797203720824,8.0
35881,34418.97691007363,24148.469997113287,232.0,109.89210866478949,8.0
35882,62286.00079922716,54007.60190439601,153.0,112.15113936486642,8.0
35883,49183.68389132709,5739.881651891683,31.0,117.97434216796736,8.0
35884,35911.60068744943,29745.095547473327,-12.0,114.30450095316758,8.0
35885,25819.237581358175,4796.00100847683,194.0,122.0983054052658,8.0
35886,28254.383591111306,6933.84546607866,37.0,116.05900933158975,8.0
35887,47182.28689482598,3468.987154418037,57.0,115.2091187903986,8.0
35888,30885.81385177418,925.0622822093004,56.0,119.33720256256834,8.0
35889,21636.714328071106,1990.6531777572268,27.0,109.81935116410794,8.0
35890,59225.25768256157,29620.164216830224,367.0,120.07611875634366,8.0
35891,50087.20548919836,8624.383106572983,453.0,143.27341487863532,8.0
35892,38697.61289949544,13848.41693782648,51.0,120.95524514881,8.0
35893,19378.2086454695,4044.03776985547,404.0,127.29470823591114,8.0
35894,39772.177136680126,738.9937008691293,18.0,116.11663319691833,8.0
35895,47832.42002440551,1184.1639368465455,84.0,130.18247333020057,8.0
35896,61046.374053769425,5921.463885450115,301.0,131.81211204232477,8.0
35897,61820.2936279724,924.8318841939102,106.0,149.3018183563014,8.0
35898,37482.91012511672,11540.483699373155,139.0,120.68577274739779,8.0
35899,48913.325490488874,37959.642108986925,-11.0,125.40357150455439,8.0
35900,31843.82888498839,10968.275204167368,51.0,113.59657205782608,8.0
35901,39319.23932259428,3549.9470686785944,180.0,124.39977015417088,8.0
35902,21402.920589732697,1183.2163042496084,40.0,111.63944801616492,8.0
35903,40891.86010873058,1180.8194498046635,26.0,116.70754726480962,8.0
35904,23743.14625990958,736.8540050875212,60.0,119.12934532944062,8.0
35905,45005.39626857465,1849.8466894713492,65.0,125.21519363634192,8.0
35906,22633.05640302503,924.9224541842462,14.0,108.53331435496285,8.0
35907,31289.262818723968,737.5514540070363,24.0,115.80102184584592,8.0
35908,56092.02097743967,30461.731009441803,129.0,122.93105361346143,8.0
35909,20228.245508651773,7571.329143789728,50.0,114.52262016010356,8.0
35910,41706.275330918856,4112.948443303067,363.0,131.8242331554597,8.0
35911,12138.601806306842,924.8782101592172,134.0,119.59161279616669,8.0
35912,49340.692537735005,1849.93171683862,69.0,126.64891571783103,8.0
35913,23889.68669327334,3139.798199239691,18.0,107.78195224230419,8.0
35914,8275.380175822194,2364.3104112885267,36.0,96.69600640872379,8.0
35915,27055.892299026935,5209.429623073548,35.0,108.5853578028885,8.0
35916,9423.886237110091,924.9213276173127,13.0,101.47637785656084,8.0
35917,58027.45669521627,25461.035741295487,48.0,118.78538119439365,8.0
35918,60065.959497721575,1179.497918476329,121.0,132.59644955085156,8.0
35919,43690.035253728645,1184.4159366492092,42.0,114.31441338721858,8.0
35920,57226.511888758934,47038.81486035565,116.0,118.9788058115353,8.0
35921,23924.36573372161,7832.199865466002,424.0,127.24495937726002,8.0
35922,6693.547780698929,5965.168792044674,-46.0,91.2915264237773,8.0
35923,22832.404898647954,11784.044249718498,22.0,106.55717588092605,8.0
35924,31981.744487637206,2943.700381869055,34.0,113.13025179665186,8.0
35925,60513.95693899232,731.976737684996,29.0,122.4568681678015,8.0
35926,10954.687282229845,5218.256000921552,40.0,110.27248423368505,8.0
35927,9751.428297631703,7422.295328181672,24.0,100.37914057715177,8.0
35928,50577.49998240722,10602.08182970488,76.0,117.02121561391297,8.0
35929,9707.598086360158,1182.6641392538938,13.0,101.2608353187123,8.0
35930,20378.429434906484,8101.5890862229,69.0,106.63105007358158,8.0
35931,52577.00954246592,1184.638929132033,73.0,122.64896080653605,8.0
35932,44569.51625632664,28247.454019820812,338.0,114.8303654134873,8.0
35933,56856.9796269426,8605.769471349735,182.0,133.8945659515742,8.0
35934,19207.81293617512,4306.959606921576,112.0,114.43632608334434,8.0
35935,20378.196469082177,9426.957984606672,32.0,113.54858673406939,8.0
35936,43477.777045401235,36123.50205190597,68.0,115.60665094839025,8.0
35937,27679.214788375553,6389.4390042395,19.0,110.8301136732497,8.0
35938,44226.90073214693,21904.31952190384,-41.0,120.1028530326934,8.0
35939,64715.97414429316,924.6666986477584,57.0,133.01161480313863,8.0
35940,55461.177593915294,48812.67184769872,80.0,116.79885776621411,8.0
35941,4515.8912346855695,3797.246136929354,-5.0,90.26708683396234,8.0
35942,23692.471111176135,4683.185319001894,75.0,109.91836961650395,8.0
35943,5598.258509763133,2774.815615446889,49.0,98.00708825341798,8.0
35944,43863.404112547134,29768.90324114376,81.0,123.64385376774545,8.0
35945,17621.591682019156,924.9819906298728,230.0,127.60112508276521,8.0
35946,24946.831454696367,6842.601512039091,130.0,107.67612216383185,8.0
35947,58720.18054256132,925.1965100879183,77.0,127.9995980988503,8.0
35948,48664.96488259227,1992.422601426926,81.0,129.36672228182275,8.0
35949,54580.28760628636,924.8197407459116,58.0,131.51789243456656,8.0
35950,43972.098230754105,27120.93712271589,71.0,116.32418833999341,8.0
35951,52546.37731267895,32906.4339392126,298.0,112.72411875976195,8.0
35952,34087.56690574351,924.9572685184887,75.0,131.65943965631476,8.0
35953,15041.313397508455,1183.173693399333,115.0,118.35607667530161,8.0
35954,12522.041110234808,1472.6261542690465,15.0,104.3486940004058,8.0
35955,46636.15484705321,20182.337904715954,123.0,112.52100457185158,8.0
35956,31867.87967398176,924.8292124780027,134.0,126.7412469949845,8.0
35957,39703.1442679328,734.3491131190377,216.0,134.8438925147707,8.0
35958,41369.18919381312,733.1659364508658,4.0,117.06283430577103,8.0
35959,44508.68350309878,1849.9280336634934,33.0,118.3834228443442,8.0
35960,23670.27172425189,1741.8242927723,258.0,127.97095488302372,8.0
35961,49221.29726264843,32201.14077895399,178.0,122.97717464243256,8.0
35962,52672.030866097426,1732.9036172956432,121.0,138.4818391737888,8.0
35963,23737.510921881072,736.5243588060804,148.0,126.13082388266184,8.0
35964,39881.09997481853,924.939405400164,29.0,125.06065200302227,8.0
35965,58171.57685369509,733.3274197085921,160.0,139.3808004977783,8.0
35966,41299.491005248165,15677.120591592236,92.0,112.27022810482484,8.0
35967,45941.51599172038,11043.229675204288,202.0,120.56385749059665,8.0
35968,35822.99762200742,15581.548565880685,73.0,120.30350244983356,8.0
35969,12145.660146330465,737.1173389937359,-2.0,99.93479289950453,8.0
35970,52422.085012139105,12113.162128251264,534.0,127.17033703416358,8.0
35971,32386.259143450658,734.1383350014072,65.0,134.08436236448043,8.0
35972,41854.58270090777,3699.3275094260935,44.0,117.53301100456963,8.0
35973,43643.97373034646,1184.0537405530345,48.0,120.1615191178648,8.0
35974,16955.089421544933,9613.357622956913,49.0,103.22419715988578,8.0
35975,25197.10361306324,5964.604248110239,177.0,102.28763285797847,8.0
35976,47523.029583030155,1180.6307316461575,106.0,146.85162941523663,8.0
35977,34140.55138633419,1736.9398833117073,105.0,123.36040515448877,8.0
35978,22935.859039058367,5915.099130577598,169.0,119.05861551639327,8.0
35979,48000.73856539216,6968.497057255025,204.0,126.38818975022409,8.0
35980,53717.617439974005,1184.315940910644,76.0,131.06633598057792,8.0
35981,38028.41553024078,21018.74970315337,462.0,134.36584751065507,8.0
35982,5912.322790963734,1182.4988515363505,22.0,100.76517198548223,8.0
35983,35612.36725254072,19184.337017593658,73.0,112.5634973438119,8.0
35984,33285.95254078904,11950.5826263719,352.0,120.13871249599535,8.0
35985,56169.94096920118,7106.342455053738,255.0,121.48208390209908,8.0
35986,9102.058239483707,8264.771405721265,-3.0,99.79358703631692,8.0
35987,34505.5966781651,14047.765906983974,33.0,119.66969178488492,8.0
35988,16076.123481697872,7178.248591752204,338.0,114.97456247817229,8.0
35989,46485.224209568514,8454.802316690026,44.0,118.94456551839339,8.0
35990,34858.919524840516,18862.36004664692,215.0,113.02739988692133,8.0
35991,54017.20044799774,34965.56659419349,49.0,120.3205598142432,8.0
35992,47174.37497606595,5922.684415919923,76.0,107.72390436110322,8.0
35993,61374.500424391576,24823.13998137376,55.0,116.25921599761325,8.0
35994,34091.789501618434,3684.674182931138,455.0,132.33522025721092,8.0
35995,54651.53371701017,14817.743001916164,268.0,126.78669329674574,8.0
35996,32550.317902349096,2366.9642634966376,134.0,131.6336052047589,8.0
35997,21995.933244387703,11761.827134062682,164.0,123.56498607254196,8.0
35998,13084.000370267175,924.8548494682481,107.0,118.30396501083565,8.0
35999,52382.19879477361,1734.3563661391481,74.0,135.42082831768326,8.0
36000,41356.66103900271,5896.560469674303,89.0,115.32783304210443,8.0
36001,58227.35183060982,49953.916032381036,153.0,112.25810246163941,8.0
36002,23586.326457447733,11783.57919061551,52.0,109.00035560228491,8.0
36003,34330.14546353726,737.7447167885314,48.0,125.94463476153712,8.0
36004,48758.883024013885,733.6550801837016,78.0,128.1767647527672,8.0
36005,49807.26453853415,1992.0209174138374,59.0,123.38239555843936,8.0
36006,59356.21976504832,12767.598269828444,28.0,123.49558978667264,8.0
36007,36431.8374932079,18317.679050493694,146.0,107.62255265953951,8.0
36008,6629.713817146893,5893.36392753662,-18.0,92.87867343238092,8.0
36009,20560.43887938107,2774.902455853392,103.0,116.93483120422096,8.0
36010,48631.68032833473,1735.4317248991208,77.0,123.24914653794174,8.0
36011,54573.768715155114,30530.00427858038,303.0,115.37698484706287,8.0
36012,37003.61377026584,9248.867254745763,127.0,117.75865147098237,8.0
36013,43620.680045647394,734.871221972772,89.0,130.4655554687269,8.0
36014,36521.18277095065,19232.70765093246,96.0,118.07655857041811,8.0
36015,64922.167149890694,18954.619978120114,63.0,122.0787808695146,8.0
36016,47378.60908457715,924.9734017278674,31.0,127.29934972402836,8.0
36017,64042.701584581824,1179.5819233348823,26.0,127.53254082836608,8.0
36018,13951.719195596297,924.9799915173386,18.0,105.9941124950203,8.0
36019,56538.54725605969,925.0879365201586,41.0,122.94792258760062,8.0
36020,7595.559087345618,6883.636775396298,-15.0,93.7399498897906,8.0
36021,9457.265933985873,3546.1963501441314,-21.0,99.74439010589049,8.0
36022,42217.90410485962,1184.1318285778284,133.0,128.2386457430358,8.0
36023,49018.55969999019,30241.513497332846,187.0,116.92914174391402,8.0
36024,40586.298044481155,16906.41538419184,46.0,115.20229157636817,8.0
36025,18445.191479587706,14402.834474238414,28.0,105.51044803013045,8.0
36026,21991.998944357936,736.7920314880713,45.0,116.26167303350206,8.0
36027,53178.41635502108,733.506947994295,107.0,131.4853534212727,8.0
36028,66720.65424135946,1184.6011350108602,89.0,127.69850039915579,8.0
36029,42832.51850567359,924.7630796305725,36.0,124.14518488163509,8.0
36030,40692.0405604536,15080.891519088951,107.0,113.8861912133687,8.0
36031,63017.82785744782,54740.348953345834,153.0,112.26795668672894,8.0
36032,24595.41274469979,6640.310638532463,260.0,123.33701860433757,8.0
36033,55491.15382686228,13094.2453503862,81.0,125.24142911945927,8.0
36034,30133.175969313183,22548.786263666363,108.0,112.15102953219741,8.0
36035,54215.481573130055,28278.553475737866,139.0,123.81784345172733,8.0
36036,54494.80649902612,38498.27532135908,231.0,117.16986547261112,8.0
36037,41648.036217968336,737.7259222848587,101.0,128.4965775373457,8.0
36038,35473.32071843972,2947.4980885172563,29.0,122.07595716919826,8.0
36039,29125.011347937158,3772.5090659998905,42.0,110.38565526220471,8.0
36040,38086.99032523012,925.034587362804,25.0,116.77667149688403,8.0
36041,31756.206205365983,23309.75683754056,348.0,126.88695536870983,8.0
36042,55188.92143193005,1184.4804869708014,45.0,121.89611140767215,8.0
36043,53222.775193291076,10577.007544401846,29.0,116.55624391329717,8.0
36044,13911.29384338407,12171.623189194204,63.0,111.34455327609928,8.0
36045,43066.180978915785,925.0264509413731,13.0,120.9520565830203,8.0
36046,42613.58088489902,11920.365634257929,278.0,110.60490520081623,8.0
36047,17730.170168738237,4727.195896491648,73.0,113.31643350071052,8.0
36048,23661.383686617522,738.0065219268145,62.0,120.24892169493832,8.0
36049,54970.19767007558,924.93723502891,33.0,133.0716566856841,8.0
36050,37027.27714316344,925.0448495381127,38.0,119.18976917180615,8.0
36051,7449.411147739139,6661.422700362091,-25.0,94.35055565375191,8.0
36052,38209.758636766936,3799.9569045910785,40.0,120.61930509099099,8.0
36053,61129.91114782139,1179.893161992797,142.0,131.89036375244714,8.0
36054,34458.09864974139,12917.8036051001,455.0,122.16165484478935,8.0
36055,47917.92862131262,29801.679432123157,161.0,114.0895291861707,8.0
36056,43201.862642582586,9974.52979145402,95.0,114.44938529381552,8.0
36057,20616.539607915965,6518.2219648373875,150.0,117.20197831526805,8.0
36058,61089.900050657605,3144.9882055885714,56.0,126.8806868089741,8.0
36059,10258.160079740297,4118.466868287541,25.0,101.24943726025234,8.0
36060,66106.65079779224,20139.634635639217,63.0,122.31296612042999,8.0
36061,30158.725081669363,4117.684124056477,174.0,122.47320991105181,8.0
36062,26507.475807426963,734.8896097240735,24.0,118.09180294273952,8.0
36063,55518.216326535534,2873.483104215483,131.0,116.93353569314327,8.0
36064,53250.255638209834,2368.2291477144195,72.0,125.51108792524805,8.0
36065,52185.713492228235,2873.2744676631964,42.0,127.30719293895744,8.0
36066,35966.51853951057,9709.750086271124,75.0,110.02061243466208,8.0
36067,29303.54319959632,25281.999962048,9.0,109.75551998052252,8.0
36068,56702.815819956224,8262.37082792026,45.0,118.74531843450087,8.0
36069,47899.267980799756,47345.620750128444,-535.0,111.48385956983813,8.0
36070,15727.178039262742,735.2451051113904,24.0,109.36464215397052,8.0
36071,24713.556480665105,4518.3866603797715,24.0,110.35332090709899,8.0
36072,11091.534101792258,9101.666485700325,-28.0,100.28816508221033,8.0
36073,32208.981314006003,9703.65021956833,219.0,129.17414318415703,8.0
36074,54811.49088273726,2359.237842871061,154.0,141.94604637965844,8.0
36075,42320.48642833482,5228.401786142373,189.0,131.0575127296165,8.0
36076,38454.132221920234,16946.650086991976,139.0,111.04270451869962,8.0
36077,60891.405791902645,3984.946821388222,120.0,133.5854950599911,8.0
36078,35029.57908850757,738.002636514471,53.0,122.56542844502158,8.0
36079,48523.58140847699,5922.532807509341,22.0,122.58378306085953,8.0
36080,25075.036962173308,1183.902656101222,73.0,128.9483544123331,8.0
36081,40300.47895242924,32710.234793665877,-438.0,110.61332025043464,8.0
36082,24093.484150345936,2774.8575316913957,49.0,115.61861572040948,8.0
36083,37731.528818778774,1184.1283510923888,35.0,118.616626440901,8.0
36084,51148.9736565298,1184.4416185618804,22.0,117.52006300323679,8.0
36085,17796.72033486068,8896.941958463733,322.0,122.52764175988972,8.0
36086,15997.551384010536,2871.0471487942705,47.0,109.9988064851257,8.0
36087,33189.87420920859,3799.614902103866,316.0,129.08170658130453,8.0
36088,31345.151025762563,2886.567947529593,22.0,112.77466395647649,8.0
36089,50356.78043785325,3979.1657432025036,93.0,116.61667668661488,8.0
36090,44342.15747739958,17220.62856055357,181.0,124.23686660792882,8.0
36091,56112.64174739773,5490.161537096399,181.0,121.77098878548492,8.0
36092,30149.529671537723,4305.8010514387,26.0,108.83330071351794,8.0
36093,48991.57029804228,40161.55148289644,-73.0,111.44259485572947,8.0
36094,44024.38104861344,7585.5120194528545,240.0,136.7859815157065,8.0
36095,35610.19823569846,14117.697283831054,139.0,124.9347848414451,8.0
36096,59185.65279398997,48947.63041401131,204.0,125.74050495124564,8.0
36097,34061.34020572285,8612.872387105803,21.0,123.77444668338892,8.0
36098,39937.13936184691,8611.498091661031,39.0,114.56429231558542,8.0
36099,50874.5324537184,1849.7590283413324,43.0,123.0320597788618,8.0
36100,42546.59912231552,36154.93756013873,-59.0,114.40847434150304,8.0
36101,31062.5619980334,735.2355125624848,43.0,118.23254684519061,8.0
36102,53110.1721514676,10979.398337054181,416.0,131.5005446799113,8.0
36103,28641.29735762633,15853.719545728085,87.0,113.73484998083353,8.0
36104,16230.484340216652,736.2557772265998,35.0,112.23711106251523,8.0
36105,30758.86882774721,3983.5142265995264,39.0,109.25641268299054,8.0
36106,15930.164868337566,5974.27852195509,429.0,124.75236082886005,8.0
36107,57788.80232407146,9281.761935585428,422.0,118.20113010596974,8.0
36108,49808.80868254899,924.9950114627064,33.0,120.28328917172934,8.0
36109,21864.752175488225,2211.381571533454,67.0,114.57474897507774,8.0
36110,32210.77538379457,3980.3629157173623,47.0,114.71251133763742,8.0
36111,35040.749221084014,28400.617310185964,80.0,112.77118677023894,8.0
36112,59161.32358089405,47552.24079526565,182.0,130.67104878211728,8.0
36113,39075.596436410655,22745.75243620031,120.0,121.03742385688996,8.0
36114,47314.430757458984,924.921756214351,121.0,129.45708784187673,8.0
36115,16929.150379227518,737.1383013686693,42.0,113.21454987639355,8.0
36116,26769.24967026181,7109.175045346341,-23.0,120.59219252761852,8.0
36117,34747.8942974055,21970.61846978675,87.0,115.84080561530676,8.0
36118,43567.26867724525,21240.241415620072,60.0,120.43744154254475,8.0
36119,26567.949986615786,8883.659163920693,41.0,113.35409780973441,8.0
36120,40574.71361455109,20626.322576975985,133.0,121.35591811979518,8.0
36121,49995.96554180784,29607.04716625597,71.0,123.12793831461333,8.0
36122,8265.031415263671,6282.925820359376,39.0,94.40959609673736,8.0
36123,20812.117208738393,5965.342648768187,25.0,109.48541750061482,8.0
36124,38519.93635727738,2875.4126477844934,17.0,116.90523750886585,8.0
36125,30192.465659048834,1182.8327865976767,76.0,121.40313959240265,8.0
36126,21923.18129413588,737.3715144922512,72.0,120.5129572062831,8.0
36127,34105.08064679275,19021.78563968926,36.0,112.95744382622783,8.0
36128,14547.640841365659,2365.0984811722874,52.0,109.69839069939003,8.0
36129,23508.469756877133,21172.613516589514,-17.0,111.53776222900959,8.0
36130,21399.21185503089,925.0578089891435,6.0,112.54554246665397,8.0
36131,37813.97357687422,2399.8387341352195,99.0,123.81415059156735,8.0
36132,61871.966914209515,924.9365912840411,17.0,142.4431558292735,8.0
36133,24433.667133782707,3086.3287385903577,237.0,124.5620531660532,8.0
36134,62370.55757310833,19913.244774234798,63.0,120.75531483017123,8.0
36135,55996.424009627226,54054.0934155532,-365.0,109.59124036102558,8.0
36136,6474.605986902454,1849.9093744194688,63.0,105.58051731742741,8.0
36137,29068.324996142426,734.8896097240735,24.0,128.32335160488287,8.0
36138,24802.894079825932,6286.465164839305,121.0,119.48722282482588,8.0
36139,21536.50246818812,1181.378477622359,45.0,119.49020421209772,8.0
36140,35851.82473002765,1740.1044714396655,138.0,122.11083623137068,8.0
36141,21904.88738482508,11949.002760946194,200.0,123.71291649283161,8.0
36142,44653.1565926406,9950.63786266612,61.0,113.3497389694661,8.0
36143,47779.3179003373,2875.5620233771015,192.0,125.04981803974172,8.0
36144,40942.78983000519,23928.08519658193,183.0,121.4323669942961,8.0
36145,18029.232794760246,737.0512609895528,31.0,111.97000789857658,8.0
36146,35631.649458361346,4305.922555945425,86.0,118.23527470089232,8.0
36147,50224.989153009,4053.557920487279,370.0,121.42879088035491,8.0
36148,27926.309651231637,1181.633631425845,181.0,147.06126635044842,8.0
36149,33442.752569390505,1736.3158101089507,39.0,118.64683771803229,8.0
36150,43210.91259030398,733.1344755954126,141.0,132.26859239260355,8.0
36151,48971.89327969786,4314.69826762203,43.0,117.29407073254536,8.0
36152,44410.28550531528,924.8862420045987,37.0,119.55350843781983,8.0
36153,48738.37730250925,924.9567433022031,202.0,136.25038878313413,8.0
36154,47614.32815110004,16793.207843250588,169.0,124.49713735968007,8.0
36155,19950.252835139567,18217.388435275432,-57.0,114.07629811341765,8.0
36156,54917.509696559115,5739.410304744524,288.0,130.48996787611236,8.0
36157,32905.81523420659,11318.044848943471,80.0,113.49274994593902,8.0
36158,39808.83166965252,11940.528897046745,62.0,112.61357859812908,8.0
36159,25291.382274409007,1469.7813886609233,123.0,120.78203435134299,8.0
36160,30159.101710894873,1735.6147118032743,102.0,132.9704375664979,8.0
36161,55622.50086164314,1179.3921344566845,47.0,119.45940865536613,8.0
36162,40054.391864495185,737.5274803260025,48.0,115.71961219387241,8.0
36163,26429.017557779527,3081.708763720713,164.0,137.01680189067983,8.0
36164,32140.92477782621,11390.435977647312,44.0,111.7171441689444,8.0
36165,8276.20844442734,2365.0180857895184,12.0,98.53107192686974,8.0
36166,35052.88886455843,20222.50682218394,198.0,112.62398340093613,8.0
36167,18202.115431120455,1181.2898904025449,195.0,132.40283054203218,8.0
36168,5855.691509918231,5218.88900194544,-27.0,92.1025360921743,8.0
36169,43913.26602382601,3792.4225052037327,161.0,125.2202754674338,8.0
36170,59627.74832368822,14120.803288294857,76.0,119.46388184094772,8.0
36171,16738.73702429183,3482.2777126405886,99.0,109.28011288658753,8.0
36172,62378.379532113715,3539.2521768787838,108.0,130.96339738827515,8.0
36173,32724.936383393015,10823.362038380263,230.0,128.5969285417363,8.0
36174,29461.983628041173,11780.517198952435,45.0,113.19819779254956,8.0
36175,41573.060380078736,5206.955490829912,262.0,127.03520170779197,8.0
36176,56774.70804601824,4720.838142094812,132.0,125.36912447878804,8.0
36177,53732.15302798916,6836.526271034442,230.0,137.02582766540434,8.0
36178,51868.00710236662,1179.2592713528347,56.0,127.31821083131607,8.0
36179,45048.450662356394,3540.0528072346733,207.0,134.904632747164,8.0
36180,46082.83619455533,17926.543622018948,374.0,120.97489724807761,8.0
36181,42175.61383501716,3144.4933000423553,42.0,118.49309167985876,8.0
36182,11944.434724719902,10818.515465492019,-241.0,112.06173259449884,8.0
36183,40956.51074199117,3551.915282950747,204.0,119.15709781655706,8.0
36184,34861.94226595622,8614.311968632364,75.0,112.61160490427382,8.0
36185,29799.128495334786,9510.921479826276,87.0,110.5078255191047,8.0
36186,42028.05765552896,733.8705971360326,194.0,134.44234772306203,8.0
36187,51925.19724059562,16713.219696056833,179.0,116.00550534398774,8.0
36188,37004.79681851,7399.599375840368,44.0,111.51008873828715,8.0
36189,32945.07694673909,25363.408872384985,-48.0,109.83841390862472,8.0
36190,55317.84626919446,1179.8072981169244,91.0,135.5894107921971,8.0
36191,21538.88559765411,1737.0687565803432,6.0,110.78607189847276,8.0
36192,57775.599244143435,7970.4413472976485,28.0,123.99913648043332,8.0
36193,46414.20555364801,24398.135820834945,325.0,113.5328971223017,8.0
36194,34264.80304259682,22785.884147447192,106.0,124.97464871800551,8.0
36195,45245.06529496446,1992.2097687445378,34.0,128.8848538543865,8.0
36196,47085.72836622841,1180.2161594028287,178.0,129.6527467247145,8.0
36197,49111.21826154754,12970.716902050555,313.0,120.23189111990865,8.0
36198,43701.70465396985,18291.766158347324,-31.0,121.5317884956562,8.0
36199,30954.150674634784,2870.515832914688,89.0,118.06101469240524,8.0
36200,57498.020161769535,8735.266456984049,323.0,131.62964613533254,8.0
36201,67321.1399016345,1179.5819233348823,26.0,120.37146600636956,8.0
36202,67430.97472167536,924.8158757986603,119.0,133.28242979278738,8.0
36203,40450.53088531495,3772.9353896226153,69.0,116.0925062700636,8.0
36204,22352.957058129527,1183.2893478629524,19.0,110.46963978725336,8.0
36205,46804.21014153598,36221.07198239471,300.0,128.9368044918054,8.0
36206,16122.379264686775,11517.913459694144,56.0,102.08730288548884,8.0
36207,48127.2514589939,924.9155758070314,64.0,133.21085013125037,8.0
36208,42572.732535104784,1849.8725433839452,213.0,130.3145918565385,8.0
36209,39779.396883142705,5486.411895446718,162.0,124.71764508574296,8.0
36210,49136.27388479354,1183.55188120516,278.0,135.0786918425419,8.0
36211,40761.83407847415,2391.1919919954157,52.0,123.0154880431164,8.0
36212,53646.515438027556,1180.1845086998835,72.0,132.36695639469556,8.0
36213,49510.63030564483,14180.199095215674,148.0,129.09123341002933,8.0
36214,67459.0055172552,5899.053569371822,94.0,123.48420427221662,8.0
36215,44038.09172877021,14769.174967473738,150.0,113.3292984816816,8.0
36216,32748.67294346568,11096.93940721488,344.0,128.78020276196463,8.0
36217,33263.187765574265,6889.002587571288,45.0,112.05928753289825,8.0
36218,20824.717584779046,1990.4193190686492,76.0,104.45414116159554,8.0
36219,28082.359491997762,10268.086632981527,85.0,118.25890801844697,8.0
36220,42965.784870952804,16203.214633830086,209.0,125.71946266734663,8.0
36221,26733.56950211822,10411.76646929628,264.0,112.94372842707648,8.0
36222,51350.07051447983,739.7625499010916,95.0,130.84843661967096,8.0
36223,32667.711897402292,2871.37218546669,77.0,112.94071514597553,8.0
36224,56117.41328980504,39105.50261921787,183.0,124.11177327542957,8.0
36225,4121.474287345715,736.5041176439579,20.0,97.4720937962916,8.0
36226,16134.133780688688,14409.438881267995,74.0,113.55975569339151,8.0
36227,40984.10674132414,14535.62899872271,136.0,110.61222662899668,8.0
36228,31498.09508810868,7583.361981012803,155.0,125.61122996165177,8.0
36229,40757.50187862305,924.9368733920238,64.0,125.52813531496898,8.0
36230,22279.629979383128,3772.1195891842094,246.0,132.7192371245032,8.0
36231,53446.62221891973,5968.580336841115,355.0,132.51994317111766,8.0
36232,64548.54846652514,924.8331357517279,144.0,134.1156848388139,8.0
36233,27727.366935377653,737.1060056855845,25.0,116.33783397784595,8.0
36234,53440.54986288276,925.0771433376375,24.0,122.10490603150313,8.0
36235,16312.357562790798,5239.071961924788,47.0,107.70566872485396,8.0
36236,26821.973275765526,10173.754108190193,236.0,122.63485636870806,8.0
36237,63918.00434307298,5923.610413725129,169.0,126.16696016876539,8.0
36238,27524.814863734628,7583.864294195059,14.0,111.42379585220101,8.0
36239,42554.25066343403,4683.406332757985,26.0,111.90076857529841,8.0
36240,50501.10038026717,8062.553229266369,219.0,139.78403880874106,8.0
36241,49777.919177396805,30710.952222380274,92.0,123.03034593190921,8.0
36242,35310.73219550856,3138.5669350240723,88.0,137.86246434230065,8.0
36243,29984.299361782618,6930.61789454049,108.0,115.30255527411582,8.0
36244,40162.294376758655,25368.37135129806,58.0,112.57610003040305,8.0
36245,29747.70660505082,8254.341331094529,139.0,107.27790718617416,8.0
36246,30612.99623022399,23955.879693995317,80.0,109.70144342348301,8.0
36247,59859.34005960776,733.4419714664698,19.0,123.66280438978036,8.0
36248,65083.95440552844,1184.392533133069,159.0,133.2850997361818,8.0
36249,53862.347224881436,20306.24657419233,81.0,120.06325665408372,8.0
36250,39421.869321929,1473.7226874008115,42.0,120.17786119017457,8.0
36251,52818.222765786835,45273.47478852158,153.0,112.90419411358725,8.0
36252,56733.98021971591,23176.72333799269,81.0,120.22991799650033,8.0
36253,36708.70036085328,26753.264810542805,370.0,129.04121503225537,8.0
36254,49692.94786923018,1989.604693084934,7.0,118.54481556128638,8.0
36255,41394.08259694305,734.4370236414461,136.0,126.62158042808315,8.0
36256,24624.697855209375,6508.3984046444875,205.0,121.33784463660668,8.0
36257,28284.350489720244,18047.362927228478,198.0,120.36553179827523,8.0
36258,49718.35638221477,15259.380296482012,18.0,120.01432935645322,8.0
36259,45471.71917943957,2360.522303980093,54.0,127.32341289732159,8.0
36260,55538.04544775666,39540.91218831571,239.0,117.47288764174836,8.0
36261,39292.978695378224,1849.8466894713492,65.0,116.56519684222691,8.0
36262,52791.41820334161,3553.321795068255,33.0,124.14878008002583,8.0
36263,45592.43948984784,4129.371671135102,316.0,121.04497369136055,8.0
36264,58221.83572854829,35405.55256076261,351.0,133.13928558465767,8.0
36265,47080.72715344032,1850.0561625701366,60.0,127.20298431063112,8.0
36266,32712.459495391762,1180.6059196920191,114.0,124.78227922661318,8.0
36267,35736.24060349404,8610.592507013136,268.0,125.63987587262619,8.0
36268,20369.332257326794,737.0512609895528,31.0,114.59149251402903,8.0
36269,44883.9088206998,5844.673417924235,166.0,124.89796141032997,8.0
36270,28213.470503991484,7845.572885303906,88.0,110.88644212914143,8.0
36271,48288.17929555395,7545.196435341904,71.0,130.17087809333546,8.0
36272,32633.8393127128,924.8302691176312,130.0,127.89611175490617,8.0
36273,59047.595162789956,28085.109851414356,-221.0,119.69213334681434,8.0
36274,54253.19363634188,8609.006606243598,258.0,129.21804239453343,8.0
36275,35340.51896176204,10409.620395099766,38.0,124.96707063693262,8.0
36276,55844.65244090462,44160.551529514596,183.0,113.71894443154936,8.0
36277,36939.29258646716,7425.016126521494,268.0,106.6312139281275,8.0
36278,11086.405461452086,10352.915382316352,-82.0,96.54474038811784,8.0
36279,54256.440159873084,38379.535125502436,184.0,118.70545699104193,8.0
36280,39905.60451796496,7594.64556302086,256.0,127.1608745164209,8.0
36281,36828.38805351407,3470.667997247212,299.0,140.4787060869054,8.0
36282,62719.4330138997,52531.57440191621,116.0,118.70203626457095,8.0
36283,58326.963599103896,1992.4330689918945,96.0,129.6859422871454,8.0
36284,53773.0642159352,924.8580204853884,18.0,117.24892748100773,8.0
36285,45924.15155742088,924.9031408890205,240.0,134.97224103823896,8.0
36286,55694.888090726716,924.9483182717794,39.0,124.84351818220324,8.0
36287,33045.57616124048,1991.8274347113113,96.0,118.00599688648896,8.0
36288,52057.88591834873,10587.11479771204,412.0,131.10093912016308,8.0
36289,30234.994398605515,22892.54854913497,68.0,112.43454780996876,8.0
36290,38767.274017322416,2389.61274939555,511.0,125.10338259258023,8.0
36291,5476.963943444894,736.1015006976414,4.0,94.62554460453538,8.0
36292,35490.64152907232,733.9040305153846,116.0,129.12057860781928,8.0
36293,54790.130835201286,28861.225266843427,139.0,123.90770363311174,8.0
36294,32744.520206292982,2948.1467923309774,187.0,125.6773867798579,8.0
36295,47377.65883323854,924.9363666651797,55.0,130.25769886335686,8.0
36296,15704.916305941564,1181.4404626646615,122.0,116.0708476236416,8.0
36297,44430.20109353284,30006.101949030603,64.0,115.2531442738681,8.0
36298,29677.275972109837,737.8034971959851,40.0,121.88810140776187,8.0
36299,16713.494027330093,14871.760072195679,-192.0,100.11378794855088,8.0
36300,35365.44092395092,2361.8138539585716,85.0,120.32975106899514,8.0
36301,32668.48338024369,738.7295247650858,15.0,117.85115048300374,8.0
36302,37084.082012039406,733.3144110043065,115.0,129.55552673473036,8.0
36303,39144.16502796964,17609.375108456843,471.0,121.1314061013899,8.0
36304,53263.61040650327,44985.06169998718,153.0,123.21991897437766,8.0
36305,37165.22336139766,1180.5794668888948,27.0,119.15133261109074,8.0
36306,50165.160980500565,1184.3133622275398,77.0,129.65718694664068,8.0
36307,21890.645998816737,3772.552164475186,123.0,115.70352070783494,8.0
36308,12576.183548218953,924.8754426477118,124.0,118.48899487672657,8.0
36309,45285.18053801262,3145.2313777023905,42.0,117.61976605788972,8.0
36310,41363.32162905627,8263.059969451673,183.0,130.40120902920964,8.0
36311,3699.6209994098863,2774.745329680147,-12.0,88.71514074991858,8.0
36312,24171.487703773713,3981.208966695143,59.0,106.28480399708033,8.0
36313,55819.648595783445,12375.35893469754,279.0,120.00439104946186,8.0
36314,39405.20364764141,19153.316335264273,73.0,121.10845694289299,8.0
36315,57861.28951104845,732.9265746640233,114.0,133.1248830329283,8.0
36316,18199.891406689258,9319.153823052737,326.0,115.80970331573727,8.0
36317,63310.315762506434,1992.9277524687643,27.0,121.96465860974672,8.0
36318,37365.619146497585,7193.313719825203,61.0,114.99069748489642,8.0
36319,44268.78799485349,3799.740081987501,195.0,127.87362265478842,8.0
36320,59125.20225060117,924.96902274234,38.0,133.88909285178457,8.0
36321,3478.5798983770487,2881.7691434680246,-10.0,86.49234192554412,8.0
36322,57319.77541250786,15358.543198484153,153.0,128.13401402602707,8.0
36323,35952.39916010673,13458.57359634087,275.0,125.00851261662697,8.0
36324,43447.90487986442,1180.1625724616301,20.0,116.3939959378072,8.0
36325,51062.955016876134,8357.055641171024,402.0,131.36485689099692,8.0
36326,55776.61809445668,39682.28416427948,237.0,131.1432851904359,8.0
36327,20707.958656379004,5156.477293009118,18.0,110.05430177233464,8.0
36328,49195.33907735382,1989.6543569811367,31.0,118.6468277087176,8.0
36329,46254.128916884634,35294.07323338156,67.0,115.34254476751406,8.0
36330,32446.678476514913,14755.161830182084,45.0,113.62866146909509,8.0
36331,13010.070538204738,4731.489978243055,67.0,110.98978994122638,8.0
36332,52956.641214112155,5739.97382557124,30.0,124.83509686577821,8.0
36333,49813.566512897814,4682.980807102946,112.0,113.25015986902733,8.0
36334,33764.1674659425,11485.93864216018,46.0,118.39857019395323,8.0
36335,54750.454338153584,9512.297703686829,18.0,125.73576859984749,8.0
36336,44653.06956057184,23154.663634388322,139.0,114.50258853617883,8.0
36337,58846.76373188069,924.8755226211732,47.0,131.59498871138697,8.0
36338,24939.04118499411,10683.23572359942,2.0,110.91124363956891,8.0
36339,28978.937794536287,6400.785650962328,218.0,113.14827330133213,8.0
36340,29446.308793808123,924.8004353189572,30.0,125.11317233017422,8.0
36341,43917.18029424977,26259.604368712975,350.0,114.90189091739714,8.0
36342,46947.10817928087,16518.56486245309,22.0,128.4699342532316,8.0
36343,36221.98006520018,1183.4764250623086,91.0,126.09224252884329,8.0
36344,8154.533709778542,736.2439164465036,40.0,106.21220608252854,8.0
36345,14495.945540998533,924.9842905028057,1.0,108.39790956397894,8.0
36346,54713.89525442981,2874.071923232297,36.0,119.42645014490274,8.0
36347,61023.67674532648,12170.351657348001,311.0,132.45651991915557,8.0
36348,25040.696655161602,5151.184116191845,96.0,111.90400414423425,8.0
36349,29443.438625395087,20886.848164164214,56.0,108.9960205355014,8.0
36350,68416.94044506372,27720.77590832924,63.0,122.4127336120965,8.0
36351,19175.536085592586,2210.168119303327,27.0,110.97046616319443,8.0
36352,21343.71080825831,924.8136889190032,15.0,108.73883087491603,8.0
36353,30164.57230663805,4725.210350472591,21.0,122.48139303987224,8.0
36354,29428.9260863254,9420.162923414558,40.0,111.88353934534834,8.0
36355,21165.492234123958,8622.084467661361,393.0,125.50090733734257,8.0
36356,28987.516285060796,1181.6478053025037,17.0,118.60663035330657,8.0
36357,52513.721319349264,8064.302971293905,545.0,117.75271906699814,8.0
36358,37179.95562015064,19548.95498646088,166.0,110.90393755138582,8.0
36359,42006.88800914516,1992.2800686359171,18.0,112.6830684928366,8.0
36360,13919.32688433003,736.8992687375406,-8.0,101.0934953438992,8.0
36361,30559.172377026687,13431.865141540351,63.0,108.96911299865951,8.0
36362,37544.548395934355,2399.3378309197656,119.0,123.41363918801466,8.0
36363,56066.99512486076,16088.17110700791,76.0,118.58013726412916,8.0
36364,48381.02909804045,2388.3745059660178,356.0,137.35908314647506,8.0
36365,20467.787714654674,924.9106251865397,16.0,109.48373814118641,8.0
36366,22911.918125458,22177.970287752734,-150.0,103.43357897753737,8.0
36367,20209.20206865013,9967.933154438788,83.0,108.14980024362714,8.0
36368,46997.41951504896,24667.46783464971,448.0,129.36979767874325,8.0
36369,12650.57305479746,6508.101682081795,25.0,102.8151793578493,8.0
36370,16217.797233526413,2870.9817758250383,243.0,121.90802806476411,8.0
36371,46716.64980122244,925.0196391775613,60.0,124.99838432633305,8.0
36372,25059.133257141457,1181.2334206230726,36.0,113.30214086889085,8.0
36373,18925.933957850048,10647.355350572985,145.0,115.77642041054993,8.0
36374,36078.814592511604,11098.638802390113,334.0,114.72570016036467,8.0
36375,55491.23473795568,13094.281092144494,65.0,122.95365540392751,8.0
36376,35320.278853588745,14447.664469547206,85.0,111.20976593820464,8.0
36377,52942.26529392396,4599.423344875992,425.0,137.66770690404576,8.0
36378,20468.244598461424,6516.347097538063,20.0,118.72668901369701,8.0
36379,37419.649294447794,1180.7486534281932,24.0,118.80059294910805,8.0
36380,37191.29616067778,22166.451315004644,87.0,116.88016736940325,8.0
36381,32593.754826510994,14834.568008237526,64.0,115.3794733843549,8.0
36382,39304.966966879634,1992.242538407436,74.0,117.07744756269383,8.0
36383,11377.875679597708,4727.961515402942,75.0,97.46142614124531,8.0
36384,22171.03770638832,2209.0340590904643,36.0,113.85502030632685,8.0
36385,56103.3768022534,1184.6775274889064,119.0,131.2772343228468,8.0
36386,46941.723529053066,733.5077197226918,3.0,115.2793892918094,8.0
36387,20467.785135804326,2774.6891964533615,200.0,122.74367983767175,8.0
36388,41160.07170132062,23126.786900987012,87.0,116.47090551772406,8.0
36389,45583.89807512322,8454.784526870855,67.0,121.22415559434715,8.0
36390,53872.122045405384,16153.288512835998,47.0,119.40121209495406,8.0
36391,56936.39400330876,45248.53865720804,248.0,115.5783330490176,8.0
36392,30715.408126865244,5241.013907233483,142.0,122.6964562380616,8.0
36393,37593.16933204875,19901.668270047623,45.0,115.26140199093157,8.0
36394,27303.056278699692,9616.84819158372,45.0,114.70956205211718,8.0
36395,27216.142419203454,2397.8678186445973,47.0,117.9711665129671,8.0
36396,21888.267458958453,3772.0799129151283,48.0,105.57038135458986,8.0
36397,47024.613921626595,5976.726588191341,55.0,118.73060156938276,8.0
36398,32475.605714119407,1991.7085748367915,84.0,118.89507911513704,8.0
36399,39111.28126994236,4798.405588876816,157.0,123.72460815132312,8.0
36400,53157.69424910088,5739.945526339941,40.0,118.35855532626609,8.0
36401,36139.346937344984,8356.767235789266,113.0,116.35988397304399,8.0
36402,17291.197912269094,9021.900623167234,-78.0,105.33452852927614,8.0
36403,42360.070562482506,736.6470466548335,43.0,115.59448018429781,8.0
36404,39451.5570944885,1474.8532163425384,42.0,119.14183540315568,8.0
36405,63122.41265510881,52930.090898136485,116.0,119.256958021918,8.0
36406,52118.085860048726,1184.1903395090462,96.0,124.87047289934081,8.0
36407,23743.471435703563,1741.3942769420557,124.0,113.00086252412574,8.0
36408,56446.18643245814,40122.62928509659,120.0,124.16159048263503,8.0
36409,52959.74488152935,10934.308983464118,123.0,115.39593049121243,8.0
36410,21274.74568253232,10635.188792970375,-64.0,107.88145238024107,8.0
36411,21216.165349712257,1473.0172620866954,101.0,119.17426997497702,8.0
36412,43164.803651697606,734.0951902827403,159.0,132.9752543582241,8.0
36413,10263.370760578598,8561.838612409343,64.0,108.9042714716677,8.0
36414,13831.659614442731,6346.76923314552,14.0,108.30947052076529,8.0
36415,51815.93399344922,8630.71333966006,65.0,117.1258533299771,8.0
36416,39034.685800572144,6520.366661995797,83.0,120.07102018761759,8.0
36417,21590.23636129988,4683.064912602254,6.0,105.36028826771305,8.0
36418,51925.01752498965,8356.505700118269,104.0,121.00790879996072,8.0
36419,25392.83646668097,8654.929481664269,25.0,120.71241921087868,8.0
36420,45841.43201315138,4115.524850686849,190.0,122.1624377011811,8.0
36421,48726.86117085722,33061.821143698464,284.0,129.92794008353127,8.0
36422,33899.511672724264,16968.966138178144,186.0,110.20277831598136,8.0
36423,32836.84948479701,24756.643227289544,40.0,118.41332943552413,8.0
36424,42500.44177947113,4784.738094255163,177.0,125.2842368929106,8.0
36425,23165.164404783878,924.9492388038818,15.0,114.35791920944003,8.0
36426,62461.88173761722,740.7991179779406,26.0,130.7971392265598,8.0
36427,46396.68790972688,24897.377806986282,139.0,114.95944571104774,8.0
36428,8830.14357847825,7964.161073208064,-110.0,92.19526593879795,8.0
36429,42494.27320113246,12573.651833245609,342.0,127.84934360536711,8.0
36430,38148.20871437288,1741.679061452112,166.0,137.16046925060928,8.0
36431,24058.925711060743,1849.716588322793,58.0,114.02054580018577,8.0
36432,41246.40101610704,23216.05640804943,87.0,118.88593571455043,8.0
36433,43697.876215776836,15204.534128825637,93.0,109.11953906891401,8.0
36434,47003.13778309508,925.062823192816,63.0,124.52706087019905,8.0
36435,36109.84835746938,27816.156109708365,116.0,107.83353365987483,8.0
36436,28415.049366652558,8913.80740030666,46.0,115.4058888446229,8.0
36437,41508.52297615243,5207.802229717465,285.0,129.29923376035313,8.0
36438,46424.93550361493,44737.575134061626,-6.0,121.19346053218457,8.0
36439,14117.484832277065,5964.944236889757,14.0,109.84334000669841,8.0
36440,14435.15355469676,5766.764358110521,6.0,104.76151134154333,8.0
36441,20933.880074337012,735.3914003581823,55.0,125.06622432185947,8.0
36442,57745.87369725047,924.701502563271,99.0,133.0995695766722,8.0
36443,23647.219491970303,5127.777348055743,90.0,118.63074259115896,8.0
36444,49220.258057152525,6516.278766092204,394.0,131.80672356948534,8.0
36445,39679.87314008277,924.9784028399931,31.0,122.30823417202453,8.0
36446,38663.93538419143,5847.579825715117,100.0,122.44535370032276,8.0
36447,33304.88018910232,21285.559429991237,155.0,109.28918090807089,8.0
36448,34234.58853488843,33539.382255947814,-421.0,106.38781945405758,8.0
36449,42165.13858543746,9508.22488534135,85.0,116.32834534394115,8.0
36450,24696.27045497011,7867.40746538195,43.0,116.16838414954142,8.0
36451,50587.95954978889,4304.212301353569,62.0,118.59029262993691,8.0
36452,17430.30418069912,3983.0502384883366,34.0,109.6774582082363,8.0
36453,63614.313157218465,3554.7932750272275,72.0,132.76071435616691,8.0
36454,25888.420118614646,924.8207092278546,59.0,120.41314213779468,8.0
36455,37610.18145365694,22115.85264676496,181.0,110.03647085151721,8.0
36456,56772.99208416701,6648.770715008846,463.0,129.2214465473316,8.0
36457,59554.57078817841,14981.294581103119,30.0,116.98408904737381,8.0
36458,16713.43855330483,924.8903247027938,41.0,112.51388932272954,8.0
36459,40287.25282420555,24576.96540411991,176.0,116.80399596081611,8.0
36460,25151.62135393872,8831.52476962875,106.0,119.84534123962644,8.0
36461,41802.40881361475,1180.1740447273962,13.0,117.91699073880103,8.0
36462,33968.956325081854,3473.1667517595533,60.0,122.52449600553449,8.0
36463,38391.9820485163,16859.011744620984,479.0,114.4195875214441,8.0
36464,52977.33304465204,924.9379629700518,133.0,148.4891442878046,8.0
36465,24454.004877000345,1474.7604020033104,45.0,114.1262490983631,8.0
36466,41285.10495644459,23173.53268562511,108.0,110.20447602227026,8.0
36467,24998.53130312372,5481.021308590754,70.0,117.23931273288356,8.0
36468,52517.5677953466,10391.85663574386,423.0,118.61273916454458,8.0
36469,15997.009884841087,924.9256098255647,22.0,107.55182057516204,8.0
36470,44891.42629166457,1180.6208141999618,56.0,115.43512783484371,8.0
36471,31756.846702671955,14049.348424160373,302.0,124.6404409055211,8.0
36472,26253.90975719248,1740.8879418708743,25.0,117.64291406522243,8.0
36473,26983.894575290902,6516.0510711781735,79.0,117.97375141778996,8.0
36474,36059.21130877282,15668.58559385456,71.0,120.358936557198,8.0
36475,17051.495917544486,3772.485068587211,109.0,115.05635457350823,8.0
36476,28244.99239098587,4854.6838748689115,184.0,125.81336369527818,8.0
36477,42827.594106207514,7370.951575169858,89.0,116.19036128756119,8.0
36478,19055.293534702643,1991.2952531608123,402.0,109.75601005123731,8.0
36479,52465.903988233054,10182.32072746347,114.0,114.3121698223112,8.0
36480,35339.554248182976,14350.845592424255,315.0,120.22101190671242,8.0
36481,64356.06047546542,1184.5947545972708,78.0,130.7563245701117,8.0
36482,23521.38024596276,5485.7140332431845,87.0,107.68484430363274,8.0
36483,39410.13694856606,3772.7368004358837,121.0,116.74243000368647,8.0
36484,3797.7579808314917,2395.6223462193493,-6.0,92.46888246786054,8.0
36485,32130.433431719244,11942.811838706702,-1.0,110.7526898713179,8.0
36486,16793.734697918768,4854.382710605006,46.0,107.72979602736888,8.0
36487,21258.10283593764,735.4713215632084,47.0,118.95399544315237,8.0
36488,22188.803785702745,924.8124613659384,120.0,123.33605264839981,8.0
36489,25070.573028739534,1849.8308501897423,103.0,124.60387305750663,8.0
36490,52524.91244990139,40422.70514240333,183.0,120.81682517620217,8.0
36491,35304.4215505579,10447.835734491127,51.0,120.18055183021433,8.0
36492,32780.87640385571,1849.6572052987733,166.0,125.919439589191,8.0
36493,49028.983343533015,29999.470045695376,60.0,122.96181535198768,8.0
36494,38957.74307129624,2774.601007227593,100.0,112.7158400470905,8.0
36495,44115.751979285116,1181.1377944393269,110.0,118.4069528173356,8.0
36496,31447.679619921375,1849.8308501897423,103.0,115.28086536297295,8.0
36497,48864.7164172592,739.280866754019,23.0,123.50030565144462,8.0
36498,46631.73732623642,1179.5688900566927,126.0,143.6692834468867,8.0
36499,56857.615924067846,924.8757848294866,52.0,132.5040886986624,8.0
36500,50999.39768177455,738.6769740106495,44.0,138.0526903602401,8.0
36501,55842.38129290371,9512.269973516726,31.0,124.7766453086453,8.0
36502,24758.086210269652,17223.63173619888,28.0,102.55262746006042,8.0
36503,40402.27279378643,28166.661041807172,239.0,114.41035540148222,8.0
36504,36815.41182547607,11367.178561573362,40.0,121.25330088295377,8.0
36505,15670.683912702581,1990.7386296962054,154.0,120.63372461374695,8.0
36506,60807.53755789663,3978.6691907723116,154.0,137.66514560450707,8.0
36507,9954.484649486014,3981.4546133954914,26.0,106.43654390673288,8.0
36508,49900.392861033935,31786.375741542208,132.0,114.74392985648929,8.0
36509,44199.19449037454,1180.5017620733604,197.0,143.91543833328453,8.0
36510,52383.589399773125,18501.654549161078,160.0,114.67725150957193,8.0
36511,17910.787169237265,1182.7425958095537,166.0,124.92400568900464,8.0
36512,48140.502686453794,7970.224978318777,51.0,123.95002994275222,8.0
36513,39721.17620783012,1180.7168044662697,24.0,115.51337613219448,8.0
36514,22253.51335338079,1471.2282217472532,48.0,111.90401407236274,8.0
36515,59977.69149379101,1179.6237587940498,107.0,136.1918402226913,8.0
36516,49873.79012769569,738.5256592195616,105.0,130.26788710005087,8.0
36517,54825.16508145933,4056.1923903589072,43.0,117.32492890023073,8.0
36518,22178.46745543106,10245.959975172565,34.0,119.07709742023917,8.0
36519,40459.6158744437,1475.6534701384453,161.0,129.0216109711168,8.0
36520,21920.738791838376,5481.786034513921,53.0,106.9669597447601,8.0
36521,46253.97153112014,9249.843270531026,242.0,121.27846527639664,8.0
36522,23857.644403909544,5237.066333577821,191.0,120.63058328346375,8.0
36523,25148.99154998114,5475.310004591419,72.0,104.55276668407812,8.0
36524,22081.283783441733,2944.641192619831,239.0,123.95496706779471,8.0
36525,44163.62323567938,2369.3709543110435,61.0,123.48926560251616,8.0
36526,50863.62188527725,2387.9004452212075,74.0,122.1177308874882,8.0
36527,16872.84145451644,1991.346355350429,18.0,108.42108473280251,8.0
36528,19770.054213144336,2871.16370623081,90.0,115.4502583084882,8.0
36529,23422.900974318858,10648.636956748194,87.0,110.65173401028736,8.0
36530,48543.27611800929,35753.203854336934,87.0,119.91106002403727,8.0
36531,26864.91745209976,25129.063895770272,7.0,108.18381623157262,8.0
36532,18856.823834050323,9964.126401012885,276.0,122.2335511236075,8.0
36533,50193.275844150776,924.711253585173,43.0,128.6428536516113,8.0
36534,43628.379237863424,27305.571953235776,120.0,121.9707126134331,8.0
36535,12225.096064022586,1990.606441116471,42.0,102.20481547012383,8.0
36536,28381.833193375955,8316.339501931885,133.0,114.83548066705887,8.0
36537,48951.45439230421,1735.6650552140375,83.0,123.91171396481298,8.0
36538,41045.89071750254,3550.9961211540453,289.0,130.6753224056896,8.0
36539,24362.87811737265,1180.9162972301492,23.0,113.52830142770767,8.0
36540,35772.854889134614,2885.5375970643067,154.0,116.82053575227167,8.0
36541,24265.685417487333,15668.764854340376,38.0,111.62503571926356,8.0
36542,8619.961953950566,924.9956804099493,4.0,98.4956742077975,8.0
36543,5892.4992995172015,5156.149398321005,-15.0,91.93072816710321,8.0
36544,23118.058150658246,3548.8332735869017,97.0,116.58608859276511,8.0
36545,43262.94728504701,737.3753764352509,82.0,126.91149005564822,8.0
36546,39100.34432557938,735.4213181529519,141.0,129.98915564420344,8.0
36547,43311.96371685021,2389.7084646801695,47.0,119.31419340847854,8.0
36548,45778.42024126656,17910.12693964507,56.0,114.36467406844267,8.0
36549,31372.62963728358,24712.188551213905,80.0,109.64071114753344,8.0
36550,44438.89298172128,924.9768329715921,95.0,127.39183196112666,8.0
36551,43836.674433481465,1183.5150548674699,31.0,120.29746575273002,8.0
36552,58901.73139788654,8271.966654969245,161.0,126.11089486381267,8.0
36553,50082.5458933368,1180.2363517721753,22.0,130.1564009809273,8.0
36554,11755.401580985512,4308.307050926605,-118.0,101.5741062167609,8.0
36555,32405.177217736462,7399.013039585623,249.0,124.62839556683707,8.0
36556,29271.089493471103,925.0655063000355,54.0,118.5395465913626,8.0
36557,35216.21595644564,924.8558522418572,47.0,118.16837965237411,8.0
36558,9425.683532688825,8619.932754222024,-154.0,92.76557580821517,8.0
36559,31584.804135858678,13032.4477063912,340.0,125.47741740722986,8.0
36560,37586.86056170458,29133.37602608114,331.0,128.0475709339196,8.0
36561,57127.85584624835,26029.345209727355,-1.0,116.53279616362082,8.0
36562,35252.09843349058,9417.770558110476,65.0,112.92145021710012,8.0
36563,59051.246223622366,2888.1619884581364,141.0,134.29997726821668,8.0
36564,59493.666818793805,7440.073275389549,174.0,126.16273822024453,8.0
36565,19525.12311411766,18831.806647987454,-221.0,101.22588384672197,8.0
36566,53342.91871716086,34611.24125546397,180.0,118.25335338232618,8.0
36567,25021.97800949135,1180.927095189097,196.0,141.7531806068293,8.0
36568,24871.58911389875,1741.157121269638,47.0,109.88868476528104,8.0
36569,45170.75532446734,8629.10697864962,55.0,114.10840697551225,8.0
36570,39779.17754965528,15724.200711338162,-147.0,111.22022210383822,8.0
36571,15444.934172112251,1182.6641392538938,13.0,106.15746153982202,8.0
36572,42805.6483837627,6334.123364255976,132.0,121.71133803246944,8.0
36573,5238.1739978739215,4515.304522135218,-18.0,90.89560013250633,8.0
36574,22246.39313485522,5598.1575335680145,111.0,114.22760356451911,8.0
36575,40260.68770293971,3792.4225052037327,161.0,124.50897231368037,8.0
36576,38561.57011431244,4513.77188615109,322.0,124.29051918604537,8.0
36577,20893.511051777627,3481.3830357729344,95.0,103.70060115863924,8.0
36578,21540.566753723542,7834.483564855174,345.0,114.67051091850254,8.0
36579,26023.263178746645,5233.243829730504,50.0,116.32280081193656,8.0
36580,57628.65664543363,732.5300628865263,32.0,128.19401315273092,8.0
36581,14474.99923840861,9028.723220092068,64.0,98.55164200012797,8.0
36582,43550.16575429262,733.0917885298919,41.0,122.20495182455628,8.0
36583,45290.622672268255,4783.349966617586,198.0,114.94940554007773,8.0
36584,56324.27253962305,924.8813237367415,70.0,132.8798926396591,8.0
36585,6927.056118746966,1182.4260891974466,21.0,101.30479888775018,8.0
36586,16665.126404646293,15741.074578637988,-196.0,105.28405274525629,8.0
36587,39197.93672225384,1181.5393448921525,77.0,125.72139175459301,8.0
36588,19961.351216334817,736.7695222202159,74.0,125.41338500640933,8.0
36589,49231.0476503261,1183.8776472966795,37.0,119.41301477078576,8.0
36590,20678.470217514074,925.0135627242266,4.0,116.20559675036046,8.0
36591,46576.9127918416,26744.714181440217,113.0,122.52576034651716,8.0
36592,45564.25343458905,26541.204520215873,165.0,127.73042837772797,8.0
36593,47445.12603651932,733.8206912545239,80.0,128.06412314166244,8.0
36594,51220.0036214993,29584.587719175986,299.0,139.67032516282575,8.0
36595,24500.514399994656,2879.877759628995,74.0,116.00628840187943,8.0
36596,21398.958042663027,9799.917978579311,21.0,109.46254375205369,8.0
36597,9265.099877073368,3547.151604980069,35.0,108.82397422721583,8.0
36598,42232.15295986566,6498.654050198973,67.0,115.17034213682764,8.0
36599,53158.43427756243,1989.398477216946,248.0,132.62798103929478,8.0
36600,54533.00239040469,8606.213364955458,417.0,132.32296884146317,8.0
36601,48849.089219942245,1183.1747636026637,39.0,128.9963611271804,8.0
36602,45330.459466485,739.113959681721,55.0,130.08397933668914,8.0
36603,52039.834962377485,40478.3890586282,120.0,114.15488846062014,8.0
36604,23169.28734808521,6516.070570917697,110.0,113.57451334569708,8.0
36605,56941.08290141706,16339.814430512228,31.0,119.88155678486531,8.0
36606,54942.16880459631,44691.75764252315,223.0,113.53857972624753,8.0
36607,44047.69581379497,4312.505747507637,146.0,118.02263886015237,8.0
36608,22727.879279698038,738.0952727546063,54.0,118.89106502322224,8.0
36609,55785.733689296874,2359.9347025949774,43.0,119.99934184242905,8.0
36610,53271.20845773693,2359.8629344379806,154.0,129.89066765421458,8.0
36611,48205.250193386346,1992.24576318493,91.0,130.60751746497994,8.0
36612,57136.38073577719,31685.802220757792,56.0,123.21604303884418,8.0
36613,41801.59575484793,1989.5628631683091,122.0,135.3712015720911,8.0
36614,41947.87988041574,924.92370741131,26.0,131.46115820982158,8.0
36615,16066.501743360039,1182.637440465755,11.0,107.58686392261208,8.0
36616,59306.48152057798,1744.0662324444702,261.0,135.27541228673613,8.0
36617,48297.70276138787,924.8114915157772,72.0,129.3788010182984,8.0
36618,37574.49524290518,738.0670050872533,51.0,132.3075093721281,8.0
36619,43888.89096533184,33704.94926271898,116.0,115.57800496622129,8.0
36620,40738.433556005766,1989.7503459821987,28.0,113.74730279081034,8.0
36621,52650.532212857615,33868.16190655942,187.0,115.68700033821436,8.0
36622,47273.932663651954,734.2171872670206,21.0,118.40894327372305,8.0
36623,61619.23020036096,2871.785136846992,110.0,126.2589899880722,8.0
36624,42362.739369718576,15920.892629191072,126.0,111.24720072587306,8.0
36625,35334.12571442969,1181.3107342304058,-2.0,120.65459858086932,8.0
36626,40932.34389289882,5843.839739368462,32.0,116.89026263720359,8.0
36627,46376.11443831509,1992.135254749877,37.0,120.95437284869766,8.0
36628,38376.14670732229,4682.706476739372,53.0,119.9222937554192,8.0
36629,62628.24626370928,2359.617397543246,118.0,127.8474301182836,8.0
36630,47151.2408602337,10601.00571868383,55.0,114.60008729884557,8.0
36631,55980.964619689425,5776.74406579267,174.0,134.36605643259702,8.0
36632,55856.5115270259,11846.106236694453,33.0,126.54596566292378,8.0
36633,31274.385173138377,1735.879460180731,19.0,111.17631902988519,8.0
36634,54512.02412075463,924.8321349182654,47.0,130.3590069620496,8.0
36635,24753.35156125297,4518.273405359893,65.0,104.27944196377996,8.0
36636,61423.04982390638,1179.4577685902213,101.0,146.02904303275503,8.0
36637,39174.30251651071,4723.3744387287215,74.0,115.5937782960869,8.0
36638,39186.25897099493,19548.2201073475,267.0,115.94275399662183,8.0
36639,37964.65032716295,5239.23336365825,303.0,123.15083273587354,8.0
36640,31755.890064725718,5597.989917322516,113.0,120.4955617743274,8.0
36641,28526.80425945407,4852.348284992681,98.0,117.93860408936688,8.0
36642,45912.62726363474,3985.0874367372835,36.0,123.94463344184587,8.0
36643,28646.093901556123,925.108502388454,34.0,116.1690345436034,8.0
36644,51901.29655359874,925.1149349724113,3.0,114.82326016391659,8.0
36645,17515.41025251419,4731.971109209247,87.0,106.83089109079762,8.0
36646,62307.599674856836,2359.1872570209543,210.0,132.4859204058839,8.0
36647,33361.78731165544,736.7309782175747,49.0,118.84160091634593,8.0
36648,55810.460707397164,2873.1543572418786,111.0,124.33131525196367,8.0
36649,21016.34844122316,1181.245650714259,182.0,125.45446943447674,8.0
36650,52426.90329631982,10280.453910312694,155.0,112.06756269362546,8.0
36651,16282.463283371735,14544.158533439255,83.0,113.73357971415768,8.0
36652,56938.264923689814,10596.724103558847,31.0,124.88230900187631,8.0
36653,35641.66120191073,1180.8192317176124,20.0,117.23804657078067,8.0
36654,57824.55448822843,45134.76724843118,32.0,123.89983541941007,8.0
36655,65303.84936323827,1745.9712214095637,239.0,135.39532867694788,8.0
36656,30681.071632208463,7580.216777218025,143.0,120.39784778790258,8.0
36657,49629.88222309748,23691.88890645808,139.0,123.06541964591682,8.0
36658,28753.604904093547,1989.987931142519,121.0,122.92928782963729,8.0
36659,60184.67040534166,14214.81348528317,63.0,121.02275561677206,8.0
36660,52540.46918762048,1180.7004730196886,45.0,121.97187474092634,8.0
36661,6508.132141799773,735.5197100093984,58.0,109.05520007866335,8.0
36662,17389.45162563239,5851.457893171812,54.0,105.82564812101675,8.0
36663,36191.60656635251,1849.7935325007177,67.0,115.94630163516084,8.0
36664,54371.43043545902,739.2042423360699,42.0,123.8924746756683,8.0
36665,11824.128351937097,3684.1044958215225,64.0,97.53855660209555,8.0
36666,31674.097878324297,16696.559763422443,18.0,114.08389498930269,8.0
36667,38587.204495183185,3683.779781208783,214.0,121.00730026370528,8.0
36668,12555.453244899983,5155.425992356843,36.0,98.53383304732643,8.0
36669,38386.74669892453,1989.8630391471017,140.0,129.27260313053085,8.0
36670,32300.52023181763,14356.230959455524,292.0,104.60474822640032,8.0
36671,41168.84743883564,736.3194793316991,115.0,128.73121755506608,8.0
36672,34021.49946559935,739.0368643217126,110.0,127.58435625735174,8.0
36673,53854.47964328306,12718.758117507357,44.0,120.32257401005491,8.0
36674,51810.75803741705,1989.439160047702,35.0,132.367823156074,8.0
36675,57179.52075569721,3540.007734060208,421.0,136.42915690665063,8.0
36676,40450.97051730601,4683.359012920391,46.0,116.50353929991547,8.0
36677,36089.97468589461,924.7785346296172,19.0,127.2016019602408,8.0
36678,36412.31686283541,11055.58353359919,59.0,113.26207769758031,8.0
36679,33947.76688822763,33246.48536595019,-362.0,105.40387359187426,8.0
36680,42153.56617847204,924.9874188073331,10.0,115.81273709527647,8.0
36681,29652.524374100376,13049.078850467502,92.0,110.45772417772623,8.0
36682,19634.83295105809,3476.824014175203,42.0,109.79115368843424,8.0
36683,41224.25226273857,8830.617551662765,339.0,127.5926390436097,8.0
36684,63124.99045553293,4315.521247989781,141.0,131.12509211003768,8.0
36685,54748.83379448593,12969.435229118311,66.0,121.38393176364728,8.0
36686,66417.60240927861,3137.850172417135,43.0,125.85468942808718,8.0
36687,63010.75328852476,56355.397905969294,-193.0,117.03403795990708,8.0
36688,44218.79821080973,734.4370236414461,136.0,129.60883801720598,8.0
36689,60067.93804135675,924.821337865675,35.0,131.33176650538945,8.0
36690,12557.26663980358,8156.024378063916,4.0,110.22840726526184,8.0
36691,36110.91760167011,2209.890222529426,329.0,135.7503050664282,8.0
36692,29466.887617735363,8703.473178480084,140.0,111.46531749867839,8.0
36693,51518.79494451197,924.8221291236455,35.0,132.39046272017023,8.0
36694,48532.12038462941,925.0652973779727,39.0,126.2226043338764,8.0
36695,60161.77975225791,43154.043009360816,183.0,124.70560178791956,8.0
36696,42703.37328428278,8452.58410052074,221.0,128.5286280912154,8.0
36697,62490.45573776633,21795.16660541675,63.0,121.34985357813123,8.0
36698,28460.490822591306,22617.68989188864,-58.0,112.20654181001949,8.0
36699,28377.35516630106,736.6753972904417,113.0,115.23030660727025,8.0
36700,24264.862754867336,925.0020304112977,44.0,116.5964572035919,8.0
36701,25145.877345417248,735.3606854358461,22.0,111.58767679866232,8.0
36702,7593.30026637115,736.0942177019344,6.0,98.41163863393696,8.0
36703,44422.14530486248,11099.70116785024,373.0,128.81559125355892,8.0
36704,56528.14787274576,1989.4076533902507,237.0,133.24943695508304,8.0
36705,40901.77514400132,925.0167009980953,33.0,127.51060561863324,8.0
36706,35006.74746447175,5598.085988975128,86.0,115.75647282700663,8.0
36707,36633.06953517427,8268.382596585649,21.0,117.3007262168965,8.0
36708,30955.042047371313,14962.946805633199,208.0,110.56266872116824,8.0
36709,49941.78250603473,1180.618567624101,155.0,131.39565498683203,8.0
36710,38178.42359795832,18629.886401624535,176.0,123.9886867739299,8.0
36711,34456.534035445504,8833.379321542938,111.0,113.66571673346495,8.0
36712,31120.45991757646,1181.2571123900218,51.0,117.71760124699374,8.0
36713,27824.737990421578,4311.121364963238,252.0,109.4051931289543,8.0
36714,62682.6834068686,1179.3093343437051,31.0,134.06179047562858,8.0
36715,44892.78353257301,4785.999450768603,154.0,124.23456429035289,8.0
36716,38852.17576307875,1849.7548749979442,74.0,123.7150177048745,8.0
36717,12237.331385519428,6282.286082008276,7.0,102.65177047592334,8.0
36718,23246.293327592542,1742.3293306318194,8.0,113.32298033019514,8.0
36719,33699.16639492566,737.7468537190967,75.0,124.17854791626476,8.0
36720,52646.86876079234,2871.862777383831,28.0,123.78245602733026,8.0
36721,54405.504300054825,925.175112210177,23.0,126.05044604110546,8.0
36722,56863.83419232881,16892.325962444706,43.0,127.7889403713731,8.0
36723,26833.644332840013,924.9308474595649,5.0,117.33136045481938,8.0
36724,40103.41809887237,5208.121603591881,210.0,125.58267985386067,8.0
36725,26405.19761235479,1849.8597536983164,93.0,119.56183541747039,8.0
36726,9103.56756030727,3982.8452889128953,51.0,105.56327101961354,8.0
36727,34813.96947751089,737.8263729872383,106.0,127.29349833922993,8.0
36728,49686.767218081404,6973.377290558772,351.0,125.6834204798639,8.0
36729,29291.329981086325,10246.494441783063,109.0,113.74643436077592,8.0
36730,49239.05502457325,1180.3251868431942,11.0,124.08738454339942,8.0
36731,32395.992887397522,26511.30042774231,-280.0,120.37283797815238,8.0
36732,46786.53806130189,20531.327693866926,26.0,119.74377686492008,8.0
36733,20169.66530366608,18435.934472011308,68.0,114.46968598875847,8.0
36734,57928.95535088732,15648.53419433226,497.0,137.6641756426353,8.0
36735,27313.621336120275,924.9244754697224,58.0,123.7373620509341,8.0
36736,36179.54876829673,29538.76094489807,86.0,113.32305433338259,8.0
36737,45812.103567749946,27033.1866121613,183.0,116.9072967914873,8.0
36738,28765.394374729774,21425.193993459987,61.0,111.87030168612496,8.0
36739,42765.363472385296,7105.767016611164,36.0,115.28290422348823,8.0
36740,52724.92954952347,50736.80676865633,-104.0,112.15011300221305,8.0
36741,45984.57495797301,924.7201091032792,30.0,124.98454299493706,8.0
36742,26484.589901141368,9464.68353965259,174.0,121.75250504330393,8.0
36743,63376.19611138439,3537.219802769054,199.0,147.06817389688956,8.0
36744,26754.049341522812,9024.228749578037,267.0,111.52747288152334,8.0
36745,47210.38752854865,12570.303596435988,143.0,130.21736048830215,8.0
36746,56352.73230487531,35021.16297414934,16.0,122.97687964278533,8.0
36747,49465.79727804463,2774.8926347874126,148.0,137.85432018733437,8.0
36748,32221.02657340928,14199.161304103158,87.0,118.08892540963417,8.0
36749,41854.60201394414,924.865419145644,67.0,130.66531344164812,8.0
36750,34641.54622420288,32660.991132929426,34.0,109.48792847528152,8.0
36751,36911.936040876135,15590.7382829472,37.0,119.5004822027201,8.0
36752,47027.27541510607,2368.2291477144195,72.0,130.22748276855285,8.0
36753,42662.92970663041,7960.373087618416,85.0,114.5104794242557,8.0
36754,29083.25316470229,10473.559623641717,135.0,120.2844350901185,8.0
36755,34325.33815857898,2208.6148476861244,26.0,118.93800347776872,8.0
36756,41054.63843492167,14806.789324278694,66.0,115.69903601424834,8.0
36757,52907.85307198647,36588.26968541295,112.0,123.58313358811142,8.0
36758,36814.05929176245,19917.373269940752,80.0,106.28520997127373,8.0
36759,14963.104798376167,7436.054381605326,74.0,96.6370268131445,8.0
36760,20924.9950216778,3799.9105404668494,156.0,118.95444720711849,8.0
36761,33760.31525366723,2207.9217128041105,258.0,121.77720113220664,8.0
36762,33952.43244679942,9510.972086279513,187.0,113.78862573092783,8.0
36763,26907.99965387267,5861.537734098253,179.0,121.34877194020184,8.0
36764,42235.879830696744,35845.3698301251,-47.0,114.78168362093457,8.0
36765,21343.32638499945,9814.245995463356,75.0,113.58445004611242,8.0
36766,33949.62636994833,5740.8469160987215,39.0,118.32262860507282,8.0
36767,69855.44273820195,30807.293630602133,31.0,120.01318218914798,8.0
36768,8565.704250020817,1473.889977027555,47.0,97.72489346910756,8.0
36769,46317.968176505616,9507.697428676682,53.0,119.56400187540534,8.0
36770,19238.398618357223,11819.633615897888,10.0,103.48050478209946,8.0
36771,34782.10230022648,2206.9423979578078,18.0,121.95222987244107,8.0
36772,42145.70797752128,33867.84106105592,153.0,108.93065328551216,8.0
36773,53442.0679006142,16891.082037983535,55.0,115.80358395618717,8.0
36774,34585.95086665501,15066.049720097064,77.0,120.00728669707247,8.0
36775,40114.32441986724,20206.613200423493,92.0,112.60081241783813,8.0
36776,48347.66469283191,4039.783366096891,341.0,122.32437443000345,8.0
36777,26179.537415803497,1472.2314315717376,12.0,113.09578651815345,8.0
36778,57188.72028236899,1179.635958849124,47.0,126.34832642640896,8.0
36779,37819.66218166297,1989.875457286389,163.0,128.01202883043536,8.0
36780,22156.17512854972,1471.9876593379338,65.0,122.59373586500504,8.0
36781,40670.90674520855,734.5237813067704,20.0,118.93280302848052,8.0
36782,38028.786064411266,6333.635712391211,96.0,118.69115232666479,8.0
36783,56619.82065545684,8108.423862824149,418.0,120.26325057834687,8.0
36784,14016.321771402663,11079.68811350859,15.0,105.62545079113303,8.0
36785,53071.92408996811,10392.58201505817,235.0,118.50959897219553,8.0
36786,11378.907210967118,10641.020227832192,-58.0,100.68978242179712,8.0
36787,38714.47433374422,19005.14345469084,73.0,110.87129437314547,8.0
36788,23726.26892725582,18523.427177640035,71.0,105.66954246779419,8.0
36789,50961.92267286434,739.3438490837933,70.0,130.78863234715485,8.0
36790,36870.69211647742,4305.8010514387,26.0,111.45810836471367,8.0
36791,21727.978642804886,8453.91250973763,109.0,115.086124788659,8.0
36792,33374.50341395295,18123.67888209858,4.0,115.58394292586017,8.0
36793,20226.871302544805,6920.899603887257,330.0,100.75996877021444,8.0
36794,30743.66277370527,1849.8308501897423,103.0,122.76252007971958,8.0
36795,16548.172214915685,5742.206474265767,60.0,100.67417051375502,8.0
36796,50104.16745093819,1179.5826362127232,161.0,135.03998748609376,8.0
36797,31866.76365142596,738.2430657598704,93.0,127.69729403900567,8.0
36798,19047.241459732482,6964.01724099057,160.0,117.26227285540102,8.0
36799,32286.014899819056,737.4243602045598,76.0,124.09311458892827,8.0
36800,44950.424577247395,7477.295241470568,96.0,117.42281201631958,8.0
36801,52492.084176928445,739.3267178724236,152.0,133.9709487486467,8.0
36802,36338.405310367125,14429.127522292689,38.0,119.15420586723488,8.0
36803,38927.64611230876,1183.6719336582746,131.0,129.51967742989905,8.0
36804,12239.683796657318,1182.8633981968385,54.0,110.49228225324693,8.0
36805,57741.96893555949,21785.49260134662,56.0,119.63792385998157,8.0
36806,21230.48281592887,4124.053190301992,151.0,106.35476312635619,8.0
36807,48771.88852826098,8453.071839732991,84.0,118.15282515255429,8.0
36808,52916.75820620608,6288.92550703986,188.0,129.81983663420536,8.0
36809,34642.961592060325,1990.4556596679688,19.0,111.90233503838196,8.0
36810,33873.72251095902,26516.15098544917,59.0,112.77457460110747,8.0
36811,40802.35302687911,5598.280671852753,148.0,120.21922203681414,8.0
36812,52907.195560775246,1849.9582736362433,24.0,126.59461710901715,8.0
36813,38401.00950766744,22077.094398262827,120.0,120.8902117936014,8.0
36814,65564.73367928316,8775.651304942183,103.0,132.19017352948487,8.0
36815,21028.680384111885,735.3914003581823,55.0,117.50451363993156,8.0
36816,53713.002833135455,13276.066109638472,512.0,124.00687964472012,8.0
36817,13009.656956229877,3548.7052494122822,41.0,105.8348099657124,8.0
36818,54573.51828900645,11098.335213697204,57.0,119.5391815223561,8.0
36819,41119.88382290885,924.9203956623645,52.0,121.73822631112944,8.0
36820,37844.67603188268,734.6157159060666,71.0,127.34280200099361,8.0
36821,56340.79960073538,13948.574185976517,81.0,125.35865020538984,8.0
36822,38645.83769982795,5472.188506393339,57.0,113.49738330513826,8.0
36823,38099.91546198994,7961.366426907571,69.0,119.04904776714609,8.0
36824,39020.885976523066,924.9283358218416,72.0,123.79336165821569,8.0
36825,41715.032226667376,1734.705408889681,5.0,121.93037752719906,8.0
36826,43851.88367498655,1741.7577994498336,234.0,128.95231815661603,8.0
36827,37064.02881749843,1850.0087751223684,92.0,122.1733010522749,8.0
36828,13535.108468754695,2207.6239780889623,42.0,100.35437299451677,8.0
36829,47839.05544438449,10214.156398427256,55.0,115.71889152959571,8.0
36830,25657.68240780237,924.9496463258708,43.0,115.78122585171643,8.0
36831,31455.546085690472,19436.96248648336,156.0,104.80131335224893,8.0
36832,19827.72471951012,13683.422394557956,-2.0,106.73070911619351,8.0
36833,51002.09439631881,42553.01590643915,345.0,130.49317475485816,8.0
36834,33129.23239187018,24850.662232269508,153.0,119.59859741726697,8.0
36835,32881.889887145575,1183.4229867055963,131.0,110.0515210271934,8.0
36836,58081.52291635547,8274.085295717134,28.0,120.06565839409338,8.0
36837,17324.449463729412,9742.239382289898,204.0,114.03378575851714,8.0
36838,39456.841253882616,11101.863056172433,7.0,116.80283857930816,8.0
36839,49186.00669187487,1990.0173127109495,10.0,124.03633993331187,8.0
36840,33369.42685952931,3699.408178992702,85.0,111.66177382812721,8.0
36841,26510.746556248378,10363.6522462728,43.0,112.72048268175878,8.0
36842,41185.59027606392,2360.522303980093,54.0,131.28464019237273,8.0
36843,28527.790906353497,12821.07726359942,176.0,108.35487922600791,8.0
36844,53703.753224797554,2368.915051957356,117.0,134.03774288202277,8.0
36845,34118.02108608592,11941.326871918085,316.0,129.18229399233576,8.0
36846,28350.931763064247,6352.889080040806,68.0,117.41622703755155,8.0
36847,20244.593933056178,8651.740274650432,-112.0,110.83633998134573,8.0
36848,34294.364467131454,925.0578650569931,75.0,122.53891276543467,8.0
36849,17355.038640547704,5760.046089901555,21.0,106.92746815622982,8.0
36850,15578.622848669898,7423.201774127873,7.0,109.891131694721,8.0
36851,43950.280814959784,1735.54033391041,28.0,118.47989612430936,8.0
36852,45173.93073243336,1475.15489744322,131.0,128.0274115600775,8.0
36853,24092.811471283898,5549.36743609201,278.0,124.17757345761038,8.0
36854,13967.120970574031,735.3482475958402,139.0,123.1679671557411,8.0
36855,65227.93291173817,1989.4929349814552,82.0,128.72127005059923,8.0
36856,34265.403547521055,7543.665229773804,300.0,126.87855021082714,8.0
36857,53077.92461602946,13995.774873459859,93.0,128.0908177586729,8.0
36858,46262.211752512114,6290.038961770069,76.0,115.20368105846498,8.0
36859,37775.64400213334,736.9782918616642,22.0,113.3156557184346,8.0
36860,32746.97385899839,5975.591659934375,39.0,110.32179737172925,8.0
36861,23148.966413296337,14543.000282796405,-1.0,114.96298561378934,8.0
36862,58769.27518454641,2359.617397543246,118.0,127.28497654345347,8.0
36863,24449.89144561597,924.9429123228265,39.0,112.88087036502891,8.0
36864,52264.917515103116,39472.168993964544,87.0,119.63571675989841,8.0
36865,17334.010585664608,736.1710313634414,146.0,123.30869702800578,8.0
36866,36661.025374223,5848.076166608939,10.0,119.2016695920032,8.0
36867,60014.30394910575,39825.63308355368,-100.0,116.69380046094925,8.0
36868,28903.961834901704,924.9630311861417,22.0,112.93916736953162,8.0
36869,57082.65121727274,3144.7734795916585,155.0,114.58257806030035,8.0
36870,28437.562009128687,20354.52426114352,62.0,117.3261162962783,8.0
36871,44332.753849768786,7476.712996600588,-115.0,110.16772827037542,8.0
36872,17044.794331765646,15580.704671791867,-111.0,102.32549907998745,8.0
36873,8832.76915603908,2944.8066554771553,192.0,115.85904362818977,8.0
36874,44890.090158440304,924.9749584935005,45.0,125.6021709922653,8.0
36875,54951.74535014431,42159.62401262416,87.0,120.06013049051064,8.0
36876,36299.89131017433,19866.54743901889,73.0,112.78058725718262,8.0
36877,47264.641323848206,924.9671096530209,55.0,127.91291285538198,8.0
36878,58099.34969284478,2871.5648854442306,41.0,114.82077515154597,8.0
36879,45232.785875769274,14351.761551084097,64.0,116.88622178482613,8.0
36880,24052.636068276224,1181.0088206765759,21.0,111.43723515644876,8.0
36881,33698.98345909008,7086.7588904619415,13.0,120.16813364974665,8.0
36882,48614.36447031951,16051.402387352697,62.0,118.86193279565332,8.0
36883,15150.700638503107,2882.8823395031973,30.0,112.81623322108956,8.0
36884,47921.98092360811,4617.279723275845,252.0,129.44667809653978,8.0
36885,21403.414078368976,2871.2207070989016,81.0,113.50437486758094,8.0
36886,61832.75769719803,11356.627171988646,227.0,133.96474478152288,8.0
36887,57377.24335634969,9711.999955061108,81.0,120.00985115369528,8.0
36888,36109.19219223575,15469.98374795361,186.0,108.01746016747583,8.0
36889,40557.7682411557,19910.607658928657,123.0,119.769648695546,8.0
36890,24581.507486614795,734.6944040031434,7.0,116.12936169322559,8.0
36891,43071.70558857477,40730.0693826868,-118.0,115.54883205757453,8.0
36892,43268.24943169844,739.5894778625519,60.0,124.86918850175591,8.0
36893,60834.87205724554,52575.65392964263,153.0,112.0993409549561,8.0
36894,49459.98366109843,41184.693925084466,153.0,111.31461665943984,8.0
36895,12660.906767128481,1473.9956909752461,45.0,108.64301011998757,8.0
36896,35757.32889572488,738.4646700001205,78.0,125.02417611144489,8.0
36897,39352.94956407485,5210.205101135444,96.0,119.95928551194947,8.0
36898,54483.814571676245,1180.0218563360115,32.0,124.42856140685281,8.0
36899,17589.39281153279,1849.9470328787738,82.0,108.51992951780122,8.0
36900,53478.048424159846,3541.7675728183544,51.0,124.89583627473218,8.0
36901,41503.56415752829,30139.72472528639,-112.0,110.59884601381822,8.0
36902,41915.60287263401,1180.1401217966618,18.0,122.48479271548926,8.0
36903,50968.42883700677,924.8990190965648,200.0,139.823633274507,8.0
36904,45909.015360396814,35090.96505686737,352.0,129.24268875060568,8.0
36905,62601.94676111469,5900.545787551899,38.0,130.50162217186656,8.0
36906,44625.38716387603,1180.8194498046635,26.0,117.21506200664278,8.0
36907,34552.79834734192,1736.2270709506881,171.0,127.23426734886262,8.0
36908,32989.481705776176,28492.12255832047,-239.0,106.32374387091728,8.0
36909,12786.421251299065,6392.437034807231,19.0,102.95054715969586,8.0
36910,31881.614242022562,735.9276322240588,123.0,127.45451752793736,8.0
36911,13318.984342519829,2364.0141384609083,47.0,109.02951383663711,8.0
36912,25805.628003509646,16923.325258749017,25.0,113.11107578478098,8.0
36913,29397.294060870194,14487.556788045602,69.0,112.15820481931134,8.0
36914,63907.689454468426,925.1338707072217,133.0,133.477240120482,8.0
36915,30331.522533883755,924.8267452512896,31.0,114.53174000479534,8.0
36916,26006.006785508187,738.6612314915393,174.0,129.52657280024695,8.0
36917,55721.28076477499,8823.786561095587,230.0,139.37529078285166,8.0
36918,10968.856882007676,4310.425267084431,38.0,98.16363637788895,8.0
36919,25115.294052495094,1473.762551519834,154.0,124.02965494324843,8.0
36920,33904.204455865445,13398.56138007778,46.0,111.90093051912476,8.0
36921,35777.45832716125,1472.3922974264426,202.0,124.03001772079473,8.0
36922,62582.202414022984,31621.43877683486,-280.0,120.5613798816981,8.0
36923,36775.91965730952,16134.177084550414,39.0,114.78479105031829,8.0
36924,59772.46072687935,1989.7041790840883,29.0,119.61262530878616,8.0
36925,46966.110226313445,1180.0011473608552,47.0,122.93625514561583,8.0
36926,32593.600768473978,8254.341331094529,139.0,115.3353027447161,8.0
36927,40607.565248228704,11402.645533789862,396.0,128.97903899325973,8.0
36928,66143.15750938437,2359.9863905808875,116.0,117.4667970994367,8.0
36929,44560.00894359581,27424.396391702343,163.0,113.0316187146363,8.0
36930,24942.228772277133,1990.2084868736517,42.0,110.92044628753537,8.0
36931,33262.097997765755,14024.394855832388,181.0,105.67024394583339,8.0
36932,50117.124409824726,924.8221291236455,35.0,126.53839860031573,8.0
36933,8453.866366536939,924.9988583994859,51.0,109.0029887864459,8.0
36934,44877.116332145495,1475.15489744322,131.0,127.81770152223802,8.0
36935,37603.10855792446,4782.208892343989,120.0,110.792209948148,8.0
36936,16207.407959856446,8103.860378559865,8.0,106.2488771834241,8.0
36937,45174.77629561492,734.029363323251,83.0,129.19918689936503,8.0
36938,36920.64335959455,10984.59438001415,139.0,120.55815633224125,8.0
36939,42882.03892339495,737.7218538394666,93.0,127.77460819302085,8.0
36940,10200.29921722984,1991.2047430122334,26.0,104.25313961922733,8.0
36941,9323.012821505105,7586.020428224181,4.0,98.64458463553339,8.0
36942,28127.22902129556,8886.564775264525,181.0,104.04185161718885,8.0
36943,54952.71011025824,1992.7945429022718,21.0,117.25846219736778,8.0
36944,32405.43764808849,3699.547081524939,66.0,118.6015639903118,8.0
36945,25044.29631705442,1473.4346117074895,135.0,122.80051341784608,8.0
36946,28527.584706431073,11929.136107412565,198.0,105.7239149504835,8.0
36947,36968.25617762315,17138.973753903058,73.0,120.37637013488981,8.0
36948,27010.998356619646,924.9699385042363,76.0,120.84405324573598,8.0
36949,3478.903018609351,2881.982224971067,-18.0,88.17791644844044,8.0
36950,38717.855915036926,3984.2832106233736,40.0,116.22046613051455,8.0
36951,19373.868510206295,2878.0412969281383,22.0,107.67673928325661,8.0
36952,39417.08881625882,1737.7936646673152,228.0,130.56596127242844,8.0
36953,41036.662584126505,21968.472876603773,109.0,121.4517572018673,8.0
36954,15930.91941548599,3983.1637557413537,-10.0,105.69176770100614,8.0
36955,15740.698756800306,8356.759071944489,66.0,97.94334558631276,8.0
36956,18014.619942733752,1182.6099574087789,56.0,123.2276131349264,8.0
36957,33764.20040070368,22078.439315732587,124.0,107.13137254837183,8.0
36958,44373.750044315966,733.9299167444506,187.0,134.88193787572163,8.0
36959,5889.005062719518,2944.0811155883903,17.0,94.39106930309812,8.0
36960,38322.99300115183,3684.603473890032,95.0,114.52809078949912,8.0
36961,57479.11801508826,3553.330331496306,9.0,124.31627308855835,8.0
36962,49701.4611899136,8663.140755657962,60.0,118.20541985073686,8.0
36963,31594.125264758888,1991.9085574158,180.0,126.62103869657614,8.0
36964,33817.20089374726,1180.9731710512572,14.0,118.8279831394515,8.0
36965,20807.235651944095,13384.301201223207,15.0,107.51849775050718,8.0
36966,30901.685906399474,13778.947948713121,163.0,109.7448959991737,8.0
36967,33181.86710766857,12163.693923994657,114.0,109.1765244886481,8.0
36968,56733.145648398146,1992.4698638491207,28.0,117.89899102869417,8.0
36969,27991.291841465947,10280.620239260446,340.0,105.39118028031297,8.0
36970,21389.115597023647,9795.420184942019,456.0,127.13112395505976,8.0
36971,47257.84376909822,924.8499189339278,62.0,129.58014403599702,8.0
36972,59225.41149908182,2369.923730407382,148.0,135.28051708086815,8.0
36973,33000.52288138416,13089.457117683141,111.0,110.32053876130846,8.0
36974,40617.5709090794,9022.21999333544,337.0,128.1775675198048,8.0
36975,14191.95966012359,1182.7913991999515,222.0,123.99072497930473,8.0
36976,23414.16566586877,1849.9222527143625,-6.0,108.36671714642702,8.0
36977,46394.01454648188,4682.807213136781,82.0,131.77751006220035,8.0
36978,52524.73866089188,40967.74496441038,-72.0,114.50332618542922,8.0
36979,54084.526359243486,5489.526323802124,69.0,120.99994479690714,8.0
36980,56699.527988295165,2873.9200273654333,29.0,123.11533924980742,8.0
36981,58614.56546795633,3984.3428984846487,58.0,119.72233474671633,8.0
36982,58839.11577000278,12553.271799917417,21.0,117.64755497681327,8.0
36983,9017.624798579262,4309.244347564904,15.0,100.30714175268449,8.0
36984,45066.15129027212,739.3446965652091,61.0,125.3045882472727,8.0
36985,35491.832943360234,734.8568391411071,89.0,131.0963441903604,8.0
36986,30730.711787361794,1183.8884705087157,87.0,123.10294357376365,8.0
36987,46475.58031093498,924.9784028399931,31.0,126.5950251670704,8.0
36988,39190.09712098189,18821.55722139876,88.0,116.42012206712977,8.0
36989,28445.440392657252,1180.8205104220267,54.0,115.82983845625643,8.0
36990,48372.35116826363,38179.534605823545,168.0,112.05221702027778,8.0
36991,31887.49381039342,15455.647761417415,73.0,112.17966322102468,8.0
36992,28759.27244722638,8261.628483925228,23.0,119.19292145546581,8.0
36993,64255.54821657438,1179.9263700043086,131.0,131.42310992622467,8.0
36994,18784.364604705028,5974.525311831186,119.0,105.09278466752335,8.0
36995,31754.77867063536,8260.335484187764,366.0,127.22265326791921,8.0
36996,26664.24443413495,6286.645434774352,84.0,109.87952088161173,8.0
36997,26159.886062795482,924.8803240907916,25.0,114.91279034977185,8.0
36998,45011.93829467862,28565.840578560917,197.0,111.30119263445295,8.0
36999,63388.34921839606,15648.53419433226,497.0,124.02532799105082,8.0
37000,66176.69677139237,3137.0057626322728,159.0,136.31337058384221,8.0
37001,25897.022009178723,9248.802840169948,259.0,106.37694490920994,8.0
37002,29607.602622138373,3699.8417202666387,59.0,118.75904122842041,8.0
37003,51252.09713775229,34460.807102143204,422.0,112.71121772209084,8.0
37004,45928.615282425264,27810.662523935767,33.0,115.15298207551575,8.0
37005,51485.30287660839,1733.3526822684964,49.0,119.59208217954698,8.0
37006,30974.26016826041,3143.550750458324,141.0,126.01920277215626,8.0
37007,50857.54645224155,42405.21531126436,362.0,130.53658944461665,8.0
37008,40941.617562845895,5969.744427988172,162.0,128.21777462101883,8.0
37009,32005.848160795438,13383.81472288145,198.0,105.29404030736359,8.0
37010,9455.354605658102,2363.7208837340377,23.0,97.99426313773782,8.0
37011,26610.16155874816,735.46008396242,147.0,128.66572377047365,8.0
37012,42418.66679130465,25627.183284793093,430.0,112.69824241062325,8.0
37013,51657.9466605786,8607.832414079634,81.0,113.56586193001446,8.0
37014,8830.791957404954,1182.700880074172,13.0,104.31087042423525,8.0
37015,24149.492469103974,16713.80678046905,-144.0,109.52341836508839,8.0
37016,43059.46510256329,3771.955712789453,48.0,116.99005022964184,8.0
37017,47877.513710400664,26246.79907015192,46.0,114.02635218785352,8.0
37018,34266.26177544515,3771.931645119619,73.0,122.61468572005919,8.0
37019,30614.536399342545,9430.812292564704,75.0,113.52779323926356,8.0
37020,50200.19626254105,12580.748594954523,55.0,118.57210130113876,8.0
37021,56401.08554411785,8076.2952333299345,325.0,129.61784677604768,8.0
37022,23278.644251755737,735.9407967448261,47.0,120.49166914300991,8.0
37023,25498.298001443116,21726.084982136326,-383.0,105.61083231861764,8.0
37024,23106.89134225225,1182.1538387313062,11.0,115.52744904986073,8.0
37025,58486.7649635678,10239.485581803956,526.0,111.96432564707773,8.0
37026,58149.58990403899,9093.779277009047,323.0,121.5762923296857,8.0
37027,41552.56948714183,12814.37154559741,245.0,114.215979808656,8.0
37028,13323.346133417192,3548.7292291467393,283.0,121.30858404322646,8.0
37029,52878.91319736086,1179.4350059755618,161.0,131.07487601626306,8.0
37030,39225.39845068139,27129.328695401626,183.0,109.89767727277761,8.0
37031,42170.87333150901,924.903277281418,7.0,118.50807655216302,8.0
37032,27137.63959835535,3482.5192418229285,79.0,112.2949760180597,8.0
37033,23132.8439326123,8090.920132405771,81.0,110.63463242426408,8.0
37034,39408.82078882573,23414.9320142121,199.0,110.75635593114076,8.0
37035,32898.2872199781,18466.458313710158,64.0,113.9321747908572,8.0
37036,40861.89598025882,24236.471037433203,133.0,114.9587867653311,8.0
37037,26539.81718045139,1183.0103102112346,19.0,115.59364954030832,8.0
37038,33683.34160256911,11122.332415557465,72.0,117.92785011427944,8.0
37039,44901.663874150465,8067.567719784077,208.0,124.99045839884177,8.0
37040,50557.10208158842,4738.063405128251,15.0,122.52697420197183,8.0
37041,43953.556968108394,733.8587025724433,161.0,132.81315727777206,8.0
37042,34607.75502997718,7543.940889108684,94.0,114.80133018784029,8.0
37043,40794.36929192595,5242.943537377279,206.0,125.4690594468686,8.0
37044,30992.779333994495,736.3498872276124,108.0,125.58445603775135,8.0
37045,43055.84927511159,7719.459980124314,264.0,128.65582213438535,8.0
37046,48074.688716434284,19918.554462563145,374.0,120.43545731278844,8.0
37047,55713.913000116234,1732.3189253363541,41.0,133.7412886331907,8.0
37048,41445.30922749616,4040.405229640897,327.0,131.2904320337764,8.0
37049,22210.152815296085,21285.794621516885,-119.0,106.51303233997898,8.0
37050,22145.87426502926,4614.031046467455,139.0,122.12700495474783,8.0
37051,30132.210834694986,11990.46558622248,104.0,116.09902415124334,8.0
37052,28144.826261395414,11123.06447891361,175.0,117.1515782407784,8.0
37053,38177.93982177485,1849.9579267759873,26.0,120.20446750796741,8.0
37054,55759.15675939734,10660.288049451317,61.0,120.3618828053626,8.0
37055,15838.318838431336,1183.2941272652236,161.0,121.67740229129507,8.0
37056,43867.815365363385,3084.0828501270435,267.0,122.48637782512405,8.0
37057,45375.90087512224,6474.801794253372,88.0,120.79498124024965,8.0
37058,16914.44712326612,8692.626237269102,43.0,105.52421459464507,8.0
37059,64484.60084909538,1992.2570177413359,119.0,129.11315287110273,8.0
37060,30464.19904564744,9704.350319483352,505.0,129.3123437569895,8.0
37061,43224.93394906423,738.0131511444109,75.0,125.9289136295694,8.0
37062,27317.917318318658,6693.705436019727,180.0,120.43443518480265,8.0
37063,43375.952003406834,2948.4199940373383,388.0,133.84589019454594,8.0
37064,44087.83897851529,1849.9487367758493,291.0,138.39732414929188,8.0
37065,52556.773774823494,3138.0758852333443,200.0,129.77414696593735,8.0
37066,52430.49785539518,10259.961599980126,55.0,119.17910836133456,8.0
37067,55926.98286117387,739.2644921410455,13.0,125.15739421010063,8.0
37068,35203.68448503096,736.484594760941,22.0,117.20915161768168,8.0
37069,50123.92392371957,4304.703069514306,7.0,117.5280495645767,8.0
37070,25838.585739821017,9510.080504401347,314.0,114.32692764442106,8.0
37071,43958.78914461534,30579.84556508797,45.0,126.6490310043989,8.0
37072,27271.18993932775,736.3498872276124,108.0,124.48330645445544,8.0
37073,43207.028887917615,6874.534667401682,165.0,120.25924328258513,8.0
37074,34167.1783660269,737.3054917767433,89.0,130.0942539818778,8.0
37075,44092.278066368664,1992.1561006764216,106.0,123.71842327072389,8.0
37076,41913.46926923664,13676.620904355572,298.0,126.65211401822124,8.0
37077,34660.707175203155,4113.356518939549,42.0,113.80563976408374,8.0
37078,7093.344453474868,5911.110597241056,-40.0,93.86309373947441,8.0
37079,27084.298507378728,11387.547945950851,176.0,109.17764492416634,8.0
37080,43505.852470849866,11084.99935614025,190.0,124.82182592723738,8.0
37081,35339.42546299744,924.956036953295,17.0,110.96300597108151,8.0
37082,28433.56952014961,2393.117274161897,158.0,123.26739033177196,8.0
37083,18312.581368860385,16331.347398342346,74.0,101.75672180109451,8.0
37084,58355.167526860234,6649.008295753611,56.0,125.98655450063168,8.0
37085,41574.37236640679,735.1691173115928,65.0,138.47849849958988,8.0
37086,60657.99769313012,2358.598535814307,195.0,132.70465863238456,8.0
37087,47767.72674588545,733.1185082636288,68.0,138.25607851512734,8.0
37088,50384.97967439599,924.8384875825229,16.0,116.53287013292079,8.0
37089,39015.643835107265,1471.41512209752,4.0,119.98477237462438,8.0
37090,44387.34257164828,1734.6953629165791,198.0,122.9658614165325,8.0
37091,23277.975481829424,1471.7879493797482,128.0,121.90705602992206,8.0
37092,30465.91365167502,8827.967227218965,38.0,109.43452660876477,8.0
37093,35957.820448443556,18934.68118963284,23.0,122.23802992136785,8.0
37094,65872.45198692256,13443.826861289794,175.0,134.01360619547194,8.0
37095,36052.83400443854,21959.60031780614,163.0,117.98007267098465,8.0
37096,46499.25228425318,30180.905322024028,120.0,122.511586255964,8.0
37097,36259.76166108356,18630.33798585716,179.0,112.09919588110675,8.0
37098,40439.68306816361,3091.5239656148865,32.0,121.28398266482978,8.0
37099,41256.035741674736,12519.199059215684,140.0,111.05286539598777,8.0
37100,54632.81052839572,924.8500149174916,7.0,118.90240519782046,8.0
37101,54510.005114153464,47848.764688426534,80.0,116.1278454252856,8.0
37102,53234.63971124798,924.9673619655761,6.0,119.0721371930493,8.0
37103,47308.28021732127,737.7079298351892,138.0,131.97310334876622,8.0
37104,34598.887022954,1472.701440441966,26.0,118.07351788429547,8.0
37105,33499.56402746894,6515.965517739321,313.0,127.32450705689183,8.0
37106,32469.430082270545,11480.665285910052,355.0,114.95550201478962,8.0
37107,36511.936482010875,14507.182782469792,293.0,127.01042951067356,8.0
37108,57988.01021390783,2871.9019359487397,37.0,131.14289674524218,8.0
37109,51059.044452528586,925.0384730678958,5.0,118.49858347093763,8.0
37110,65836.96185342288,3137.6765061176525,147.0,127.5878840607481,8.0
37111,29526.292978104728,15433.23802084449,-42.0,106.67515844453163,8.0
37112,53841.415931336116,6837.852712047706,95.0,119.74079416612412,8.0
37113,45686.02305997934,1184.0405639758437,23.0,116.66307835157606,8.0
37114,41985.66739404341,9417.770558110476,65.0,115.31656463771165,8.0
37115,50074.670511459095,1181.1306309205013,100.0,130.42012083663036,8.0
37116,41346.53550677784,21845.934874512837,130.0,119.87603364685316,8.0
37117,61716.534336890894,51475.01346333814,204.0,126.06720404085698,8.0
37118,41472.05862285828,5233.090043188377,69.0,118.83782507615872,8.0
37119,51224.05756457397,24740.830282732826,185.0,123.49160829496695,8.0
37120,52519.02410487425,1992.1116992094578,36.0,126.27324973577005,8.0
37121,40815.565545166464,22777.731678662796,87.0,116.7448057620281,8.0
37122,19893.655903921765,14015.064958484973,73.0,118.96049605557266,8.0
37123,16904.641016644186,6504.321066014426,369.0,123.49914905378955,8.0
37124,35403.1372058575,19908.234351787152,181.0,109.31514942955408,8.0
37125,25842.404099734344,736.9205656394823,15.0,114.45491136368857,8.0
37126,32994.25920491783,6916.473525647647,192.0,124.75895412344804,8.0
37127,64727.17819886523,1185.8449691799224,16.0,120.29124373756855,8.0
37128,48357.92704142301,7107.128240334888,76.0,108.33227978820604,8.0
37129,10639.56109969154,4728.491523245943,-50.0,98.73414067708688,8.0
37130,59405.18792786804,7956.693328878787,232.0,144.84226675373037,8.0
37131,40528.99018381871,20274.78736980017,73.0,121.34637435969066,8.0
37132,17711.97666870547,16794.744872816704,-212.0,99.07185675221777,8.0
37133,53454.328573558996,16905.97303649568,69.0,119.00483989821771,8.0
37134,41083.309198549134,24466.14304178862,46.0,117.10071114293132,8.0
37135,20244.952559331992,2879.929620004157,107.0,113.44376139484032,8.0
37136,38365.469297306154,8227.530983113435,47.0,114.03520465379671,8.0
37137,36098.9356292597,736.0895713652357,234.0,133.57911975713728,8.0
37138,50360.69453945372,1179.762195569276,54.0,115.51913084141478,8.0
37139,8453.808664672177,1849.8626862335705,5.0,101.83791637447221,8.0
37140,46280.73395773155,738.4541325433667,54.0,124.84159452783643,8.0
37141,15192.985006020584,9033.753492484924,4.0,113.66708875964603,8.0
37142,15194.307777227821,6885.519865030492,104.0,99.63997140195298,8.0
37143,36984.79336066484,21055.304548987067,93.0,117.76412258533273,8.0
37144,50642.650651692355,7118.570298583661,108.0,129.61751276211837,8.0
37145,65321.931214500306,740.5582432408897,120.0,134.76408215152833,8.0
37146,10438.305082375418,2363.8067712982574,61.0,109.03876041287016,8.0
37147,38439.3411374126,28487.825422971473,412.0,129.60360856934398,8.0
37148,47019.03784626763,22734.459862550055,29.0,121.60201428611965,8.0
37149,47019.95106518742,25513.4944214687,139.0,115.11517559469068,8.0
37150,45912.61303061773,736.966599476736,136.0,126.01705023890077,8.0
37151,44542.976808552514,9277.444318882004,160.0,123.7386893191578,8.0
37152,39292.35000329908,2871.559869196868,54.0,114.9675588635322,8.0
37153,23736.159117150164,8888.88360433303,13.0,109.9652519001871,8.0
37154,61448.716778560934,3136.813222364023,220.0,133.9739059594375,8.0
37155,41294.00266080641,2210.0707812632304,371.0,134.04008538052574,8.0
37156,44006.643347743375,924.9166455136417,49.0,123.33864292158549,8.0
37157,44925.13090124115,3471.5043589967413,43.0,121.18664202434766,8.0
37158,45358.47240008715,43714.98887746675,-11.0,120.96580348523591,8.0
37159,29972.541746372917,3482.5455609385185,41.0,118.80419155497995,8.0
37160,8563.02217744536,1472.1621909651553,130.0,114.55904427539897,8.0
37161,46147.46172883316,34043.85232950772,130.0,122.12096094931331,8.0
37162,21891.209219639368,15726.441206747564,14.0,109.646865862392,8.0
37163,33284.625175193774,7831.440088018729,146.0,122.27558154704415,8.0
37164,48345.451214569504,2368.2487698830564,41.0,119.69548630582167,8.0
37165,16794.36661176052,924.9050177349241,73.0,117.12017379430529,8.0
37166,21475.827733232996,1849.9259226643685,390.0,129.93483091391477,8.0
37167,24328.689649794156,4683.045288817338,268.0,102.19655961975174,8.0
37168,52919.742389489336,42964.2899479325,419.0,132.07990420356884,8.0
37169,31155.171772122438,1470.9672534053927,9.0,118.13561984829767,8.0
37170,48718.513762656155,2360.563038190574,133.0,127.00111360724948,8.0
37171,56932.367725952754,1992.3693941920098,173.0,131.14800726879747,8.0
37172,54951.91256835656,39282.60380974727,146.0,121.81938119613521,8.0
37173,44228.66543941245,25011.356271458622,186.0,122.0866212087794,8.0
37174,41782.875851326375,924.805353863947,42.0,123.35964846883827,8.0
37175,30557.770035807553,20361.43907840602,189.0,104.53858829746355,8.0
37176,37179.23571099069,924.8292124780027,134.0,128.00695093877948,8.0
37177,10671.01780307784,4511.244439091571,3.0,104.06859037069367,8.0
37178,54237.32370954983,5233.705883110273,73.0,119.48486664730497,8.0
37179,17130.62438868896,8233.95965992345,327.0,122.42265017266891,8.0
37180,45569.08203240756,16299.676904249991,229.0,111.85673695833246,8.0
37181,30506.947817707347,733.9842726552434,100.0,137.62967206581874,8.0
37182,36377.625260236804,2208.389998894429,232.0,126.11974712968698,8.0
37183,51636.14025036963,8454.65906272943,75.0,123.72491812511525,8.0
37184,57454.4677414845,1179.4845261248347,34.0,120.98095021394668,8.0
37185,37736.95435485959,20899.677248056803,99.0,120.74282459633234,8.0
37186,37712.010884501244,3790.323906168218,224.0,127.20146020630074,8.0
37187,10592.447039151511,1182.8030422942763,116.0,117.10786676911727,8.0
37188,31661.497478656038,4682.457927202172,330.0,118.82452881164464,8.0
37189,33312.61166946306,2875.4896112974043,89.0,132.10017375344748,8.0
37190,37191.04596055931,2361.309224022466,23.0,116.702390628161,8.0
37191,34348.960589091876,925.0362340999516,43.0,122.91940028452278,8.0
37192,16907.796555732344,1991.535804334033,41.0,105.82697305544582,8.0
37193,11123.366264816532,4624.554790452992,-21.0,101.63627629666999,8.0
37194,69214.55153031574,924.901353854983,82.0,130.63780338947092,8.0
37195,40367.83665269107,3485.3868073292906,212.0,129.48644100248083,8.0
37196,42778.436762821846,1182.1138344935414,102.0,138.45934460036352,8.0
37197,61969.02548452829,51013.8325831319,67.0,117.70315071130453,8.0
37198,29608.375514791453,9710.072462666545,111.0,109.76345339893604,8.0
37199,40771.95565667993,21537.363009463254,181.0,108.240400902103,8.0
37200,28525.95148775406,924.8840153744464,117.0,125.015532349575,8.0
37201,41523.79878593624,4041.0264124888226,96.0,112.61147597089862,8.0
37202,45000.762286345285,32904.44051039203,166.0,109.53367978525935,8.0
37203,41528.813829921724,6277.266809289527,176.0,130.5003444379774,8.0
37204,43623.680156829236,2369.0385391229156,76.0,120.23268760505506,8.0
37205,25106.154421756033,10190.866967065238,110.0,113.4038598032403,8.0
37206,37972.52122320839,3541.917287513634,126.0,128.74061692496338,8.0
37207,52502.87516066059,3489.4474216352296,73.0,129.96926582085018,8.0
37208,50422.91796670962,32302.65474169909,171.0,114.10576420673515,8.0
37209,41282.17427822291,9704.407882491641,139.0,118.08598639888535,8.0
37210,67296.44782969735,4739.884743357139,194.0,129.97738943959527,8.0
37211,16942.228812285073,15468.77737324615,-184.0,101.07455118388641,8.0
37212,32019.44877840862,10669.651866443599,205.0,122.16194190510222,8.0
37213,41498.03975182299,17053.59628589705,131.0,117.85146469300582,8.0
37214,49402.4781508322,1989.2189400305049,211.0,144.24639261522987,8.0
37215,48801.71885001331,40525.41257973617,153.0,109.75470811103759,8.0
37216,22500.56431058846,4607.01489554877,21.0,115.33782548593251,8.0
37217,10636.118719341637,3089.307380750023,47.0,95.79240151410659,8.0
37218,47242.51392287173,735.2615215188711,35.0,121.24854338934185,8.0
37219,38192.775885615534,19420.37078525236,181.0,116.08968726886258,8.0
37220,25128.17711543583,17540.980171099258,192.0,104.75375422153888,8.0
37221,25309.77030943289,1471.969153221434,10.0,116.35106833893116,8.0
37222,4729.0219756930655,3546.844740792051,-80.0,85.94320986548249,8.0
37223,50780.30915055085,734.5612409048183,141.0,129.84287155062793,8.0
37224,65582.21562360394,48564.647736950894,183.0,125.44274263512919,8.0
37225,43274.790150387955,30585.701035559476,32.0,122.80341226738872,8.0
37226,50568.78888118422,8112.663881473154,63.0,120.6010295691219,8.0
37227,45205.93048480809,1989.955027701832,36.0,116.39278851246061,8.0
37228,59028.28130764545,2871.352041969085,210.0,144.3994032514796,8.0
37229,34505.27190002109,5598.006670362307,156.0,125.58645002506705,8.0
37230,56009.4641219165,5901.207179005983,73.0,125.89280019616822,8.0
37231,20362.05323676084,15741.257953487608,-58.0,105.50588805552782,8.0
37232,22916.23581759145,1736.4424554533969,24.0,117.23603278301104,8.0
37233,39556.89298516891,19062.33705489008,380.0,119.08750100294496,8.0
37234,29688.4845793435,28958.18197545888,-366.0,103.60872095958946,8.0
37235,13293.139600106268,2393.673240372854,85.0,114.39192315726014,8.0
37236,25070.674728511367,924.914856721248,106.0,122.92707258296754,8.0
37237,13032.5475731514,924.8817887248225,41.0,109.87574412601846,8.0
37238,53405.40887313863,13340.577520177269,24.0,119.3679276688135,8.0
37239,39452.31989149732,734.8502866973703,49.0,121.55355464423658,8.0
37240,35227.01702687716,735.8329358046902,60.0,122.35313524030039,8.0
37241,38875.321763604195,14817.464222009443,14.0,108.48309402549533,8.0
37242,46160.452817188765,732.8827488215699,204.0,158.78635373828538,8.0
37243,44785.89609902965,924.9751831136034,34.0,123.2114813839131,8.0
37244,49949.00291527867,32905.43153255916,261.0,117.32017819969948,8.0
37245,11813.569858987257,5961.2012753616045,230.0,97.36876201059755,8.0
37246,44645.27529474998,1183.2655809159992,240.0,133.12231057704687,8.0
37247,43457.56797212805,924.7992624881726,24.0,114.92943524481149,8.0
37248,39328.340975580126,1180.5043062686086,23.0,115.48774406922543,8.0
37249,40553.13531333798,25059.679804668907,181.0,110.94058904565273,8.0
37250,41122.14113739133,3772.8549011562727,95.0,115.14713726922685,8.0
37251,39087.72956084892,26292.627307121264,87.0,115.47669577709125,8.0
37252,51790.43222270824,1184.2994593962273,101.0,131.22480965861195,8.0
37253,35213.37085880208,26658.43100142946,-208.0,117.45841614590984,8.0
37254,43796.27848528883,38317.925363996364,9.0,110.60727575320513,8.0
37255,33196.861031173,1990.0170348770707,88.0,119.89863901543632,8.0
37256,54387.50559352931,924.8423331042163,94.0,145.64876579012343,8.0
37257,40198.13883302583,2871.6203828806842,54.0,117.56718234618809,8.0
37258,57061.28970457344,46479.87542325214,254.0,130.3102508924447,8.0
37259,35385.92187464418,2207.6633191282467,165.0,117.9807687943311,8.0
37260,52388.39514740847,1734.7961095602686,115.0,135.34750507300546,8.0
37261,38799.173677231054,27838.197041476713,67.0,113.95774143953075,8.0
37262,58686.10742895505,1180.7004730196886,45.0,129.35066036185174,8.0
37263,47818.856308974086,7850.838524616685,76.0,115.96933073511217,8.0
37264,54042.510566154204,924.8969923673083,86.0,134.22740048505614,8.0
37265,30489.5698052025,737.0930058342126,39.0,118.71806794289743,8.0
37266,58277.758185028586,50000.56805355369,153.0,111.48143888754603,8.0
37267,64355.56121775942,925.1379403106064,33.0,128.20113864129993,8.0
37268,31458.39677770094,4724.940362410864,230.0,127.09659080211017,8.0
37269,48039.59082812672,1179.3846023542446,239.0,134.35619388222034,8.0
37270,32724.395672084098,1989.8630391471017,140.0,135.15796447061902,8.0
37271,28757.42646211323,2774.816954053842,144.0,123.43694313594276,8.0
37272,42108.01696726349,1181.5600729411951,45.0,120.36885618816527,8.0
37273,34914.70778095405,736.6489011759782,200.0,132.1152011966072,8.0
37274,35620.666265798376,736.1497125653339,123.0,127.98084128230106,8.0
37275,51720.001292602,3551.494566996552,99.0,124.21157198695482,8.0
37276,47804.49506594391,924.7399773310133,74.0,126.14032448675202,8.0
37277,48899.8035511165,14181.5109988314,16.0,121.59337582906849,8.0
37278,54695.78952787912,2774.993587943119,71.0,126.03443843075239,8.0
37279,40755.325940084025,4604.358052211771,445.0,133.05687785121327,8.0
37280,48441.18681192388,2869.806176606719,56.0,123.30369494283039,8.0
37281,53778.413358036334,3144.1532072484406,115.0,126.15574944961433,8.0
37282,43040.13251514426,1183.8086521181738,76.0,120.84342685536679,8.0
37283,12225.525095549563,7544.8957106917915,-12.0,99.77650388527712,8.0
37284,38378.72583989036,924.8684547196832,39.0,117.93483745043471,8.0
37285,36806.97794869185,23087.50311132685,110.0,126.2539499074268,8.0
37286,32405.226368232292,10200.542935014466,115.0,111.17473565555596,8.0
37287,39283.24015633925,26983.699700911726,10.0,114.30107252622174,8.0
37288,34874.83761393718,1737.5738325983252,0.0,115.97975478564668,8.0
37289,36796.84011908312,10955.852539501548,37.0,111.3413161241756,8.0
37290,42376.847204219004,924.8914740436987,2.0,117.3304789804542,8.0
37291,39576.90950596676,29391.643951667615,116.0,115.4543936629624,8.0
37292,37582.08717454733,22541.55780351499,87.0,115.88680837541729,8.0
37293,21650.32230662497,2362.9455269409937,52.0,115.78182187939566,8.0
37294,11563.424115572052,2883.1444587225124,17.0,104.16915297058857,8.0
37295,20195.102480836216,1470.3009976544759,106.0,119.31925474093697,8.0
37296,42935.54074540172,6687.000135350646,84.0,114.09060703494043,8.0
37297,18473.582699663813,5485.3779071685985,364.0,102.7196550217499,8.0
37298,63399.353867917685,925.0986633730593,202.0,136.93486652541011,8.0
37299,43543.59709269765,1181.0658535802766,52.0,121.1655773941908,8.0
37300,49886.75240479359,4304.2838269834065,70.0,117.58523469174601,8.0
37301,45683.22511899481,1180.5425969932912,226.0,157.52238488277314,8.0
37302,19840.8264068847,14368.078449545941,56.0,104.7679416523524,8.0
37303,57378.98740337728,29747.957436578254,-64.0,122.01421977160399,8.0
37304,32517.33726282113,11627.836863221233,110.0,118.01773354960822,8.0
37305,53063.32694846707,34059.51544561392,84.0,123.63482944966202,8.0
37306,54756.42602187954,9285.321508916491,38.0,123.90245863991164,8.0
37307,43913.84810448368,19571.64487826134,139.0,113.79144527080564,8.0
37308,25874.680267271415,25162.21499136737,-91.0,105.62752754220418,8.0
37309,11407.294626432902,1182.7913991999515,222.0,122.43286964139594,8.0
37310,32662.585356625044,4852.116313539435,17.0,109.89307697227169,8.0
37311,40204.71684562681,14047.765906983974,33.0,118.0230159439978,8.0
37312,15741.262750122056,14817.329301389796,-139.0,105.41357348613455,8.0
37313,57990.42132642795,1179.7504330709198,130.0,133.64790131620538,8.0
37314,19479.1748870976,8356.81689412942,90.0,104.15081603632488,8.0
37315,37571.87922563896,11951.579778683108,111.0,112.98004792396605,8.0
37316,23006.319517252297,22275.39935565375,-279.0,100.92323099590375,8.0
37317,49815.622868903716,31090.27210132695,173.0,117.8028446914375,8.0
37318,32079.329279755766,1181.7560904963518,28.0,108.829009235038,8.0
37319,29592.997937409968,1181.2273958982025,158.0,127.07766769474041,8.0
37320,34929.60433455974,17470.968719425964,109.0,116.91628941326456,8.0
37321,9972.716872634614,8240.383791157603,77.0,109.73259970202619,8.0
37322,34860.02183322641,5742.27768850362,139.0,118.19136030795147,8.0
37323,47110.19542534569,7199.9069249474205,288.0,114.5483494436421,8.0
37324,45529.48214621828,737.0503061393707,44.0,122.44299406318478,8.0
37325,66426.79021059144,25169.926345669668,76.0,113.12607569491453,8.0
37326,42000.91679220408,2210.146509360201,47.0,111.3271859979459,8.0
37327,39389.585626166954,3789.6021644798248,462.0,133.72419455940695,8.0
37328,39767.27110642286,27469.66072053651,75.0,125.25923478961326,8.0
37329,42462.78846863397,2888.2261572802995,9.0,118.63318367858045,8.0
37330,41331.218121708,6625.926498639219,457.0,131.75980227358633,8.0
37331,27943.89914588055,2367.4642139398443,134.0,124.9434550585659,8.0
37332,25360.16130352005,8453.18267186321,153.0,113.46289955277156,8.0
37333,42604.92571254819,2774.9216489683345,232.0,129.4218026974645,8.0
37334,45325.12700408916,8323.692096258186,155.0,122.45226033056653,8.0
37335,51827.138376923445,11137.293067960325,63.0,118.77762574197678,8.0
37336,58882.98224738015,1992.1782497208717,53.0,132.12012505045567,8.0
37337,8643.902657948352,735.8109879128475,42.0,108.24935286064635,8.0
37338,12556.539341902411,1473.5333639402154,11.0,102.80069060178734,8.0
37339,45256.34493259793,20917.278913003636,139.0,113.80484877234596,8.0
37340,49784.563115244004,9805.023420536058,43.0,121.32877960814056,8.0
37341,46653.97954789286,1992.29902547965,26.0,126.56149301093562,8.0
37342,47100.09126238699,12988.66444581268,33.0,116.36681145898795,8.0
37343,45347.03986149322,9249.97311153143,326.0,128.7258562798475,8.0
37344,32226.01839962457,924.7648930879708,62.0,121.44798514239753,8.0
37345,25977.96040671214,2391.753153400912,45.0,119.05471781529255,8.0
37346,59705.73989925038,12225.291467977313,572.0,131.73819962879008,8.0
37347,26705.77178092897,1182.1538387313062,11.0,112.25276353453677,8.0
37348,55619.46103273527,4850.986197532514,184.0,128.86676483145678,8.0
37349,45967.72121114653,8227.660889467523,40.0,118.10715333144901,8.0
37350,45754.81023057047,36245.85838232318,316.0,128.7923030326988,8.0
37351,32976.187223352834,11641.015505507596,96.0,119.22741513504607,8.0
37352,43892.59247933096,1184.5831550029066,72.0,142.644769603182,8.0
37353,41518.00637727327,40974.068972008194,-571.0,107.53409725895386,8.0
37354,21906.106162699572,736.6493105829819,10.0,108.4119206701848,8.0
37355,31946.32920150527,11568.1261142343,71.0,119.33937582805376,8.0
37356,25620.363771920856,4306.4053910921,566.0,131.30486580294314,8.0
37357,22075.964872414992,1474.2979947902834,42.0,112.99341661820206,8.0
37358,37323.366042543705,1738.3069438227087,3.0,119.5905250261551,8.0
37359,48400.90237212885,29616.09928894593,187.0,116.87732537350149,8.0
37360,49006.283048616286,1183.3925251356277,103.0,124.94581290900432,8.0
37361,27774.278767801385,5754.686118966685,21.0,116.7059505326632,8.0
37362,55166.266350781545,9364.824995799989,220.0,126.88711343717517,8.0
37363,2947.19241113064,2209.9560415030314,-8.0,85.52680772700363,8.0
37364,43789.12686592083,8825.790887833551,218.0,124.36377663853702,8.0
37365,25846.737460045715,1180.927095189097,196.0,148.72117078469046,8.0
37366,31866.225438994436,6516.140607861946,374.0,128.44566157439522,8.0
37367,54743.828925072994,5129.928199826795,47.0,130.4009755272029,8.0
37368,56729.95691170263,3985.3200992783354,28.0,130.54015536823397,8.0
37369,38860.10533121872,736.8107267410595,64.0,121.94926440292122,8.0
37370,44366.92849378814,1992.2089534700192,36.0,129.10446620511675,8.0
37371,54643.088020905816,35860.78568817426,187.0,115.89070122894331,8.0
37372,38141.76670406884,924.7449299768891,98.0,126.73712213586346,8.0
37373,11825.959133291328,10643.762436639714,-349.0,93.90451069955787,8.0
37374,61843.7120881152,9778.60969993006,72.0,121.13716103525849,8.0
37375,45945.27445773244,735.2323867301891,48.0,127.63165106567652,8.0
37376,42023.369007539324,5464.81628271584,315.0,129.9156062343974,8.0
37377,53084.71815621855,924.711253585173,43.0,124.64894672348551,8.0
37378,62607.257556582364,1178.9027089808767,135.0,143.24965077522626,8.0
37379,19157.520449171305,1738.7796734345518,16.0,113.8887430393067,8.0
37380,28705.670287839035,1990.0544827298922,134.0,123.85149792264451,8.0
37381,56404.19247015777,925.0831511246417,39.0,122.96059082935449,8.0
37382,31701.137560755717,19402.46413099588,64.0,114.66064937047925,8.0
37383,45702.22615389839,1849.9173000158776,123.0,126.16695637816005,8.0
37384,33452.931386327116,736.4234902689794,33.0,118.39848769959266,8.0
37385,41741.74030293041,21336.97346342858,-136.0,111.73133014008918,8.0
37386,31878.615858269433,11815.280418755834,105.0,117.5794834574127,8.0
37387,29114.984315199832,1182.910860529804,79.0,126.16023217370402,8.0
37388,40590.66133209929,22902.26415072718,45.0,118.50165968957613,8.0
37389,59004.64238114735,924.8029291507255,61.0,128.5801991416169,8.0
37390,45744.356907404006,924.9986895908206,46.0,121.71510228270316,8.0
37391,20413.723394301618,3795.8028696052165,122.0,117.18039126578353,8.0
37392,63221.56750825202,740.314851757028,48.0,130.2739703905961,8.0
37393,17027.031498846834,4049.801893070718,389.0,125.61861421543205,8.0
37394,37618.535810896035,6631.809057251802,95.0,115.86005861075205,8.0
37395,22340.447234422754,13725.917410043236,-5.0,114.3190173393703,8.0
37396,43861.882348690284,39078.36421535891,-26.0,112.54524166299427,8.0
37397,40379.28676907872,26283.671296141896,163.0,119.25702934910078,8.0
37398,46250.70550428532,924.8294933955408,31.0,122.51578243144046,8.0
37399,55590.27094246516,2359.8232689932793,192.0,130.86913121663247,8.0
37400,16871.788557674394,1991.2047430122334,26.0,108.04983554842723,8.0
37401,30664.14625395651,11123.16143103352,338.0,111.78570801669662,8.0
37402,61073.07984065327,1179.198693208374,203.0,134.98098713149608,8.0
37403,53427.98475345449,3144.5804950242664,130.0,119.05731168408991,8.0
37404,29300.433565429998,734.3202318468185,117.0,127.68355939325227,8.0
37405,10477.04287227923,2209.5398585350035,1.0,106.75381633864242,8.0
37406,55726.81617803525,53735.66816371664,-368.0,109.07362026444777,8.0
37407,51766.811592597136,6640.988324171701,116.0,118.44599660985682,8.0
37408,53158.41258664725,27001.6918364697,17.0,113.26499621981276,8.0
37409,42775.24401348063,22125.86777595399,113.0,113.66594533088883,8.0
37410,62056.1508211095,5130.420914143576,217.0,131.42464331119237,8.0
37411,54917.510511154156,36142.2591411808,187.0,117.06280804824249,8.0
37412,53277.55481103758,31742.80154139426,53.0,117.47316816733476,8.0
37413,19074.885747324122,7579.569689812192,66.0,112.02393361459168,8.0
37414,39408.94290712935,1992.4511479186622,50.0,128.6274587891405,8.0
37415,23313.386920392426,1474.7628916188078,8.0,108.41904979219638,8.0
37416,25658.262020912607,2392.866368429621,136.0,121.20950295627551,8.0
37417,29402.735170188884,21315.38351137692,50.0,117.52876671049916,8.0
37418,54204.980531151916,2886.9381876509005,177.0,128.46384280782559,8.0
37419,40507.74127144545,27505.4672816967,216.0,128.38819340629024,8.0
37420,18918.941726078698,2365.755339440031,93.0,116.11416088666473,8.0
37421,47295.36685590556,17372.369851064897,261.0,129.64940231020734,8.0
37422,51896.25660818968,5921.542153250797,63.0,118.64772916235424,8.0
37423,16966.521238067086,737.1423652003999,99.0,115.89894986954855,8.0
37424,31001.616525146103,2886.076619077027,69.0,125.54698488434282,8.0
37425,29118.530685149708,9587.458549882398,77.0,118.56203916532806,8.0
37426,33757.23250432711,23283.7879956326,-5.0,103.97481891542125,8.0
37427,50146.98807240291,14994.517659538125,79.0,122.1755876710603,8.0
37428,36424.444006495345,26729.92804959129,-9.0,111.08967431102838,8.0
37429,40092.466414550756,23776.15393391279,120.0,121.25472872568267,8.0
37430,17016.98632745414,15366.371371009434,65.0,113.02879098603535,8.0
37431,30558.58599597122,12934.71055711839,59.0,114.08266767962795,8.0
37432,54029.24274825553,2872.1321575913394,13.0,122.47899156173577,8.0
37433,52222.563566928264,13281.734489435803,115.0,130.7301722559952,8.0
37434,27399.974064897026,8611.6699937833,228.0,127.17630278409919,8.0
37435,48116.076140440804,3137.5992208945695,138.0,134.60876488534427,8.0
37436,54632.34926137357,30182.770933881842,181.0,114.91065264687842,8.0
37437,33455.43002011869,22990.543486179176,-59.0,103.5336314786684,8.0
37438,28918.062285600783,734.4720400370355,32.0,116.13068766389283,8.0
37439,46253.80287272669,12024.703101805233,282.0,120.71441646274924,8.0
37440,43478.54471281,3699.954778064273,276.0,114.89041836607977,8.0
37441,54776.93594620256,11318.98220000939,50.0,128.3014152450454,8.0
37442,54616.682979767334,13894.04352368869,226.0,125.8987648383487,8.0
37443,39166.15277262466,7477.295241470568,96.0,107.49143966793518,8.0
37444,10200.766046147048,9278.534057171928,6.0,101.00224472080612,8.0
37445,30965.073005381753,736.4086093919673,42.0,116.94106744929744,8.0
37446,17284.704649838335,4608.253917853072,43.0,113.1466091762654,8.0
37447,26404.41132955282,15996.046324452764,-141.0,115.38505913396382,8.0
37448,24912.607138089053,11606.972476757652,94.0,120.27733463587538,8.0
37449,43436.29069049955,735.737934249922,159.0,131.87769616351355,8.0
37450,43456.99350213107,35008.40674547394,356.0,129.28593546106273,8.0
37451,48135.523635453974,39685.51969444126,372.0,130.1462812252129,8.0
37452,43776.50563490225,26065.313184700895,321.0,113.06893662172965,8.0
37453,53276.36284834329,45013.61114018644,153.0,112.15232196000252,8.0
37454,33359.38371235311,16342.5845567914,183.0,119.30582770324,8.0
37455,56672.38071710217,22472.044611840327,52.0,122.92422189152968,8.0
37456,34362.12149488416,13489.960821634686,104.0,124.6076351048472,8.0
37457,50360.94464924554,18773.731301621654,151.0,118.67343176963698,8.0
37458,27074.287909407267,10280.161051401608,70.0,110.12226072509206,8.0
37459,62038.565616522465,1185.0009831246023,92.0,129.85446462134843,8.0
37460,48119.1768930255,14567.065114336656,76.0,119.70526608032813,8.0
37461,46689.19554450673,3144.5804950242664,130.0,129.06594794727224,8.0
37462,53310.46376012129,13341.741021996892,76.0,117.8529465185009,8.0
37463,21684.817414618527,5241.366047853159,77.0,115.07633401884016,8.0
37464,31727.28531757335,5755.207107977072,140.0,116.82452620885137,8.0
37465,35271.17913509076,924.9502244892795,6.0,121.18170336447822,8.0
37466,20644.761450240734,10352.73625647086,22.0,107.96942123501586,8.0
37467,19644.962104372305,1849.8856072955746,154.0,121.73957518517051,8.0
37468,38837.241343408394,1181.259510243775,100.0,137.9874238916731,8.0
37469,33032.75118588581,13982.292879492015,109.0,119.62050488217437,8.0
37470,26520.90962944448,5893.247604377788,30.0,110.11908740199027,8.0
37471,15278.597045978413,8621.383452718635,65.0,103.97571372693024,8.0
37472,37368.764709074465,3802.2954690328984,186.0,125.42446693181574,8.0
37473,50874.71881913848,1849.7716685097869,40.0,121.03567241290017,8.0
37474,30839.73600528233,11196.02577877182,255.0,110.69839339597259,8.0
37475,54508.65519067749,13688.415702212713,57.0,116.04921353584108,8.0
37476,40789.7609714153,8893.204523506958,89.0,113.41093800687871,8.0
37477,10354.57719923984,5157.385470125748,7.0,111.13882830748165,8.0
37478,32495.383656843504,10957.745294817381,507.0,123.95759330516526,8.0
37479,25660.522779084346,9036.145207597052,133.0,106.95807630237265,8.0
37480,9263.416087737514,1473.0411301779222,26.0,94.64440539107719,8.0
37481,16232.279933137768,14026.573703470965,-27.0,107.97815773297981,8.0
37482,37420.587958444965,36845.207117716986,-643.0,105.21710762027863,8.0
37483,44061.46033153546,37668.01354939955,-66.0,115.12878390349415,8.0
37484,9978.003005917546,4792.9219287234755,101.0,98.54110687675585,8.0
37485,54888.382774291065,5968.460935756658,420.0,135.98618071093625,8.0
37486,25469.48660407039,7451.806340658729,87.0,110.30606578839154,8.0
37487,21956.484533492945,10447.895964871577,73.0,112.64293904683483,8.0
37488,33901.619212056314,924.7756668918464,111.0,129.05987252415827,8.0
37489,37703.208871299394,924.8737188954823,67.0,128.8524553833707,8.0
37490,29086.483767558555,1990.3986745767052,20.0,121.27812392303048,8.0
37491,27250.76585053595,733.9973997788842,45.0,130.2977421414308,8.0
37492,68487.36594747666,7076.547829491684,205.0,134.585683188109,8.0
37493,14473.226879530257,6174.753655948499,62.0,104.74353993767723,8.0
37494,48628.75547213876,11487.274023750955,52.0,122.751110873931,8.0
37495,37989.12369791353,733.8350364663961,26.0,120.9630632393807,8.0
37496,26279.27183920161,4052.1069852206133,40.0,103.85157374867133,8.0
37497,18540.538017698207,737.4736125964191,15.0,114.56954212108118,8.0
37498,21890.121822961806,924.8426359122744,25.0,108.60884737623303,8.0
37499,34656.44091578933,1183.3023050356644,170.0,128.1789388621478,8.0
37500,12574.818916873659,1990.6198921753569,58.0,103.59871892716232,8.0
37501,37586.660779315935,21590.224450093698,222.0,113.22930616385011,8.0
37502,30171.223209438478,6285.832160664634,68.0,115.60617025865841,8.0
37503,27104.043609589036,5479.094881041616,402.0,128.01603926612523,8.0
37504,32886.9926312948,9010.993476354575,34.0,117.74101224162388,8.0
37505,43133.5708477695,30336.982969467557,87.0,118.81840503859031,8.0
37506,44436.71888685475,31745.918410260416,32.0,123.01615596185466,8.0
37507,47246.19124607286,925.0218928301782,69.0,124.78801340361562,8.0
37508,46762.35732911371,3138.8474819462704,28.0,113.47516903102648,8.0
37509,46580.20615276818,12127.670161236181,137.0,120.78468085984615,8.0
37510,32778.796862002404,3771.686759013738,139.0,118.94500121273971,8.0
37511,37989.574499252994,6887.87165452047,142.0,114.19283600882298,8.0
37512,31600.147145221792,14990.810557213656,198.0,107.1761182444956,8.0
37513,44337.51727694845,2877.0856982988266,51.0,121.10878836924131,8.0
37514,43471.25633124677,734.918783215159,103.0,136.70628373046412,8.0
37515,46340.90728362874,6516.082743476735,223.0,116.65615092369774,8.0
37516,35247.18714694496,1183.4835384780918,38.0,128.55457710663273,8.0
37517,55452.013004495326,18126.322595803093,71.0,126.91925346868378,8.0
37518,40702.43157833612,12948.357916223655,41.0,114.71283460631044,8.0
37519,52952.331117627306,2870.2918153500163,24.0,124.32784618767388,8.0
37520,35217.0846554842,1849.9688029135848,139.0,122.86711221778705,8.0
37521,40599.88488845248,8884.243751859287,174.0,111.62814080123722,8.0
37522,40447.6040442135,2399.1212603372496,178.0,127.34977161056898,8.0
37523,41254.013366958054,27154.352914391344,163.0,119.50153848651655,8.0
37524,18498.314940865963,13901.469579120192,59.0,102.82501455592558,8.0
37525,16418.238046811493,7863.112618569119,198.0,108.84175100889475,8.0
37526,42554.52253446377,22158.124313464676,71.0,121.7594302315155,8.0
37527,48604.20080695333,924.7219343728686,110.0,129.57427637826834,8.0
37528,43706.38209749744,2398.8130909049264,11.0,123.35870056389027,8.0
37529,5218.278216933902,3545.898387895735,6.0,93.66099293854697,8.0
37530,50873.741639985186,1849.624744562467,25.0,117.19937254556537,8.0
37531,50148.91551197822,6328.560037770025,459.0,147.2533905019714,8.0
37532,42456.365234871664,3482.339682970515,27.0,121.73985926447175,8.0
37533,32709.677746479283,30973.90889260123,-57.0,108.41257707963354,8.0
37534,38178.672799435255,2774.6484051383445,112.0,120.97342295421974,8.0
37535,55247.63224718791,2359.9717327528333,44.0,128.1862907162319,8.0
37536,35145.813923931906,924.9403019434337,32.0,119.11770367531925,8.0
37537,62862.55476297326,3145.1863835347062,152.0,132.6710977172101,8.0
37538,33018.7504257448,3793.127328764771,60.0,114.0749736148881,8.0
37539,51500.27119766623,14359.134532656806,64.0,124.18460788868751,8.0
37540,27193.17837819192,12792.566324104437,89.0,111.92364613618697,8.0
37541,52907.003277590615,1849.9602343529018,65.0,128.95555728555945,8.0
37542,47519.801375113035,1184.5173423223716,45.0,122.1270772523142,8.0
37543,57298.21389164273,14917.4637104241,33.0,122.97954337125428,8.0
37544,47902.377521783186,5977.612649686323,57.0,124.43887416516655,8.0
37545,48273.89433920489,7590.225665329521,63.0,117.45865558191346,8.0
37546,54805.29565184421,5210.787661080617,76.0,115.8448916283094,8.0
37547,51299.707274285574,4682.431733064361,148.0,133.36612581392603,8.0
37548,21586.706270327053,14930.962727920281,80.0,107.67916025033425,8.0
37549,36359.39394722318,1742.1592607009698,23.0,112.79152659565406,8.0
37550,39299.65718506016,2390.4593662287807,355.0,133.1337867272528,8.0
37551,55987.87760789931,3538.460062672826,136.0,138.4229576324313,8.0
37552,35744.56755021718,1183.6387460583653,28.0,119.43204734234581,8.0
37553,42146.5071744484,26272.98024895671,126.0,116.22502643885318,8.0
37554,32536.77286968687,5241.6228678318275,4.0,110.2091781137829,8.0
37555,40704.837994093476,3699.900423311937,186.0,115.82574911914196,8.0
37556,32947.25750433841,9798.952405464579,336.0,126.61916421570555,8.0
37557,52397.82771940278,15254.62616985308,63.0,122.24718987206072,8.0
37558,35564.624484359854,14795.005948526268,497.0,129.0710617680607,8.0
37559,41804.534167398786,925.0800999577485,77.0,124.37074631746182,8.0
37560,16733.389685682843,4613.088574164643,43.0,113.79569625098966,8.0
37561,57349.168895748975,925.0414467021669,7.0,121.52356218451922,8.0
37562,36978.70996375501,1183.142806391199,149.0,145.98559175559254,8.0
37563,39012.202914375805,736.9862834084274,138.0,129.90497129707444,8.0
37564,7436.028480386253,1849.9181135581184,8.0,98.66384678348685,8.0
37565,31452.726356804047,7086.753842948477,247.0,125.72938815899586,8.0
37566,54490.78825219276,18730.844397648434,64.0,115.89118285941791,8.0
37567,3772.2605364706837,924.8907744961382,7.0,91.90489691279288,8.0
37568,60105.4161229874,10419.371115509657,58.0,123.25399365820138,8.0
37569,43930.23714689728,738.3787127576281,48.0,123.24257612886838,8.0
37570,6639.850936743856,5741.664501821589,-29.0,93.55600302489243,8.0
37571,13289.464959993173,1473.2005421437007,80.0,113.09485829649839,8.0
37572,56586.525886856085,1179.262723477069,192.0,134.1152267824809,8.0
37573,23104.193600641775,19056.76979377444,22.0,107.07120108281046,8.0
37574,42146.43638323493,22906.358324279507,181.0,108.65663847655148,8.0
37575,17691.805829822,10347.125029233632,13.0,103.48321994945523,8.0
37576,47275.16968895541,1742.170635519739,272.0,133.61810802074487,8.0
37577,27117.97726627048,21270.120625444506,-124.0,112.78961349094699,8.0
37578,44739.28038602149,3139.3596409218626,33.0,118.35338282487825,8.0
37579,38461.01298643245,30200.408972547844,139.0,108.61948186950147,8.0
37580,46954.1884774608,45232.1320877058,20.0,122.34343267909776,8.0
37581,51481.19123682302,2869.6993882626116,135.0,126.93140578031245,8.0
37582,56635.586375746134,14240.327338055142,65.0,123.2758481392192,8.0
37583,54106.312808510425,11641.691057314709,63.0,118.24906020401434,8.0
37584,26863.861819220212,924.9339662845695,122.0,124.48143855372169,8.0
37585,55983.36677442855,732.8422137485812,21.0,141.28283992904164,8.0
37586,34167.538262879854,6388.549438669901,187.0,116.12433563216831,8.0
37587,38834.7349177116,12578.893864195734,75.0,113.01231014751619,8.0
37588,51889.30347540017,6408.647505173836,38.0,123.44429260800995,8.0
37589,49807.80609222075,1849.9487367758493,291.0,137.70290056885474,8.0
37590,45160.76396276403,6501.503974021438,473.0,114.85898028406069,8.0
37591,25044.80268507024,8102.5801036943285,186.0,105.2236572069195,8.0
37592,60472.88989290177,58154.48985624559,-191.0,118.41750990648126,8.0
37593,40600.78138379523,1184.218313412638,37.0,116.53444108061137,8.0
37594,27869.059391091454,7109.794244411102,502.0,126.80537588459283,8.0
37595,13700.952611706236,8910.993927729156,46.0,102.48117693487713,8.0
37596,5855.501673822105,5218.112134797045,-32.0,90.7351866986232,8.0
37597,15830.35863434532,4725.789328521811,47.0,118.6439235992614,8.0
37598,38351.053388800916,736.4013995115907,74.0,122.90172502726824,8.0
37599,53923.071055281995,12581.010844402832,95.0,125.02106318344741,8.0
37600,46464.95755082516,1468.3550751175371,298.0,126.10191513659043,8.0
37601,52106.845647206566,1184.9193856889176,69.0,130.57686692950608,8.0
37602,33518.474736246695,1737.0145595640454,249.0,130.31741496281174,8.0
37603,11304.720828124371,3480.603322467028,48.0,96.70488470547792,8.0
37604,16861.723807683145,7097.874517317772,103.0,118.00489088752613,8.0
37605,53601.86499530858,925.1447204718454,41.0,122.68159010817293,8.0
37606,34583.1333601484,5917.0026600488845,215.0,112.81997776611307,8.0
37607,26640.943803822793,10982.54915164279,298.0,125.71596027479927,8.0
37608,27943.639589323466,924.7916908144597,94.0,127.74050985430199,8.0
37609,31487.038682905386,13751.80751046365,160.0,122.05519117595702,8.0
37610,50595.09035157123,10279.193829996793,476.0,132.33317900601816,8.0
37611,41547.257460284105,924.8682457938037,20.0,118.07812497087612,8.0
37612,49218.50483741057,924.7543364688617,22.0,120.9300003018127,8.0
37613,18731.869809244337,2871.271023544886,173.0,106.39588204772679,8.0
37614,26580.195643865136,9214.493642692207,118.0,116.7486818229788,8.0
37615,40185.437225014386,1184.094464089307,55.0,125.86421403161518,8.0
37616,66281.59462270573,53275.41489110209,99.0,120.35807716019615,8.0
37617,44454.30627175606,2212.0184999862477,167.0,128.32423764008703,8.0
37618,45704.236566978114,8356.991421945853,66.0,116.13936442258183,8.0
37619,28005.289691481128,737.1603168202449,116.0,125.30355763092558,8.0
37620,59725.462011955555,33775.401667377795,88.0,120.50630515279647,8.0
37621,39792.29526236023,7361.919009080482,415.0,130.54619204873742,8.0
37622,29299.26429342333,3483.1565981842487,47.0,112.79625719499887,8.0
37623,42029.129185595135,1472.6805289242816,53.0,119.76515542154995,8.0
37624,51860.21145108571,16703.62704379511,79.0,122.46232646017535,8.0
37625,38218.98582337207,1736.1827734747676,140.0,125.93235871983225,8.0
37626,20805.291334672736,735.9703697247984,55.0,117.03502829750279,8.0
37627,28963.67458536941,1739.9312950923368,78.0,119.82916542669702,8.0
37628,8888.315132157773,8156.281374174879,-20.0,95.76566266525924,8.0
37629,46341.14863507585,1989.6135259999428,106.0,127.23854221359942,8.0
37630,49534.89816967338,32243.702217518938,-52.0,116.89399177339028,8.0
37631,44967.8757208751,1183.8086521181738,76.0,117.47232516096389,8.0
37632,24305.54910315097,4415.559531754487,144.0,115.79692045027596,8.0
37633,3772.218779617288,1849.8979335153456,3.0,88.04515956169115,8.0
37634,37035.4297154855,9252.972862146447,184.0,111.93195574564815,8.0
37635,29100.327686246535,3142.992918423416,85.0,111.53858647297628,8.0
37636,33723.49711679958,924.8661839247646,78.0,123.83354218510691,8.0
37637,37346.11469259202,5476.681140853661,121.0,123.90737566763644,8.0
37638,5762.876212023208,5219.924307546402,-29.0,90.81814475594703,8.0
37639,3087.866359919075,2395.533274801246,-15.0,85.1183324946589,8.0
37640,59382.54503026662,1992.3693941920098,173.0,131.10507671707813,8.0
37641,46172.38995041997,1470.3965775813729,160.0,129.84020661107775,8.0
37642,42738.01112838582,4420.86722640651,134.0,122.95278716027627,8.0
37643,42544.536932067815,1989.7614438169117,25.0,117.91688934556606,8.0
37644,42759.7043408784,16873.881898133877,186.0,128.73514144133173,8.0
37645,24802.8045546425,4312.333471406552,44.0,107.10104204242529,8.0
37646,23888.788602707595,1180.9497387709498,46.0,113.9467327526572,8.0
37647,20467.583452841474,2774.7838481719277,181.0,122.09297199980298,8.0
37648,62994.533849825675,20721.48773003117,275.0,129.51474406237955,8.0
37649,34767.41712141633,17748.738628897725,183.0,119.86361752363848,8.0
37650,30862.83781541023,8555.561847872852,95.0,117.25508523098908,8.0
37651,37971.92675288295,3089.404716063374,29.0,113.37806208401005,8.0
37652,8564.17279835394,1473.1441865490929,47.0,105.88010712085769,8.0
37653,68960.14071009954,732.5384069525268,82.0,132.00894745852014,8.0
37654,42376.06294952624,5842.730498193325,300.0,129.46140418397465,8.0
37655,25103.95010599445,9010.2830065008,467.0,118.11298379534509,8.0
37656,61987.91818983227,12536.177960700259,232.0,133.17618868680086,8.0
37657,27272.021998641667,10313.7428582884,32.0,119.09796897727824,8.0
37658,24420.95717314087,1738.1848284551359,21.0,117.49424989629313,8.0
37659,50766.55793569543,1180.588895162433,70.0,124.29480464706013,8.0
37660,41344.64081160805,4722.017929435509,106.0,110.40615911179398,8.0
37661,41432.37607811517,6887.067297627776,230.0,132.09170170016392,8.0
37662,57154.42677700181,1989.8578009586588,44.0,125.16010029800135,8.0
37663,61034.61113184245,14454.710133967194,15.0,123.69606562504546,8.0
37664,11973.705735797026,10262.337449627199,80.0,111.22321218966532,8.0
37665,30445.935876932668,924.9163306404658,113.0,125.77114313554148,8.0
37666,29481.00623217218,14762.359223109053,39.0,119.11463014238902,8.0
37667,53859.824535815,3541.437028179211,40.0,122.37359612170168,8.0
37668,56024.10239344298,924.8813237367415,70.0,131.92789190849197,8.0
37669,38389.968484449586,734.7446134737428,65.0,123.78386353688492,8.0
37670,48514.741827761165,17355.836693821984,11.0,112.92374400920757,8.0
37671,41705.75793584386,1184.922763725781,4.0,121.52516630484456,8.0
37672,40490.509105377656,5226.187152495902,220.0,114.03083960227231,8.0
37673,34893.15805730815,924.8475224152376,47.0,127.30908323111996,8.0
37674,37719.22586972808,15884.776709690645,132.0,119.42160047875366,8.0
37675,58371.04805752969,46846.84533993754,81.0,123.2629334097906,8.0
37676,27903.478542423578,7435.81286087084,43.0,116.62161814542473,8.0
37677,43296.8207387655,734.1430536424451,51.0,123.54472620118648,8.0
37678,18402.813644087833,924.9545415423837,16.0,107.58032878415386,8.0
37679,7963.133595598795,924.8897107212197,46.0,111.83628778409556,8.0
37680,18206.698019563322,5974.221502607581,73.0,106.46014896049923,8.0
37681,25380.177417511317,6843.057317523289,155.0,115.04606795930579,8.0
37682,54052.103134421246,13951.543476757997,180.0,123.89352886727643,8.0
37683,22220.494364141072,734.8272764224881,86.0,122.60747770201795,8.0
37684,59705.637572086576,1989.2000372947593,210.0,138.2673829645659,8.0
37685,17677.126471067648,6628.762781735421,31.0,104.00358932455285,8.0
37686,66835.65278348321,1185.100682500255,123.0,138.86059120910244,8.0
37687,46301.02218277719,1181.1018770780063,10.0,117.45187529496835,8.0
37688,35561.793029503475,2392.331840712353,286.0,130.34661923359943,8.0
37689,34630.86280719037,6334.163823750778,212.0,130.79269971269386,8.0
37690,41602.88878480417,3474.428027193814,46.0,127.37331390871746,8.0
37691,45117.040967919136,1475.318501759103,129.0,128.0071651496509,8.0
37692,44344.70326331021,13459.603349143945,104.0,119.27037460288155,8.0
37693,42114.82731616433,10940.368238032519,37.0,120.57814456862161,8.0
37694,33841.69146139326,924.9699385042363,76.0,122.73386475570388,8.0
37695,11382.439795320137,3085.8128121627788,115.0,102.7405557478463,8.0
37696,41725.50801378966,5598.418931654604,127.0,119.54591743822613,8.0
37697,17295.865499692118,15560.805776580088,62.0,113.12928834275803,8.0
37698,47303.24611386407,35200.894852135454,135.0,113.16800770307132,8.0
37699,53916.76414811606,1992.2538306659674,36.0,130.27806965819747,8.0
37700,18883.66196420807,1740.0873108125404,77.0,114.44768090363368,8.0
37701,51371.97434332099,5900.63804419358,84.0,121.30166683779612,8.0
37702,49609.00021282016,1183.6614152217269,68.0,129.35365535065722,8.0
37703,34035.30993403558,8102.627375606095,139.0,119.87212153365826,8.0
37704,56244.59880930517,19692.147548853976,55.0,115.47258262175896,8.0
37705,44951.017076702024,2398.543359424781,320.0,114.98865877976402,8.0
37706,47416.526315174706,23126.876618947896,162.0,113.48226682700984,8.0
37707,35343.146832247476,2944.8168255850956,80.0,120.38258452263955,8.0
37708,42099.61329976265,736.966599476736,136.0,130.34672018837517,8.0
37709,50968.85342783281,1733.334802748169,115.0,127.74520417583403,8.0
37710,29267.848670051288,3799.614902103866,316.0,128.0895371037935,8.0
37711,31668.975172676495,11719.064729855936,133.0,119.26612837393355,8.0
37712,42688.72061503002,5213.128272324409,96.0,115.60831573836691,8.0
37713,38840.942569907435,11746.484881673778,156.0,111.84973527657108,8.0
37714,19918.87173323381,1470.4653478370622,30.0,108.13030003383432,8.0
37715,55587.2587581894,4850.941095928321,125.0,131.25120091312783,8.0
37716,42127.70514883275,12359.800388362792,190.0,113.97256111508081,8.0
37717,38866.06201542219,2876.9063678294483,24.0,116.98550100503408,8.0
37718,8612.844206172986,2870.9345330811475,6.0,102.40346125080784,8.0
37719,45010.50561417602,26559.416933152428,21.0,112.38520597197422,8.0
37720,19648.60785687262,1990.559984713943,11.0,112.04482545058647,8.0
37721,36663.68457776501,10621.880807289761,143.0,120.05313118220715,8.0
37722,35179.849769738714,1470.2115523713783,267.0,125.55630166426343,8.0
37723,29649.888810692995,8304.081697251213,211.0,122.27541959066167,8.0
37724,37388.544985692686,13046.321913121436,139.0,114.1368769829714,8.0
37725,57148.65854508646,40824.94662950784,347.0,114.34115657899363,8.0
37726,31666.598712473493,1735.3634633164882,24.0,109.6964483135679,8.0
37727,39816.36066859834,1183.9520748401528,105.0,129.06375782620432,8.0
37728,45415.80032726548,1849.7548749979442,74.0,125.73068123670015,8.0
37729,44202.447496963425,737.9889634765119,3.0,114.26065459060919,8.0
37730,46906.08690042009,3979.1035185277747,19.0,126.14940954841032,8.0
37731,52646.64520343605,924.7139042585884,31.0,131.10698940330565,8.0
37732,48210.181140936445,35416.450393350686,87.0,119.1729499864358,8.0
37733,51480.928960378515,4601.105855139274,115.0,123.1575707241822,8.0
37734,66569.97568863085,1730.828226077387,361.0,139.2313558901359,8.0
37735,34172.37675462041,17563.486453921712,170.0,110.3388837388271,8.0
37736,14481.767524002658,1182.144415762039,115.0,115.7752787536258,8.0
37737,7423.045318295096,2945.763710504125,6.0,104.97436149850097,8.0
37738,46148.45813166017,4113.57120976357,203.0,119.04605469104438,8.0
37739,38387.49432388842,21012.595262717878,87.0,119.70883110402536,8.0
37740,29013.5344372185,3143.032459932832,65.0,113.2685796151056,8.0
37741,50588.70147500697,20091.614070203792,35.0,114.78102695347022,8.0
37742,15710.332479085837,2365.765519922609,225.0,131.42796800871108,8.0
37743,44237.91526481164,27219.95380579426,183.0,122.08839522010337,8.0
37744,48396.83895063638,2871.39981074146,60.0,131.41504399626282,8.0
37745,48538.34773203569,1990.0736798260352,35.0,117.73651900852552,8.0
37746,10469.236216572706,8305.151596363135,12.0,98.4297220694407,8.0
37747,10345.13534776851,2943.5759192283067,150.0,115.51449069572219,8.0
37748,27675.88818097945,5917.321881796982,84.0,111.55213870173611,8.0
37749,7964.738323557791,1182.6529189806092,-5.0,97.80869225155364,8.0
37750,12145.899947092938,3142.123944893326,76.0,99.24172869923481,8.0
37751,34058.68528795,734.1490141992521,116.0,128.56915900616082,8.0
37752,31275.241416894733,924.9902429103876,134.0,146.30752822118194,8.0
37753,27835.113385407796,9278.285632438638,333.0,105.69966967196018,8.0
37754,51497.887471861686,33376.346270535374,162.0,113.57440562184424,8.0
37755,29098.550598907215,2366.9415564016895,56.0,118.39998166644766,8.0
37756,25946.84698865695,5479.718811720539,6.0,114.56759442636142,8.0
37757,50289.86849096272,2869.9940469555213,146.0,126.81214630936138,8.0
37758,44403.18760678746,924.930145289419,25.0,128.25939429352212,8.0
37759,34242.495337731285,1471.8444295687832,44.0,110.22587698375119,8.0
37760,6659.344650750743,1990.9636353790704,15.0,97.82772987613382,8.0
37761,31106.095765601745,2397.114916941432,122.0,122.85623839878986,8.0
37762,29743.753837463115,924.9191074716399,170.0,128.28023774312453,8.0
37763,44422.15373123969,6474.801794253372,88.0,120.68693942013456,8.0
37764,44867.74925834977,1181.774928506912,170.0,138.89482312508824,8.0
37765,53177.864938479746,36850.83611674466,351.0,115.62774247596421,8.0
37766,54794.65262282677,1180.0307345009248,65.0,126.29092302363739,8.0
37767,28056.25123571118,11090.348519080044,30.0,119.27107859905517,8.0
37768,41917.291601432946,27156.39953601308,183.0,108.64252548530834,8.0
37769,39932.19527018001,5242.929349189884,161.0,116.71981009017723,8.0
37770,46108.51410407615,1181.2307178133108,210.0,133.23206113113093,8.0
37771,36244.63458303256,12381.621426683832,108.0,124.25860063807269,8.0
37772,19486.793397065325,12095.534200653527,217.0,113.24601983048682,8.0
37773,47846.1953265267,925.0699737493485,43.0,121.7709881012359,8.0
37774,53372.40218183274,5474.5240692604075,338.0,138.182921186333,8.0
37775,53112.10454672803,4850.870274822566,225.0,125.38848528124163,8.0
37776,49069.256354933306,2774.573369238574,102.0,118.50265854176203,8.0
37777,59190.86173772251,12911.40593401428,26.0,117.9680460698037,8.0
37778,53092.47340367917,2888.1619884581364,141.0,137.65971081899872,8.0
37779,20838.980392160338,3142.3899538903993,106.0,118.65927152023735,8.0
37780,31444.110510583632,15352.438780643097,467.0,124.39916130262125,8.0
37781,46145.15041534015,27113.911862774316,60.0,122.44666349223722,8.0
37782,39044.90886758552,2368.010799028095,179.0,127.26334461596917,8.0
37783,54398.48356347689,42649.22102566699,210.0,117.6981734289649,8.0
37784,36336.11936205853,34652.37203008931,-105.0,118.46014979585999,8.0
37785,37626.70812391333,27838.740540915274,60.0,115.10412337514846,8.0
37786,31140.703488064817,1740.355458333028,241.0,127.03053846872221,8.0
37787,34097.911217334215,14125.039752728151,64.0,112.9229569239298,8.0
37788,38831.040185164034,4514.7344896823415,91.0,121.18222888322892,8.0
37789,14531.692669215992,4115.8697688034845,348.0,126.96922928139298,8.0
37790,37358.40927708032,5858.9755990965705,165.0,123.15901021709269,8.0
37791,10681.993110388506,2396.335109018714,45.0,107.60649771633194,8.0
37792,32852.65025890621,27374.288282007677,17.0,108.18897520397344,8.0
37793,54487.37294781569,33722.51946087756,111.0,116.12072148453177,8.0
37794,9929.92621081419,3545.344674614235,16.0,102.65971679897356,8.0
37795,34732.60475409039,924.7916908144597,94.0,126.39882892060649,8.0
37796,44361.48709874632,12666.359505809414,96.0,118.71604416902545,8.0
37797,42775.423078522625,21387.793855044125,-158.0,109.9917659448136,8.0
37798,32191.190870886287,9448.987856000267,332.0,128.5741368014204,8.0
37799,27768.443554956888,1738.2578382141626,152.0,124.02635553762164,8.0
37800,41685.30200195425,738.9937008691293,18.0,116.29392331079892,8.0
37801,40724.4838169487,2774.923568109423,43.0,117.67585952033434,8.0
37802,33755.241680616724,7116.381601169116,179.0,126.81474142008288,8.0
37803,67160.72575201192,22055.227141937623,61.0,123.71365208047537,8.0
37804,26497.679721851844,21888.949492449177,60.0,109.09154675059072,8.0
37805,9822.803979604709,4122.853610752482,-32.0,101.45411531723435,8.0
37806,38378.151609807755,14049.59109670401,133.0,118.16306801142375,8.0
37807,35768.693549409756,735.0154458705279,58.0,121.13130929219416,8.0
37808,36127.79681935561,23900.355403149195,260.0,113.34265837133675,8.0
37809,24421.607660006124,8760.609192543718,486.0,127.70812344826145,8.0
37810,25306.274589392324,8153.781800068137,171.0,105.74300014367971,8.0
37811,25932.15378851448,11089.37844799323,0.0,110.39206337328584,8.0
37812,51063.752502915464,15793.072136765097,30.0,125.82070225929863,8.0
37813,61246.44873100685,1989.2748360761314,66.0,133.61625717920833,8.0
37814,40701.7648746751,5549.191062442364,138.0,116.99660922576058,8.0
37815,48928.91886355616,6915.233956767609,145.0,111.6238903700113,8.0
37816,55641.800889291626,31786.375741542208,132.0,120.98357231526414,8.0
37817,45286.446914075466,4780.715006412845,248.0,129.17598649282334,8.0
37818,32568.034598945396,1182.532787035657,159.0,127.95443955571743,8.0
37819,17165.17640000056,1473.0697748697417,153.0,120.77387109305279,8.0
37820,39881.810274095675,4682.766251010932,142.0,118.16299426316074,8.0
37821,32974.05654386327,737.0048436932126,131.0,128.41889253697906,8.0
37822,30937.05824241131,737.1414354722255,215.0,114.95180201659882,8.0
37823,52910.22055878079,1179.6786088178762,112.0,137.63610743683512,8.0
37824,36427.45833608848,14888.183761196282,87.0,115.80576119134525,8.0
37825,27813.412585150705,14092.159878806116,225.0,123.70035122734357,8.0
37826,43772.30415411676,3793.7278073097855,36.0,121.64143778593838,8.0
37827,46338.79403447558,11123.005674021697,174.0,117.70622603482234,8.0
37828,25888.144118400774,4734.042814897167,70.0,110.46329254117028,8.0
37829,15674.674801027291,7091.227982020886,15.0,109.88187380613591,8.0
37830,50954.56021297447,7435.799364280339,126.0,116.52036349733939,8.0
37831,44064.54579532245,8256.412363928928,228.0,126.01891123101262,8.0
37832,36400.17684557323,734.2248272254285,5.0,113.49595714039569,8.0
37833,51879.15095564384,3985.10219087795,14.0,116.31373224080613,8.0
37834,19171.713025381276,7365.026269627084,55.0,104.23926074514566,8.0
37835,54886.38755357538,8356.713505271046,501.0,133.89985059548445,8.0
37836,31406.09956804029,6279.875631617048,1.0,122.8290293070567,8.0
37837,62353.66110533341,3554.8232686252154,141.0,132.6829950712172,8.0
37838,30793.17621209739,5844.793418009955,11.0,108.36726715467081,8.0
37839,15180.249976275645,9328.64827650414,3.0,107.76795222461965,8.0
37840,24758.383614030234,6639.537822318991,18.0,113.27087808462691,8.0
37841,25842.17105021172,5478.650406061499,149.0,121.55237084673844,8.0
37842,16152.017400798173,6949.9527971965745,553.0,126.70418947798692,8.0
37843,36864.42576386248,35202.514909180405,47.0,119.43187872938424,8.0
37844,40823.99090963063,925.0242058306668,35.0,118.64931657350047,8.0
37845,21257.369928520766,1182.2369726676568,45.0,112.14245456549301,8.0
37846,12969.88442689596,925.0056401888249,30.0,104.22988271791358,8.0
37847,50880.38600701617,5840.078507097633,389.0,132.80798358377035,8.0
37848,17549.18034497225,8233.227418965409,273.0,118.2513879955442,8.0
37849,12355.224973167686,11654.588246606621,-59.0,98.6529255179063,8.0
37850,22111.16155875803,1181.1918797727567,99.0,130.734337006178,8.0
37851,65874.31863602542,1179.8149342385577,82.0,128.88254477412005,8.0
37852,49263.37182426738,5777.906111101608,36.0,121.61768969516302,8.0
37853,31599.676951270518,924.995684777037,14.0,121.12444420189152,8.0
37854,50487.106201087314,3540.0528072346733,207.0,117.16417811667435,8.0
37855,19647.909144320758,924.982703470421,141.0,128.51227473595253,8.0
37856,63709.468026991824,46698.597912434336,183.0,125.19506719250423,8.0
37857,22246.84490273577,3699.657151763686,251.0,102.24953876406236,8.0
37858,39021.14115094835,13032.503370448314,74.0,110.16937229684844,8.0
37859,41784.51029048321,3699.8266100747533,17.0,122.39552518002485,8.0
37860,11968.078896823301,10256.373141008962,12.0,101.80302936567985,8.0
37861,11947.547482971851,924.9701357318171,69.0,114.36378966589245,8.0
37862,56064.90435992878,9784.818035357928,78.0,123.10086233227688,8.0
37863,9509.392922811703,8612.529118714818,5.0,100.37119168564598,8.0
37864,44996.194483667954,23662.85484007078,37.0,121.55039308908505,8.0
37865,3682.6092501524718,2946.259322910333,-13.0,87.08874971688417,8.0
37866,44231.70173535729,2207.9922708400827,133.0,125.85788275065441,8.0
37867,43180.3828398112,1737.3187345377567,126.0,126.27874387044207,8.0
37868,32085.59953079996,11056.253445825592,110.0,107.71529810086444,8.0
37869,41651.11482990269,33382.31716400294,119.0,109.59904707286539,8.0
37870,12683.33278525378,8076.211501596731,56.0,98.76355509657508,8.0
37871,6516.243592301663,2774.8005648943517,-1.0,100.35213968185941,8.0
37872,44991.03916240104,1183.1158236501583,181.0,129.69854259889,8.0
37873,38492.03346999618,21450.131345430847,113.0,115.34935218941914,8.0
37874,43784.62366723546,4855.866325644437,39.0,114.95647420993419,8.0
37875,23645.922840126732,3143.180239528671,141.0,121.51609737927812,8.0
37876,29698.706339479664,2946.968758499023,108.0,120.7950012738697,8.0
37877,25357.843423131908,6350.462500939188,70.0,117.30965745071464,8.0
37878,32523.92756955961,5488.104386982087,244.0,131.85773371545835,8.0
37879,19921.465834203624,8556.182419474075,6.0,108.07956504459685,8.0
37880,44159.59128901267,5129.137960886919,71.0,126.66747384790705,8.0
37881,25128.55766456315,1737.0003305826892,85.0,130.75814528740435,8.0
37882,56268.99299332016,2871.5560303504108,61.0,130.82011841985008,8.0
37883,47946.67610798689,21904.31952190384,-41.0,115.46553955472953,8.0
37884,30666.75934680575,23097.828496017606,-141.0,110.40581781284395,8.0
37885,45323.05332339797,1850.0119296534976,207.0,117.75772709952129,8.0
37886,31858.448240147245,12803.405819923557,109.0,119.31623360021088,8.0
37887,46628.834312546176,1181.494392239857,42.0,121.51804460608996,8.0
37888,15178.763146193503,13441.6129156132,42.0,111.78539886276774,8.0
37889,33569.372505774154,13383.888340439747,-14.0,107.981241666756,8.0
37890,20560.0362525947,925.0178454006781,289.0,129.8569535875319,8.0
37891,34134.885370473276,7967.4492058783435,46.0,112.58214092986104,8.0
37892,53922.88402404188,17379.488647258833,55.0,116.69202586247656,8.0
37893,21902.944622301486,4853.863402929026,430.0,127.50152603229529,8.0
37894,35776.81775947995,35174.36002051796,-486.0,108.40249680502862,8.0
37895,34904.60891565399,4311.771265335616,148.0,113.7878700265961,8.0
37896,37464.07867387762,6516.16015943743,110.0,112.68383860189351,8.0
37897,28798.046799972388,1181.0843624302004,208.0,141.90798990157873,8.0
37898,37320.39979255975,3084.544538939434,111.0,130.9290419987678,8.0
37899,61997.44150560929,1180.2453652970964,59.0,124.82900237007675,8.0
37900,41250.30718731214,924.9158979123841,39.0,119.31906907855617,8.0
37901,43264.2068120195,19208.384486152274,50.0,118.08770539210927,8.0
37902,51683.80581378414,27823.05760396282,132.0,120.60013707508877,8.0
37903,10639.880421752841,2363.7574012473733,15.0,98.7730335458181,8.0
37904,33347.122528839354,18502.85631609569,198.0,108.07593688814418,8.0
37905,37557.35056416366,5768.476449655566,210.0,117.2089335866192,8.0
37906,37620.76293099063,4783.890516904307,355.0,130.18722206047005,8.0
37907,59621.7781490531,1746.0600427121071,18.0,120.250745739179,8.0
37908,16862.96097136934,7842.5374478497115,83.0,105.6196289377818,8.0
37909,31186.80760972192,734.0820046284224,41.0,129.37422484968857,8.0
37910,19009.27392266327,4044.7258771769507,21.0,108.54944074552625,8.0
37911,44422.47154598064,8324.903696589856,400.0,130.26762614071487,8.0
37912,45064.198295263806,42704.83339076322,-37.0,116.71878988716706,8.0
37913,16549.22264575885,4854.431303527375,158.0,97.96710260187342,8.0
37914,35731.78299698632,19631.844408024375,341.0,128.93340120373153,8.0
37915,47315.97123290777,1849.939277825094,23.0,124.02848136284675,8.0
37916,30521.433198247847,13873.214037142743,275.0,112.61821583842038,8.0
37917,21901.418113333915,9257.460958395546,17.0,105.36772658493763,8.0
37918,53868.89124114489,43048.82994786111,110.0,112.90467148929649,8.0
37919,6282.566980201275,924.886095061402,10.0,99.63151197293017,8.0
37920,49133.44961317875,6290.630213478393,43.0,124.31335556429009,8.0
37921,44574.47665508517,6844.546723344475,50.0,114.06234376140412,8.0
37922,38710.409596394165,9106.427688994778,383.0,119.15507324955294,8.0
37923,51349.853655146246,2888.5880119404164,29.0,124.87361917411144,8.0
37924,42585.873338993464,1184.4008853675734,20.0,120.71637872949618,8.0
37925,47087.883845328164,2360.6554822490098,43.0,121.70358250034059,8.0
37926,52134.24584869248,12161.431992198619,76.0,117.51835444003449,8.0
37927,37876.18901356151,19921.888237460986,299.0,110.44135102713635,8.0
37928,51898.92662833624,2889.031255151897,158.0,131.16082469823556,8.0
37929,29872.199346090198,18786.71762141635,142.0,120.9111654096832,8.0
37930,29460.008221502907,12834.736449254247,133.0,108.472829878356,8.0
37931,51369.27778157682,5774.318459306351,373.0,132.40693548538957,8.0
37932,36630.42164686613,3793.4988439996378,39.0,109.38846836586853,8.0
37933,44733.834447404945,8263.156540548298,199.0,131.45966035506365,8.0
37934,5239.731409008638,4515.906544355954,-8.0,91.0595725869135,8.0
37935,34641.22400995737,9703.940796002864,74.0,126.69425917326096,8.0
37936,49687.55406875695,1992.647560189261,52.0,115.2297729230242,8.0
37937,38498.08114125673,19770.759229815932,139.0,110.85146726694875,8.0
37938,21933.80478481713,8637.653053741675,328.0,123.73140451001936,8.0
37939,20989.16450418949,2870.2648225519815,-23.0,111.1788576838136,8.0
37940,47902.777976014666,924.9010999059848,21.0,121.76632836428205,8.0
37941,47633.856693902584,6290.017972658191,95.0,124.08023384001547,8.0
37942,50275.42665503981,4111.349741532843,39.0,115.64670216824567,8.0
37943,36996.68052089328,735.3327304208088,84.0,126.17272689302465,8.0
37944,42554.35840602956,37930.438342130765,-183.0,113.59823877698769,8.0
37945,53217.56678355671,19338.154374248697,155.0,114.00864407428918,8.0
37946,43134.16958853991,13356.587507708038,112.0,123.30503642647085,8.0
37947,21612.27703674556,736.7315319915738,8.0,107.70178671825876,8.0
37948,51001.983799139634,1184.452271035227,72.0,130.00926575522627,8.0
37949,23228.33425302846,924.9142904630557,49.0,116.42304779274977,8.0
37950,12810.62845416376,1991.2274372241213,63.0,108.60309596941711,8.0
37951,30700.648907950457,11198.73177051941,176.0,111.46664070711486,8.0
37952,26494.482779234855,3143.51732318,162.0,126.92450992631855,8.0
37953,46541.63918315639,15440.602274820309,124.0,117.34873103961017,8.0
37954,31344.878060767587,1183.3891084078446,100.0,123.5242898224416,8.0
37955,38033.472578728644,3771.7835072181515,205.0,127.56603632231159,8.0
37956,22101.873640070087,3680.775885685673,240.0,123.1975994151214,8.0
37957,38186.764115029204,10452.691402004524,37.0,115.88227488977999,8.0
37958,32293.898011984093,9965.114605230614,172.0,121.45556418343932,8.0
37959,59469.100717268215,20399.778146967532,23.0,119.51442558762506,8.0
37960,40810.616171506204,924.8663319189842,78.0,127.29753219757194,8.0
37961,39179.212395887735,734.2020760761477,98.0,115.61886154517832,8.0
37962,51750.97681154829,11772.458139338125,76.0,117.4013418176794,8.0
37963,53248.43343843169,40242.222939746905,99.0,119.45726313837253,8.0
37964,28050.785099802077,4785.484475147898,132.0,112.64445109075982,8.0
37965,29448.224561311523,8269.723704832795,43.0,109.12452324493218,8.0
37966,62401.49230260131,14560.153356766816,133.0,127.43171316776886,8.0
37967,17573.071654486896,924.8524758912085,165.0,123.74834531837425,8.0
37968,39062.73503321252,8832.707855478478,197.0,118.38805540784361,8.0
37969,11947.516404571861,1183.3104349249486,214.0,122.85314357601183,8.0
37970,19589.7762373672,10593.122680767305,35.0,104.3121214096804,8.0
37971,12949.160709363763,8324.464098063625,67.0,99.23734021986223,8.0
37972,17818.147405860604,6515.999532290409,-92.0,106.13751922881141,8.0
37973,40327.0212404476,735.5906714495176,195.0,132.9879723932379,8.0
37974,32126.770768367627,737.6566931079367,106.0,126.2970520916502,8.0
37975,46798.6341396105,1736.7773832848077,96.0,124.85209469703095,8.0
37976,27314.614258708232,9365.880306674864,257.0,103.13859201498997,8.0
37977,35640.18345323952,1473.0607742408938,290.0,132.42695366882214,8.0
37978,46177.57882751697,1849.703396207913,46.0,112.47160345480891,8.0
37979,14491.269595855514,1741.2061496242113,43.0,109.60751543250703,8.0
37980,45232.33330043481,3980.071101161146,39.0,120.82587851490875,8.0
37981,43326.44949363189,3080.6099978957786,447.0,134.8895191630217,8.0
37982,24294.53240201552,1183.18171369641,6.0,118.07865660079807,8.0
37983,40778.51938265718,14737.487358758179,148.0,108.93112413195733,8.0
37984,36016.821691844074,4724.053963563084,86.0,114.51591625241468,8.0
37985,40603.596842174215,25109.453464343464,181.0,110.95546649427719,8.0
37986,37954.28327346989,924.7798436404526,17.0,127.99263963462886,8.0
37987,7594.8629843299705,3797.169868133064,0.0,95.76772021256215,8.0
37988,42764.15050225716,1180.7168044662697,24.0,116.93820062182353,8.0
37989,38353.88256832947,737.4829146332961,46.0,121.24817608616692,8.0
37990,29347.996801208756,3139.528125390891,235.0,117.0825728083682,8.0
37991,42746.409998162504,21566.99581316627,37.0,117.02796421242567,8.0
37992,4610.438647709751,736.0942177019344,6.0,94.39632151646049,8.0
37993,44502.54628667466,1182.0993991419007,66.0,123.18844878818237,8.0
37994,33319.491090333206,12938.140705533566,88.0,113.27722584772287,8.0
37995,49074.772412039994,2360.1992927837223,205.0,126.76436956023518,8.0
37996,54555.874103671675,30695.056733184534,132.0,120.8776765917023,8.0
37997,67303.40921186564,9436.69690701618,128.0,118.36416033154127,8.0
37998,51818.02802492087,12970.39999048511,324.0,119.54702738373722,8.0
37999,41247.1651578988,734.9445284234149,-2.0,111.15870699365567,8.0
38000,32735.30627412939,16842.043490366643,61.0,118.45832627011957,8.0
38001,43940.80035529576,28900.92509802902,87.0,117.18886825327291,8.0
38002,40964.08130262947,4617.805635721186,224.0,123.48801711545373,8.0
38003,30015.133863894916,1183.5621237093003,19.0,115.90946918831288,8.0
38004,4045.907354898956,2364.544369401758,8.0,92.40531917780547,8.0
38005,57049.2528197197,15532.566776263318,174.0,115.20798239997586,8.0
38006,49333.289967454286,1990.1485742002176,9.0,119.92677540815964,8.0
38007,49424.36903055308,1184.4008853675734,20.0,120.68173760002615,8.0
38008,6959.648493626249,6347.186722675582,-83.0,90.38157531375803,8.0
38009,43280.83020814229,31178.794470699755,183.0,118.16507610817563,8.0
38010,58500.504703545535,45709.85716893737,87.0,120.34345983806465,8.0
38011,34443.15789045235,32707.058712853974,-100.0,108.51425097281768,8.0
38012,28213.843332393564,734.6516199252981,157.0,129.07825855631145,8.0
38013,27044.023349145034,1181.4964341661207,165.0,132.64795993465253,8.0
38014,45001.31992954882,1180.423700336337,30.0,121.6821324939917,8.0
38015,54371.95396207834,11197.083330038004,57.0,125.97154129611971,8.0
38016,37268.48919020816,3790.722144263966,276.0,128.78142836315726,8.0
38017,54630.98305390959,9511.548312832947,127.0,117.39070324838013,8.0
38018,27812.734141034445,1180.7061016333294,253.0,131.0378237516843,8.0
38019,39413.73687262169,3083.4394789879047,231.0,120.35552629942181,8.0
38020,52663.96947913971,733.8294211227877,172.0,135.67456782719444,8.0
38021,41633.176266982504,1473.4442152026588,119.0,113.8834016899436,8.0
38022,41889.715322759606,39537.035522191516,-44.0,116.37627544684047,8.0
38023,49185.2299338779,1989.5838018196634,93.0,129.39140702499415,8.0
38024,43674.53496112008,924.9865553402946,31.0,118.25286933910719,8.0
38025,52300.19033224801,5902.932837688423,58.0,122.50123693498202,8.0
38026,43449.84694473255,5739.881651891683,31.0,116.57147220942952,8.0
38027,43897.98857690969,6289.207560834405,55.0,111.16514000608836,8.0
38028,53163.45425994439,34111.12893455436,44.0,119.23881968724746,8.0
38029,25858.830707708647,9783.88115183585,444.0,127.6434309885087,8.0
38030,23612.212209224712,2363.1318531073903,9.0,115.7349364044728,8.0
38031,49466.4896706446,5598.095523618176,122.0,119.19142061764425,8.0
38032,44242.09722353924,925.0439645282988,54.0,122.74251615155035,8.0
38033,53668.28157139258,1850.0464421731945,57.0,121.67776012944725,8.0
38034,33447.61501679848,738.9681123210229,134.0,129.27122529670737,8.0
38035,52680.81242928385,2361.128073452378,81.0,121.90564340372771,8.0
38036,34629.616662750304,2945.557800606688,159.0,118.60327685817134,8.0
38037,13081.896463484352,7112.480258880963,-8.0,102.36102895183292,8.0
38038,33815.787273969116,734.7841529961639,201.0,132.4341640089929,8.0
38039,47919.8011488974,2367.9168738086228,238.0,131.41992234244017,8.0
38040,42479.44033645949,1737.3116325559477,44.0,118.37107730651135,8.0
38041,50182.014087824515,1181.5233111078492,153.0,130.95517066413566,8.0
38042,31480.75815291892,1849.6572052987733,166.0,125.51284265636419,8.0
38043,34506.63688443627,5598.187503151229,23.0,112.77114872269675,8.0
38044,23309.85468731518,7435.847544290323,-10.0,110.26348217708178,8.0
38045,57575.228783614875,732.2790070261053,179.0,136.5780988051271,8.0
38046,55781.44840385553,39465.773998195844,120.0,124.06056971702168,8.0
38047,34271.54143993011,16150.996669091883,131.0,106.36063305793408,8.0
38048,37511.787718338106,8095.396268371878,200.0,119.04328217971728,8.0
38049,4047.3527197923127,3547.355240027698,-22.0,88.21872464439421,8.0
38050,44616.2465456947,6516.466019071153,60.0,114.0214665406204,8.0
38051,31221.178785141656,8897.704905475024,169.0,118.95065014426568,8.0
38052,40196.016493369076,1992.089174258569,23.0,127.75058850201788,8.0
38053,39839.311368201255,5970.719802263375,172.0,112.7389452428919,8.0
38054,43314.25376272701,2876.5964341601975,26.0,113.9469216175628,8.0
38055,56904.80624155422,924.8469295241933,20.0,126.496592041892,8.0
38056,44846.3358331904,9507.225019868689,124.0,128.12386515913448,8.0
38057,60465.14765102654,11392.141372863514,399.0,126.79887147828549,8.0
38058,31231.44082975243,3771.898262051446,283.0,127.56615261402021,8.0
38059,20764.565177837434,6340.664323776694,88.0,108.89715286919699,8.0
38060,55344.23247183258,48685.62156988762,80.0,116.20516567266532,8.0
38061,54361.060406248296,1179.3557758678735,104.0,128.23649274071886,8.0
38062,43570.163610762575,924.9419334127412,36.0,117.83990389317304,8.0
38063,57107.337857586004,739.3438490837933,70.0,128.81841632468758,8.0
38064,26862.98840587872,6516.200231157927,12.0,114.39691975569123,8.0
38065,8881.54857780176,3680.983201179725,116.0,111.13950776409763,8.0
38066,53835.170915041235,1733.961920859163,272.0,136.3626257963817,8.0
38067,25398.789424387483,1472.1258909969906,60.0,122.18778066781948,8.0
38068,49620.86538818918,6941.427792153759,38.0,125.94069432371751,8.0
38069,34923.6360203134,737.3991563375013,37.0,119.14815139620751,8.0
38070,52809.49367702095,1850.118584408945,16.0,121.1152478528549,8.0
38071,30263.836303037067,14172.00111821707,458.0,124.64582925615676,8.0
38072,38711.1381461451,22089.167118458965,133.0,115.185422629901,8.0
38073,35059.49313700706,24808.626582103618,199.0,121.80727563961648,8.0
38074,23474.704333257985,2392.632350727905,87.0,115.1290947623003,8.0
38075,44668.11004647715,16161.184219756853,11.0,108.3738429649092,8.0
38076,17665.195043037136,11777.234491558656,212.0,119.77690459796901,8.0
38077,49159.00288260849,2774.879953704471,285.0,132.40334971020658,8.0
38078,31439.549013115975,1181.2105160373578,10.0,112.98707346497001,8.0
38079,53146.6028142307,6409.859222051083,15.0,128.72351738801876,8.0
38080,52761.641884156634,1184.212116245295,226.0,139.0321777312485,8.0
38081,40963.00997692037,36379.901423436546,7.0,111.81641204177677,8.0
38082,56418.2886650599,4719.289253579769,229.0,129.84575594020023,8.0
38083,37376.7498099773,736.4784947864827,181.0,140.14425710357906,8.0
38084,14731.328771599028,3682.963822636105,51.0,103.65963993603117,8.0
38085,40435.785800768695,19039.327604976734,122.0,105.05156856237336,8.0
38086,13893.173795447647,7435.965093034916,51.0,103.38306909190257,8.0
38087,17429.745372395082,5742.196239544415,202.0,119.85319832838164,8.0
38088,48316.37820552218,5130.303008992602,65.0,124.18705563736924,8.0
38089,46119.1441220382,1735.2926594044739,294.0,142.96138630977714,8.0
38090,38633.25680098457,924.9684512542401,51.0,120.50148333044051,8.0
38091,58562.34865295111,1184.8075308266798,186.0,133.77027044076715,8.0
38092,44886.187026396554,17710.973975245888,159.0,124.86622014058196,8.0
38093,28469.571637146655,1183.7332937366873,36.0,126.07160246584755,8.0
38094,44648.312996542096,5477.50548445182,20.0,123.05204802813391,8.0
38095,35637.209980801075,924.963017656886,50.0,119.68715055259486,8.0
38096,47550.635495880364,1849.5746356872403,48.0,120.44670284949211,8.0
38097,43696.93300095491,736.5709991936561,126.0,129.99484507856832,8.0
38098,39874.96412199045,6694.21743304282,531.0,132.6820614785378,8.0
38099,26690.07088020165,2391.2560467095536,137.0,128.09216565361626,8.0
38100,33371.189310364425,12992.575269852188,333.0,128.96379281875255,8.0
38101,44388.43772195878,1992.3046302164291,54.0,121.51617652969983,8.0
38102,40714.62378434312,925.1466809332617,12.0,113.86365403322495,8.0
38103,43180.096010327936,34726.60994162558,368.0,129.29133599318263,8.0
38104,68777.0468699034,925.1603633451184,29.0,122.45329606618772,8.0
38105,51001.52320953021,1992.135254749877,37.0,118.2981021796451,8.0
38106,29215.09643227682,1474.0075850380615,97.0,113.9656786571976,8.0
38107,54051.60262326198,6515.964065172902,309.0,137.81553789859956,8.0
38108,9032.016730851385,8312.563330379635,-20.0,95.1617125385065,8.0
38109,27801.514036868724,1181.1914155016016,41.0,126.81055507828803,8.0
38110,24737.845717319247,9027.442578479946,172.0,106.2329163192534,8.0
38111,9264.818078767532,7574.559351208,4.0,99.3857748456793,8.0
38112,33042.10946093081,1989.9550505826019,27.0,120.89241169630199,8.0
38113,55625.236777180944,38607.24179267431,183.0,124.03665879882675,8.0
38114,14464.630288093807,3085.847517669622,44.0,101.11186762959966,8.0
38115,25951.604609925365,10381.601223854364,287.0,123.61381588509823,8.0
38116,5764.579852143718,5221.188191201846,-119.0,89.54940608743411,8.0
38117,32941.380415176165,17916.989651444583,39.0,109.91075584336967,8.0
38118,53727.94453644958,13893.997355003192,271.0,126.89377681193999,8.0
38119,26172.112965962493,15933.595759792504,176.0,119.52266392957067,8.0
38120,23757.579060872453,4731.7432113534405,86.0,116.69353903508154,8.0
38121,30535.710415397494,7443.185816124507,407.0,133.15357650853554,8.0
38122,46639.14861124485,25870.484571719655,197.0,130.6602204886375,8.0
38123,14851.023235951285,3684.5668419426283,56.0,105.93113649045398,8.0
38124,15740.985917460006,4624.701337806542,10.0,100.28458872388363,8.0
38125,51613.50353506969,924.810393747629,131.0,131.73467546512654,8.0
38126,44774.84413323228,43057.7254442984,-246.0,110.036908328207,8.0
38127,49789.960000604224,43128.70224301074,80.0,115.3368867948698,8.0
38128,39768.66523713761,739.771405625195,53.0,123.40798680664665,8.0
38129,31246.0367164438,11309.853558322455,133.0,119.15323388498658,8.0
38130,43519.13221200938,3551.0064410517707,221.0,125.68298634612748,8.0
38131,49653.97394691201,5205.997383609441,592.0,123.68337937114408,8.0
38132,50954.45090668727,7435.867406195612,89.0,118.1864313003304,8.0
38133,24321.9407986949,13288.829948381654,17.0,109.12086417966704,8.0
38134,21286.1777264524,2365.661507749973,47.0,113.61683290040797,8.0
38135,34676.95672478078,735.7444575319705,2.0,120.63171541160476,8.0
38136,11099.234266550571,6474.53765480696,83.0,97.95754648756787,8.0
38137,29419.154571461004,9831.903856042367,288.0,109.08468823628569,8.0
38138,36431.57831861849,26928.708205243973,351.0,127.2829885008816,8.0
38139,16769.093564819057,15030.001112351714,57.0,112.81369817822781,8.0
38140,39842.60900549797,21891.910412827165,310.0,108.70906568825691,8.0
38141,66995.05641511123,3144.406445144833,68.0,124.21965728565802,8.0
38142,35154.14884340866,23134.234960493646,132.0,105.77587236789145,8.0
38143,48830.0612652937,1742.522274351564,195.0,130.84897507195723,8.0
38144,16454.05827030578,6663.143149464051,138.0,104.120433835981,8.0
38145,47768.44173478363,924.8633605404125,7.0,130.63433820944994,8.0
38146,50979.45992791227,733.2700740802597,93.0,143.64721368938132,8.0
38147,50505.051384664235,3138.0350307187628,236.0,117.51775596850635,8.0
38148,23021.165112278813,2394.4340480376904,13.0,107.87364374641847,8.0
38149,55392.407951507594,36857.01226510889,161.0,115.02203837219692,8.0
38150,68232.24476363213,3538.280878099109,22.0,128.08525432380628,8.0
38151,26292.54969828306,19640.14634882765,47.0,106.97902832630464,8.0
38152,36942.943939707264,5967.701033976699,95.0,115.41864901806713,8.0
38153,41354.71358141749,13134.76170088046,295.0,127.22647108640012,8.0
38154,28833.638794062026,6506.823073435686,155.0,122.24908620219372,8.0
38155,45884.215740497275,2368.403748448529,36.0,128.75920597652697,8.0
38156,49291.37206832903,31585.035483977306,299.0,109.42583450600378,8.0
38157,45645.32762052842,1183.71798369142,37.0,128.4289992355582,8.0
38158,49373.658464521504,7436.148441735642,93.0,118.25697794517339,8.0
38159,43834.25992593407,23751.13952433891,133.0,114.09550407345473,8.0
38160,22598.463792638384,3086.5771309731863,11.0,115.33104554825864,8.0
38161,50031.313452599075,6474.065254481154,155.0,125.51800104896236,8.0
38162,39221.16545427513,9820.231002649982,117.0,116.00493606054134,8.0
38163,34723.60910249723,15087.34032649369,369.0,115.91952957697211,8.0
38164,54413.9383556922,1179.6220790841207,147.0,131.23740788720409,8.0
38165,22345.217995113202,9796.224334211935,266.0,124.11294866154856,8.0
38166,52041.06159967198,739.3398730935895,186.0,136.04771937622527,8.0
38167,60808.73215296333,39626.85755082365,75.0,123.09130053249827,8.0
38168,44694.22754850047,924.9283358218416,72.0,124.9025366548525,8.0
38169,36013.71011163893,2361.0966840272104,69.0,128.3871513460606,8.0
38170,51785.49062226635,3985.0907700414723,43.0,123.29407596403956,8.0
38171,41356.24032770854,925.0704982991124,13.0,115.7146799918425,8.0
38172,46009.87826024666,737.4628944143543,29.0,120.38407796188193,8.0
38173,37301.56121198632,2870.2097052599042,19.0,114.08858363873917,8.0
38174,24469.890924063693,1473.930749278057,198.0,126.00134742824005,8.0
38175,51132.60608985504,12114.027064961023,58.0,114.56508081242079,8.0
38176,39882.30361690887,8891.222524710884,95.0,117.03644681744224,8.0
38177,46880.917327641815,26626.97150302217,73.0,122.58102414348102,8.0
38178,27645.021159070446,19576.271981822752,60.0,117.0733295095126,8.0
38179,34986.94878226081,6842.570447423199,316.0,124.74833579261337,8.0
38180,50892.576799483686,8291.536723791176,22.0,123.1488353831392,8.0
38181,50095.9339087139,33046.08008789271,257.0,116.01823483402988,8.0
38182,21885.830439553425,6340.086481138904,144.0,120.47751198787938,8.0
38183,21476.127491336443,13032.27833956344,320.0,123.9755019160496,8.0
38184,54092.3788081355,6290.1854576853875,18.0,121.97791331981391,8.0
38185,44158.686253911015,24322.571659330897,26.0,121.71987987582257,8.0
38186,28476.31801573769,738.4710867789983,34.0,126.50520881674555,8.0
38187,54725.161784977405,1178.9486218874251,34.0,142.3275322297794,8.0
38188,40203.870910095546,1180.7486534281932,24.0,120.23145784667808,8.0
38189,27636.829121976294,10629.663347067348,414.0,135.0018401702274,8.0
38190,47346.64512086096,5229.681604628892,407.0,118.13707475542323,8.0
38191,29911.036281574525,8260.731911684628,300.0,124.03635682337446,8.0
38192,38037.0943093179,924.9548926780217,65.0,132.3672839337194,8.0
38193,23734.41596930319,3480.822922705521,66.0,116.80562460321951,8.0
38194,54868.478034180225,52877.33631140571,-228.0,110.08536618924087,8.0
38195,29123.236833861203,10593.458268187798,86.0,112.54116264450062,8.0
38196,36194.82350411681,2878.9073063829555,18.0,119.34951672145249,8.0
38197,40994.85040603675,32317.96889518528,80.0,117.84536558253596,8.0
38198,49834.62218781023,1733.255026011088,277.0,121.4143079604275,8.0
38199,13302.739305441703,4613.275535051748,35.0,107.15552980186962,8.0
38200,30556.97024720957,924.8292124780027,134.0,126.32237496864059,8.0
38201,28388.297035047002,8557.419142204204,23.0,117.2840692008653,8.0
38202,65663.86461102411,19685.837396478662,63.0,122.39705613178985,8.0
38203,43482.77910821709,1470.7372471348883,134.0,129.67787257749575,8.0
38204,37781.93385026548,737.7218538394666,93.0,126.42194662457266,8.0
38205,51097.254661598316,10654.243809059775,172.0,126.18892040117011,8.0
38206,51398.6887824542,11195.72502156324,256.0,127.34203200614066,8.0
38207,12180.032230429984,737.7746463069428,11.0,104.27568854755503,8.0
38208,39338.59866467921,28363.57418155618,78.0,113.93803131352603,8.0
38209,42189.87411574505,9236.57029760426,141.0,120.8225787663754,8.0
38210,45003.123896664045,3138.0350307187628,236.0,130.4978259882208,8.0
38211,68479.72800088582,1185.4494234620659,77.0,124.7719524453455,8.0
38212,45683.49744905768,10419.119196898751,30.0,117.11146672392859,8.0
38213,36808.349615010986,7601.1165296645,334.0,114.63280823399882,8.0
38214,19171.978517291594,4124.459470518238,53.0,108.87610648293428,8.0
38215,32820.857306825055,1181.8782333495217,2.0,118.33117286901137,8.0
38216,32590.437288186087,18507.0221423716,163.0,113.42142514370755,8.0
38217,43342.994851739306,27630.1789333939,176.0,114.37709932906495,8.0
38218,19651.535878772716,1991.3414147132344,65.0,107.70527461190918,8.0
38219,35179.07196675493,19438.176969159256,-28.0,117.1017512696378,8.0
38220,15272.190919456756,6658.362528311447,16.0,109.96254045506475,8.0
38221,54876.25443867038,3553.251358689317,109.0,130.94023669220226,8.0
38222,48668.39516858258,1184.7118062219733,49.0,130.41096529359876,8.0
38223,42962.58836763016,1739.5245980549316,29.0,115.39663193894505,8.0
38224,42036.535885163954,18732.021661363808,123.0,120.45720308551996,8.0
38225,55821.55025513842,24939.12998865909,15.0,118.92543173429347,8.0
38226,22068.51046854826,737.7952856611884,8.0,111.83421740422642,8.0
38227,34634.234614854104,2392.1014800686694,17.0,128.13293237655125,8.0
38228,9325.751323856926,3477.922042845108,-3.0,98.6675708917787,8.0
38229,59778.763738069356,1179.4926070714941,98.0,128.03012932771242,8.0
38230,49184.78741446299,15920.892629191072,126.0,114.69440722128178,8.0
38231,31481.56690378351,2774.6898813326748,67.0,119.52430858514475,8.0
38232,42742.84805628335,8105.871945926486,95.0,111.71447632154698,8.0
38233,21041.635785142942,924.8670421963692,62.0,122.15442247831166,8.0
38234,20989.654320069534,1849.7590259788662,102.0,123.31825557226989,8.0
38235,22175.35900016889,2945.923341258301,178.0,106.8182094284461,8.0
38236,36130.150768948944,16224.645579273581,93.0,109.59000347889726,8.0
38237,24943.396131027752,6839.73736877992,72.0,108.08301519922117,8.0
38238,39424.51955795487,3080.526164143325,498.0,135.1396537784588,8.0
38239,34204.8668497591,2361.528586463702,139.0,119.08922277037215,8.0
38240,54486.905908787725,1732.9036172956432,121.0,128.85423806834777,8.0
38241,45876.61648827969,20389.567906379783,56.0,112.92657797808701,8.0
38242,33566.8173059628,1180.4709939743943,213.0,130.4012330719515,8.0
38243,23180.24943333891,5478.940558834356,461.0,133.91152325606097,8.0
38244,37661.254531022176,3542.8573951560325,86.0,119.26084274520528,8.0
38245,14542.80403902932,12804.651421063196,83.0,112.8190336437712,8.0
38246,15672.762878317728,3142.4509631202027,44.0,110.2086672382431,8.0
38247,66108.98472265132,1731.7680856904412,52.0,130.57581328792298,8.0
38248,40890.52268536696,36860.77220610074,-12.0,112.56202118753531,8.0
38249,56904.38802070968,924.7207450955077,37.0,132.69168744676864,8.0
38250,45325.99388105341,4624.387678309455,89.0,120.36562142706356,8.0
38251,27798.02111217712,1735.8277561065072,95.0,132.64600984897424,8.0
38252,33266.241600882895,3138.7154344499354,57.0,114.73048677391279,8.0
38253,17761.261989609226,14835.856523311857,-56.0,104.4391470120201,8.0
38254,51215.0704650697,4856.001201475953,35.0,124.62760081053138,8.0
38255,46947.06727892887,13075.460494966082,153.0,113.70990056683867,8.0
38256,56993.365211713106,924.9679586224265,96.0,132.49661406864115,8.0
38257,46804.85887559259,44440.25177028059,-83.0,116.7030372151926,8.0
38258,17331.80095889459,12102.037694263314,110.0,106.25058885675337,8.0
38259,39835.54497311311,14181.0579662571,293.0,118.28947824660577,8.0
38260,45832.054505911256,1184.2856901451432,7.0,115.71385755499944,8.0
38261,47230.089131700464,2871.5364931575828,50.0,110.68721077631582,8.0
38262,64137.51538027388,9956.73535626707,58.0,132.40168929721509,8.0
38263,23164.457425152745,1180.9612725508446,63.0,117.63594666593616,8.0
38264,42903.980483160725,1180.7440979955531,36.0,118.15934883621695,8.0
38265,57444.12336535286,10812.012872697773,179.0,140.0423414899418,8.0
38266,42744.49804687994,6403.513355830576,217.0,122.74208681648088,8.0
38267,55729.63911603553,4719.893638774428,135.0,132.53969481717746,8.0
38268,57826.77103153114,2359.793804517805,12.0,117.98780891743574,8.0
38269,46310.02004280277,5922.416694956599,15.0,119.57946868282514,8.0
38270,21918.645044905188,2396.9727075712963,182.0,122.38787580590582,8.0
38271,13032.458536603992,1849.7395106974777,37.0,107.28670612347642,8.0
38272,54192.48149857701,44682.86690025401,339.0,130.22081717247383,8.0
38273,64638.12760982031,20137.936707904155,44.0,124.88385111899997,8.0
38274,49812.382290726935,37574.09655258069,42.0,115.18989795460121,8.0
38275,32142.29024433537,21187.33495060838,64.0,117.33340960970479,8.0
38276,34095.58084501089,13333.358963206423,111.0,108.38850966073805,8.0
38277,42276.021619189036,20737.952716476717,230.0,115.79542594269316,8.0
38278,20386.431014365877,8235.340909224471,94.0,111.01427968184186,8.0
38279,49570.81228137254,7543.702732258016,39.0,120.82576573529575,8.0
38280,25595.789585794413,2392.1999559194123,40.0,114.644100663622,8.0
38281,17497.00245592352,734.5964849562449,148.0,125.74408563596661,8.0
38282,20760.52582046147,9795.958762467117,427.0,126.66419535046742,8.0
38283,32725.038599273845,2871.2126166481435,57.0,122.47669081985725,8.0
38284,47261.75048966479,4624.364573749748,58.0,116.31621814160918,8.0
38285,57152.755927816426,8113.839373708809,67.0,115.26752270332555,8.0
38286,56079.319260826174,10617.224637054365,96.0,130.89035656634144,8.0
38287,49770.72279980676,2359.459267858715,23.0,113.17996442093272,8.0
38288,52218.618762857186,924.9881361052561,11.0,122.66709883982546,8.0
38289,10256.88669805539,1471.736543234144,251.0,121.45577383365796,8.0
38290,50976.1982683854,924.9973411863667,31.0,134.73223308957265,8.0
38291,39148.818117281415,2361.750753213025,94.0,121.72835991209506,8.0
38292,41239.66528024062,2391.1150657269886,167.0,120.42529412703581,8.0
38293,44278.39664511331,5244.396223132116,18.0,114.47792768767488,8.0
38294,29302.78851431049,3143.4599805354655,39.0,108.94857129196734,8.0
38295,61960.146663025735,1992.5200361305651,94.0,126.52514993076447,8.0
38296,25992.023383764536,15792.71885737505,163.0,102.04278996686466,8.0
38297,25070.24445866056,924.8983080282967,182.0,127.62050660860874,8.0
38298,18020.487052993365,5224.173866725674,50.0,110.06827101617466,8.0
38299,17634.744199612465,924.8462989465969,41.0,112.63410832429066,8.0
38300,47495.65930783234,1992.6350998685987,76.0,122.33541030233468,8.0
38301,17388.431135528597,15648.760868826717,-64.0,111.65613959275086,8.0
38302,19437.187517736333,1849.8397435786155,20.0,109.32069703164662,8.0
38303,29873.63431762149,11097.60853834807,187.0,108.28093987472195,8.0
38304,10200.958657102121,1849.9274977421235,18.0,103.51430941210477,8.0
38305,10975.270961743718,3548.0242829233753,-20.0,102.13240434338941,8.0
38306,15495.795399958135,8155.15096829571,0.0,103.75259648787285,8.0
38307,12927.870386544228,924.9622172151379,65.0,113.78326178640094,8.0
38308,16664.79974086052,15740.870069340637,-102.0,100.42844567979813,8.0
38309,45583.61837565296,1181.1024768466211,25.0,121.29854468779284,8.0
38310,61542.59676955234,44522.429274532726,183.0,124.89939891114507,8.0
38311,39798.058726258074,1849.7799146606785,57.0,119.3013471891665,8.0
38312,39703.02476331892,11480.484455836138,286.0,113.93304029149054,8.0
38313,32023.296923306658,11937.876997418933,125.0,107.92646178618028,8.0
38314,37343.07374523781,2396.593101780518,140.0,123.33163783142315,8.0
38315,32625.866847353303,16812.46475020728,283.0,127.79203536898252,8.0
38316,50889.9227616801,15739.958853123007,155.0,122.80145428372072,8.0
38317,59436.412880897726,2369.020485156839,216.0,138.0590352820738,8.0
38318,18884.555364899195,4794.965538131059,151.0,117.34876975417254,8.0
38319,37301.75336789479,16541.97781010776,490.0,128.82195876569023,8.0
38320,46303.3243965282,4722.9652482058245,-1.0,118.83850139895345,8.0
38321,14105.030904984455,6687.545394345737,121.0,116.12429894491669,8.0
38322,41017.97836522202,1991.9740018061027,50.0,120.72653767796605,8.0
38323,52549.003800008715,7105.7022646896785,240.0,136.52046497347231,8.0
38324,21049.586029761354,1183.8830392409639,81.0,115.25451224277776,8.0
38325,20678.407106388,1990.3670029028049,29.0,109.39321870038883,8.0
38326,56085.137995063786,2368.7785405353493,73.0,124.10686735273957,8.0
38327,51469.9936276815,11034.944166435824,242.0,131.53512603515566,8.0
38328,58919.175033962085,48684.01081208345,204.0,125.70541029232197,8.0
38329,47224.62147360413,10353.131584027107,95.0,117.29066094298877,8.0
38330,31291.508160295103,19743.93187809674,56.0,111.0012386477594,8.0
38331,51349.17827813001,30584.101975144247,111.0,114.88643486953484,8.0
38332,37222.483959768775,27041.921095022048,116.0,113.72810854274638,8.0
38333,23645.948720482804,22911.84650340531,-220.0,101.67587755643964,8.0
38334,46061.376611578,1734.6953629165791,198.0,111.2055903440515,8.0
38335,38622.295645797785,10412.95353428569,111.0,123.82828425435483,8.0
38336,45926.13472167887,924.9015485030935,38.0,128.97990059657465,8.0
38337,12298.890645819456,2883.5017226551095,123.0,106.0871304268058,8.0
38338,22854.81161197797,5893.247604377788,30.0,114.67317191406137,8.0
38339,17778.704111997904,9622.845103567606,69.0,100.73811458239226,8.0
38340,51417.09188911436,13876.982170278747,167.0,128.8519071547554,8.0
38341,56203.08232715093,15055.480254405418,44.0,119.71489834537691,8.0
38342,15498.60144121253,7367.390161191794,76.0,98.9077192857824,8.0
38343,44982.7825720199,19041.619255279667,139.0,122.23007759672711,8.0
38344,57327.98666457378,1179.3898620674756,92.0,136.5085517477719,8.0
38345,35334.79879798963,2208.6148476861244,26.0,112.92823619733268,8.0
38346,38105.76289046001,2362.5581948766667,50.0,110.61380847974141,8.0
38347,25908.96408494373,2774.8775826078504,85.0,118.09834674731312,8.0
38348,27674.2375554725,737.3374091098813,14.0,118.08539039076241,8.0
38349,51745.606489533835,38949.803338125515,87.0,118.19616913352107,8.0
38350,26577.48766426782,1737.4266736391098,101.0,130.04226684602315,8.0
38351,16761.940614388834,12164.717243374836,59.0,101.5305823624989,8.0
38352,35641.08692728556,10189.714197936306,9.0,122.4759410670109,8.0
38353,57768.930890813295,1992.2199858880247,53.0,123.7410077966252,8.0
38354,49164.99566555913,7589.739236508397,9.0,126.92513558024106,8.0
38355,48102.22803831713,1179.757942884508,100.0,127.08815609882618,8.0
38356,21660.606875394464,1183.3387829140374,40.0,113.01094897906496,8.0
38357,51619.72130204682,11844.823772892592,61.0,115.61867668402928,8.0
38358,32883.86951323067,9783.526307846774,394.0,115.25590728962092,8.0
38359,54372.021048435905,3772.9556436090265,24.0,123.38088160560386,8.0
38360,36861.75555523931,15694.814262257765,-70.0,123.83756690732096,8.0
38361,42428.604571815595,734.7582226354068,177.0,132.66309286241255,8.0
38362,28652.85278813268,4306.965711522878,25.0,117.65840127212647,8.0
38363,44954.13102724264,924.8958605139876,28.0,122.64603647217737,8.0
38364,60869.00620298639,16294.275636167657,-85.0,115.02841599718141,8.0
38365,39289.898702413375,924.9179399266967,65.0,122.85278911894825,8.0
38366,51877.85475282605,8356.700229716253,84.0,116.99838762415753,8.0
38367,35764.762087537274,924.9100110532987,48.0,118.03940355506394,8.0
38368,56632.16278889159,10660.372378387961,63.0,120.05053438268894,8.0
38369,62342.36301593161,51382.15593548272,67.0,117.75219550702859,8.0
38370,52948.11349875954,7079.704854893046,176.0,131.70829132297462,8.0
38371,30530.295741292965,924.8323043211345,51.0,122.25420722825413,8.0
38372,5237.840677270469,3087.7126747530724,-2.0,97.91119165236339,8.0
38373,45755.323512208495,6641.055971559225,49.0,112.83355164564004,8.0
38374,53470.749812511945,51479.83547369886,-160.0,110.83797376672412,8.0
38375,34545.81863796954,1470.3758723889293,97.0,123.82363239518949,8.0
38376,33306.43944780275,924.939405400164,29.0,123.08358919187972,8.0
38377,30253.15767299343,8885.579494160402,25.0,112.44740958484462,8.0
38378,43159.78658057186,13363.64915475636,33.0,120.14632505080625,8.0
38379,50511.02014955708,1180.5298576511434,134.0,129.69906250138064,8.0
38380,38807.619438290116,23765.206809891504,87.0,115.86312835550784,8.0
38381,18625.857131728015,1473.1812294742078,56.0,117.6756818989961,8.0
38382,50609.080585552554,6669.0678569705315,141.0,130.5154556052587,8.0
38383,54948.285274914255,12250.708063573247,72.0,125.16573733920018,8.0
38384,57663.38074123747,37282.41595740174,88.0,119.49990270571209,8.0
38385,30161.684608287953,7863.437244315653,139.0,108.4878804648757,8.0
38386,33203.86435598094,2210.5763945280846,94.0,119.55127931814195,8.0
38387,38272.64075652207,5151.4947446596525,276.0,128.0446674353832,8.0
38388,45201.35695531241,19043.54015777474,55.0,112.44629890055865,8.0
38389,34126.57612782304,1181.0506280661255,33.0,116.01722701952073,8.0
38390,31486.16967383166,5224.530425622436,52.0,111.0874213305422,8.0
38391,50119.37423331242,7469.439793329946,80.0,135.7183081049831,8.0
38392,42959.01025543445,12549.261685416202,113.0,111.23094206864533,8.0
38393,66269.49254030413,1989.015395406115,38.0,130.90117570754603,8.0
38394,37025.731411865665,9278.331965874058,108.0,117.46456163645341,8.0
38395,19200.80289677929,1990.3723394733183,-18.0,108.7254927056573,8.0
38396,52560.86150621126,45900.11556858302,80.0,115.95582684539482,8.0
38397,44142.08504673461,2870.2097052599042,19.0,115.88600349980544,8.0
38398,28673.455027029013,925.04007679108,40.0,119.57689868097192,8.0
38399,36524.46633651032,29869.968383544827,80.0,110.86688938945186,8.0
38400,43883.63954102282,19596.231079231766,160.0,111.73102883218058,8.0
38401,60701.19041014889,4036.0348656718907,89.0,123.77952147449888,8.0
38402,24484.766671079004,1181.2179315596386,206.0,127.50222817153107,8.0
38403,24928.210599563088,6880.190253072321,135.0,105.37820494185507,8.0
38404,28068.01636769769,4786.420546056985,67.0,110.23758495819952,8.0
38405,42027.974466985805,9015.471066727292,367.0,129.3139654599374,8.0
38406,33542.32458831077,13703.845382762283,113.0,119.74930303023926,8.0
38407,48107.48401425655,3541.4236360931823,127.0,125.81958097958142,8.0
38408,41109.26392555781,39162.65671580852,-22.0,110.44668760913491,8.0
38409,21184.903388880706,11410.062675177951,-29.0,105.74965938827609,8.0
38410,60081.794098721984,55509.816591485745,-76.0,116.06909412602784,8.0
38411,25501.170637278894,4683.1990932176595,42.0,105.96930329800867,8.0
38412,14962.78865805357,2774.811559671521,29.0,110.86051143551745,8.0
38413,44489.99255361957,27472.260404235087,183.0,122.13660202517406,8.0
38414,40343.37274615369,35752.29076420712,4.0,111.35615913480976,8.0
38415,37230.588372740414,3551.0064410517707,221.0,128.81392807617618,8.0
38416,10669.66114457049,2393.438750539742,153.0,106.55165814961161,8.0
38417,23309.685750497985,925.0215214417747,99.0,121.91549707243897,8.0
38418,17662.89259561506,5742.51181338575,57.0,106.01558548079785,8.0
38419,28244.30023717845,8160.087803224014,133.0,104.89088219138182,8.0
38420,33409.27274254395,28287.798001888015,73.0,109.38475357792595,8.0
38421,36525.12951003327,1473.328059001486,196.0,129.2276895566144,8.0
38422,29133.954264951004,10412.648331315384,176.0,119.82662247595509,8.0
38423,46237.702151411344,4800.635353505711,348.0,120.29828821540511,8.0
38424,30558.22014094563,737.4819913399373,70.0,122.49360144789831,8.0
38425,39018.79067103351,6169.857346708901,16.0,111.75318001353003,8.0
38426,43054.13077718031,26036.100992625623,183.0,121.858367311231,8.0
38427,28242.457019298752,24198.725332154103,29.0,109.34021281572122,8.0
38428,51735.01594922674,6289.424510855779,24.0,119.65983432231162,8.0
38429,30959.9146687854,924.7887985481889,122.0,140.9013608476569,8.0
38430,45027.39180538877,734.5880082030338,137.0,130.91754006778658,8.0
38431,52542.85671906454,44265.175393131954,153.0,111.60933866053466,8.0
38432,61182.41412782487,731.6227248612005,51.0,140.50881086468587,8.0
38433,26522.392092606802,14422.339138333535,183.0,105.27685186578773,8.0
38434,44238.03512631569,9780.232936060142,134.0,120.78923028874772,8.0
38435,37995.85577941086,1735.1836146505166,56.0,127.60958894178285,8.0
38436,24686.13608658845,2362.188530494437,453.0,119.52118690468978,8.0
38437,14049.031995843996,6516.37122604314,130.0,114.05307497822061,8.0
38438,60958.72464159462,924.7982513855827,40.0,136.17955575236476,8.0
38439,34649.02398098627,30568.305502800165,-283.0,107.87727036683987,8.0
38440,23552.70660692343,4416.065372814123,224.0,122.62654568058292,8.0
38441,43971.67511969214,2774.8746785117387,266.0,142.50530515592556,8.0
38442,52238.46594918596,924.8257272250648,41.0,138.24625145228418,8.0
38443,44862.01381981468,8681.403728942252,-17.0,119.99708373265062,8.0
38444,65162.31774214059,1179.2849120024143,39.0,134.17792358849903,8.0
38445,46694.50462809897,2369.601800876305,13.0,123.37945508520907,8.0
38446,50753.8811304389,6937.505793163108,367.0,139.65460903918856,8.0
38447,36238.31038970447,5740.546774952745,43.0,113.13474219889548,8.0
38448,33304.29270130486,14798.059098652295,149.0,116.38174523094101,8.0
38449,50949.33733116593,28626.632060486547,507.0,130.77801428976662,8.0
38450,44801.08337496176,5227.502497094945,152.0,114.5437645740743,8.0
38451,51738.457628555596,1184.9114125585274,47.0,133.67264726805087,8.0
38452,48276.90695150167,26765.003630008767,139.0,115.41966761693196,8.0
38453,21185.44228449607,1991.4936164837748,24.0,105.81111070339671,8.0
38454,47874.56058440661,2869.787200450542,119.0,133.63700761104081,8.0
38455,50582.781880644376,1180.2450733865028,80.0,135.70414450431502,8.0
38456,60384.453391169445,18220.758830149,55.0,118.83407521929513,8.0
38457,39161.290353356984,25437.86529188726,40.0,125.2614214335553,8.0
38458,32458.705264133278,736.0895713652357,234.0,132.67661337467618,8.0
38459,19150.45335337842,8102.090424375429,27.0,104.56230839828311,8.0
38460,43778.52473111957,1735.6717185661462,69.0,123.14335311420876,8.0
38461,51033.618638698725,33748.28119922484,-105.0,118.95280731417654,8.0
38462,46043.00109427704,733.6233432373798,155.0,139.16562831183987,8.0
38463,45103.18680275997,733.1003770575699,29.0,120.01561912443455,8.0
38464,35916.20530233289,1182.8294114184819,92.0,124.05941120551351,8.0
38465,8831.036020640877,3142.3382001381237,8.0,100.56665185399534,8.0
38466,12114.105249273536,11196.510142711164,-40.0,99.85549523294392,8.0
38467,41542.16095627926,25968.80983434324,76.0,110.58848737778035,8.0
38468,53663.96959393529,9248.543965349962,53.0,112.74062269923017,8.0
38469,54254.489680480714,3984.3428984846487,58.0,130.25445283711466,8.0
38470,58489.85154090166,4738.140581660494,186.0,129.76378885065867,8.0
38471,25360.655724177625,924.9432092650001,35.0,117.4704004319258,8.0
38472,35753.35060843032,737.7468537190967,75.0,125.0890560782303,8.0
38473,11123.27038725303,1849.8280626755293,73.0,112.69049538215404,8.0
38474,54811.30553296063,739.9791095835791,53.0,131.2457569000712,8.0
38475,34432.50439868599,24185.437874123443,199.0,121.6822268575559,8.0
38476,55394.72270006889,7505.260519649874,435.0,113.52035928684731,8.0
38477,49951.38647982228,25503.38398844376,187.0,121.54774634727156,8.0
38478,29404.424695308826,1181.1038125244731,15.0,114.03018126610945,8.0
38479,46237.664675675675,9780.55256400686,188.0,125.1171269733533,8.0
38480,30034.03881532987,13014.75759716789,183.0,118.86918905846431,8.0
38481,25458.00760871071,2365.9892253070693,198.0,117.8237462892726,8.0
38482,46050.590023667326,924.9888957528185,25.0,125.97158564558238,8.0
38483,64224.08140595495,3539.002444875829,75.0,123.2515666763175,8.0
38484,37057.49771488851,8317.783507926672,154.0,112.97252821418247,8.0
38485,24989.032210128087,3477.215647924805,47.0,108.97207726468842,8.0
38486,38900.1651840171,3085.059739794483,158.0,125.0168096299569,8.0
38487,23213.111679688416,8084.226380759398,430.0,129.2138494045479,8.0
38488,31525.765452356674,9278.864353739837,117.0,114.77467007527657,8.0
38489,42245.709322476665,20852.119625942098,-53.0,121.01449757093425,8.0
38490,40935.48702363944,2774.890605183698,39.0,122.90276632204242,8.0
38491,36103.319517035794,10688.42159527649,435.0,112.93751511684752,8.0
38492,43485.64302321174,3790.630818065742,86.0,123.33154566429755,8.0
38493,15660.137929141667,1740.8119881403006,130.0,118.00937674805849,8.0
38494,35759.57909295041,14738.41906363605,94.0,110.13566874412456,8.0
38495,50951.11955006755,31885.275061785866,74.0,123.16712016993293,8.0
38496,40863.000652056944,924.930791308741,118.0,132.5068491533276,8.0
38497,21244.933704145355,1736.6903644355227,309.0,118.16199878178905,8.0
38498,22116.771241861476,11087.088869960322,38.0,107.2545637079923,8.0
38499,56322.156735009536,10464.86269302774,33.0,125.15362738037162,8.0
38500,27522.865172428854,1737.6292001080096,28.0,110.87468289596856,8.0
38501,44980.48945275816,2389.7084646801695,47.0,121.19288178474142,8.0
38502,30119.252728207695,8083.039568857334,21.0,116.97406121097927,8.0
38503,22502.558515593853,6341.851293175361,47.0,112.48280429638801,8.0
38504,42568.012060935456,1179.6151715322512,174.0,130.98831279272298,8.0
38505,54117.75648047439,9795.582217606492,334.0,130.38333071649143,8.0
38506,30127.555476006764,1474.498282026935,97.0,121.29063667943078,8.0
38507,37866.289735084756,17786.34306270372,97.0,112.41389589878612,8.0
38508,42379.52785949953,925.1607502776495,17.0,115.54416419780978,8.0
38509,44286.16845520173,24351.51879807328,133.0,122.09764377145046,8.0
38510,43640.8998149505,4128.291209943784,254.0,113.49233163387326,8.0
38511,57830.02238695086,51182.074594601814,80.0,117.00022060325372,8.0
38512,36605.35675326498,734.8414606850599,17.0,114.2602619513817,8.0
38513,7419.785696738553,4512.627816436077,2.0,100.17410944209982,8.0
38514,39865.730877895156,924.8862420045987,37.0,122.12641799483181,8.0
38515,20859.851348886303,1736.7697653758241,47.0,125.41628585239923,8.0
38516,44193.15772890813,3082.6971815097236,282.0,130.96942491878445,8.0
38517,30245.27096289741,4306.317915752135,16.0,123.9272809215804,8.0
38518,35779.6017718541,4604.666934549939,33.0,119.15309104325914,8.0
38519,53826.148919552485,35269.37261080896,335.0,114.63564307462666,8.0
38520,46898.57910331867,32798.09404229798,81.0,118.32643763938525,8.0
38521,42049.45270928462,25043.51497046922,498.0,129.81688956833497,8.0
38522,39559.82555535653,2871.686327637117,18.0,119.76758746396445,8.0
38523,67705.09489117813,27016.624403712078,63.0,122.29253752899452,8.0
38524,41016.24125217424,924.9239667173426,32.0,119.77826268170293,8.0
38525,32726.729554948415,11055.58353359919,59.0,118.37839167425943,8.0
38526,54079.84949805845,2359.7487287555937,225.0,130.3524105255763,8.0
38527,52060.88099225369,924.8973783202744,72.0,126.57825548208466,8.0
38528,39017.6121818914,734.4530777678148,34.0,120.23356798348075,8.0
38529,63887.28033340195,1992.1614537697508,142.0,131.9116798128659,8.0
38530,26811.96557934441,9964.35754204871,38.0,116.82195813021207,8.0
38531,36921.802598250295,1736.5044196026165,157.0,138.56564719891233,8.0
38532,22491.10351230597,17885.008045645827,58.0,105.01778949757372,8.0
38533,21849.042077431986,1472.493678374628,225.0,116.33044196397623,8.0
38534,62243.917028499956,48522.2276662257,-78.0,128.20637680329477,8.0
38535,56050.842776442674,13466.429412853873,54.0,120.96446341477602,8.0
38536,43772.70478888541,17048.128217763086,256.0,126.45380693026846,8.0
38537,25843.733985258357,23879.360828850582,16.0,103.29111282315534,8.0
38538,47010.632573548515,21177.74557773082,67.0,118.49732713981325,8.0
38539,36814.911295178266,1180.8656053470895,130.0,127.83730501822457,8.0
38540,26913.651824856923,924.8667678165131,13.0,107.88107680091932,8.0
38541,55284.712979493816,924.8605572877099,7.0,124.39492151349916,8.0
38542,42664.2726491971,31698.931488865725,-60.0,129.33519061297852,8.0
38543,49572.089548631004,7435.5831156631275,139.0,112.9771995800132,8.0
38544,28773.38535751287,5975.114196910501,385.0,128.0904846908824,8.0
38545,40803.40882961676,18307.990644180016,208.0,125.2452038671576,8.0
38546,15024.741428036295,10427.03235321154,61.0,101.05792894603309,8.0
38547,43326.31622950246,1184.1359599706109,54.0,120.95134558837104,8.0
38548,42519.73569051367,24794.69610429275,403.0,126.54051328116043,8.0
38549,46152.1247337865,13326.287463003775,215.0,126.36188695842833,8.0
38550,32292.19507458009,24712.861819710146,-112.0,110.11164160497685,8.0
38551,49154.18511588755,2886.7829921939656,313.0,130.1765289086562,8.0
38552,27724.674999890874,10984.79348518287,25.0,120.15346383003288,8.0
38553,33433.56118275362,10379.356440067157,-39.0,112.31832518725825,8.0
38554,21382.916300042125,736.3432656080823,127.0,123.8033297607738,8.0
38555,38409.53527335873,1989.9208835785475,95.0,130.19339605741655,8.0
38556,27369.213507808716,5863.1822649279065,139.0,118.7454202022074,8.0
38557,44356.11653214976,1180.2020901448982,26.0,115.06410835711893,8.0
38558,46556.33845250539,2398.6296844729045,77.0,122.52200750055934,8.0
38559,28524.10257356406,8305.841244912268,131.0,112.40991738673097,8.0
38560,60347.46871880647,5231.30894944545,302.0,132.19973057258775,8.0
38561,35779.95800191095,20946.597622488793,198.0,110.88986786718269,8.0
38562,38092.60023110668,924.8256372170623,99.0,136.35288198443473,8.0
38563,34113.26846637205,22602.173090494332,81.0,115.40219324607207,8.0
38564,22857.826230375224,2210.4141875405985,84.0,116.74159174595839,8.0
38565,38233.513238529544,734.4469844950063,202.0,133.65128903843154,8.0
38566,7573.673428806413,7093.320648129385,-112.0,91.452890556909,8.0
38567,48393.08675849814,4854.8598873697665,76.0,115.52991928729003,8.0
38568,20211.599877603054,735.8427330039235,9.0,107.31884965379989,8.0
38569,30585.791903787005,8554.066304577356,27.0,118.6704984961182,8.0
38570,24047.337789597594,3699.6050462054204,145.0,111.24176981590244,8.0
38571,15362.307833569103,3544.3661103751056,21.0,114.5141645992363,8.0
38572,17635.413282353424,10200.973591633481,-6.0,107.29098604552242,8.0
38573,49806.90139243222,45761.39220277924,-46.0,113.88268895557971,8.0
38574,44415.38069156166,3092.342800402016,11.0,124.39657189660508,8.0
38575,35823.30505871481,1183.316134572449,42.0,126.42809485053449,8.0
38576,27620.593745852984,3143.4772821845913,244.0,127.69887305698987,8.0
38577,34122.14233405396,27466.896866530096,-10.0,107.47485723274758,8.0
38578,43473.09256664244,1850.0093042554258,63.0,129.19339428480993,8.0
38579,41022.70413976587,924.8623069820541,10.0,117.29866173782236,8.0
38580,42408.746509145014,735.8298207008058,136.0,130.5717250560672,8.0
38581,32321.93226726785,15715.895674417518,198.0,107.47474937897009,8.0
38582,10643.673874088325,1182.7215386503879,17.0,103.37575250089553,8.0
38583,9220.346306099822,5762.253754941431,51.0,107.99275627356994,8.0
38584,53961.210265604874,1745.4159618474966,17.0,130.66544575716165,8.0
38585,48781.508937099294,2368.1829249686944,102.0,123.92829656837517,8.0
38586,20786.75922912056,737.4736125964191,15.0,115.59326348502049,8.0
38587,44720.464843397036,8923.017700188107,114.0,122.22855756130636,8.0
38588,38848.088496326534,924.9425192996633,79.0,124.02788840654533,8.0
38589,54876.46831722626,4036.987087635787,50.0,122.84762942629251,8.0
38590,59766.571702200454,924.7222814339015,27.0,127.62068294848997,8.0
38591,28907.752060397623,20467.441670620552,343.0,126.17852688921516,8.0
38592,11714.094819909185,6516.396658962023,92.0,97.19341323454354,8.0
38593,55947.738522102954,1180.0723280577731,27.0,123.80016230290028,8.0
38594,49028.9567751325,738.932962079144,46.0,126.15550453061186,8.0
38595,57856.75921947901,1179.3403770705488,105.0,145.47614127466125,8.0
38596,53703.64459879165,32939.06415309161,111.0,114.86343678348321,8.0
38597,30972.54557784048,4780.929590901827,146.0,130.8766207812765,8.0
38598,26914.10320659554,924.9370973686861,34.0,122.3986011848255,8.0
38599,54996.519219265334,2887.63478279558,254.0,130.44367875744248,8.0
38600,34608.122295156594,10280.971473896057,139.0,108.46663564486677,8.0
38601,42971.20980386005,21640.070276811934,66.0,128.90881983741292,8.0
38602,46940.00226478369,733.4395710615916,45.0,123.322698531486,8.0
38603,17630.502356426536,4310.893984566653,332.0,124.15241561035977,8.0
38604,44485.99930064907,735.1242556966961,47.0,122.02685618098295,8.0
38605,42030.46700861658,2947.3465492506025,357.0,132.70791292906853,8.0
38606,50193.214206759956,4720.838142094812,132.0,124.38535096439074,8.0
38607,64732.49536471798,51261.07545103373,-42.0,130.30681096750493,8.0
38608,18224.019682145048,1182.6035368667008,55.0,111.61933788403383,8.0
38609,42691.45768808452,30587.251597657196,183.0,118.01359236143466,8.0
38610,32950.783552526285,8090.678132636317,51.0,119.59960801662035,8.0
38611,42051.362491441265,9615.394831285073,366.0,129.43401387933443,8.0
38612,38851.73770225851,734.2913970639765,13.0,114.43497622404753,8.0
38613,48304.15351709823,5205.997383609441,592.0,141.71363313936737,8.0
38614,37864.26771483871,28403.332326290667,53.0,115.09299332553373,8.0
38615,60197.45118601495,30277.20305257538,294.0,123.21624270902225,8.0
38616,55408.08923389888,30958.029396966976,170.0,124.62382817418316,8.0
38617,17917.933658341422,9100.527333330745,63.0,102.31435377261947,8.0
38618,56850.97576357957,4720.617530133014,50.0,118.7054323057421,8.0
38619,47168.928151253815,7398.87497192427,104.0,119.14582443228888,8.0
38620,47355.633407379035,38677.17403949292,63.0,118.61229663863656,8.0
38621,20822.257641690205,1990.4829360433357,34.0,110.05790028392805,8.0
38622,55158.36056149523,732.8815679248924,30.0,122.94703099934414,8.0
38623,65568.43997184756,9953.708189647374,145.0,127.45688353354954,8.0
38624,54330.548545263366,8823.939061402052,142.0,140.27894399196245,8.0
38625,44550.066155523855,1849.9299678391944,41.0,131.77301119887053,8.0
38626,44313.427110152916,19983.52639294738,139.0,113.79470452877602,8.0
38627,35757.38432806315,14429.073138495143,37.0,119.13150646596775,8.0
38628,7435.962441423887,924.8989673290213,53.0,106.81901643817429,8.0
38629,59549.29750163114,17379.488647258833,55.0,118.78740752777938,8.0
38630,8886.515710976082,1473.2289925973903,21.0,99.29549229027658,8.0
38631,32896.12689980489,734.3952465734169,46.0,120.27864433278262,8.0
38632,25146.49630943432,6516.40342923428,156.0,107.58206441073439,8.0
38633,47353.28101897487,8287.540251185303,268.0,128.23056384439468,8.0
38634,28006.34309556101,9966.294333970432,137.0,106.11260292189306,8.0
38635,24966.47290490695,7584.634793221978,114.0,116.18943419566344,8.0
38636,24086.310112073552,9984.746614391064,163.0,114.8658799712019,8.0
38637,11066.14823566652,5216.974500294627,0.0,99.29071985098003,8.0
38638,39881.2112748128,925.0435954902255,30.0,124.94934051339307,8.0
38639,48608.849194975875,29412.894523131672,-57.0,117.96091308656541,8.0
38640,55148.66992645533,1732.8237941952411,216.0,141.09839973305353,8.0
38641,52437.991033902894,9778.256403391657,29.0,116.464842407304,8.0
38642,53872.96438275592,35097.17970284446,187.0,117.34784078559962,8.0
38643,33548.723302713224,733.9842726552434,100.0,127.67534422275028,8.0
38644,39360.398736834024,29111.64236015385,170.0,122.31288592008018,8.0
38645,55641.49330654341,732.125069915072,60.0,140.94692837837033,8.0
38646,26064.66570338045,2774.655468591757,100.0,118.77588207110104,8.0
38647,38069.47062149663,16884.722628994175,65.0,116.4506902693414,8.0
38648,34803.83726673443,17770.60985296039,77.0,116.46681211539955,8.0
38649,35104.27078631327,735.4292588713845,95.0,126.14021557979572,8.0
38650,54077.4755104207,2368.1097983035565,122.0,127.07529632832967,8.0
38651,52718.00550117965,36069.78640371145,299.0,117.26589448224132,8.0
38652,23942.458956677867,735.3914003581823,55.0,118.39971988533986,8.0
38653,51967.29659820241,9842.1166372409,435.0,131.95092299714574,8.0
38654,48291.30650060688,40748.275056231985,153.0,111.32931870224762,8.0
38655,55282.449271950514,5598.243460941257,32.0,120.05986108727596,8.0
38656,52380.83574259024,9961.280815963451,54.0,118.06391422647111,8.0
38657,7492.6956591211065,6927.458404191225,-38.0,93.87715038691016,8.0
38658,43937.607100901376,32376.182060668747,120.0,112.92259909756916,8.0
38659,43479.16997299013,924.945521101875,57.0,122.77916747478717,8.0
38660,57745.412510217924,924.7162158914538,99.0,130.3513157437346,8.0
38661,35960.22900268716,1474.8532163425384,42.0,116.92661927103052,8.0
38662,35758.38654259709,733.884916758513,115.0,139.88893628531847,8.0
38663,38775.418705027965,1989.9763447209473,40.0,123.79822430564802,8.0
38664,19038.763223525,17303.38645812275,16.0,114.36956482814513,8.0
38665,27139.737801664665,4855.023542613084,39.0,115.58097146586462,8.0
38666,46914.82049339295,5777.186297198373,26.0,114.61244372303642,8.0
38667,46700.205646855415,738.2095078346667,136.0,132.08762811876605,8.0
38668,57618.67905254652,1992.233955119423,73.0,133.90716871909518,8.0
38669,37961.13580949285,7419.365097304174,508.0,107.50469498374572,8.0
38670,26556.395485416182,15032.710761101382,81.0,114.73545734208899,8.0
38671,45427.92802112258,739.2957161347247,131.0,132.48338684369645,8.0
38672,8081.7720468972675,2881.16058503998,10.0,99.46454120107629,8.0
38673,53975.642879141225,4737.658019369656,33.0,124.8521484867018,8.0
38674,32371.726430408966,8324.034721509135,332.0,126.25603669429127,8.0
38675,18677.24230272073,12287.42113864616,4.0,107.92128733091073,8.0
38676,24686.506682049676,15669.545656339364,-28.0,117.25274189607097,8.0
38677,29931.562424277352,8069.491522417301,26.0,108.82606826776741,8.0
38678,30179.693526048304,5742.751693729889,178.0,114.40191553198244,8.0
38679,55076.5170845931,44493.705072239325,326.0,130.34588164725653,8.0
38680,56706.88915975793,924.9007059191007,69.0,131.92077110370204,8.0
38681,58139.35592582013,41820.36245837179,120.0,124.41372177245856,8.0
38682,44821.07400613916,924.74080261744,20.0,130.86973501718168,8.0
38683,35464.81292771296,16229.934226504387,181.0,106.52855312809069,8.0
38684,40979.77437091093,733.9915019271978,53.0,123.23297491536191,8.0
38685,60007.19722862721,9947.131332339677,459.0,133.98491573301516,8.0
38686,24449.560383404645,6639.293893815472,-16.0,116.28355083198188,8.0
38687,14750.590972167141,7418.368626631176,61.0,102.84109868380699,8.0
38688,20627.66786440571,12524.12214705117,-21.0,104.48980569908944,8.0
38689,59207.65121982234,1990.264468786317,58.0,122.47413498847179,8.0
38690,49163.446473938246,37601.530060544916,120.0,113.58811336287128,8.0
38691,40465.65740541599,734.2061447108168,-8.0,110.9667738433103,8.0
38692,50101.73932421335,925.1786164469162,58.0,124.36350271668896,8.0
38693,24505.399694619344,5742.751693729889,178.0,114.32000249609166,8.0
38694,58022.25856811462,45233.611357179405,87.0,120.48968026341583,8.0
38695,38162.66229967462,1183.962386734556,140.0,127.91176501967504,8.0
38696,43462.42690155765,35154.735957087774,116.0,111.5600411695883,8.0
38697,34931.3510414907,735.1950914461662,20.0,116.32902444472731,8.0
38698,49292.020701852256,39098.290062930406,167.0,111.9410952859676,8.0
38699,29521.919003108673,18549.696449281884,78.0,113.16355300406974,8.0
38700,41893.141880920055,26180.131117477875,162.0,111.81804720595855,8.0
38701,23161.4322683575,924.8967777486955,37.0,119.13925562357058,8.0
38702,60205.45267777089,34247.66963855683,88.0,120.45108724419126,8.0
38703,43939.20352295896,734.1058042647774,99.0,128.96795588743532,8.0
38704,28510.91870931196,5482.550070868986,45.0,111.62189402892704,8.0
38705,42660.16543963128,9234.625226026586,17.0,119.43872984290506,8.0
38706,36113.21068867904,1474.0094017942733,54.0,118.74945787925742,8.0
38707,44670.10249797159,1180.2417659496646,22.0,125.1775314434415,8.0
38708,42294.45606698363,2361.527598134625,28.0,124.24574978858949,8.0
38709,55459.735179872914,39535.294183629,44.0,131.36470595520822,8.0
38710,41233.32509639385,25243.17137046822,213.0,114.08536440537075,8.0
38711,19975.852655756946,11374.523797324202,14.0,113.09378467198208,8.0
38712,49771.268539388366,27447.74665407052,499.0,130.71612533630605,8.0
38713,5741.512226180489,1990.6198921753569,58.0,96.45430683272443,8.0
38714,11714.898857771337,4793.819686524061,34.0,99.34768461884158,8.0
38715,34489.21816688618,7453.824898720043,261.0,129.44381708735793,8.0
38716,18067.036923472526,9756.845756829924,94.0,100.45009922095008,8.0
38717,42551.88012071169,6474.125629711468,119.0,119.44372916437979,8.0
38718,54708.821909329796,5490.623284863347,33.0,125.27070410248785,8.0
38719,34489.44719754463,17341.01042205658,170.0,109.05705173077594,8.0
38720,23626.325775864563,2391.0186271959496,9.0,109.90528282956129,8.0
38721,24843.148640473795,7484.391949544833,117.0,116.244101931942,8.0
38722,26064.787357899364,3772.1033145466395,65.0,112.59626912401161,8.0
38723,43378.473990225924,24310.06546068803,109.0,121.92199964812849,8.0
38724,51707.714622296495,42690.56148032971,-131.0,124.2790273860376,8.0
38725,56875.04576518746,7957.750263232502,458.0,133.60665881583563,8.0
38726,47925.85274647011,4603.339696384005,41.0,121.63113125368338,8.0
38727,32256.5895827487,30523.895009431304,-13.0,117.91389455095299,8.0
38728,38178.70700728153,924.9611990431057,64.0,129.89397014624802,8.0
38729,21402.21265500002,3772.473569157852,74.0,110.12237672287297,8.0
38730,44576.898601346606,1469.8989999972196,150.0,138.339221354407,8.0
38731,24092.440508113727,7435.8098319675455,105.0,112.84855392408751,8.0
38732,25996.213798812136,6171.451694135637,31.0,116.59862607692267,8.0
38733,24305.700000660334,13257.340416110392,16.0,106.99656954462802,8.0
38734,56011.710471926825,5208.647099500483,67.0,118.32234857255408,8.0
38735,54215.29770557377,35207.21808504153,84.0,123.81781455048298,8.0
38736,24702.926022127136,22972.290251025046,7.0,107.86744225047235,8.0
38737,55566.13797152899,13886.108388394401,16.0,122.60980603403934,8.0
38738,20391.547788117634,18031.106654691284,12.0,109.73593296607288,8.0
38739,28730.443414405447,7961.223069426171,504.0,124.70090400535204,8.0
38740,35186.291346732265,5957.846427454825,42.0,116.49275458651697,8.0
38741,47768.33107712222,3469.5478777263475,385.0,122.659802835953,8.0
38742,52490.45584270789,4850.7322194904,283.0,130.65579417622143,8.0
38743,62557.283896339795,924.7914907917117,34.0,124.04597015896736,8.0
38744,27757.16563399737,15740.72194199198,179.0,106.94729508885652,8.0
38745,41278.47004217291,4734.782133441953,158.0,122.47841754186967,8.0
38746,29680.237210609732,924.9221629047925,46.0,123.83987611013924,8.0
38747,28633.66637053817,2367.123327774699,42.0,112.0871835437794,8.0
38748,28278.107952664435,11540.739705020846,25.0,121.19234780767194,8.0
38749,39780.66262216442,13851.286662157456,139.0,121.188671308053,8.0
38750,29995.997316010227,10982.54915164279,298.0,126.24515794212704,8.0
38751,16148.17675233916,15443.974937426428,-62.0,100.8010795039074,8.0
38752,55409.00452177036,36680.81636568019,179.0,118.42960439983636,8.0
38753,50292.18719514866,925.0016217697707,33.0,119.99502627350653,8.0
38754,63900.858604579975,6671.3954381108415,70.0,131.05674526959686,8.0
38755,23395.356991590725,3473.583040901218,81.0,119.76180513822479,8.0
38756,32183.004411523023,16086.824670577598,467.0,128.75575034352093,8.0
38757,46802.059424538544,10240.554791674884,-40.0,113.89729185255514,8.0
38758,33049.11255134841,1181.0651220535524,134.0,132.20074712357658,8.0
38759,24083.92551819564,3091.9820756908016,230.0,110.60249729512954,8.0
38760,25063.270497046302,8103.482501294645,32.0,118.51731374108186,8.0
38761,57429.2223288613,925.063158379089,47.0,123.61016006828723,8.0
38762,15565.26814873011,9222.363213022418,2.0,108.83515841246756,8.0
38763,27815.263855245652,10426.844124703328,111.0,117.08321906094392,8.0
38764,33866.98224689636,2399.3378309197656,119.0,122.55385105986585,8.0
38765,26893.786587510145,2207.2782271331416,66.0,116.25003735346789,8.0
38766,23134.633586494754,22210.230977678224,-121.0,106.89835713029534,8.0
38767,45757.68238320313,27635.814395590834,132.0,113.46071204327535,8.0
38768,15792.449466317117,924.9721309847777,-8.0,102.33476240738835,8.0
38769,50080.39403395673,924.922043126896,18.0,116.61998159883389,8.0
38770,46137.81399684907,4856.007075746679,14.0,118.29479567362394,8.0
38771,37107.13194447267,20077.23649214256,77.0,116.79389048400944,8.0
38772,27379.829112018186,3794.5190018824865,29.0,111.54287207291472,8.0
38773,15649.896063229062,13910.225584938698,58.0,112.24991118740002,8.0
38774,30988.71233017787,23398.880338551815,0.0,108.09523529330454,8.0
38775,44649.57678365363,924.8707945532938,93.0,137.45129676482915,8.0
38776,12682.01736435324,2392.3041082186787,445.0,118.95986656557653,8.0
38777,30265.182193685545,25143.59852458644,73.0,108.9012405358026,8.0
38778,11196.228443730868,924.8548494682481,107.0,119.38900506506259,8.0
38779,54099.3618577958,3466.1468631580624,337.0,142.2340546760916,8.0
38780,36192.367228356015,924.9276917386092,48.0,126.39384084709693,8.0
38781,51275.841609250216,1992.3347756244907,13.0,116.7891250401785,8.0
38782,45857.2956435817,4736.870309804905,1.0,119.11097552235597,8.0
38783,25487.30669859914,2399.041284379295,47.0,113.01568724799971,8.0
38784,51373.14667060024,924.7219343728686,110.0,131.20529768009982,8.0
38785,39287.92628424308,17652.59210210741,204.0,137.40831797159632,8.0
38786,41137.11881769613,22078.617791502576,109.0,121.47245953127435,8.0
38787,28757.26424078848,7443.284965911842,486.0,129.4997818585105,8.0
38788,64926.14901658797,10663.035519222556,153.0,115.35081226050279,8.0
38789,7592.857068017228,6959.001742183594,-49.0,93.39901455251648,8.0
38790,14551.076680438173,1182.7341229171163,7.0,110.31318952953217,8.0
38791,36106.549659612436,924.9973522471436,16.0,113.99487665915575,8.0
38792,19573.93414163237,924.8719670532956,164.0,125.25132196990108,8.0
38793,33640.454619149954,11600.580962205553,11.0,118.31263885307776,8.0
38794,50215.662506835164,2361.0126860344194,120.0,126.81011979105632,8.0
38795,28747.554584016518,8910.746394056938,113.0,118.45471746893733,8.0
38796,36845.94443158124,7723.575665366844,170.0,119.28374271417064,8.0
38797,12349.207963825183,1738.416074326095,47.0,100.74585316256592,8.0
38798,60075.92936462877,14563.128406900969,76.0,119.56693150887023,8.0
38799,43440.98180711966,36081.92139971245,68.0,114.87478120134041,8.0
38800,38590.864049636555,736.6470466548335,43.0,113.87899742925708,8.0
38801,31481.580150740283,21285.71357265137,193.0,105.308942164133,8.0
38802,42724.814502684254,736.0716990486784,74.0,124.17259923590493,8.0
38803,45990.827332363806,4738.20837768121,76.0,106.92404961312097,8.0
38804,37663.86351875689,17411.84180744786,73.0,120.72644854175232,8.0
38805,45570.862083586406,1989.3406935465362,134.0,136.7344094022154,8.0
38806,8557.136174267573,7864.842510464197,-204.0,95.68608675421409,8.0
38807,61437.76766535149,1178.8693405122385,56.0,128.2767004989887,8.0
38808,53518.2293751974,9794.538390010708,81.0,119.92513483383327,8.0
38809,49690.77603230518,1849.916896450485,63.0,130.045779579393,8.0
38810,41629.583656694085,37005.68486112672,-259.0,108.5366456814281,8.0
38811,30683.025794315672,1990.4198456821448,192.0,123.99851341931,8.0
38812,25112.901179993663,14026.401613836348,-9.0,109.96411675706192,8.0
38813,29681.148121538794,9977.799328179173,73.0,110.22806015654292,8.0
38814,62633.478651450656,1179.4481197052805,71.0,144.3653386691126,8.0
38815,52216.20081698155,925.0270364838713,109.0,135.33124948806048,8.0
38816,21269.914039023497,4725.145995395444,4.0,108.1739568966923,8.0
38817,43422.9369075017,1740.1899947523164,209.0,130.8535540387707,8.0
38818,50116.696347357385,27787.03528845063,409.0,128.7419287795146,8.0
38819,33430.49981991026,4041.3524816964396,45.0,109.64666843921908,8.0
38820,64694.767445572696,17698.620000261795,-92.0,121.80574297596192,8.0
38821,42002.99550965444,24717.73895948038,-7.0,115.78907942923041,8.0
38822,63046.71008397515,2358.853575473759,40.0,143.18615370987504,8.0
38823,38407.71870096636,925.0360234171,43.0,119.70926587204664,8.0
38824,37880.299010075476,27628.331695238237,199.0,122.35239875737773,8.0
38825,36258.84120745575,733.6418241736709,164.0,131.6843366168132,8.0
38826,40417.58488697567,11188.487825109083,58.0,117.20183764710774,8.0
38827,43332.82083070061,31245.129868317235,183.0,118.17883484661105,8.0
38828,37096.948388165525,24312.437017992645,87.0,115.70833089104201,8.0
38829,39694.77060315495,1184.0725911565044,36.0,130.16797060984038,8.0
38830,6175.412625026394,5477.394457742333,-64.0,89.8121746345809,8.0
38831,54602.129208302846,1179.573262688284,19.0,116.00499978187239,8.0
38832,41057.27657563313,24449.93192423274,198.0,123.93868176400764,8.0
38833,53530.12938120854,1989.7264357757058,65.0,126.24666357795327,8.0
38834,27668.462193420215,1741.5656035638372,134.0,122.84899602061067,8.0
38835,49234.7353165416,33318.04145119235,216.0,121.74888800391297,8.0
38836,30462.084311106762,1182.3527250769123,130.0,114.8404035901217,8.0
38837,47716.520186472124,1849.9177911613906,83.0,131.70283040388782,8.0
38838,40046.79229332948,18541.622333732346,139.0,113.19869885083206,8.0
38839,43492.0331207982,736.0602267506265,233.0,135.17498558301787,8.0
38840,61554.55833689051,48762.65861354297,87.0,121.07583375476722,8.0
38841,44161.13750041986,1992.135254749877,37.0,130.83816615741574,8.0
38842,6514.483991880891,737.4308388902704,28.0,99.8258642043192,8.0
38843,28632.66304260429,11625.219721279595,183.0,119.516603690491,8.0
38844,8266.13236401086,924.898680884239,22.0,99.68663512892992,8.0
38845,32455.179474092613,1990.229316763738,36.0,112.13930733902993,8.0
38846,54593.526163680144,925.0560737244414,3.0,122.18746337323168,8.0
38847,49044.26840008179,925.0564561739862,48.0,123.16965369806829,8.0
38848,48917.20434196744,733.452455086554,224.0,136.9619458676209,8.0
38849,24252.410627614197,5221.855948478751,27.0,116.79395308108838,8.0
38850,41678.91780005576,738.7923918287257,44.0,129.41010518612458,8.0
38851,5221.292698332312,2882.50405540623,-1.0,92.31970078926476,8.0
38852,38669.016919958354,736.9044784451306,67.0,132.09167977912853,8.0
38853,38797.26764894448,2367.4247198315466,238.0,130.1650281209116,8.0
38854,52346.73595962473,1184.2724171435632,124.0,129.47740326081086,8.0
38855,21589.220647667433,17818.37370823843,-210.0,106.47932967255277,8.0
38856,10435.050233602546,4609.649705292897,7.0,99.1520529081103,8.0
38857,6694.278528312034,737.2966253913617,1.0,94.9397864558756,8.0
38858,52578.287476860096,28715.83403691294,132.0,125.54993742722483,8.0
38859,50100.58608820226,924.8869114851735,32.0,136.4956384686698,8.0
38860,36055.60789128127,9781.872150398414,90.0,116.13508866919068,8.0
38861,15191.949194086345,14478.78438422429,-46.0,100.35705708746626,8.0
38862,14722.378510242697,7360.877453177873,51.0,102.57177311766833,8.0
38863,23109.957606613185,2942.4352128734618,138.0,126.57363266651389,8.0
38864,48119.29551652121,3699.8317057111767,151.0,128.34679782583612,8.0
38865,37497.764125828195,25405.650707308323,183.0,109.40191571554007,8.0
38866,53114.96889077834,925.0109829066733,82.0,127.09368324295306,8.0
38867,27209.358745165784,17748.41392002548,53.0,112.64121764242162,8.0
38868,47193.741931944256,2875.600925925734,316.0,120.14854286795114,8.0
38869,52520.41929951371,11698.79389886079,123.0,111.62615736992824,8.0
38870,43448.42156997897,9006.275410332888,138.0,125.29365378775596,8.0
38871,26170.5338177413,4854.251663743271,247.0,121.40188624340473,8.0
38872,16438.201854116058,736.0916935796365,85.0,118.45437406981065,8.0
38873,51382.308602614256,3541.121753575829,102.0,123.88196013530596,8.0
38874,45855.54334434343,33064.05532189776,87.0,118.83153013588421,8.0
38875,59042.39909703769,37651.739363731496,-146.0,114.17030821742298,8.0
38876,33923.10052102534,26337.637647089843,-130.0,110.42569133596211,8.0
38877,31186.40118687229,734.3917137606461,127.0,128.3543242235122,8.0
38878,32727.015752803723,13943.686102352596,187.0,112.49981733170628,8.0
38879,27675.058082426964,15382.508892176462,64.0,113.16284964091625,8.0
38880,42717.18014331651,7364.276462486864,159.0,116.69607377691474,8.0
38881,25543.567905828633,10631.394490859053,108.0,113.32598760924215,8.0
38882,26908.32785337439,9751.104077361926,176.0,105.70672685355028,8.0
38883,55653.28303385416,38027.54772216975,64.0,116.82856344645874,8.0
38884,53378.81869508044,1180.351427166741,5.0,120.34621124957839,8.0
38885,32101.28902079314,14088.278678981755,311.0,122.31805741821572,8.0
38886,51840.37715222314,4600.391435197602,272.0,139.08173928154076,8.0
38887,58106.55760449673,23545.585103107434,36.0,118.21113137649512,8.0
38888,19045.87594124461,737.2148773546488,-1.0,106.99681349844704,8.0
38889,20162.86852545282,4607.072872325067,149.0,120.0837648672804,8.0
38890,4853.639526413188,1991.2599058853773,13.0,95.27801974709611,8.0
38891,48403.8568511946,4302.711218795355,137.0,126.66402314225688,8.0
38892,32281.59232439207,2362.5552960172845,23.0,112.39645230951105,8.0
38893,12368.56190888133,5220.744507160188,3.0,100.30882051343174,8.0
38894,45677.53606726254,924.8984690060919,12.0,116.37141319525779,8.0
38895,33197.98440133464,4852.184594731412,10.0,114.63805026001403,8.0
38896,25455.972851216546,2362.9828938408577,39.0,109.65862768667586,8.0
38897,40595.994830175565,5889.131464595145,427.0,131.52978031053766,8.0
38898,29648.89327547893,16852.479479154044,87.0,114.26614764886165,8.0
38899,28759.29498605309,1181.496646852101,19.0,121.88035751093592,8.0
38900,17114.345175358674,7179.731316992001,12.0,108.28622215432883,8.0
38901,51199.16735834096,39509.79420690161,183.0,112.7973778951217,8.0
38902,33949.147220973085,924.9465679835233,23.0,115.61793478463382,8.0
38903,26001.581827588754,1182.8735714836569,44.0,124.72768380496993,8.0
38904,19238.91740108271,2396.969428529841,67.0,113.2469099442917,8.0
38905,6878.72360046474,1738.9949165175208,109.0,106.97859655818124,8.0
38906,15278.891210359805,1183.0093782542617,38.0,104.45470017398938,8.0
38907,22767.954723474126,3983.700967574042,169.0,108.76535518341578,8.0
38908,27381.88631423189,5851.5246058544735,19.0,112.11888391032127,8.0
38909,35681.21001036613,8742.80894685432,141.0,126.72140054749437,8.0
38910,43844.16747288374,43241.83478406903,-788.0,106.03580174628297,8.0
38911,28120.998169633,2945.5739041105817,21.0,117.2170508710832,8.0
38912,60356.59049700012,43521.38943513216,99.0,124.73320658416215,8.0
38913,39832.515822201814,28460.896812489267,-86.0,112.47441426321136,8.0
38914,49288.823839637174,34539.03396155897,183.0,112.93251369357158,8.0
38915,18834.920714322634,1740.0737698618364,97.0,111.45992054356064,8.0
38916,60237.62285520301,6410.353332032839,67.0,124.71635922325311,8.0
38917,39809.28932140136,1989.707229436779,60.0,130.811335856281,8.0
38918,48909.381264085845,733.0340218411094,236.0,137.2878494614843,8.0
38919,20600.519087421715,13441.335246548333,27.0,103.55659576529875,8.0
38920,20910.495018023572,1739.145072321023,181.0,123.17257697193176,8.0
38921,57819.76335403212,2359.1975991498866,113.0,128.14064911311436,8.0
38922,45005.46695991519,9366.615114394059,108.0,116.85734144065006,8.0
38923,33463.59652968525,14843.357394316237,198.0,105.92461617765164,8.0
38924,47685.93265124631,11131.036962293989,162.0,124.6791574809602,8.0
38925,50292.74884382038,19408.23265408594,68.0,117.80310134905372,8.0
38926,25705.91742556875,9272.154769224646,73.0,111.93535956907641,8.0
38927,55887.82901326018,733.8179649464438,137.0,134.0019677875701,8.0
38928,13293.817818406274,735.6624466894572,8.0,110.92870284082494,8.0
38929,15183.335230619952,14469.828330543844,-133.0,99.50154687238543,8.0
38930,68383.98800515574,4738.36660359816,249.0,124.61399409624404,8.0
38931,41018.544271566476,22398.00504058455,198.0,108.46153266360162,8.0
38932,50134.327782980894,3145.1579351878645,61.0,121.41744168416683,8.0
38933,16731.76604410203,9267.264018320146,0.0,109.6964310252704,8.0
38934,49862.21460089786,7719.519104907435,75.0,117.6408904788607,8.0
38935,52431.41669504996,29620.164216830224,367.0,132.36605845285015,8.0
38936,38045.98245755027,737.822124851331,84.0,126.26457420996907,8.0
38937,46055.11520266129,17053.00189988764,157.0,122.64092508233982,8.0
38938,24983.477530111668,2774.684045095746,37.0,110.18990351374303,8.0
38939,31620.200624365523,11689.609920302197,272.0,135.79067669761642,8.0
38940,47786.6283584376,13380.125382996977,60.0,118.95624541059794,8.0
38941,45125.78054991526,17816.833656179937,109.0,123.90460116379907,8.0
38942,37710.71714982903,1470.263491542531,379.0,135.43568373231193,8.0
38943,38593.51601301541,27056.17821151445,-34.0,113.2496975305008,8.0
38944,59167.770813654344,3136.8202412972373,460.0,137.58279882626383,8.0
38945,46910.52705403552,924.8773293283363,112.0,128.80530806910315,8.0
38946,51349.19309200116,38341.63996111825,269.0,130.69851973659476,8.0
38947,40390.667988511144,24057.872025155408,344.0,112.90422650121165,8.0
38948,5483.603767998839,4729.903150484462,-19.0,92.37658264147672,8.0
38949,42358.68707731156,924.8981994075621,126.0,129.1597335875859,8.0
38950,39377.817141612635,734.6093120678909,238.0,136.04166140931628,8.0
38951,29407.69091200828,17307.96672065334,183.0,106.53098328581784,8.0
38952,59630.46499296737,10180.301272321245,220.0,133.78514555275763,8.0
38953,26914.19612806224,4682.782632155891,152.0,115.7881958221794,8.0
38954,49458.02149494452,8771.66902455732,63.0,117.96763280657446,8.0
38955,43496.91822012806,17589.478419132025,311.0,127.75447094235207,8.0
38956,56485.11777611372,924.7159692250606,6.0,130.3696711524529,8.0
38957,11109.19784327391,9929.023568798766,-486.0,107.66032060869789,8.0
38958,19672.9984286843,7450.401733916318,54.0,104.50767667119833,8.0
38959,47537.02087155069,738.1179745137114,80.0,134.20753294345306,8.0
38960,35912.53075098,7178.9055745178275,41.0,111.1109784880367,8.0
38961,16192.852875318475,735.7332489207031,25.0,104.8072288853576,8.0
38962,17662.787465233097,924.8789057074589,51.0,111.55896145365004,8.0
38963,55408.41599453726,19772.54461215784,125.0,121.92320727460934,8.0
38964,46249.93149435759,9248.614672797734,148.0,121.53321165841918,8.0
38965,22502.044933805515,924.9585836555328,107.0,114.53706931769544,8.0
38966,25791.928616876037,1181.4647812615779,20.0,115.75264951406912,8.0
38967,56682.68407895914,2359.7250650903434,13.0,124.00827713510026,8.0
38968,33198.77316800402,32463.581791587458,-582.0,103.88198771910439,8.0
38969,32904.46267336744,1849.6534587279714,23.0,110.26624545801354,8.0
38970,35522.736538798774,2870.4278442312007,70.0,115.35893884573159,8.0
38971,56000.32644454377,4719.982217063538,179.0,130.51525063841558,8.0
38972,52991.83328918722,2360.269716023076,528.0,143.2512401638007,8.0
38973,52753.80622163385,41935.27867343982,114.0,112.67195943551366,8.0
38974,40624.843948711416,27833.672075799164,87.0,117.10009205881659,8.0
38975,54871.05942969714,42178.17910482564,32.0,123.53869942563237,8.0
38976,42227.343041362416,2208.343191780312,61.0,114.30138225274334,8.0
38977,57710.66657527142,49447.960375950934,153.0,111.76886205470991,8.0
38978,29011.2196860234,2871.376314791755,68.0,119.63483874069408,8.0
38979,29366.05573039941,734.1490141992521,116.0,138.59019884454455,8.0
38980,23414.562620682307,10280.33451823552,16.0,117.42126937347919,8.0
38981,29856.84535396843,9097.435123028316,75.0,121.90045189708783,8.0
38982,57234.02271197353,1184.7671819267082,131.0,130.82730435729346,8.0
38983,48145.02484331687,924.8217085091301,16.0,125.8699442849186,8.0
38984,45929.6951992599,3137.4396521833946,88.0,126.0175471720364,8.0
38985,36696.86193841271,924.873968746953,88.0,124.83258041856949,8.0
38986,27761.28948724845,20191.22869620228,138.0,106.73870354417343,8.0
38987,42991.124315111825,9757.161229381305,95.0,116.68044244940363,8.0
38988,51493.45940222322,732.7941684853818,157.0,135.04802381769386,8.0
38989,13291.512754860982,5155.909045223546,11.0,104.2330358425186,8.0
38990,44716.6261275866,8768.593000856268,215.0,127.28138561910347,8.0
38991,19050.75840986067,5123.331618587937,45.0,110.28593456407658,8.0
38992,39915.095334708654,3678.8661983523025,23.0,115.08999443341658,8.0
38993,51375.917987839974,6290.454210816805,28.0,123.74784639157812,8.0
38994,49018.867341243276,12541.463348202356,197.0,123.2064885070671,8.0
38995,34100.240345509534,10410.421455613568,95.0,114.78370154452674,8.0
38996,16832.125195005217,5217.771346929158,21.0,106.70361579373093,8.0
38997,36544.53368630247,1473.46490882829,48.0,130.84915750225738,8.0
38998,61881.5395680362,733.0184123338665,35.0,124.2502459785978,8.0
38999,56439.24702959736,9440.974665698377,372.0,132.18693354241034,8.0
39000,42069.65213724046,10350.30957770123,95.0,107.27839732358304,8.0
39001,49166.94846685221,34125.343951136834,41.0,119.61125339245878,8.0
39002,2945.9903448632804,2209.709997637181,-9.0,86.45597662756504,8.0
39003,34876.639146555375,22080.585288213973,87.0,114.94818060773147,8.0
39004,37984.848331901776,8356.586149589752,127.0,114.65282613265114,8.0
39005,52061.92316598924,1179.6956789461856,41.0,128.07519076561664,8.0
39006,41633.25862823479,21971.04553842432,7.0,124.98179940123171,8.0
39007,16333.338153539775,1991.236500663758,8.0,106.44382607443275,8.0
39008,27850.619882491315,6353.663986567617,139.0,118.65383619866476,8.0
39009,44412.80653563632,7852.264337743798,25.0,117.05220222925949,8.0
39010,61169.21163772112,50210.23713552994,63.0,117.56769274672627,8.0
39011,43388.982296522256,2367.8430957177056,168.0,129.7996104066429,8.0
39012,49443.7034431512,1733.8760327709751,46.0,122.00426777696686,8.0
39013,42396.39617233713,3137.5992208945695,138.0,140.23234661308007,8.0
39014,57672.70425953636,4036.03672302796,343.0,127.60640255854133,8.0
39015,35379.259654965324,735.749116272104,41.0,118.81353131912859,8.0
39016,39187.29204053018,2871.330600606791,99.0,121.4904426848854,8.0
39017,32585.04994445721,2367.219220848907,142.0,124.15827204544576,8.0
39018,42001.70589718424,3684.343116353528,134.0,123.46116555238336,8.0
39019,35041.41572585359,1183.4623935180748,86.0,125.28395000766656,8.0
39020,26600.240316324085,15000.190223758498,541.0,128.9359641778348,8.0
39021,11048.930568884583,6629.428259345973,12.0,108.0634675321615,8.0
39022,32545.47109855712,735.7857697304855,15.0,118.34256374372842,8.0
39023,41379.193591402356,4115.007393161102,16.0,113.09583728077008,8.0
39024,65651.3182159045,6380.992694808692,58.0,120.92956451628429,8.0
39025,46244.561594356644,925.0676911287984,15.0,120.72998767727836,8.0
39026,36918.22606242497,15170.215106150968,88.0,110.45662753465133,8.0
39027,42791.75290296349,40805.113029472326,-78.0,107.66149144610944,8.0
39028,56464.911286877075,924.8757848294866,52.0,137.51945331204735,8.0
39029,25470.798455081174,13865.881448086773,39.0,110.76156335009061,8.0
39030,49833.646824952804,35659.364872765254,366.0,131.69540931150908,8.0
39031,18042.10222337082,1991.4607545222484,16.0,111.6386650323769,8.0
39032,57977.06601753374,2368.8210848180465,120.0,126.84642564954298,8.0
39033,49708.80457370912,3138.3597564086153,35.0,116.24815751169074,8.0
39034,54774.13283239589,37725.40365490341,261.0,115.46899191210989,8.0
39035,22161.074363785337,3681.186275446235,104.0,116.69259376848528,8.0
39036,47229.03115279007,2387.8422551974986,76.0,121.71549281879142,8.0
39037,31597.14818375546,5975.505470750773,97.0,110.32509222443895,8.0
39038,32730.94321077635,14221.207693843893,-9.0,117.42505993640816,8.0
39039,54805.889268612584,7555.631386584045,226.0,138.26441371582638,8.0
39040,42609.61362157769,7416.0258391839025,407.0,123.19239706261956,8.0
39041,19650.42369579946,2883.8466361047845,185.0,119.9623189763368,8.0
39042,42812.69736349397,25354.44310750155,109.0,118.30881954152795,8.0
39043,22785.650688457263,1741.1772086761057,196.0,115.92419525402688,8.0
39044,57192.82249802175,37284.57513608646,111.0,119.01252282381678,8.0
39045,26258.495990224,5742.88792909805,69.0,116.54459669003151,8.0
39046,23884.061294172887,12136.50769620461,329.0,114.42907009614459,8.0
39047,43769.984018897834,38298.810773357625,-139.0,109.48258983787998,8.0
39048,37328.73178605422,19870.07631852823,109.0,117.34678504881168,8.0
39049,13441.987037737963,5851.989918841715,6.0,106.70120690773577,8.0
39050,27929.473118495425,5915.041383007926,407.0,128.43121136608428,8.0
39051,49541.36267545221,12666.010363335005,95.0,116.846182616854,8.0
39052,23648.548708559927,19602.825524727145,23.0,107.28810995248053,8.0
39053,53515.65523540302,9784.2377781828,24.0,114.72777110283204,8.0
39054,29120.638754217398,11387.479791581254,250.0,123.38023305258628,8.0
39055,14984.022458817723,12820.138161171337,-41.0,101.42508076922414,8.0
39056,40767.35512030757,25922.04675068953,198.0,110.44331993300408,8.0
39057,35041.5418683955,26764.173874363987,135.0,106.35654706741181,8.0
39058,49157.81988424561,5598.234565492542,140.0,126.88595383511165,8.0
39059,30155.108851846133,8613.47558056877,85.0,109.28195450181897,8.0
39060,20371.249984317714,1183.2703644804922,56.0,115.43809134027003,8.0
39061,13951.572607779397,3699.523054181596,246.0,101.79219851264942,8.0
39062,41724.47121853607,20341.464972846505,128.0,111.2767521141787,8.0
39063,38285.9461690476,2208.1438335305247,310.0,137.41360162645623,8.0
39064,43759.2771804071,1180.9476912295272,126.0,137.13123563826198,8.0
39065,35625.68722417495,9782.664338558381,59.0,112.49962666891881,8.0
39066,26105.934494886573,737.4397192189447,29.0,123.30147342494352,8.0
39067,41997.41172389348,31798.89063836507,116.0,116.63018352376632,8.0
39068,26225.931636282574,7443.155881124749,295.0,124.3299805600438,8.0
39069,48774.48556709058,40321.23005369393,378.0,130.27283697187488,8.0
39070,24502.559856490345,7722.990675827033,289.0,124.81150702268472,8.0
39071,51323.914997375854,6641.671697105112,39.0,125.46081807161013,8.0
39072,42714.131238777896,3772.988470172197,39.0,115.24653985719242,8.0
39073,24835.582937426665,11829.331660719454,51.0,112.83224777012089,8.0
39074,20751.65617236079,1740.6713267389616,191.0,124.65977474745732,8.0
39075,50604.19389475103,32482.57745848892,132.0,113.92117708952412,8.0
39076,56923.064570422444,6288.92550703986,188.0,124.84556071365873,8.0
39077,42397.02854195696,30458.637660581513,1.0,117.61261524705974,8.0
39078,45851.56266140483,22737.95108832118,277.0,128.35411161743335,8.0
39079,48899.788629368246,1180.3182557201226,125.0,123.5559090753693,8.0
39080,46666.66029556609,1180.29528830488,15.0,124.3695410942851,8.0
39081,38293.55054671392,30934.31282665369,68.0,113.58322091453883,8.0
39082,63423.81165519944,1179.5661046611856,20.0,122.34070366161237,8.0
39083,45657.72001613147,1180.1478905261745,67.0,114.50519681211037,8.0
39084,32568.06672908689,925.108502388454,34.0,116.70724397562954,8.0
39085,50958.058370763974,8357.144444502252,68.0,126.70471743769409,8.0
39086,34420.008960777464,2774.707652032813,24.0,117.85980252694313,8.0
39087,17223.447913143238,924.8958556951918,31.0,121.58631592118243,8.0
39088,31047.04149195956,14021.289725012195,77.0,113.501051428583,8.0
39089,42132.92978920098,25106.67843174763,77.0,116.95967098112048,8.0
39090,59549.47115835989,5130.420914143576,217.0,133.48599424299852,8.0
39091,56001.15170504677,1179.3967261267212,122.0,133.20115004351373,8.0
39092,35325.000361828534,4854.668318867052,123.0,113.86399228746214,8.0
39093,46186.943552784105,9779.853164532098,131.0,125.89910018492344,8.0
39094,36886.36120091132,736.6490003772286,26.0,118.29369402192947,8.0
39095,31698.099489467855,2886.1918953735258,143.0,128.1400022281399,8.0
39096,49290.11509836899,5598.166006565097,88.0,122.30260993644185,8.0
39097,45417.870175353986,5549.835875781421,242.0,117.01659698659651,8.0
39098,56940.55736363954,5739.456391729006,109.0,131.1933332525129,8.0
39099,38274.74287046506,733.7355580639884,8.0,119.7600208722012,8.0
39100,25171.35191068998,7598.643579992284,74.0,115.63359448168995,8.0
39101,20299.77807003472,1991.9760991502678,11.0,107.1034897879089,8.0
39102,42888.04147185033,36494.89687510935,-68.0,113.56377289707713,8.0
39103,54653.641813479946,733.7733564247485,13.0,123.71047627190146,8.0
39104,32295.15344068494,4852.059688028854,279.0,126.9041406420738,8.0
39105,47060.17489602194,1736.0322610515786,22.0,112.68097768136472,8.0
39106,20505.33681077963,8267.884514305611,15.0,109.10871485739683,8.0
39107,41827.2015059388,1184.4220941224728,50.0,120.35860882876432,8.0
39108,18121.54242186168,17226.189098048173,-189.0,99.56043633207801,8.0
39109,36255.09352292609,3473.3661232989334,127.0,109.66079828549958,8.0
39110,25995.3754816728,7865.053925029017,226.0,117.11345399031379,8.0
39111,33581.326559346715,7193.313719825203,61.0,112.79731712141725,8.0
39112,55825.39835864306,1179.6677040339612,60.0,132.19651147105813,8.0
39113,52955.85281525334,1850.1265980229837,99.0,125.9246684587171,8.0
39114,27817.87424610357,16204.651654953517,39.0,111.2174489052816,8.0
39115,29600.25122651763,924.8822954811175,202.0,129.8424641392229,8.0
39116,17666.626014359033,10305.125943889783,27.0,105.03733912946474,8.0
39117,49951.962613199874,13283.043412264755,45.0,119.19594497569686,8.0
39118,14549.235491496333,737.7815415342195,70.0,116.39594101182668,8.0
39119,60520.486253898576,925.1060724971468,13.0,121.18830997824718,8.0
39120,54539.021508908656,1989.4850029533084,19.0,123.17618827794314,8.0
39121,63291.285697571984,7558.044067409411,0.0,123.74425872901621,8.0
39122,57882.164968467645,8077.132913336732,13.0,120.66426088404275,8.0
39123,62606.288098825404,4302.5521734298245,206.0,130.09290184770845,8.0
39124,41494.9497002312,1471.641815425338,62.0,115.02060142380166,8.0
39125,64616.10562286573,740.4771219612436,88.0,132.84221787022136,8.0
39126,23032.54402811042,1181.633631425845,181.0,149.31538690336558,8.0
39127,54147.10450083571,8356.794236313624,193.0,126.23103941483814,8.0
39128,28149.371732622207,2870.2091393417973,30.0,115.58292383239869,8.0
39129,46039.26509693126,5749.275086042244,227.0,133.9108493047377,8.0
39130,62873.372159813145,56219.228532438174,80.0,117.46257570997668,8.0
39131,34272.411711704706,924.8667613612315,24.0,114.81825610676259,8.0
39132,47766.97853182355,734.1517167211964,5.0,121.47878592624677,8.0
39133,30859.71789027883,1182.8294114184819,92.0,123.04121719220797,8.0
39134,36899.03465130791,12574.226228412874,229.0,127.4284012697182,8.0
39135,18052.280309838963,12820.340029703597,113.0,106.46085054093601,8.0
39136,36902.07106358913,2368.49830085621,29.0,114.50790983123206,8.0
39137,53891.926532260804,2774.5145363060924,52.0,116.16871916829211,8.0
39138,43026.21275241583,22636.63085512946,71.0,121.85286830415578,8.0
39139,42099.10114135484,13942.444754431112,346.0,121.57590292540607,8.0
39140,52507.81541357249,4620.242820234406,410.0,118.789162227733,8.0
39141,42702.490378728515,2869.806176606719,56.0,121.93146834345464,8.0
39142,37812.974221092656,12993.047961662183,9.0,114.28548746418689,8.0
39143,35085.66729703736,4854.6838748689115,184.0,122.02663065731295,8.0
39144,50723.09862562383,6516.147653360614,46.0,116.60265355505078,8.0
39145,24436.32717510499,8560.705330798864,72.0,116.0559008515942,8.0
39146,38738.55824883591,3473.3118237535855,31.0,113.21823776511532,8.0
39147,52972.70786846458,924.9568309430468,8.0,113.98109792534161,8.0
39148,29926.268516697386,12226.25307489847,340.0,125.02667996440454,8.0
39149,23719.490208015697,5235.571374192961,90.0,118.310966775688,8.0
39150,55327.37795736723,1733.9586987456614,47.0,122.89611962819194,8.0
39151,45630.61277871897,10965.573239138474,193.0,123.55635216602508,8.0
39152,20628.971225956946,735.3606854358461,22.0,110.48434677413599,8.0
39153,27077.254730384968,4786.845433489277,119.0,118.60341127551763,8.0
39154,35079.1347680843,4507.121093056359,39.0,106.04913417122404,8.0
39155,18043.346205398226,9795.506130796573,149.0,101.02353801345484,8.0
39156,46150.41583470419,3488.4504793971005,38.0,120.71664924152918,8.0
39157,47435.97537065075,2369.0647698980965,28.0,118.29652453752851,8.0
39158,41594.162535687865,739.595655908504,112.0,129.74413620557172,8.0
39159,52724.10304847833,12023.322533639033,165.0,121.0532684174008,8.0
39160,39773.571261777906,16139.962314997512,149.0,123.94041595752856,8.0
39161,53038.465088810466,2360.137545400495,27.0,126.95001095003255,8.0
39162,3772.403816399906,1849.9104147518094,28.0,89.7360506854385,8.0
39163,45166.25753838074,20844.16445836902,195.0,128.7301575295997,8.0
39164,43922.9509951553,4855.866325644437,39.0,114.01296663836057,8.0
39165,10410.985187482564,8453.381102390445,28.0,96.24471899700731,8.0
39166,29532.080844260927,5224.459404754609,139.0,119.64593934664092,8.0
39167,30017.953648764622,4604.3360129339835,220.0,120.11191809121985,8.0
39168,16450.62888340677,1183.1850949343313,6.0,110.97353722949897,8.0
39169,20880.074576025705,1182.4852617126085,98.0,131.43444486175073,8.0
39170,33329.93717812152,7399.597723870015,278.0,126.24261483602908,8.0
39171,29606.52462789905,6842.73455851126,159.0,127.82726168244105,8.0
39172,50944.89346462378,925.0441926128634,20.0,121.11254883478603,8.0
39173,29362.944827361083,17615.60354161213,246.0,111.8964400280284,8.0
39174,28888.415081853516,9274.79135234538,407.0,127.35081173990514,8.0
39175,41938.17637025805,20429.01274550086,139.0,112.11147609146313,8.0
39176,27315.015306293873,1991.8578579023697,25.0,120.16368806063377,8.0
39177,33971.34607918168,2363.075066716901,8.0,118.66556547972543,8.0
39178,49335.75947460459,1179.850121961955,138.0,125.68014353316494,8.0
39179,54748.55984237308,1992.4698638491207,28.0,130.25874440088276,8.0
39180,16664.79647226418,4624.576454358649,3.0,105.26832845021993,8.0
39181,29250.004708492943,12106.532713655719,176.0,106.8250005452904,8.0
39182,31124.44903313094,1738.2449474693142,61.0,118.07124685654807,8.0
39183,22197.537707699634,1849.8049617927668,132.0,117.83867433031861,8.0
39184,46164.99015554273,739.7590071518123,5.0,122.63329082313457,8.0
39185,30689.332837455975,12577.817019078644,147.0,106.64723568037111,8.0
39186,4624.696612630933,3699.6931321577395,-88.0,87.8549560168621,8.0
39187,16774.60972001348,736.9087966608748,22.0,111.95947225997355,8.0
39188,21739.686448617318,6391.19398458228,419.0,127.49685573315567,8.0
39189,38193.54903299768,32732.13592376122,18.0,109.73930091853592,8.0
39190,52428.16063356385,2871.834052325344,51.0,118.34660867773252,8.0
39191,40373.779632695696,28269.678227137458,183.0,117.39436948129918,8.0
39192,53685.48634073735,6668.589742122095,136.0,127.04896854679853,8.0
39193,28743.11197038872,8833.379321542938,111.0,110.39363462187119,8.0
39194,37180.37810175597,21388.051614486874,21.0,115.74411170558919,8.0
39195,58794.15457547291,35681.975501107845,282.0,130.45340691404658,8.0
39196,13315.091708007558,12138.07644006773,-198.0,113.74780359386392,8.0
39197,31346.74664280845,13736.786944952784,58.0,114.36478435840456,8.0
39198,49094.18441049473,7509.195421067018,9.0,126.83431969981334,8.0
39199,17151.674181614657,9743.266300207159,173.0,110.86112537070164,8.0
39200,61558.94993258911,40799.057041118576,111.0,118.94575407697086,8.0
39201,39716.24558269878,9023.207988594851,304.0,127.78210849417263,8.0
39202,27679.587121843586,15584.31170049888,183.0,105.7828681617913,8.0
39203,31583.24082668222,16336.159359700807,28.0,115.02885916755449,8.0
39204,56055.088713615005,15451.780390194917,31.0,123.68829498693373,8.0
39205,54874.22850530906,11392.141372863514,399.0,131.58579581948317,8.0
39206,46136.166032951514,5919.0566974981375,193.0,114.42713486039952,8.0
39207,10954.135549102391,736.6326477090299,21.0,105.84208351427898,8.0
39208,10960.096861783235,4048.6308495903086,45.0,97.33323069208949,8.0
39209,39056.477846176356,6625.206101104647,478.0,123.13643431254287,8.0
39210,41133.3512835842,9737.130434738783,69.0,119.14032273838116,8.0
39211,38981.85343329307,9570.821061977827,16.0,119.76131296022857,8.0
39212,33966.85065877361,12571.060225149913,249.0,125.52576777859451,8.0
39213,17515.118474952986,737.4601797208493,114.0,124.22482700637242,8.0
39214,32629.867004319203,737.6124598734556,24.0,115.09536207358023,8.0
39215,34730.76351525012,15494.914042869801,181.0,106.25559281989109,8.0
39216,46343.80248457259,8615.33948731139,50.0,113.11116966123824,8.0
39217,25922.408519018416,17848.268372134204,60.0,116.5297891590064,8.0
39218,27748.447106010015,924.9289601127236,48.0,123.47533904619138,8.0
39219,13032.536908209331,9278.5800127824,-25.0,104.76555136227448,8.0
39220,57527.840265523584,9776.72906672623,444.0,126.37738583768645,8.0
39221,34253.45223945202,24058.90883118222,187.0,106.92360471805526,8.0
39222,12790.401128676953,1738.4074502534145,62.0,111.66526786640365,8.0
39223,67025.52439228186,27251.968965348355,61.0,119.46124351594129,8.0
39224,30925.184087081147,12917.029623401673,336.0,125.0517315216732,8.0
39225,61099.03224499217,21325.000808289144,55.0,117.27964992881034,8.0
39226,45897.46857653507,8096.324491590154,292.0,116.00966485778159,8.0
39227,37619.20986699203,15859.864281582619,88.0,110.47251118628988,8.0
39228,51930.830170866015,25973.0829134791,85.0,119.61559573952745,8.0
39229,22021.599743632014,9022.888511030242,240.0,123.86705512281051,8.0
39230,43838.06549936774,7440.598163837218,129.0,127.29103720372916,8.0
39231,48268.353288530656,12315.80855122661,108.0,121.71484355291173,8.0
39232,38318.27876406439,6872.87931160058,110.0,121.81928562926183,8.0
39233,19768.484508112197,1990.4386989541906,63.0,116.10732247415345,8.0
39234,24219.355886624835,5767.387378182207,73.0,116.34840075249444,8.0
39235,57308.76316657347,40974.52776179238,117.0,109.936438296051,8.0
39236,11701.912213373462,9967.563853127194,8.0,100.9954913001396,8.0
39237,25775.871529012642,735.6224670531733,60.0,117.8613297303766,8.0
39238,48236.53293075513,4683.264269071696,106.0,121.76841706048639,8.0
39239,31214.25955743455,7581.440026254153,269.0,121.17952020005636,8.0
39240,59890.90922061124,20608.721064539197,44.0,124.13919965257162,8.0
39241,13893.375935379428,3699.738842770581,146.0,96.55059549163569,8.0
39242,64467.79202321015,42452.38633614821,187.0,114.17602557341277,8.0
39243,61869.06810071746,13932.688649248827,196.0,141.99171638752176,8.0
39244,17725.967428980613,1181.1967515450326,31.0,109.79134466489435,8.0
39245,43103.41633924698,1181.102948470993,240.0,133.9477877957949,8.0
39246,22514.41484969392,3481.546526091562,53.0,116.36559586348858,8.0
39247,50430.21987712228,34767.587381917016,290.0,130.24304667025532,8.0
39248,58043.59139060398,1992.5200361305651,94.0,131.92558022868678,8.0
39249,35906.877862907626,16146.326475553918,318.0,108.64919387431888,8.0
39250,30713.45065100463,1474.2456960842978,149.0,126.13011669700435,8.0
39251,51007.435213925404,30629.84494504488,88.0,118.93731170452585,8.0
39252,43618.01959287516,1184.0374147143784,38.0,120.14260133117428,8.0
39253,25321.793068374496,13085.81122663485,42.0,104.86155601412807,8.0
39254,54823.13134013779,3540.2253403313257,235.0,134.36533201898465,8.0
39255,44693.39777839033,1183.3023150312629,199.0,141.73877481501933,8.0
39256,3699.7992497619707,2774.7957692718637,1.0,90.31425857109065,8.0
39257,33753.33338021918,8826.894769517325,93.0,126.62066061932231,8.0
39258,40862.51132730913,22307.73570888647,354.0,109.00106424651193,8.0
39259,41284.66284735623,3984.445019385359,77.0,119.7787409230857,8.0
39260,40585.46522030438,15087.46228701366,321.0,111.76199063592959,8.0
39261,28177.369136812857,5849.342638055348,157.0,117.96975423226606,8.0
39262,6925.976273121185,1182.6418811048075,13.0,98.14562087674726,8.0
39263,44046.78672008237,24096.70775985659,133.0,122.05166524127989,8.0
39264,44422.45370766408,3699.9281272284925,82.0,116.81040837403629,8.0
39265,52132.631976926605,40572.06058393647,120.0,116.02047601090052,8.0
39266,39237.75188764252,924.9891847983899,70.0,123.27477135716083,8.0
39267,20521.050883143027,2870.387405258237,256.0,104.55610915015772,8.0
39268,28949.019772342017,10349.776821518044,142.0,120.57352844117428,8.0
39269,57278.718995417665,1185.176905442997,124.0,131.94638660770786,8.0
39270,41061.82106961351,735.0090300904856,27.0,117.72568381794666,8.0
39271,64495.67200128302,3538.52433596085,302.0,134.8187248600461,8.0
39272,14354.660360481226,12379.986677783594,30.0,100.01905574190639,8.0
39273,43777.03252078411,5598.484922064005,53.0,114.07190767498857,8.0
39274,34350.64609077669,737.9210072824033,12.0,117.97543851624536,8.0
39275,53116.75602259962,5228.1813588163905,394.0,124.05014659634128,8.0
39276,9422.303422287101,924.884825149484,27.0,113.09924618470187,8.0
39277,25660.568554454552,11485.046357825779,33.0,112.23254852076616,8.0
39278,51209.91353781591,14871.744339467223,132.0,123.20390267998405,8.0
39279,40203.85818671664,13134.761240577604,218.0,125.18136265540454,8.0
39280,12801.938356856506,735.6720049714717,55.0,113.41757966828592,8.0
39281,41299.66597255947,1184.262669540371,43.0,119.13683933707773,8.0
39282,28364.820464916207,2870.4646117355005,188.0,125.0335186823213,8.0
39283,22005.57445212051,924.8442915979655,71.0,119.40800592470686,8.0
39284,53516.23092463943,31500.79810684648,305.0,110.90623374060121,8.0
39285,33369.76349975723,14816.557464302274,217.0,123.79470718659428,8.0
39286,49006.36189881014,12381.91174972865,52.0,120.82493764884927,8.0
39287,6516.292373205047,2774.7973193128773,53.0,103.40954650742475,8.0
39288,42823.59543458493,12358.922331857504,-10.0,116.58863929425797,8.0
39289,45902.36827008756,29806.33093724606,351.0,126.68126362933897,8.0
39290,47801.95873043921,3979.482607658297,61.0,121.70323167738931,8.0
39291,49882.5997188346,40185.70174910399,-11.0,113.96820608653698,8.0
39292,45463.75405118029,924.7436916969394,64.0,127.62183168117387,8.0
39293,50622.70776260645,19043.74692803121,165.0,117.24432145048408,8.0
39294,54286.88007577679,10596.788730165166,30.0,128.1035709520494,8.0
39295,54421.81058784425,2360.4675028687802,145.0,128.18634758499755,8.0
39296,23123.703546509863,3699.90603965911,63.0,112.67635676317681,8.0
39297,26942.041759768417,1736.8971307116735,40.0,116.91322223687993,8.0
39298,48656.98840925032,40206.01060216214,376.0,130.2461044376716,8.0
39299,54813.88700601944,3772.9556436090265,24.0,116.2949570920015,8.0
39300,29484.49445803503,2878.1888879982953,42.0,117.55247714760505,8.0
39301,14762.156798156913,12557.400011000658,-12.0,107.50024933048317,8.0
39302,18439.33628076176,7366.511164503024,31.0,108.04799526394557,8.0
39303,9789.096255132303,1182.0142743546135,15.0,99.62704830066356,8.0
39304,44615.0383120652,17635.041020668898,211.0,125.74779598208877,8.0
39305,37062.13334691882,12046.133739588524,272.0,113.95669556216453,8.0
39306,60704.5126172933,924.7140029564762,45.0,128.27638015425677,8.0
39307,36564.89214613882,2397.4776786693733,79.0,119.11775793258299,8.0
39308,47816.27044070148,4038.20532494669,367.0,149.49806309702655,8.0
39309,52707.049485249314,18832.788968538614,151.0,111.91350782361688,8.0
39310,44960.94952636268,3980.282082427839,20.0,127.01187431113178,8.0
39311,30663.99048646358,3772.5505163974917,154.0,114.52094679178273,8.0
39312,23068.905093660356,10966.379702206215,172.0,110.4904700673944,8.0
39313,49004.00748070058,924.8876051077855,42.0,122.74804693557681,8.0
39314,41021.43211618716,924.9052733707924,34.0,122.55193974061218,8.0
39315,10592.439610980846,9707.553482526775,-53.0,96.68312237937464,8.0
39316,32866.08779546624,738.88640149686,37.0,128.00489316283551,8.0
39317,29456.08967227082,2396.667873119155,50.0,117.95903717895068,8.0
39318,64382.83191457419,56121.1839190998,149.0,112.07142403410867,8.0
39319,34867.091602489,2367.2031096960122,122.0,124.44182107588185,8.0
39320,54950.326295936415,38619.20619482682,348.0,116.52643427062439,8.0
39321,25647.314932228874,7592.5484935938075,131.0,103.99346360657717,8.0
39322,10268.942404881787,1740.3400134512128,37.0,100.01600572974093,8.0
39323,31897.28515279297,14853.295859475034,14.0,113.01441399078404,8.0
39324,53731.05969555531,8629.196269378768,61.0,122.58037826633475,8.0
39325,18860.99924271049,924.900122599768,46.0,114.08108537912099,8.0
39326,57512.09189157059,3553.4390476961485,217.0,132.21759317609582,8.0
39327,13449.955496706014,4122.853610752482,-32.0,102.33370483363447,8.0
39328,17555.61115405103,15899.951903823894,-105.0,112.2615602029653,8.0
39329,22239.015291523843,2396.2990706019355,102.0,117.58840905600266,8.0
39330,38352.22092442745,1475.0112015644688,23.0,120.84721182343142,8.0
39331,23730.926603598295,8885.551913415089,197.0,104.98608915361395,8.0
39332,53226.41949463701,924.8372281263037,56.0,139.3780716159444,8.0
39333,41649.89967590783,3772.8548342257327,24.0,116.3098909930819,8.0
39334,61412.4742502293,22422.230784264804,265.0,119.75258275643867,8.0
39335,39046.25772155355,1741.0174001683324,42.0,121.03107292980155,8.0
39336,24495.926406589933,1990.1102047989475,266.0,127.47840378752639,8.0
39337,31751.962479367026,5477.7950984591935,117.0,106.39303963338013,8.0
39338,41865.66485590051,12642.17331105579,64.0,117.47857055674726,8.0
39339,24327.897088189897,3143.4998405102297,36.0,110.12755426172212,8.0
39340,28238.167293768838,1990.321058179269,26.0,111.62212144105135,8.0
39341,49805.049683186386,3542.2636472109034,76.0,122.07842243648722,8.0
39342,56001.52641267472,4850.941095928321,125.0,127.24491162304602,8.0
39343,45593.19973234349,26554.906669873166,60.0,122.3444897556985,8.0
39344,19008.41473948743,6341.851293175361,47.0,113.97752164101095,8.0
39345,68657.68850108955,10664.088822755826,42.0,127.5285505803605,8.0
39346,49548.19194335382,5749.6133367722305,421.0,147.2624012931676,8.0
39347,15181.173606367263,13444.95907260922,81.0,113.14232675414216,8.0
39348,34229.36442789774,9106.66937096347,181.0,126.9619559493087,8.0
39349,45900.33697266294,9950.37368108103,209.0,126.58793194201877,8.0
39350,30590.067847612707,16862.075032875586,316.0,117.06587223789683,8.0
39351,48130.58647442264,28363.779926532858,4.0,115.16248214310862,8.0
39352,43551.17794002288,2871.763075762534,92.0,113.24263753907142,8.0
39353,33562.915691477014,4304.557173748875,207.0,131.60106329394725,8.0
39354,41404.09867506077,736.0770206711001,14.0,120.2607718076391,8.0
39355,30532.135470704314,1849.8578523712945,35.0,124.63167052312755,8.0
39356,33589.611881481265,15080.435824791806,132.0,121.57451961884593,8.0
39357,50028.64857119332,1179.2802258884353,97.0,138.89339399379963,8.0
39358,31454.867243651894,1849.6633896670337,50.0,119.3534952480259,8.0
39359,58494.77430678131,25931.616031669964,27.0,118.12956340056706,8.0
39360,33590.33831293893,2366.899404494282,35.0,118.32330256863033,8.0
39361,54255.34494709461,924.7095897203305,79.0,130.0304308956483,8.0
39362,26911.451353597386,11198.73177051941,176.0,106.31315820334284,8.0
39363,20763.740421304035,7451.50624009926,278.0,123.21093067345541,8.0
39364,31330.305001458157,8760.31151638156,181.0,110.49520627759411,8.0
39365,49034.61124353631,1849.797634003573,171.0,130.11387239075214,8.0
39366,8453.706041136005,2870.9201110875547,11.0,105.90865907410142,8.0
39367,27377.976162323263,8234.964615585657,139.0,120.96186877218469,8.0
39368,50979.723732019505,1989.6471857008812,94.0,124.78261308133744,8.0
39369,18536.43854160487,7722.945274502082,208.0,121.43816931825887,8.0
39370,51901.55234636903,8074.029233324584,272.0,144.2912881587117,8.0
39371,47540.41734120513,3095.710082180894,107.0,124.23524192010505,8.0
39372,49696.6725056541,34661.45738666204,39.0,119.45403242947069,8.0
39373,22712.79012592259,14095.139700504335,9.0,114.06285327148603,8.0
39374,33201.65932559385,15251.838969344488,281.0,104.92019206824308,8.0
39375,46300.70664707491,3699.950482386389,115.0,118.40668431666364,8.0
39376,17846.490426898454,7482.489098063315,489.0,120.34677420839226,8.0
39377,36849.8163293706,1184.2250393917702,22.0,119.77483172154318,8.0
39378,19191.177220031837,2883.1624165397297,142.0,118.87620446152694,8.0
39379,60206.584704864785,732.5048597105373,50.0,146.4473676418955,8.0
39380,52125.031791034904,3984.9483066004386,81.0,131.87015134165273,8.0
39381,44356.1592819538,3138.8474819462704,28.0,122.62876579091112,8.0
39382,15467.560728766408,4419.196062054152,51.0,103.09669407937224,8.0
39383,18535.317807374955,924.8456877198191,87.0,119.84083770791536,8.0
39384,43633.80321873127,3685.938321723752,90.0,120.70791515849064,8.0
39385,27813.10560705332,4306.174488046399,348.0,113.76939836465931,8.0
39386,18970.615930504213,2393.281796833855,113.0,105.1273568256258,8.0
39387,49796.96489377283,733.047885027352,147.0,133.93460713760504,8.0
39388,55349.8252946037,1179.9524590696803,79.0,117.85651744052836,8.0
39389,58559.76716611012,12580.868337829565,63.0,120.74960111512591,8.0
39390,16847.91163217494,8561.852525111675,-76.0,102.7380102664921,8.0
39391,11619.276068372674,11117.852643358327,-322.0,93.75136463098157,8.0
39392,36385.64190277216,1734.629388339259,20.0,111.83275461897497,8.0
39393,31880.14189169336,1181.886636677369,22.0,121.25051867753038,8.0
39394,51585.67838347716,29004.47911035079,-139.0,115.46564593318884,8.0
39395,53261.769792441504,10574.689472294185,539.0,127.9705386685938,8.0
39396,19715.10105390684,6931.654135884007,39.0,108.94654944309497,8.0
39397,30953.498533517926,10312.594314401125,186.0,104.28503581015006,8.0
39398,35719.55224126065,13982.671483566528,38.0,119.58683960141049,8.0
39399,38460.32448172463,31802.249875302106,80.0,111.38694423649625,8.0
39400,43415.924286809524,5210.95477853141,153.0,134.28501779189384,8.0
39401,30537.98681043446,6655.0405775731515,16.0,122.17110440755235,8.0
39402,53742.876438007435,1989.5973892358077,70.0,119.8655546705583,8.0
39403,17905.941820063843,738.2590100040495,52.0,117.09948282860925,8.0
39404,29096.430887533843,5848.600613956109,112.0,118.1789037936071,8.0
39405,35682.56996284584,1180.8447797098634,20.0,116.27441757763896,8.0
39406,56849.90619992061,925.1048841574027,22.0,119.24530430416331,8.0
39407,34220.873624863845,17572.65447140889,183.0,122.99407555281215,8.0
39408,38638.44896508206,1183.1325653492165,80.0,124.5751716081823,8.0
39409,11484.067993351511,9509.832735593829,-21.0,99.22288860991185,8.0
39410,55580.500726998835,14240.01113675023,95.0,125.25382686462612,8.0
39411,35554.245738733356,14218.61263265065,528.0,130.15053216199126,8.0
39412,55277.550141735344,1849.93171683862,69.0,131.49368564753104,8.0
39413,49690.7107256856,45643.29424258745,-48.0,114.31853025946737,8.0
39414,58847.85306774486,8259.917172550742,87.0,129.82541815903812,8.0
39415,25802.48434399364,5157.3770919442895,111.0,116.87609531393471,8.0
39416,40636.35900197487,2875.999014002137,16.0,120.31346190855156,8.0
39417,9265.444361856664,1473.885161837932,23.0,96.93897051958447,8.0
39418,26230.94746997838,1180.9233776982805,160.0,124.11996909464925,8.0
39419,21226.795462274727,1740.5659494489441,179.0,123.27637153117698,8.0
39420,52743.59333828086,924.9682057686671,16.0,123.87975588118118,8.0
39421,35279.39221418321,5483.322699545515,224.0,108.82380258067789,8.0
39422,39774.99552144664,6354.577626216652,174.0,119.82048331359688,8.0
39423,42100.998949931425,5228.617831415405,160.0,129.297250839895,8.0
39424,45798.80514943069,9007.430839860443,76.0,122.23087343828553,8.0
39425,53710.97319116404,42751.55011976316,67.0,116.54132202215035,8.0
39426,23235.495223706504,1182.7462534644224,46.0,115.41168766177563,8.0
39427,53229.96352841235,3771.4454237863647,227.0,129.9598330225616,8.0
39428,44678.29056947517,31888.262543434248,87.0,118.28691329405547,8.0
39429,52988.27669495613,2388.419181714524,91.0,133.55091429736825,8.0
39430,23169.349477669304,2871.2556498481044,99.0,114.4293070847191,8.0
39431,41532.774066092934,1470.8554803659597,159.0,128.5944990690145,8.0
39432,14992.779148575446,14269.746928156957,-50.0,100.36593161405223,8.0
39433,45073.86767599915,32987.61212545061,183.0,118.61005782620697,8.0
39434,57146.71714517618,9412.946660909069,483.0,118.7617546645196,8.0
39435,38976.96417057212,20206.177049486487,182.0,113.2568475723385,8.0
39436,38420.67064576927,3979.7567658519038,24.0,115.89710352616014,8.0
39437,14095.197640013423,924.9886602177594,68.0,116.03972478106033,8.0
39438,37748.01930386967,5238.688594913943,553.0,133.39399136167208,8.0
39439,32942.743879759,4724.513311089313,22.0,116.40622244292065,8.0
39440,22247.39474673376,1849.854498474127,62.0,115.51469943323167,8.0
39441,42705.80078493471,925.0442435188424,74.0,130.71498413893536,8.0
39442,40674.879575500185,19339.28468938024,169.0,129.02784065027726,8.0
39443,31827.909377185537,23270.847266969464,-303.0,114.11054588487183,8.0
39444,43643.319441550084,1183.0435521967327,98.0,126.23222676641865,8.0
39445,23135.189605583542,9754.61938373519,-2.0,108.54599050145411,8.0
39446,63444.348139314476,24163.118336271382,44.0,124.47226722763753,8.0
39447,63513.84723977717,11087.35550773255,244.0,133.9616508927857,8.0
39448,38442.81165322233,7196.722315779545,62.0,117.08830269840486,8.0
39449,35553.53054899,2878.8959739327515,19.0,119.25161824230325,8.0
39450,43559.43473858219,3081.723070347803,302.0,131.80271934337588,8.0
39451,35493.292056697355,17751.86570463941,132.0,116.84004027145188,8.0
39452,47604.362320299624,924.9759032852426,21.0,119.15819739769623,8.0
39453,42088.20562994976,733.5408974396851,228.0,135.6783813206051,8.0
39454,32139.166788043723,1470.6921661441456,35.0,114.74303396984355,8.0
39455,45391.72248038657,33787.44778951055,362.0,129.64678725527838,8.0
39456,25572.270736561866,18930.05586050181,80.0,108.13173623917073,8.0
39457,34545.296029680925,24177.158332653078,-135.0,115.52092476853373,8.0
39458,14550.079311777119,9334.152438721823,-3.0,99.6237102053479,8.0
39459,66853.0495706444,4315.525754519906,278.0,131.7843753263307,8.0
39460,23007.090145225975,1740.225262289153,167.0,123.28117681341442,8.0
39461,55485.32874837423,8273.644113462826,33.0,122.53838879598,8.0
39462,28937.891870841177,7588.715041373066,232.0,106.3867891208734,8.0
39463,20401.54893364442,9278.491925133998,65.0,103.73124220283877,8.0
39464,35803.298587300545,3800.3813047298063,210.0,125.76981381088451,8.0
39465,52924.569324485514,15295.713755848745,55.0,114.33381185806869,8.0
39466,31507.98055814744,14387.890215296802,163.0,108.84264675197532,8.0
39467,32587.372931417387,6286.668338310643,44.0,115.11420512964528,8.0
39468,27672.785957389104,1742.651459817116,50.0,126.18035968561905,8.0
39469,24794.03901583501,5767.056058828844,47.0,117.12756978526485,8.0
39470,58001.88881695119,18953.66917062474,31.0,118.48718936536008,8.0
39471,42173.98538211205,4126.782768132656,163.0,125.07991935942496,8.0
39472,39969.237467667925,738.404017775897,11.0,118.79674669979366,8.0
39473,51761.28089551737,924.9824868532351,9.0,123.17217402972315,8.0
39474,53317.82105676417,12819.201866113646,38.0,121.66083728631278,8.0
39475,46305.30686425875,4313.777182855956,155.0,127.89617993829276,8.0
39476,63555.0839890058,4718.685031006781,107.0,131.12447846296567,8.0
39477,41347.28942719729,736.4013995115907,74.0,133.55520136361474,8.0
39478,64328.960508540564,2358.467018563006,374.0,145.13379400298555,8.0
39479,51215.84157343308,34891.357109920995,120.0,123.33307930537686,8.0
39480,47732.26703992377,29610.579348284653,132.0,113.6447714292654,8.0
39481,14541.207690361256,4610.629169299572,11.0,111.88998886557394,8.0
39482,37850.414164005386,2362.4168166749905,45.0,116.35734904972287,8.0
39483,42087.78267953176,11092.414698860828,95.0,117.89638554093595,8.0
39484,44383.71531093993,3984.2832106233736,40.0,117.39482702626833,8.0
39485,18536.40080664012,1473.8040738943455,110.0,118.91100564244226,8.0
39486,10591.828385843133,1990.7783393083016,22.0,103.99809474009791,8.0
39487,39810.246577860475,4417.782448624046,328.0,113.80014751415096,8.0
39488,20196.82948781636,7965.576899349834,77.0,105.79012877855754,8.0
39489,26983.64527546379,16713.188878149816,241.0,106.203900001472,8.0
39490,28006.982405993498,6522.174426364762,139.0,118.6286812611111,8.0
39491,26928.132819922273,1991.8578579023697,25.0,119.9487997968401,8.0
39492,44287.45714911317,1741.8690528395418,43.0,119.16570235609615,8.0
39493,22768.260705870718,16113.336040564016,80.0,107.74148458194837,8.0
39494,6639.918110544798,4682.906928126831,56.0,94.4249566649028,8.0
39495,37235.776698571324,20079.431337054913,176.0,109.90976580350801,8.0
39496,20381.70468639717,13735.12270929297,-18.0,106.46366073132025,8.0
39497,33931.70020902847,18436.49518685834,181.0,108.8195021204059,8.0
39498,42330.54350578034,4603.693175797732,282.0,124.06351260750573,8.0
39499,66508.32077231596,8775.917745837693,204.0,126.2538486092784,8.0
39500,33695.07220157335,924.9829869628041,23.0,120.28190689737595,8.0
39501,36369.96638711633,2209.1462999838013,308.0,131.44803966466245,8.0
39502,32707.859090331844,2869.9892559892764,243.0,127.59676723692424,8.0
39503,41679.2324424714,924.9403019434337,32.0,121.16858100290038,8.0
39504,35339.31674943625,15792.231838153115,223.0,124.23819173137059,8.0
39505,56241.727822071996,1989.4049339056605,102.0,119.55196841287174,8.0
39506,51001.42776383044,33952.64697369821,257.0,115.8043353179794,8.0
39507,58523.20924397255,1179.7761651660878,30.0,123.69330596136388,8.0
39508,45318.83949433754,3984.7781164018256,90.0,123.66255640737967,8.0
39509,39698.13082851353,4038.8426466746737,12.0,116.6852428959721,8.0
39510,56413.64978953122,16230.747901367073,75.0,125.36863122320648,8.0
39511,42302.74696347082,4126.106011725306,170.0,121.05735424412025,8.0
39512,37630.73622680941,16875.06049170716,46.0,107.93694617922358,8.0
39513,31714.83043228577,1734.7976290142992,176.0,141.43197193578027,8.0
39514,58407.9291580072,34508.8620080718,302.0,130.59416172807346,8.0
39515,41825.718430626104,7960.787420188692,121.0,120.65321711299076,8.0
39516,42861.74262828526,25725.43664275484,163.0,112.59401418475764,8.0
39517,28673.296060328208,4311.723446081434,37.0,117.00641624485179,8.0
39518,49235.233533659106,924.8838733374176,34.0,130.07417830937507,8.0
39519,16849.99845478609,11389.143500733073,52.0,99.70086247181332,8.0
39520,46639.07362816015,18773.047669663116,48.0,114.03650330294741,8.0
39521,45132.33969373954,1992.242538407436,74.0,121.76066430965318,8.0
39522,49710.86183051751,32696.650468748252,183.0,123.07928788080675,8.0
39523,44920.634195844046,24161.01166325144,226.0,130.48338484258244,8.0
39524,26541.61652496001,14443.533587921822,183.0,114.90212869027934,8.0
39525,40610.272085160104,737.2177182034459,76.0,125.55787217585737,8.0
39526,23509.769729936386,16850.34097884519,61.0,109.31556041336452,8.0
39527,38774.188756067066,3080.625704263146,84.0,119.91301567488487,8.0
39528,50164.537915972694,5230.666279163134,126.0,130.96663095393535,8.0
39529,13023.728046144002,11299.53891323975,81.0,111.90755886342826,8.0
39530,15710.440351974747,5485.3779071685985,364.0,124.13271382202234,8.0
39531,33970.841474938046,16218.250741274873,-14.0,110.72191250475353,8.0
39532,57186.916129643374,924.8441094501084,90.0,128.6665482633502,8.0
39533,39252.665973548355,3473.0342046535043,29.0,114.3167719275565,8.0
39534,39134.93078380528,4601.399722414402,51.0,116.36309303970614,8.0
39535,58228.58880448249,21678.10252995574,55.0,115.6531252102751,8.0
39536,18912.157025561148,16547.265431166456,15.0,108.1494461884732,8.0
39537,56910.360464789956,9912.736919510688,249.0,129.8093211502894,8.0
39538,29104.238398887333,7087.938351002352,26.0,116.67756510633633,8.0
39539,53281.76624248544,29597.853937297168,124.0,121.56237844483397,8.0
39540,29529.923435997564,15436.031647462023,163.0,115.57064492498279,8.0
39541,28475.464623117423,924.886982340309,200.0,129.60865599109317,8.0
39542,30558.81926631252,4624.79304481543,80.0,117.48413947211064,8.0
39543,40040.47740279022,924.9332840561314,8.0,114.20387885464262,8.0
39544,50919.913733317924,10201.026842784055,280.0,115.12662863795201,8.0
39545,22751.983224413605,16097.631003374849,71.0,107.96935619936842,8.0
39546,37720.89698540673,925.0837504672372,13.0,113.88925707837775,8.0
39547,65827.26987762492,924.667931153426,57.0,132.41011054547872,8.0
39548,33285.465963237526,2397.7795410761264,166.0,119.5079864563629,8.0
39549,19861.028153985117,5216.285071635675,341.0,119.85885550849787,8.0
39550,39521.8745329279,24761.303125511302,183.0,108.54769437378566,8.0
39551,43882.45466565629,2391.534868341755,102.0,123.45647096312354,8.0
39552,27709.93009185031,16153.571585596976,60.0,110.11443715693503,8.0
39553,57880.00078960961,1733.9939649024598,33.0,123.40087693617431,8.0
39554,10954.926872685955,3796.6177604462528,46.0,101.7883836614262,8.0
39555,43937.265757442445,11401.297746433222,76.0,114.77457008735972,8.0
39556,11620.13283752084,11118.064451136192,-49.0,97.94273132423933,8.0
39557,51301.26380335939,5598.181280181227,5.0,119.15909989021334,8.0
39558,43671.93119307123,11689.14187619846,282.0,127.31206972151827,8.0
39559,47375.90575376245,23036.860148623007,139.0,113.86473189285009,8.0
39560,57068.36222564624,15727.082286632321,95.0,125.45784455344617,8.0
39561,35105.12909532034,733.7263725556111,135.0,148.87049219659377,8.0
39562,53076.75651081256,2360.909709933759,78.0,119.93012778655739,8.0
39563,29796.164137880485,29104.78904682102,-390.0,104.10670277557281,8.0
39564,29732.618047211992,9336.315952690757,64.0,118.6951917936756,8.0
39565,42774.57316708101,15792.274422768853,286.0,126.77362792641989,8.0
39566,40233.81105605975,31955.247253826805,153.0,121.04338666489879,8.0
39567,16310.849892372675,10353.552565074539,-5.0,107.77714644359864,8.0
39568,34104.17426796166,924.92854716815,18.0,109.8484031374417,8.0
39569,25041.90230079145,24305.622756894452,-133.0,105.63701327009294,8.0
39570,52738.905207729505,924.8124796147303,9.0,119.93780423776053,8.0
39571,49040.78887801274,30019.044056363713,274.0,129.28543648100123,8.0
39572,36430.83890086084,739.546302334155,39.0,128.73538975123697,8.0
39573,29357.223938205414,7479.527918092579,36.0,110.17317609503013,8.0
39574,42552.49664194715,24596.80320353202,267.0,108.97231787604346,8.0
39575,16648.9363157289,924.9142904630557,49.0,113.83660521558745,8.0
39576,52728.574844730065,1989.9220785123794,12.0,122.14810400681431,8.0
39577,38045.799982671604,734.4208887236264,94.0,126.9386093070038,8.0
39578,43509.267878062805,10243.97937222537,127.0,114.76445347437485,8.0
39579,45408.201727919826,1990.2900976672217,121.0,120.2199205612889,8.0
39580,40566.783762977226,4421.70714565985,29.0,113.66787951422245,8.0
39581,41928.03499219707,18420.785087827335,274.0,112.34664414827759,8.0
39582,43864.29414795252,8609.1275029851,106.0,125.32277233834253,8.0
39583,40558.445746028585,1473.6771225656069,349.0,135.05792095289397,8.0
39584,30003.53001505613,10964.982107787886,60.0,118.8128529581492,8.0
39585,43290.4400078892,17667.479975884766,103.0,116.68170900740951,8.0
39586,26863.704208856518,1849.9505748011616,133.0,110.29218460876069,8.0
39587,47451.73921289987,9278.158020819295,116.0,113.83937622788883,8.0
39588,26795.205877182118,6873.91344044775,26.0,118.11886834774643,8.0
39589,55355.712473202184,7718.071314768276,305.0,131.9471357085978,8.0
39590,19513.223444374147,1472.3250223035927,238.0,125.79983627919296,8.0
39591,21536.92621942305,735.8651178619534,103.0,121.38653882370346,8.0
39592,29925.616706476605,3772.5788393340113,66.0,114.90992492471233,8.0
39593,55409.042271647064,924.7261136632413,51.0,128.4956974181541,8.0
39594,38941.547325987805,25661.815049730994,138.0,120.324315287957,8.0
39595,17773.144770785773,2945.5841915347887,177.0,119.75842789638617,8.0
39596,33377.75290820251,13718.753669636211,252.0,124.35362340822238,8.0
39597,40785.98988698438,10358.374149185876,400.0,110.76749884881896,8.0
39598,54442.28397754862,37424.88741855346,183.0,123.85342046621344,8.0
39599,47896.10491063964,5773.859390337236,413.0,124.77852504694914,8.0
39600,12820.003178284629,10674.457582287503,12.0,101.66728823197496,8.0
39601,38376.71944752456,12224.673151604811,52.0,115.81949028947284,8.0
39602,44517.53850130894,2871.83470790429,13.0,124.41749351093029,8.0
39603,43238.24828122609,924.7719725916916,63.0,123.58742559069199,8.0
39604,44389.03058556485,1989.9878011041737,120.0,133.07538523587715,8.0
39605,44300.03174038201,1180.2161594028287,178.0,141.0038331853437,8.0
39606,22075.366707048892,2871.135823200626,34.0,108.4085775352294,8.0
39607,39082.03167982976,23588.130879960794,181.0,110.50236218031651,8.0
39608,19412.12171216644,924.9856774720231,190.0,131.35628030065635,8.0
39609,54922.91607584637,2360.6827730740815,28.0,117.1213461574492,8.0
39610,32704.153211839443,735.2751716766072,98.0,125.59022136637516,8.0
39611,38280.24174928583,5154.064985280335,26.0,115.4271083100406,8.0
39612,38378.22620222758,2774.6676331769995,80.0,118.12152007430888,8.0
39613,16149.531161616735,6640.128939966028,330.0,122.40387816223299,8.0
39614,12361.016958014276,10631.37887459856,80.0,111.47651031884861,8.0
39615,55455.14032687628,8824.10434157031,219.0,142.7651185234679,8.0
39616,36967.61537822003,2870.131407188816,68.0,118.24699040531398,8.0
39617,20587.97905037695,18857.51892581805,13.0,106.38895352908771,8.0
39618,32781.39769464901,11196.773059550009,108.0,119.045971024336,8.0
39619,43776.769516462344,27904.15621300738,116.0,112.01288221182926,8.0
39620,43470.37062721351,6629.809762103,53.0,116.11087582011739,8.0
39621,53799.51535690375,11418.870237873834,81.0,125.00347239608637,8.0
39622,37630.669657406834,26024.415734507373,39.0,113.82993556696158,8.0
39623,51970.05841793198,9914.661536027428,27.0,121.35448591961782,8.0
39624,37229.74920454419,2367.445675827656,76.0,125.42697954118837,8.0
39625,37490.33400497249,16157.831300770253,37.0,119.56929614890404,8.0
39626,26640.991962356773,8879.737712970946,66.0,110.88116399442359,8.0
39627,42711.936659564,32530.047406856007,116.0,114.50234969259364,8.0
39628,61415.9803955622,1733.3138354862724,96.0,127.03284689665037,8.0
39629,61678.020429400145,45355.29025088604,120.0,124.91817496508719,8.0
39630,23309.84296940345,924.9174084682013,44.0,115.67001879787203,8.0
39631,47343.94043883501,1183.5486358266498,253.0,134.82551575405884,8.0
39632,59063.336955080726,10622.906744984824,-2.0,114.80001829776873,8.0
39633,45010.97168374007,11504.069461195995,178.0,121.07474225008221,8.0
39634,41982.393656296066,1737.688601817395,80.0,131.37416243776883,8.0
39635,46250.66306861973,2774.6001896167754,29.0,115.1673088828984,8.0
39636,43497.71582796498,10174.756328036225,375.0,128.94506096507706,8.0
39637,25929.070198637783,6692.908394978245,179.0,119.94841604674917,8.0
39638,36000.30090084593,1181.06441612886,169.0,129.72856433916968,8.0
39639,16298.462747997672,13377.076250385275,-5.0,106.93659659198418,8.0
39640,36071.579870133224,22791.62067851542,130.0,119.95046520987154,8.0
39641,22100.519931425966,1472.8532831392165,27.0,106.93281391600588,8.0
39642,51086.938435455246,38295.24311636817,87.0,119.50229404392923,8.0
39643,33374.24199609385,9011.256337785791,25.0,118.05016620276183,8.0
39644,36102.29996131097,924.9160642894841,98.0,127.26511292754702,8.0
39645,6345.162623872991,2394.8300250069983,-7.0,95.97308432340672,8.0
39646,57880.161266191586,7082.489645668199,86.0,118.47031545542296,8.0
39647,33125.56570687376,1183.4764250623086,91.0,131.07257250091317,8.0
39648,30576.780003622767,19022.73273224624,62.0,113.50747121275352,8.0
39649,55962.15968978022,1179.5213540670175,120.0,129.63152346360476,8.0
39650,23526.41042410803,16865.998717711624,74.0,107.65903029178367,8.0
39651,13963.914306488328,7570.314262015704,15.0,104.43632866427821,8.0
39652,47190.83744547805,1180.1735482205615,44.0,125.25033083083053,8.0
39653,51219.73496508853,2875.006136012061,307.0,138.53557023502887,8.0
39654,60402.39831881663,50205.61327294165,116.0,119.75301305212517,8.0
39655,5964.315136808825,5238.156789458952,-38.0,90.5025037181216,8.0
39656,32301.630605735503,1741.679061452112,166.0,120.52051012585395,8.0
39657,41811.69228509858,3541.7245619218447,171.0,130.79834562333656,8.0
39658,44173.09895569044,7083.487516656024,163.0,119.70637356430082,8.0
39659,49683.86626893153,3486.3704816610157,352.0,127.15030800704571,8.0
39660,51929.717141637964,4599.655347746922,68.0,122.444020302933,8.0
39661,48793.81347347594,3771.3867298721693,207.0,123.93287986190649,8.0
39662,39812.489840915936,9097.799216869778,104.0,114.18681694011366,8.0
39663,10954.074496994368,9262.135177578331,64.0,109.42392442474258,8.0
39664,46779.91854695153,15620.611291223096,95.0,115.42024695110894,8.0
39665,20018.56677065599,1183.7336361109512,49.0,113.63873190447855,8.0
39666,43909.61961334731,7585.352764740509,166.0,123.05670144760121,8.0
39667,16713.52409837808,15792.452071342923,-49.0,104.55613718152904,8.0
39668,48653.95515674853,10624.144540999829,134.0,131.67402756219835,8.0
39669,43221.02075219312,737.0561394651384,134.0,130.40281399810056,8.0
39670,39828.18921847824,10823.025068195546,236.0,114.54568854304047,8.0
39671,61540.439746455006,3537.796414050118,34.0,134.40843926699927,8.0
39672,26512.734788727714,4603.370890749054,284.0,136.3121691194525,8.0
39673,47223.784040941486,1850.0019572013366,71.0,125.08858375699528,8.0
39674,26103.692685200796,8304.961586126092,115.0,115.2236720842498,8.0
39675,23991.69168017873,735.5534217892872,53.0,115.24109023775966,8.0
39676,37607.2538700293,6869.981538688227,18.0,118.72168786915884,8.0
39677,29749.80668260203,1180.4526775563797,43.0,128.47790851068004,8.0
39678,23230.186458259013,1737.465141153719,22.0,111.2784449363265,8.0
39679,54081.60153021779,924.9954215183405,48.0,131.33697213467343,8.0
39680,50654.38971667844,5750.725369886311,270.0,126.05062225717862,8.0
39681,42766.56874427534,31246.79277353351,81.0,117.62388789222999,8.0
39682,33895.74143451676,16967.08762082545,186.0,108.8039530444909,8.0
39683,24580.44846468244,734.6582745923265,121.0,126.50118516307921,8.0
39684,27268.58438277636,26532.69931527586,-179.0,105.20647466910879,8.0
39685,21585.37459818568,924.8015364049865,24.0,118.23437100666061,8.0
39686,12100.23776285319,6346.689585011718,44.0,111.1431215622589,8.0
39687,17692.516384630308,7451.807961618984,182.0,117.64827766142471,8.0
39688,29476.531329056405,736.179744656523,69.0,121.70254437547088,8.0
39689,15146.686704999267,3545.821374973445,17.0,105.05096385960587,8.0
39690,44715.3083497371,3552.064959610777,61.0,130.13692926971459,8.0
39691,28250.0832328138,9231.788887780507,487.0,128.56346011252307,8.0
39692,38467.14308946254,5965.780438529117,553.0,133.08014418732833,8.0
39693,17822.548413857643,16141.120587372816,-9.0,113.51412305861501,8.0
39694,41234.58790516496,1849.738824925391,67.0,129.56989181772533,8.0
39695,36291.292791769,733.8025128051482,117.0,140.30853620689615,8.0
39696,48536.81463596569,23083.79066346493,172.0,125.91378642737575,8.0
39697,26833.028858417645,925.0178454006781,289.0,132.02072189498338,8.0
39698,36948.886036201075,14933.112529820439,235.0,109.25058579174812,8.0
39699,16078.015460130044,14359.81095615937,13.0,104.29764555552696,8.0
39700,54353.67661885606,1989.2941783322858,23.0,117.96234255440172,8.0
39701,63741.41810896189,5491.411212110343,153.0,117.8405058312199,8.0
39702,18869.35594491094,1182.392196015858,58.0,126.34283863040478,8.0
39703,68212.26557363452,59933.8039683937,153.0,113.80856282408347,8.0
39704,55494.72530998251,7555.243925144093,196.0,143.05022512516547,8.0
39705,10433.974185027204,2394.150040114497,104.0,94.00154514480452,8.0
39706,43050.187738946704,29612.076864605264,78.0,118.68446076513108,8.0
39707,20376.089591128653,11695.936402878571,294.0,116.61466285680186,8.0
39708,35595.345191940665,15896.153233613926,77.0,112.72767733960902,8.0
39709,45628.42330708995,10986.595125121024,-24.0,116.19866612135758,8.0
39710,31466.169996377084,735.2772284123843,0.0,118.32837339851518,8.0
39711,49041.76976021711,7590.165847615107,61.0,117.03499270093155,8.0
39712,36918.87163603484,1180.400082156438,252.0,132.65787345391544,8.0
39713,40068.53558439399,1469.6945000998267,165.0,128.90809891897678,8.0
39714,50032.04803989815,6474.242052465717,84.0,124.06167169493837,8.0
39715,55239.137614395535,1184.965175696516,89.0,132.41384212738774,8.0
39716,36333.57601518992,17310.589382169852,211.0,126.2977900950323,8.0
39717,36817.680238066874,1992.0310154254819,50.0,128.07326563174206,8.0
39718,41649.12848142983,5549.924790633263,343.0,130.03330144488865,8.0
39719,58181.98024473051,1180.1493538961913,47.0,117.80519405898787,8.0
39720,34348.92087919178,924.9320696999825,78.0,122.87333257036713,8.0
39721,37724.247366911586,29273.399252070703,338.0,128.11266818543004,8.0
39722,37674.49495500995,8157.120382272233,175.0,123.99224690861732,8.0
39723,49236.33675735876,739.5894778625519,60.0,126.19178485573586,8.0
39724,44972.86920883012,4040.797652417246,177.0,127.24851071025432,8.0
39725,34627.17976245841,33891.210328449524,-260.0,106.55572330629103,8.0
39726,20084.440350208963,2947.257742967217,54.0,110.44291169692661,8.0
39727,38298.957082951456,5469.967306248778,312.0,128.98463845410973,8.0
39728,30129.868728881487,13709.633071518612,73.0,110.8525403843416,8.0
39729,28070.326469805015,9961.223573488563,214.0,119.17442621979758,8.0
39730,16442.924009410675,924.8741738182804,39.0,116.53215032108952,8.0
39731,24973.524045559465,924.9241969508541,44.0,122.1528910582598,8.0
39732,9509.480761755884,925.0239384372126,60.0,109.8605843623396,8.0
39733,50892.990031683534,2774.914421903804,161.0,130.36177702855272,8.0
39734,38041.37039831818,14184.990246570753,130.0,125.01829398526817,8.0
39735,25600.504948674396,9942.14728294353,461.0,127.51761419317283,8.0
39736,54707.68058150755,7957.544970084584,145.0,139.16748731019936,8.0
39737,43458.75039761444,5743.277213887633,76.0,116.69880900949069,8.0
39738,35951.414969507015,18932.8493134842,183.0,120.3004145334449,8.0
39739,53844.23149744183,739.500546767222,133.0,133.47747437673013,8.0
39740,38616.432195985886,16335.752738501624,187.0,114.23775766388638,8.0
39741,43473.38030075101,5743.573249016004,50.0,111.83447637619717,8.0
39742,25016.876955991524,4624.756400628678,68.0,114.97915731275857,8.0
39743,43600.528795511964,26576.15955204879,77.0,117.33018078802272,8.0
39744,4046.812429887444,3546.995169626931,-46.0,85.9783151882676,8.0
39745,39146.9204763236,736.1377940254008,191.0,132.73927194820413,8.0
39746,54971.580722962324,924.7925666852452,18.0,115.87311534368679,8.0
39747,46708.831323148785,27701.650222335946,84.0,122.5497844402859,8.0
39748,25031.46507779249,924.8058295073666,70.0,125.9920883819097,8.0
39749,42766.0713348066,3683.7363875288315,337.0,131.51772038247813,8.0
39750,38939.95810425511,23692.494906418964,365.0,111.18134931699272,8.0
39751,27461.139204234943,3772.080469764862,129.0,118.04758745291502,8.0
39752,26707.99280746035,1738.2842378529879,67.0,118.0182133983098,8.0
39753,12969.737321010412,12046.458599174613,-30.0,99.66265671437502,8.0
39754,50960.33898628817,14510.720475873974,94.0,124.81176066438344,8.0
39755,20199.099282468025,924.9971305634098,59.0,118.20339850457738,8.0
39756,42874.98382334067,2368.331281701418,24.0,114.83725529177732,8.0
39757,26667.635494030183,9623.448600388814,113.0,107.72492602943622,8.0
39758,51850.91439062739,5209.7260553369715,144.0,114.27745480596198,8.0
39759,36839.8049436452,3683.04537181518,442.0,132.63361304710133,8.0
39760,39305.29160452651,21189.952370287778,120.0,110.31802276502896,8.0
39761,50540.30555916857,734.2089817295715,94.0,129.24567793581588,8.0
39762,32198.74111749486,15070.719084365292,163.0,109.11801331844066,8.0
39763,39303.49859268508,15448.41634976419,130.0,118.42852598687794,8.0
39764,35172.495007470774,16148.24619703339,60.0,120.14899399105897,8.0
39765,47225.82557232865,30894.52295661283,283.0,112.63615427086714,8.0
39766,61612.696650025486,41234.84473653178,88.0,120.18141207467417,8.0
39767,34272.83428785422,16151.938108722768,132.0,112.69191277847595,8.0
39768,50384.07859280026,4682.596985035819,47.0,117.98206111327559,8.0
39769,56507.94234436358,1179.3230859832856,80.0,126.50038378159974,8.0
39770,49515.662136947,2871.8786298082805,48.0,124.37185580712061,8.0
39771,57266.007009249915,40248.49145928342,183.0,124.28458404542593,8.0
39772,40821.94981540889,14565.194367773342,65.0,111.93128752246844,8.0
39773,55658.59986527747,10181.731933367093,102.0,114.27055493663866,8.0
39774,28953.34392802522,2877.6609837068067,407.0,131.0295387053791,8.0
39775,10280.375832181311,2774.7709454906208,100.0,111.93446267595645,8.0
39776,12523.636191700682,4420.087495195776,10.0,104.4075932762773,8.0
39777,41795.17418287681,1182.9496270305126,29.0,119.96211698999113,8.0
39778,39173.80448595485,735.4272595813787,132.0,119.45274430128286,8.0
39779,39198.40323688703,22342.97867657065,71.0,115.3629643994781,8.0
39780,22099.41736711246,2207.7896351568256,144.0,118.95136505939242,8.0
39781,34121.48364994651,5905.664058895846,8.0,125.97407418996671,8.0
39782,36261.986803636,2208.9002691052506,240.0,122.11636341548166,8.0
39783,11383.015735496316,10670.20209465574,-60.0,98.03146509337607,8.0
39784,16857.758384529112,924.9465593836603,103.0,119.93646512758048,8.0
39785,55974.577540621845,925.1965234116118,52.0,124.99711367571098,8.0
39786,43290.81784420022,32469.919574141586,90.0,111.15588962432045,8.0
39787,60038.051917588855,1180.599377481554,67.0,125.47279769541491,8.0
39788,42034.85148417096,924.9229860693067,139.0,133.29182759575508,8.0
39789,29607.481388129836,924.928314226452,84.0,122.21443220470778,8.0
39790,17658.453291820864,1990.5035689175193,338.0,112.8117304009879,8.0
39791,32546.094917694285,10254.99224400146,5.0,113.20313139789016,8.0
39792,31116.47938397696,5213.849301634013,132.0,114.69500057102638,8.0
39793,21040.331731551374,6391.610490658814,381.0,119.18691491156613,8.0
39794,54131.414251749775,1735.4317248991208,77.0,127.35626057716694,8.0
39795,54053.155108926054,1849.7021497771939,41.0,124.77676250476263,8.0
39796,58665.15797229122,6943.464796004501,172.0,129.8724742840197,8.0
39797,67460.31589893838,1179.580218772995,74.0,127.21267117846786,8.0
39798,47643.145405115625,1742.2591923321254,112.0,130.7607977100251,8.0
39799,29477.729186902186,13994.636744264246,181.0,110.7131622448965,8.0
39800,5598.203822170626,4682.941291357219,-16.0,92.02674769326337,8.0
39801,28709.045391134245,2944.415335493041,10.0,114.84188213666121,8.0
39802,34280.64218398642,17845.54331094781,73.0,112.54060611839316,8.0
39803,49772.30192579405,924.9292716113634,61.0,125.49526736934529,8.0
39804,14183.73135523698,12380.359970918986,-67.0,100.74809578718543,8.0
39805,50718.33025544029,4682.283535496545,498.0,135.40099318912053,8.0
39806,24678.336710199477,3140.3397800285748,89.0,112.73872159379269,8.0
39807,53968.302076573535,11196.234534233388,310.0,115.36082227054077,8.0
39808,49015.63014024343,30001.46812821079,84.0,122.95949897488808,8.0
39809,56048.41353107579,45861.94121314784,116.0,118.32416233803066,8.0
39810,50620.998037020836,733.7467465299504,143.0,133.36795608660668,8.0
39811,63366.00801386671,731.8199090219147,60.0,128.30038025038817,8.0
39812,53213.28332297316,51222.944465830995,-303.0,108.83563813867401,8.0
39813,63777.42197105659,1179.3061298163036,239.0,145.79855746265798,8.0
39814,47224.61494227339,11124.027824351939,369.0,129.30394301510879,8.0
39815,44400.43724686013,7398.879284104416,156.0,123.12353014945629,8.0
39816,20380.729251862504,8622.140609220776,186.0,121.79769682746858,8.0
39817,15249.874997830419,6639.858673734442,47.0,106.90888167610069,8.0
39818,57231.31394692335,46268.396235372835,67.0,117.05538333983536,8.0
39819,32280.14882234836,734.4776338683494,17.0,118.32059442687863,8.0
39820,24481.60641462477,3983.4593531645532,31.0,112.58965376261082,8.0
39821,46983.871014743956,22642.456875640462,139.0,113.85009699900323,8.0
39822,43502.427946549775,23976.290290364843,77.0,121.94619555992293,8.0
39823,13258.786921111317,11049.04746371477,-12.0,106.51632532784276,8.0
39824,29358.862699065437,8833.150210848198,75.0,116.01392171377645,8.0
39825,24983.8505789543,1849.9185724514198,-16.0,108.55739179604531,8.0
39826,54197.383184535276,21639.312350522046,21.0,116.23107154724288,8.0
39827,7591.032882432972,1738.5993196000484,10.0,96.26368345122762,8.0
39828,31863.924968265528,9959.044661082926,238.0,128.46059739309277,8.0
39829,59584.17535278102,49394.35489431739,116.0,119.06414968404883,8.0
39830,31846.725187792006,1989.8817021836276,211.0,125.18538556359174,8.0
39831,55960.03973898752,739.3262746698691,57.0,128.75547759181623,8.0
39832,40802.25603590537,15792.178665363399,246.0,124.67073032239276,8.0
39833,36814.09056578372,735.7555173546242,114.0,137.02846740075677,8.0
39834,5482.841805429653,3546.6029887435634,0.0,92.87388812339448,8.0
39835,27780.749419435484,10670.7922522298,194.0,120.96272056843236,8.0
39836,56136.08158804169,14688.127026383117,61.0,111.4766125867464,8.0
39837,47793.73274641983,5119.967619177724,358.0,132.23224301611077,8.0
39838,63535.32646556679,6671.651706796795,121.0,126.49022774269272,8.0
39839,33046.595877368265,25502.018917172718,138.0,107.74264720056429,8.0
39840,32830.48956233838,1734.257724866707,174.0,133.16459317598526,8.0
39841,36948.53563714695,11963.86077010542,29.0,119.30786182992082,8.0
39842,36835.56768532191,924.9865553402946,31.0,117.05165916132137,8.0
39843,29573.86657237751,1183.305548608652,37.0,126.97983435248378,8.0
39844,44161.65846443281,924.8876051077855,42.0,120.54641381889053,8.0
39845,13083.30139655499,924.8998948337096,39.0,109.864148121175,8.0
39846,31147.688087147377,11081.79167841572,164.0,111.60624330452929,8.0
39847,58553.88744912539,1184.5020435316726,65.0,127.9151942836188,8.0
39848,58266.79935871273,924.6932053881569,91.0,132.1354919285745,8.0
39849,37003.340212642164,2945.1451238983186,343.0,131.66802181109472,8.0
39850,52973.427567836065,2361.295434713498,74.0,122.64369921676347,8.0
39851,22918.704878647965,1472.2537190636715,52.0,114.76680785566585,8.0
39852,8241.164687931214,4789.759639559043,47.0,107.0128759733356,8.0
39853,47800.74466133311,3144.9400833178815,53.0,131.2042671229308,8.0
39854,28486.286014266625,9709.865852007335,166.0,119.41008740847899,8.0
39855,8887.48295426478,6693.591861078494,-14.0,96.34264533193833,8.0
39856,65131.27794611368,1992.6538133395516,54.0,133.01863144398914,8.0
39857,39867.277976634134,21427.74963797699,163.0,121.20707162339768,8.0
39858,15248.81995753949,10410.614855374213,37.0,111.42617950991296,8.0
39859,38575.76731303939,34542.90555487707,-60.0,110.47219903530117,8.0
39860,39187.073008753214,30743.335528809883,370.0,128.5651609999292,8.0
39861,41855.02059508142,5598.305114501575,86.0,118.16783105616166,8.0
39862,42546.867648521635,1989.8705263986462,122.0,125.20474153393414,8.0
39863,32108.08787345576,737.0908746124015,105.0,126.96127105711912,8.0
39864,51342.92647228685,8661.906391636303,420.0,121.89605906165045,8.0
39865,53778.01405288287,5977.617870763543,43.0,124.02016432419352,8.0
39866,5763.198678881652,1738.5814583868291,5.0,95.44296707644463,8.0
39867,36894.8809806501,1180.9088384625861,45.0,123.47476200122802,8.0
39868,36244.565560635805,18123.02876280608,139.0,108.92884305890738,8.0
39869,29954.596976091983,736.2799398910691,34.0,116.30311908145771,8.0
39870,31334.402697300964,9833.09622033415,139.0,109.80922162563488,8.0
39871,16549.10493284505,14184.212865935744,17.0,106.82508884101529,8.0
39872,19769.26232179619,18861.154158822334,-99.0,103.75540801663014,8.0
39873,20874.36344971917,3086.229216878535,8.0,114.1917443728195,8.0
39874,59418.09788464873,925.1615148877293,28.0,120.8794416803538,8.0
39875,23889.760722584873,4852.86500516586,108.0,109.93469019133303,8.0
39876,33693.46427394555,16794.57286380077,40.0,114.60751965840491,8.0
39877,20168.157551861987,9215.113849991792,232.0,117.22303117066896,8.0
39878,52814.213630214384,35768.37670240149,265.0,115.39277683746081,8.0
39879,43963.02321175355,20100.40304308695,130.0,125.00302710739797,8.0
39880,46593.53216858193,44238.563794176094,-87.0,116.79205420932955,8.0
39881,54650.06704052308,1179.8767935125359,250.0,136.00160039936372,8.0
39882,53679.642431417626,1742.4037043893547,156.0,137.88464720802241,8.0
39883,44416.6268681763,1472.2618395552538,212.0,131.62351909515309,8.0
39884,47985.12016142215,925.0759773581104,17.0,116.76118255622761,8.0
39885,54553.89872283776,1992.4760882365042,23.0,130.17951270609905,8.0
39886,26561.03551096182,1849.8820584225273,24.0,119.94348736590358,8.0
39887,19986.74935744356,7451.407649336523,409.0,125.5444481881224,8.0
39888,40378.61033994255,1180.269296584616,43.0,125.00165928900893,8.0
39889,43499.315416241676,8257.97216125975,153.0,128.13114975123656,8.0
39890,57826.584941437366,925.0760184574686,7.0,125.46593433595439,8.0
39891,23729.695359020025,2208.9880189610553,10.0,110.48813406679042,8.0
39892,11785.729379754812,736.3142284614846,5.0,104.47250506254474,8.0
39893,61520.56784582939,59188.299458310445,-283.0,117.61481989109143,8.0
39894,23265.517881966636,15044.569628959402,-90.0,106.46904355903409,8.0
39895,49778.73204296406,2360.628472555504,20.0,116.20749361949885,8.0
39896,12113.80869378855,2774.8132751342137,52.0,108.90307391143861,8.0
39897,51878.80728940038,4856.007075746679,14.0,126.43417243786365,8.0
39898,36982.094027767074,14805.504500742565,238.0,129.42608895203037,8.0
39899,57878.171112586046,1744.4020415305965,147.0,131.73099176174057,8.0
39900,49888.339340511804,924.7477907868856,77.0,131.7735519576484,8.0
39901,27135.711245358507,13039.21284914459,163.0,114.5126087760932,8.0
39902,31177.677142512297,2362.407930092102,10.0,112.82893973404236,8.0
39903,27929.642427266816,23891.202807723686,-31.0,108.50079585371067,8.0
39904,63557.29586581132,732.0271479662526,55.0,128.56450798448458,8.0
39905,8647.27132532201,2882.851805398712,26.0,95.58315289882053,8.0
39906,37544.67791347257,4305.4142721034295,122.0,121.50057782662108,8.0
39907,58273.05611992501,9947.255637360779,349.0,133.61151589393745,8.0
39908,49521.06686241617,1184.0889542806933,69.0,124.13257347887638,8.0
39909,60233.046763862665,21242.79604530254,255.0,119.69698314535695,8.0
39910,7113.701267978857,1991.2274372241213,63.0,91.93158888790792,8.0
39911,48441.89249408407,2876.0948939512523,435.0,122.70216983598536,8.0
39912,24092.97643867759,13893.318003115957,189.0,104.29248730636101,8.0
39913,42551.942730261544,1849.680712909026,67.0,129.17932790181138,8.0
39914,56856.46455612314,7105.938693710082,447.0,128.6425864888985,8.0
39915,55662.02707844187,1732.875960297512,129.0,127.02684670698898,8.0
39916,62223.644268639604,924.8293693341109,142.0,133.8178424561923,8.0
39917,52973.82298569183,11487.858560202401,21.0,119.3262366352402,8.0
39918,39021.62218002164,1849.9173000158776,123.0,124.80815290550606,8.0
39919,38740.49582651903,733.5721265777074,124.0,130.63445601944775,8.0
39920,30041.575204250476,924.9100110532987,48.0,123.04144411769872,8.0
39921,52115.772640927564,8258.493308927958,256.0,126.47650226101571,8.0
39922,43770.91325326999,1849.9227272538967,54.0,127.98016525166418,8.0
39923,33561.938335971456,15448.41634976419,130.0,108.80881893023796,8.0
39924,47371.71431263444,3540.49586744875,73.0,128.25300956928285,8.0
39925,51222.38159451259,6912.122501364344,271.0,129.46963526652786,8.0
39926,37982.388832119745,3799.1702923180274,514.0,134.04568805455688,8.0
39927,51210.407756468616,3984.697223328799,57.0,114.13100865474229,8.0
39928,37986.31451011582,925.0264789330238,60.0,121.12003564686505,8.0
39929,29388.735263586444,8625.043040894989,111.0,107.12826229411858,8.0
39930,39881.31226292146,28363.680865298495,81.0,116.90662405450892,8.0
39931,51645.30736514194,33108.23530866186,161.0,114.67234469376157,8.0
39932,10677.316914715773,736.072899824588,23.0,107.17451148260994,8.0
39933,35115.501066240744,1739.906561730076,250.0,144.50090147921316,8.0
39934,47220.72403350535,6473.87680442539,106.0,122.35876064301121,8.0
39935,26266.544829584316,4797.327858118054,139.0,119.05732760732093,8.0
39936,33688.19918608696,17609.375108456843,471.0,120.5074919764497,8.0
39937,39052.00641933646,2870.5255614136154,59.0,120.30623144814632,8.0
39938,35768.116131945586,4682.924965467587,77.0,110.25809559449584,8.0
39939,57860.09865892565,5207.705645485344,78.0,121.45616345827264,8.0
39940,43776.627661492756,4682.722633047383,43.0,116.19271317955454,8.0
39941,60855.172138591246,48557.40495291203,55.0,129.1423056514984,8.0
39942,47760.958259383646,1180.2528419727403,82.0,125.58946982775241,8.0
39943,41910.124706731614,7602.722127272518,56.0,124.23066227267147,8.0
39944,61404.22389494244,30442.86683801403,-253.0,120.70182224925796,8.0
39945,55585.49974312408,53638.45054139957,-163.0,111.2422028920375,8.0
39946,48305.80787199883,34637.02235597815,120.0,129.22605957448786,8.0
39947,58858.58343066401,1180.0723280577731,27.0,123.50495304989218,8.0
39948,16086.421444448086,8902.668347761311,185.0,117.44544148053456,8.0
39949,58922.89122161347,9110.760614432167,28.0,124.3714506852663,8.0
39950,3796.772570294862,3087.8561538358426,-13.0,87.87770685498329,8.0
39951,49013.950943365344,3540.4463062842333,165.0,126.78254157489681,8.0
39952,24250.194475747827,3481.3183360779776,188.0,122.07315823974606,8.0
39953,45591.344151085,2874.34912154201,86.0,121.75838788268507,8.0
39954,46533.766765553046,1180.1286177019795,23.0,120.61060193028379,8.0
39955,37304.37436169159,1180.9054448238298,70.0,127.127464891029,8.0
39956,41468.794555316206,24333.916549873473,163.0,112.21474396830575,8.0
39957,32589.37834056721,15456.163045674073,163.0,109.4863686179825,8.0
39958,29424.343956524528,2361.8000457643484,150.0,123.23481781393514,8.0
39959,43711.14580727669,5902.2868866610925,133.0,131.23855370631568,8.0
39960,48373.75554636051,6330.408650705474,260.0,123.58234517577421,8.0
39961,44068.8931084553,1472.6254075837692,67.0,125.60594795224858,8.0
39962,60072.02638416771,15391.58441304809,43.0,120.22665444801262,8.0
39963,16220.433616420118,8881.252626971107,53.0,102.63961909536954,8.0
39964,37236.05101102615,22398.00504058455,198.0,111.09668590407101,8.0
39965,54777.38548034053,1179.497918476329,121.0,143.43234914566813,8.0
39966,32447.415162148896,14816.83211863118,170.0,113.60893798876434,8.0
39967,26361.14809544164,3791.3520204136803,47.0,108.70382068337096,8.0
39968,34442.68848991907,3139.129045249849,120.0,128.88888659883625,8.0
39969,38501.918844556785,18800.452509140905,73.0,111.00640919106259,8.0
39970,57817.50140329879,26479.442885657878,-11.0,123.22058166523534,8.0
39971,58541.80178140345,5231.871499075828,152.0,132.03018442111173,8.0
39972,38034.218191273045,2877.288163462899,16.0,119.49872410745758,8.0
39973,37062.56196223547,924.8534276207344,53.0,119.85422760230858,8.0
39974,57489.73626212641,7104.930653772266,83.0,127.82081076916933,8.0
39975,46669.138241697525,5129.486365250218,52.0,125.22315388359621,8.0
39976,48173.149774847036,26633.998638862162,53.0,114.72057734224471,8.0
39977,42850.73330443932,6405.828361275534,278.0,128.07423880087555,8.0
39978,23895.09020774654,12289.267895613813,17.0,110.43993452519126,8.0
39979,21757.429928048285,8760.071517666673,188.0,122.9741736616865,8.0
39980,18439.155150778235,1472.8532831392165,27.0,111.20588437815113,8.0
39981,42375.26615139742,35981.30759384971,-45.0,114.17368340724335,8.0
39982,50283.416483017274,20027.10123298578,70.0,116.56851989715784,8.0
39983,53217.20029988085,31884.50496480731,24.0,123.11275406243308,8.0
39984,30433.2219633266,9098.02922859026,485.0,129.41392245059276,8.0
39985,26561.892909472714,8454.380793596854,129.0,113.14831057590928,8.0
39986,19201.650288515,2362.7409926855476,5.0,115.00862308512978,8.0
39987,21940.18147787912,2366.8340493240644,131.0,124.66402120824844,8.0
39988,39745.602451509905,6915.015965393658,78.0,122.60659832214267,8.0
39989,57181.68550203393,55193.85901389453,-178.0,113.3118368980349,8.0
39990,64391.679186095666,23695.38838360748,63.0,121.84273356744453,8.0
39991,27832.947573856665,6665.492054812493,68.0,107.98061112446584,8.0
39992,22133.231207260375,736.7079165380435,44.0,115.89866724436197,8.0
39993,37932.14488824885,21331.234380161015,66.0,111.5965018826189,8.0
39994,53937.40295675221,2367.9168738086228,238.0,132.3609784337965,8.0
39995,30805.48255026562,734.7331831216734,16.0,119.27662832450724,8.0
39996,28149.262124627105,6839.076261161911,558.0,122.25954768498661,8.0
39997,50542.08209172952,2367.829903976435,101.0,125.2912644200563,8.0
39998,50511.862039435844,1735.4530869813323,82.0,130.64692771962746,8.0
39999,24761.347835151308,9510.704232680106,64.0,112.8377875901671,8.0
40000,34862.298246990285,8613.949798613534,51.0,117.5990816909708,8.0
40001,47877.95391622107,1179.908220506499,38.0,120.38883358942546,8.0
40002,41474.87421963743,27385.939428094975,163.0,119.56200082905764,8.0
40003,47452.8813835575,924.964079203064,5.0,112.23571608485004,8.0
40004,31126.790067568472,2393.1536831461513,53.0,115.85004037359982,8.0
40005,59118.77910926652,1180.04016091913,144.0,131.87768603784735,8.0
40006,34099.345978292826,8610.756828073205,276.0,109.23774417948702,8.0
40007,45497.154653223806,1184.158256714606,20.0,119.68451923648028,8.0
40008,45794.12277353858,19338.013856541296,139.0,112.17622614497928,8.0
40009,48370.48890865824,1849.8328167243308,195.0,131.10352758109423,8.0
40010,33862.89532048851,21070.154234584756,87.0,114.43574652467542,8.0
40011,38999.11528951848,12556.037082614352,145.0,111.51376865979019,8.0
40012,31579.80366633351,4305.672040557849,153.0,114.98590557508764,8.0
40013,44111.461838688745,6700.860503898611,30.0,115.0564623225406,8.0
40014,55830.107382284754,5902.928288280155,0.0,123.68744522169497,8.0
40015,60236.923328990946,732.4589616303866,69.0,129.20229562294952,8.0
40016,62726.22787705025,45705.746602516716,183.0,125.06214971887121,8.0
40017,64045.88375001881,924.6780349028116,45.0,132.79910139692618,8.0
40018,34670.589923218766,736.3374582357657,211.0,135.46862556165593,8.0
40019,35522.33501417351,924.9160642894841,98.0,125.30265384803934,8.0
40020,52647.801221275025,924.6995259224126,23.0,125.24490217435789,8.0
40021,40881.93006316582,36855.23784983243,-104.0,110.1565257708199,8.0
40022,53432.23032532158,3540.0839726406157,193.0,138.40156581272828,8.0
40023,18505.72770170298,735.3295508740924,38.0,109.39416290024414,8.0
40024,53643.79179932525,1849.7561874762714,17.0,119.24799181687445,8.0
40025,29777.60803922755,20216.51319674183,-149.0,115.06838976308146,8.0
40026,44103.48464839527,2391.3421286299513,43.0,119.52678075106304,8.0
40027,41559.005859384284,22774.26520965043,163.0,115.87250981117064,8.0
40028,40482.48144515619,1474.3021116642497,18.0,117.85231685659357,8.0
40029,40586.8608223823,8610.191240864073,259.0,129.14322639527387,8.0
40030,39038.39217071553,9574.7524999231,367.0,128.66756004099796,8.0
40031,28152.366806556347,15853.084280151295,64.0,113.50662729286546,8.0
40032,27104.300306726243,4786.077553422889,135.0,119.50456527866947,8.0
40033,57718.04392362692,925.0668851461872,46.0,124.42769909916865,8.0
40034,33137.34832362524,17993.20505893751,134.0,116.03920003274624,8.0
40035,28542.43447569842,737.5703670588127,77.0,122.79553259919204,8.0
40036,48432.278411138795,6970.130778980425,287.0,129.30447560683183,8.0
40037,40091.09868167038,9562.560043586935,12.0,112.52564475379884,8.0
40038,28360.598100202995,11201.141882290654,136.0,118.07771846524207,8.0
40039,14413.37815083025,1740.907871812608,139.0,109.22424725787252,8.0
40040,67012.60419517726,924.7751508553813,94.0,133.75837165269422,8.0
40041,67030.16205747177,4719.298044643875,111.0,125.29066283678569,8.0
40042,47482.20604240081,3138.119236037148,77.0,127.80231305324163,8.0
40043,33948.7845834695,17049.116874212545,145.0,109.86140890272576,8.0
40044,66130.36795803944,1179.3093343437051,31.0,127.8150147785278,8.0
40045,23334.62428851122,3983.7288887304103,74.0,119.23498875408835,8.0
40046,46028.52650103384,15200.457581405937,85.0,122.18106839319819,8.0
40047,41910.68944204803,19406.66701775871,232.0,125.54131851366037,8.0
40048,7112.452994435735,5124.4351442152,51.0,94.26161384156421,8.0
40049,46644.35402097241,28525.160559398755,50.0,117.49554249231723,8.0
40050,45373.89454581312,1849.7610956086899,64.0,124.15903515005148,8.0
40051,17292.536893778914,9022.53519046263,138.0,102.7242620315862,8.0
40052,40736.796948003335,925.0196391775613,60.0,128.44842242861353,8.0
40053,37569.420622938414,27320.257997152723,181.0,122.09005285660135,8.0
40054,47865.80042367373,4037.712531388586,265.0,146.33835393441007,8.0
40055,42026.61969632736,9204.769635186176,160.0,123.8951357478116,8.0
40056,48912.670134806,35469.784120832686,78.0,119.70537057772303,8.0
40057,51078.35020852655,38287.23259603346,26.0,117.64025732268803,8.0
40058,31903.41993583948,737.8098078822932,82.0,126.64307549440468,8.0
40059,40095.03372368386,2392.9927577225776,112.0,124.4764477594418,8.0
40060,35599.791097716516,735.7506272150724,23.0,120.04191017096846,8.0
40061,8908.78855537274,8244.519828872393,-82.0,95.31003467433241,8.0
40062,38598.45193712043,737.7854550023558,26.0,123.60304384109645,8.0
40063,40815.60153228702,737.2296002017813,42.0,127.16069751886505,8.0
40064,23304.677293386172,6697.319551404935,133.0,105.4415393302576,8.0
40065,41113.024550029935,1180.3134993701708,79.0,130.46347460524356,8.0
40066,47991.78430912066,7508.706887486448,30.0,120.29589407890896,8.0
40067,31269.31624988063,11196.359262833248,110.0,111.48736325434332,8.0
40068,32310.572688293643,31759.716143226164,-281.0,108.52663982987708,8.0
40069,6693.748973055508,5964.494770431794,-22.0,93.6488737656206,8.0
40070,43319.84332934368,1744.679437422655,36.0,117.23681675730637,8.0
40071,39633.709057640466,3080.6099978957786,447.0,134.09052428068657,8.0
40072,36174.1759744936,3543.416845854142,14.0,119.39817870354958,8.0
40073,18512.68564304259,1849.808528192673,117.0,118.68524630116777,8.0
40074,59587.02882711783,924.8096489764657,88.0,130.41654727506338,8.0
40075,54102.42449733989,924.8311539869802,23.0,132.52233714585822,8.0
40076,41891.538223738884,21954.022709478442,133.0,121.62637830362071,8.0
40077,44847.28797969628,42874.1358180948,-1.0,111.23239297390562,8.0
40078,42400.659030779774,1989.863658609657,26.0,122.17686750868556,8.0
40079,31993.027554659726,5742.88792909805,69.0,112.2227383640744,8.0
40080,35109.34824873908,14080.825835781323,101.0,111.29303367391654,8.0
40081,39914.36169614984,733.1575199087256,23.0,117.58199123204261,8.0
40082,45418.46158637884,9279.020652024086,277.0,127.1871208518172,8.0
40083,12240.075623310113,1991.7097919519226,122.0,115.63274558315706,8.0
40084,55093.50655158671,37145.208366960724,297.0,108.8796562110035,8.0
40085,27880.449003857408,2871.37218546669,77.0,121.18725015759645,8.0
40086,4682.915983359062,3772.2043985530286,-16.0,91.48900060019272,8.0
40087,50877.802842085,2369.035948082731,7.0,125.50396501034314,8.0
40088,42700.76059831014,11535.246657623282,95.0,114.59145533555613,8.0
40089,43181.94921855396,10351.80845752412,36.0,123.04914731133685,8.0
40090,23131.437254176653,11569.430447858427,63.0,107.98609734683467,8.0
40091,28757.712969162312,2774.8721983746996,44.0,115.58932105666207,8.0
40092,39633.79163368766,21595.535477803896,87.0,116.42038143427553,8.0
40093,51111.675800751356,38113.97762841467,146.0,130.02293238786143,8.0
40094,59583.35248261256,3554.8232686252154,141.0,131.18835742198831,8.0
40095,40050.30807293961,1740.1044714396655,138.0,127.89179854755301,8.0
40096,27374.401174826864,4117.919895583686,64.0,116.72529915596454,8.0
40097,20400.806593920708,2366.1961686650643,81.0,115.72180352006305,8.0
40098,35756.32894089636,6685.998616334172,17.0,124.0125429703769,8.0
40099,56665.305216455476,54680.02096636662,-372.0,123.35303854164148,8.0
40100,54693.94384696882,12046.163210555853,45.0,120.06578894237231,8.0
40101,24582.566746994496,3087.492218549824,26.0,115.32475596595765,8.0
40102,28136.53410978193,8159.191868307572,77.0,115.60437611220405,8.0
40103,28241.194976625175,5485.733040533537,276.0,108.00841495774861,8.0
40104,54945.359283452686,4314.205148505372,147.0,124.70594546713554,8.0
40105,46485.83823126602,7546.100902479166,39.0,113.5286026859483,8.0
40106,25400.616808898907,4124.483550034066,164.0,120.86572834978645,8.0
40107,54954.40415446752,11416.681578620117,148.0,130.45259636532512,8.0
40108,10965.38249587384,3545.1423791158177,-124.0,107.50720613160792,8.0
40109,39724.13508732393,20220.425879660157,176.0,111.46434360117678,8.0
40110,48325.497606754245,39118.15732461413,-52.0,131.60573335315775,8.0
40111,37749.261972785265,29691.22903830908,-339.0,113.31976868809656,8.0
40112,64953.97815125905,925.126377487764,107.0,131.742770641072,8.0
40113,50159.021060897605,33141.314558656435,165.0,123.09215533753112,8.0
40114,38376.97132894533,22501.942057269214,131.0,116.28759523053668,8.0
40115,30956.32744271755,12226.506910016218,181.0,117.56063229422287,8.0
40116,59086.755410820864,17943.26256645083,44.0,120.71507924680802,8.0
40117,30137.66206180657,3980.560311952413,43.0,105.3474491821324,8.0
40118,55799.11672926171,9442.419020092328,87.0,122.14392520991285,8.0
40119,61992.41066467587,2369.425695818996,140.0,131.84010427602152,8.0
40120,52913.348417314046,7456.897957230269,24.0,119.70291069650403,8.0
40121,38041.15645768546,924.806595752176,13.0,113.68582238613466,8.0
40122,48347.232788325855,2888.003034340162,38.0,122.84275670580871,8.0
40123,60372.30878285947,21324.102034132615,31.0,118.81408553663583,8.0
40124,56699.617210501645,1179.704140417077,77.0,126.4653808725452,8.0
40125,36699.445425832164,10243.97937222537,127.0,111.65951827176147,8.0
40126,53662.346389891725,29804.0350492132,132.0,120.79095935867386,8.0
40127,59006.040058734354,5923.592090650858,138.0,123.2203046511991,8.0
40128,30519.898975139175,21313.171268671955,-34.0,119.5573394953813,8.0
40129,41235.26875353017,3772.8143901921353,67.0,117.14589661721101,8.0
40130,15878.427816870999,7435.942374565565,-26.0,100.1178795546437,8.0
40131,45438.539358857655,925.0073478269871,43.0,121.38616940760733,8.0
40132,47859.88443014103,30953.339129040818,62.0,112.14848407783302,8.0
40133,61147.36060153132,1185.339532411903,53.0,131.168957458047,8.0
40134,28840.51835498152,17875.145342434575,361.0,123.16292660563644,8.0
40135,52788.01419623666,44519.98165431589,153.0,112.35916503955359,8.0
40136,34972.15943989083,924.9750584013632,47.0,129.7173153347534,8.0
40137,60632.36220516058,4301.912407562957,164.0,132.07268780844777,8.0
40138,42706.59095108527,7436.148441735642,93.0,121.83126276595209,8.0
40139,28096.269698281263,924.9105751136377,76.0,122.77381145419653,8.0
40140,32223.51026313582,924.8534555896446,36.0,116.76728401131496,8.0
40141,8324.40924431855,3699.712632067981,63.0,106.4177468967568,8.0
40142,44673.6816739397,3771.955712789453,48.0,125.07067676599259,8.0
40143,13548.212103081547,9032.726154699572,10.0,110.71248586192164,8.0
40144,42951.93949487881,924.9555988288326,12.0,118.1320797985839,8.0
40145,40692.804027233986,4735.36718052326,193.0,126.14018194543762,8.0
40146,36918.03630060571,4051.846758578409,44.0,113.50505780486152,8.0
40147,11195.997248704038,5961.869101377547,117.0,112.2681158297386,8.0
40148,14261.445191312372,12102.67433692754,-24.0,101.42907491613511,8.0
40149,54773.810580644655,41976.724362448265,87.0,119.4517634076274,8.0
40150,42610.95749577832,735.0520690435171,107.0,129.15195311073268,8.0
40151,44342.34813582178,42360.47361426523,28.0,111.55897200189514,8.0
40152,46186.19628269571,1179.9644866677716,60.0,129.83666852600112,8.0
40153,48253.63283796786,8766.859865870358,262.0,121.20376549129011,8.0
40154,40985.91265086606,14217.480074705141,137.0,114.56675834521383,8.0
40155,35190.3030753503,4038.6934407164044,188.0,135.04057855464657,8.0
40156,50099.95610626247,3773.1200236566388,27.0,124.61682557613675,8.0
40157,55766.25554154939,32605.988830175287,317.0,132.69602265145807,8.0
40158,33694.62752455066,2774.594962137923,150.0,121.17849873488427,8.0
40159,38710.955522704644,9835.865438773373,-1.0,114.79838970066271,8.0
40160,46380.09776376026,3984.775767320544,65.0,119.77207048363397,8.0
40161,59089.08817768752,924.8205951385463,126.0,132.21960114434313,8.0
40162,58549.86539870829,1184.3059703582944,178.0,123.89258192937126,8.0
40163,44616.443103271755,7436.066455258383,126.0,119.67430029013661,8.0
40164,43842.69329806522,3541.7408299942363,95.0,121.64015546575347,8.0
40165,50560.08884880612,4314.217904395646,104.0,134.10426098020906,8.0
40166,51511.72944090741,34721.061464959545,335.0,129.74249652464937,8.0
40167,46336.26453692772,924.9861061612997,132.0,130.33698375649442,8.0
40168,23276.321370322123,3479.8022120096184,109.0,116.31128163964638,8.0
40169,39765.80963663204,23329.586696587074,73.0,113.78384515893472,8.0
40170,29006.370740140585,8624.924668640906,88.0,111.3204034276893,8.0
40171,30870.41390433517,9963.332671676573,26.0,114.48840746025647,8.0
40172,20871.599258727707,5758.117189805393,363.0,125.09051021089672,8.0
40173,61234.79327423287,3553.5983816004873,178.0,131.77435395899465,8.0
40174,25007.286583614954,5482.211566831543,147.0,105.82970417804005,8.0
40175,26231.329900608474,924.8476253707087,266.0,131.70690717612814,8.0
40176,54552.11058331836,1992.2997495771447,30.0,118.19985373039032,8.0
40177,59125.794161556216,3137.3475529416614,157.0,113.41689271445748,8.0
40178,10352.949593475912,9619.879516213907,-70.0,96.51138138126925,8.0
40179,28982.543645456106,1180.800915579733,120.0,131.603614093385,8.0
40180,57618.557098364116,10620.617960178008,261.0,130.04013638103223,8.0
40181,20367.618394504803,4306.795089652349,27.0,110.46093156089617,8.0
40182,25878.13062086736,11088.086006225614,71.0,108.53201413507404,8.0
40183,14761.666231625959,3682.8419672503114,30.0,107.14850421834723,8.0
40184,45893.01758825423,1184.4670693373446,9.0,122.40013906256007,8.0
40185,47093.207291555744,19163.681164968973,-10.0,118.7736342707275,8.0
40186,24579.67234696639,9926.35527453015,382.0,125.93605120666956,8.0
40187,35704.53225529207,3979.8809051384037,84.0,118.3647735150922,8.0
40188,34802.644016808605,14558.367155015896,73.0,120.05990810166402,8.0
40189,62716.05403027188,1733.3774202791824,39.0,124.0846536812796,8.0
40190,20560.57597785799,2774.8995426292345,15.0,120.53067015086381,8.0
40191,56057.085045866654,45095.15980535657,67.0,116.88721874719351,8.0
40192,13951.7595593378,1849.83936828234,80.0,112.87756333927894,8.0
40193,10200.88480106827,924.9015409879527,45.0,113.20754416292262,8.0
40194,38908.1387754016,9278.132464479182,115.0,112.84196974390005,8.0
40195,17869.34842354571,3481.726760669392,59.0,110.09622584668885,8.0
40196,24292.003326186557,6625.382483451199,25.0,115.32016277364887,8.0
40197,27074.59788423208,924.9424457776076,46.0,116.78794769676557,8.0
40198,4120.743794205207,3478.568402182248,-44.0,86.25692285283627,8.0
40199,45000.81546945981,19644.230158225342,202.0,126.54892222226793,8.0
40200,39999.38814996486,3137.9113096249434,15.0,124.67775545255722,8.0
40201,33969.19039699232,5740.478408122396,303.0,127.38774318925138,8.0
40202,29755.570365201744,28035.669218269613,-58.0,107.5261601951707,8.0
40203,35538.061388054,26655.77450536741,37.0,108.80867527044,8.0
40204,55138.54069696151,38116.772408959296,183.0,123.96173701975636,8.0
40205,33575.76394077953,1741.5852525966898,101.0,125.60840150270951,8.0
40206,54095.265066545144,7456.327507461765,179.0,129.93543260409854,8.0
40207,59267.10314302822,732.1309313663103,41.0,133.3727849863696,8.0
40208,34347.68121132913,2211.5693171086227,9.0,120.8763689971562,8.0
40209,39713.74707365156,735.3381099114702,4.0,116.23633414154429,8.0
40210,35032.395316466915,3139.129045249849,120.0,123.44074193583637,8.0
40211,65893.56170424496,55697.21135026871,116.0,119.49884429691298,8.0
40212,35764.26334085691,7543.678544554428,305.0,129.46980939609458,8.0
40213,13967.73819345398,5909.678127938442,67.0,111.47604309054167,8.0
40214,60903.092720296845,48116.57938160692,87.0,120.97045208072191,8.0
40215,22268.335082242043,7421.938617691678,196.0,107.87654575065253,8.0
40216,25152.9453859489,924.9244754697224,58.0,119.89046012682425,8.0
40217,58487.211711756085,1179.3696477015799,118.0,146.3755781055629,8.0
40218,25655.901295799376,4682.457927202172,330.0,126.69950210450597,8.0
40219,44547.292069899326,3699.3250736306286,38.0,117.58846618836415,8.0
40220,36858.076051188946,19166.449217158264,45.0,115.04851796520421,8.0
40221,61244.37874838209,4315.692919005609,80.0,131.25821522036617,8.0
40222,29855.54668440156,11831.877689865132,87.0,118.31538068549942,8.0
40223,59000.10075490038,13029.604258392943,63.0,120.70837688362491,8.0
40224,25799.61526087465,5156.22870370253,182.0,120.84730777310202,8.0
40225,33026.98125969463,15638.570434352589,33.0,118.07658093751081,8.0
40226,52210.41966939568,25108.65183809404,67.0,117.90271511615832,8.0
40227,53084.06826295821,1183.3367606362585,145.0,130.88573917524133,8.0
40228,11204.399422390632,10478.77832572688,-47.0,96.6733109968679,8.0
40229,37251.17903676383,2395.9078458259896,237.0,131.2789017999516,8.0
40230,10966.440599620697,6393.087221064742,62.0,100.09451342830774,8.0
40231,36652.66665213762,1740.8581426428532,28.0,120.41450354568227,8.0
40232,26730.55796006262,2870.2648225519815,-23.0,110.38305195107705,8.0
40233,53503.67273867215,1184.5281847864185,54.0,124.64144554182532,8.0
40234,33762.40062904314,18053.37011055285,176.0,113.43512519880844,8.0
40235,32276.53603706739,1180.9231785558823,143.0,126.7088398978876,8.0
40236,26922.735226019387,17223.5386295096,32.0,107.99728336507573,8.0
40237,35702.126078991656,8610.54201946096,144.0,119.85457560227158,8.0
40238,50789.052868567436,41285.06114625717,305.0,129.55837035752796,8.0
40239,55574.31275079858,1185.3103305449472,144.0,132.70546524892617,8.0
40240,45826.483494707005,44175.90098181692,-58.0,120.85108564212695,8.0
40241,43774.24368429247,42036.91005500008,-204.0,119.73709051660617,8.0
40242,32908.297827168375,8623.027457629782,233.0,113.27575535819011,8.0
40243,49108.077555175034,13892.65883398701,168.0,114.62627809340897,8.0
40244,54361.447863974725,6406.324379329875,358.0,132.1746525085864,8.0
40245,41856.25659216965,924.9651215291126,81.0,124.7476165366727,8.0
40246,28468.02972979274,22296.084111877084,-21.0,112.53498212711833,8.0
40247,54493.55161149518,41709.620259184354,87.0,119.80137036643599,8.0
40248,32162.195581820644,1181.4710510295372,64.0,121.33100744663895,8.0
40249,7112.787771508096,6282.672049256635,11.0,98.04352831345113,8.0
40250,23058.312154934705,4613.79942104294,157.0,116.86956878880916,8.0
40251,32563.119261162483,5477.716971412501,170.0,108.37329419606205,8.0
40252,19911.57245685865,2870.918592591227,447.0,128.76332903277353,8.0
40253,55282.61265446199,46829.99614294543,361.0,131.19250142381102,8.0
40254,44465.28902263715,734.0195656050911,230.0,135.7476641935944,8.0
40255,30484.17558520299,9593.0360377257,51.0,112.44248954906536,8.0
40256,29518.990831191695,4052.1544368837767,235.0,130.55925278880645,8.0
40257,31448.360586938576,10174.637013115853,-31.0,111.9849259471308,8.0
40258,52566.04063650144,9842.09043477204,381.0,130.8997158248994,8.0
40259,8696.710046359127,2881.314745798929,14.0,98.12618560185322,8.0
40260,24991.472273109517,15439.402317870145,169.0,104.40918460772008,8.0
40261,49526.92491142997,31405.410571168097,132.0,113.81698193799888,8.0
40262,43775.62165388987,20467.507765559494,45.0,118.59560584162178,8.0
40263,38676.25571746871,18838.750222669867,85.0,120.82206284700841,8.0
40264,48044.29680329924,19042.067020558272,127.0,121.37064804875456,8.0
40265,36374.30190574472,1741.0750704236434,186.0,125.50473476481369,8.0
40266,43627.60559474167,1849.9761591626216,130.0,122.8398638970283,8.0
40267,23032.95901996189,2870.515312075456,54.0,103.38059645978522,8.0
40268,12172.695612164687,2394.096157030677,32.0,106.12442594066064,8.0
40269,43327.940814604786,20513.413628392842,342.0,130.7912595582526,8.0
40270,27101.944669264256,25121.416724895138,-84.0,103.39998862444338,8.0
40271,54961.07694909701,11773.269591044625,65.0,118.16347710411415,8.0
40272,27807.29715286491,5479.112023738847,560.0,121.66370978846757,8.0
40273,38067.0966070016,4520.9825447117255,125.0,111.05767046473315,8.0
40274,19588.5936498334,6285.424632002873,262.0,122.76855159875461,8.0
40275,22729.495636533684,3548.9576098328407,58.0,116.37424935254603,8.0
40276,13135.992254266963,924.8989673290213,53.0,111.61393870626355,8.0
40277,58936.7225588434,9247.380557684794,56.0,123.3150139404974,8.0
40278,34419.798718750215,5598.113341874015,56.0,122.35254727010168,8.0
40279,24387.61712915708,1183.763651231977,116.0,122.57740403677438,8.0
40280,48329.99323956404,15918.817805188079,52.0,120.94312866172265,8.0
40281,37119.929426029244,29055.481854193826,-180.0,108.46976572295102,8.0
40282,6639.589152508117,925.0056401888249,30.0,108.65449491827172,8.0
40283,25864.96540446291,924.9545417371194,74.0,121.31475710229947,8.0
40284,34040.313610022575,21938.69526577961,183.0,115.48892117406373,8.0
40285,62359.36261077717,1731.665282687738,28.0,140.25289068517276,8.0
40286,21368.87638137266,3681.445608641619,42.0,109.41030854148855,8.0
40287,45468.75060888704,19186.739828450878,99.0,109.6360020478257,8.0
40288,30471.32757559581,13460.226303245054,357.0,133.30357596001002,8.0
40289,22327.175388265576,5213.98768761304,84.0,114.46442587803976,8.0
40290,47476.21369721137,733.9299167444506,187.0,136.00751112885203,8.0
40291,50187.56681819514,36737.8092865351,78.0,119.96429110557446,8.0
40292,21982.10832228687,4607.340874731047,92.0,115.02491123562106,8.0
40293,55393.71149388522,12726.023386798932,38.0,126.64093473242409,8.0
40294,29833.713118808966,13394.137891023096,72.0,116.15196009674575,8.0
40295,8096.129528708851,2208.1669410617615,182.0,115.53938448634769,8.0
40296,19225.386917147018,736.218600632699,14.0,109.04155747222514,8.0
40297,18695.635316121316,738.3548484697019,25.0,121.00454877313442,8.0
40298,45003.804713383375,36550.78483398724,371.0,129.6220719081789,8.0
40299,31913.13822849383,5975.50752063448,83.0,106.32596604100338,8.0
40300,41645.35408701006,1744.2091558282916,55.0,117.89407141351843,8.0
40301,48526.44587755927,18528.741222040804,37.0,115.94727128999811,8.0
40302,62721.35038312106,4315.53351324693,118.0,131.20227154782717,8.0
40303,15792.540427875152,3772.1387615315375,86.0,104.81055850627735,8.0
40304,41931.015758405345,924.7691168227227,29.0,128.758463034979,8.0
40305,48545.43523208323,7724.5954003869465,90.0,108.92161403159662,8.0
40306,54263.54008172706,740.1948646374736,18.0,127.92206784627274,8.0
40307,53243.47726161703,924.8636903554134,11.0,115.99607370539323,8.0
40308,35531.00402390266,924.8809157986447,17.0,125.58735850704579,8.0
40309,57797.214354988406,12318.934282807126,38.0,124.36335931978715,8.0
40310,32939.386242979024,924.9452419745819,50.0,121.8209495347368,8.0
40311,45914.5060245618,1989.9647239379685,54.0,129.59542463783043,8.0
40312,65566.01496319167,4739.2752723192125,151.0,130.7489468587966,8.0
40313,43826.521898093844,736.9724012475627,61.0,124.26563970171568,8.0
40314,39026.934462797115,13554.437344516555,172.0,124.46820396300146,8.0
40315,63930.29332020304,55662.867625170016,153.0,113.15370715105782,8.0
40316,45886.08215243086,737.6262702746128,86.0,127.50890671617329,8.0
40317,42937.19637499262,735.7206606083954,62.0,128.951589339814,8.0
40318,28856.300521815218,6691.467822880794,31.0,114.1281227897041,8.0
40319,26655.55612836251,1472.7912644483263,15.0,112.21047353513356,8.0
40320,64932.370499890734,1179.0191567836744,50.0,141.44659737720835,8.0
40321,53891.00871029166,10199.957616893425,111.0,122.36450235805398,8.0
40322,25071.42337642795,7451.341283231787,56.0,113.67366930275057,8.0
40323,42056.12711724696,1471.7235299750112,277.0,120.00656308895219,8.0
40324,15713.361120430076,7422.457904937191,48.0,100.97018889136348,8.0
40325,50485.70412748064,8452.98282487036,31.0,119.8728549294235,8.0
40326,41464.81813130625,1735.6717185661462,69.0,122.76182337641973,8.0
40327,15445.320600776653,3772.4405150939197,266.0,121.48747942969898,8.0
40328,32463.68259865064,31728.54539935734,-321.0,104.96995444198517,8.0
40329,37304.156413702774,17461.345408174377,113.0,120.64540391387165,8.0
40330,25952.909472822543,4051.868659671469,38.0,113.5909840963549,8.0
40331,25324.608068083555,5127.968981130118,64.0,108.77469109421546,8.0
40332,43628.17948686063,924.9653645787854,30.0,130.00742494020363,8.0
40333,30030.826664080334,6401.829393063482,290.0,122.77901220740986,8.0
40334,45270.95271908443,1849.859851422688,48.0,127.55443734542976,8.0
40335,34219.39014635742,21431.034238213244,87.0,115.82495728667678,8.0
40336,42793.48692241142,41100.729857721795,4.0,120.51837458610316,8.0
40337,49470.33240528924,24159.104664412313,-90.0,116.11209697161897,8.0
40338,39212.52240909434,21174.674159518305,87.0,116.45473275793134,8.0
40339,37593.20104537825,2360.8955774601086,187.0,127.35660595016193,8.0
40340,52212.23770690079,1179.565105333603,165.0,125.64317099822814,8.0
40341,56920.351625829564,2360.83916962728,80.0,120.77016150647643,8.0
40342,39986.86168806486,18227.125804739328,88.0,110.56763591146495,8.0
40343,42710.82971302368,27464.257913671267,350.0,114.11248269581485,8.0
40344,29743.41264260096,2774.811561484193,230.0,126.90030863684964,8.0
40345,26740.409718936222,3139.7497622201313,266.0,142.74324903009335,8.0
40346,43642.47783586657,30845.473424951415,87.0,118.77824507308338,8.0
40347,43639.55370511478,735.0889014936131,57.0,123.76724528328626,8.0
40348,56836.83638735224,1179.5661046611856,20.0,120.43090643862485,8.0
40349,17550.422119142906,15815.776868578483,13.0,104.79655117889622,8.0
40350,33952.844919085735,32272.12393097824,37.0,118.66663990564155,8.0
40351,38994.610894526246,10629.93108160078,11.0,117.48514831520315,8.0
40352,42465.45251208923,737.1175019757452,92.0,126.87519951557816,8.0
40353,49842.463185594126,733.0917885298919,41.0,123.57761640861321,8.0
40354,58459.67583087227,925.113428657998,85.0,128.88997798380274,8.0
40355,47593.97735026344,1734.4915419720057,193.0,131.07688921115945,8.0
40356,25172.17933176503,11077.27667134396,163.0,116.56189894181142,8.0
40357,41467.92381088747,27379.759874025094,-257.0,112.35251600015542,8.0
40358,17458.65603650404,3091.1328927755917,1.0,104.40162641843176,8.0
40359,50737.01402331478,6908.406489728973,348.0,146.68827693000685,8.0
40360,29002.292162543265,6839.109860411263,445.0,138.9086024877135,8.0
40361,56730.37417210477,2871.6188536781942,22.0,123.40980721673003,8.0
40362,26877.064752126054,6505.209033754242,69.0,115.08771541202842,8.0
40363,24149.73805517394,924.9324292372929,49.0,116.21253122442985,8.0
40364,59726.47224586125,2370.3039598481237,222.0,130.09492124315648,8.0
40365,36339.121529370335,30864.09873734016,61.0,109.84517186408293,8.0
40366,45910.26721523561,23870.674774400293,-106.0,109.6907592842516,8.0
40367,50755.52376842793,738.3626362328966,67.0,129.76288201548974,8.0
40368,21349.672935175528,16139.500791060937,121.0,107.21858420514323,8.0
40369,38573.26146198,16900.39495150147,64.0,119.82178763691817,8.0
40370,63140.906674518075,52184.13941349338,67.0,117.85626503809935,8.0
40371,31576.543453797443,2393.0250586465027,46.0,114.77710486788347,8.0
40372,41472.77966627795,924.8796735002219,53.0,129.6572304748729,8.0
40373,56319.6042974063,10812.068366952193,136.0,140.33086331228438,8.0
40374,42547.21157968785,3699.8266100747533,17.0,114.89371847017159,8.0
40375,29603.56208860574,7566.0820739674355,21.0,117.47071431143075,8.0
40376,50265.90895159083,5840.868980369068,570.0,135.843086621516,8.0
40377,62643.51969323851,6648.102676556995,346.0,132.76570641671861,8.0
40378,44507.349420746854,1989.4783719708619,108.0,130.5250180258964,8.0
40379,27368.220704504845,2871.1627852901584,73.0,111.1859302145466,8.0
40380,16063.701066668205,7446.760684351589,11.0,109.94079301179823,8.0
40381,32133.38476253797,1734.3965890110885,119.0,140.57467443236166,8.0
40382,40184.41671015241,924.9015485030935,38.0,124.01380894925903,8.0
40383,7586.665465336274,5850.789433491263,6.0,96.89109019952318,8.0
40384,36727.781008437116,24438.050932534865,75.0,111.604843187521,8.0
40385,33839.456176653024,924.8656871175546,88.0,129.68379026041288,8.0
40386,54056.04787300855,44101.47779317439,392.0,132.15181154466526,8.0
40387,31863.89583754624,1991.6979858377738,48.0,122.17923252038392,8.0
40388,30892.139759965394,2871.3336284755487,36.0,117.89777926087686,8.0
40389,25201.6759893083,2210.4508191695786,168.0,123.46365703547556,8.0
40390,19357.062270063212,11206.606960612287,58.0,105.03005259988754,8.0
40391,45899.55768618483,31528.46496917393,103.0,118.27862260126668,8.0
40392,44087.96911334373,16905.319070758258,236.0,119.80446261283224,8.0
40393,44583.57826431591,3791.7337782747372,273.0,113.4399684132498,8.0
40394,44071.5124172048,22024.872416208604,-32.0,111.37239845591567,8.0
40395,62424.44640132733,46324.741578787776,22.0,132.12733247804454,8.0
40396,38269.54877562331,924.9210673651412,50.0,118.12770244544129,8.0
40397,38922.15799794355,738.6485799011831,73.0,138.62740930645194,8.0
40398,43257.930795312124,5476.80431910006,101.0,130.99549644689222,8.0
40399,49618.613788514,1736.5209800683187,172.0,129.9333472974396,8.0
40400,18867.880123998202,1738.3746306472613,99.0,117.28903168249214,8.0
40401,49621.157847104034,2360.743229873143,148.0,129.52984796372345,8.0
40402,28069.720529987226,8246.237462133045,113.0,118.25514466567378,8.0
40403,64600.338324094344,12538.387193256036,124.0,119.33060798417635,8.0
40404,49773.84972602296,18501.783258074698,24.0,132.39894038069602,8.0
40405,21920.489429979556,6180.864589887723,91.0,115.95920019640877,8.0
40406,36191.55580102669,12969.393669219966,250.0,110.98652231343574,8.0
40407,60869.079181467176,19425.871991851924,61.0,112.55636162504884,8.0
40408,43821.51082120879,2387.736427485076,74.0,133.6004170280838,8.0
40409,21552.94748558619,16084.89180427708,-9.0,104.1368816582032,8.0
40410,53648.78474476438,10173.51761450447,59.0,119.8763316253974,8.0
40411,60858.845229311264,1732.738600475108,35.0,126.22274426803,8.0
40412,48973.60545846313,2360.7294143559698,1.0,125.67985296768657,8.0
40413,38927.0912762825,26132.149105703316,87.0,114.61396983962874,8.0
40414,12173.313715234455,8694.905447864674,52.0,110.24080338372453,8.0
40415,47367.976826369355,925.0547582364173,18.0,116.91895888045173,8.0
40416,28618.024720038113,3139.636454385193,24.0,127.83639312932472,8.0
40417,51399.19805446835,10416.033278044899,60.0,120.22641176582508,8.0
40418,39324.540625709335,26322.856356386543,287.0,108.78471707558012,8.0
40419,21981.538053805736,7584.635676206264,73.0,107.56408635993132,8.0
40420,44496.45742497037,4054.6697383207807,201.0,127.84556915787718,8.0
40421,8695.123567228296,735.8480923482524,93.0,114.44533443981126,8.0
40422,49404.23904894408,9435.007432668071,76.0,116.59270968591963,8.0
40423,29825.835660559263,13032.640674596234,-12.0,111.02285259757905,8.0
40424,39027.01869054567,735.6295461907159,20.0,123.65326449902138,8.0
40425,16446.359940357477,2363.5559368149593,174.0,114.9420516731157,8.0
40426,45533.05425670342,3145.2197343297207,39.0,123.35188314993692,8.0
40427,53099.8839464369,4056.209177450749,67.0,113.1776988774061,8.0
40428,45671.52959176042,26632.58319001834,-206.0,118.73435080028649,8.0
40429,31804.235757869636,15190.063860521754,193.0,106.65895964925848,8.0
40430,53830.986912338114,36540.46946945041,-222.0,120.1892574714422,8.0
40431,39107.46228174219,9507.954028289538,16.0,116.03152113032107,8.0
40432,47084.56439141528,2871.651611714263,49.0,120.92257118388072,8.0
40433,20524.75226989578,2871.110885637882,71.0,111.57635843973998,8.0
40434,29458.746622260638,737.7215637299371,197.0,130.4796249196284,8.0
40435,35333.96826209985,17299.608860987955,87.0,115.09054744869181,8.0
40436,54592.94149460656,2775.0192907498845,39.0,123.8552522378852,8.0
40437,54178.83768982695,924.9097439113957,71.0,126.6550502073193,8.0
40438,36373.105796951764,24279.002779772363,183.0,116.24512760957624,8.0
40439,33285.945794801875,21052.18579521039,237.0,113.03298721969335,8.0
40440,30173.58156266065,736.8475560867232,48.0,127.0279797737404,8.0
40441,40554.54619994568,7365.975874038303,450.0,109.82071529010992,8.0
40442,50317.891514616706,24159.491609821358,25.0,113.03160207692005,8.0
40443,61946.17615446996,4739.689682462176,82.0,130.83310496941306,8.0
40444,41574.15167592876,22536.159108972086,60.0,121.56195569116478,8.0
40445,35806.5235589038,15726.184100053972,124.0,109.90020949899102,8.0
40446,45562.66904166129,14399.07445503078,95.0,114.6132570872408,8.0
40447,49702.5281780393,4302.8533246286715,334.0,141.0632744811972,8.0
40448,41839.452906706334,3082.2366305016603,42.0,126.15908906069772,8.0
40449,18006.123657430522,2879.2597912030947,349.0,125.83036166433818,8.0
40450,20235.37381536938,15638.842949400736,59.0,103.76182204490995,8.0
40451,36329.35888592825,21585.34069869496,84.0,113.59581868973252,8.0
40452,39217.689631402776,20416.33388844258,125.0,118.28417848440563,8.0
40453,63950.49386760937,924.6679448004636,50.0,132.01668833061453,8.0
40454,32850.00804157111,3793.4988439996378,39.0,118.55328852275962,8.0
40455,55013.47754798693,924.817097907321,76.0,129.9113025083021,8.0
40456,12811.324330470801,1991.55459699407,237.0,122.93041364412915,8.0
40457,48763.777882264054,27257.08861123758,139.0,115.53456343339869,8.0
40458,27178.13097272642,16203.059101816996,78.0,111.46575301887322,8.0
40459,19652.790582373895,924.9245202227937,11.0,116.42850664031639,8.0
40460,43499.53625518174,924.7513049433613,34.0,127.93120504763712,8.0
40461,47451.41723062009,24227.661184934757,137.0,111.47436210045646,8.0
40462,46836.59977264469,28715.83403691294,132.0,113.56018705278225,8.0
40463,33939.231857033876,2947.1463347752933,95.0,116.11678895725068,8.0
40464,9249.201195622705,8324.30888405418,10.0,100.25148362547493,8.0
40465,39334.063889674086,2877.02860040528,145.0,124.49068538775967,8.0
40466,41525.83451558276,15695.561636694045,69.0,114.90508947501776,8.0
40467,51552.17209673703,925.0547582364173,18.0,126.7267961877514,8.0
40468,24341.89199940051,2879.813420675627,24.0,107.47418557799294,8.0
40469,37607.25788238955,5891.3112469611915,274.0,127.21921172081956,8.0
40470,47441.29319972249,4855.2140452829835,51.0,116.93937018545543,8.0
40471,37927.523050973075,924.9335381882298,50.0,123.71676256007885,8.0
40472,68930.29034652717,51191.056273814494,-94.0,118.57452297430399,8.0
40473,49627.81871652348,733.1932864632703,75.0,146.72472178320083,8.0
40474,45076.35820847279,30039.91798788963,87.0,117.45797853063584,8.0
40475,29269.06016692904,11937.04878984339,57.0,114.03450428620667,8.0
40476,26630.40487650187,4306.4053910921,566.0,128.13668240367525,8.0
40477,19769.55767738355,11317.19191747401,329.0,123.55720582488652,8.0
40478,52416.91318246559,1734.314171116326,76.0,116.92652355320313,8.0
40479,47665.06976701641,6843.992206097667,89.0,118.80501579020431,8.0
40480,25031.498409124357,13940.783606124101,107.0,118.92009127939008,8.0
40481,28961.945334281,737.7342697845017,60.0,121.0822356691884,8.0
40482,22279.805215625875,1990.3609177176968,60.0,115.17742512956016,8.0
40483,29479.808940802384,28743.790836997934,-579.0,101.9221831445751,8.0
40484,59894.86112546901,13301.394981202082,-16.0,124.8856139777166,8.0
40485,17685.80240472224,2363.5198673577497,9.0,105.52837638170551,8.0
40486,46640.98038999703,14884.128831071253,-7.0,118.3775160901798,8.0
40487,16069.688267529864,1991.685751424536,238.0,120.50124061568965,8.0
40488,40732.02763963724,925.0299108414386,26.0,116.95382598321925,8.0
40489,41444.885817012015,23987.178966195672,109.0,118.0737604687044,8.0
40490,62545.321613584216,49752.24373114454,87.0,120.70898629213812,8.0
40491,36052.70605103874,14883.744990551764,-33.0,123.73205324212054,8.0
40492,36837.4660373003,6839.078332497795,52.0,113.35592159603355,8.0
40493,27120.183361231917,1183.9385120583686,80.0,124.67693310560495,8.0
40494,23096.16536129456,18494.337834529848,67.0,106.85762469434063,8.0
40495,39783.44459728857,736.384394537016,127.0,137.91438853193216,8.0
40496,65519.33155360586,2359.090206802663,144.0,117.23931708245834,8.0
40497,38212.224258560505,2362.5354193094545,14.0,118.99420153966166,8.0
40498,44318.441480538204,733.5250719361877,43.0,122.05536430454696,8.0
40499,46331.861058617666,1184.9087386785677,20.0,131.11184346863277,8.0
40500,26323.103900450344,6504.145171934073,6.0,112.5192665661969,8.0
40501,35218.70638802535,4114.871738865212,11.0,122.73500458657527,8.0
40502,22040.088474292203,15646.91857175761,4.0,108.6407414081855,8.0
40503,46914.194443654196,1989.8986237035663,43.0,118.98093402986858,8.0
40504,51115.83580370519,8274.084445129329,43.0,124.61285904379557,8.0
40505,22963.949469944368,1990.0544827298922,134.0,122.24082948356562,8.0
40506,42797.86075463332,733.6193426677619,115.0,129.8915287086682,8.0
40507,32541.58940383144,734.9589987446249,9.0,112.62235535800392,8.0
40508,11713.535558454332,2396.6687988797307,70.0,110.30951824629477,8.0
40509,53840.87100368506,1989.5696911744333,57.0,119.67373839886216,8.0
40510,55670.8258291036,8452.282576377287,370.0,126.47282889594679,8.0
40511,20725.82675546062,16119.434651280944,35.0,102.49908742671306,8.0
40512,33864.66876325412,1182.989511041538,90.0,128.61743921918244,8.0
40513,42270.534955826915,924.9818608450937,42.0,130.13119127990603,8.0
40514,50444.00714857695,924.7429989951553,27.0,127.43114725846996,8.0
40515,36104.960266640344,19174.174159340993,186.0,109.57140591493634,8.0
40516,23763.856442402204,738.5863162396588,53.0,128.0511905516271,8.0
40517,39219.0699446885,5966.410713378394,301.0,110.65204696526534,8.0
40518,19548.34879058992,1849.8916702014608,277.0,126.15685867269885,8.0
40519,14478.914823480236,9033.721043607951,14.0,106.12179804301556,8.0
40520,11482.852802258772,924.9195160331179,12.0,104.42367381475779,8.0
40521,43000.72302671962,3144.0059234452815,137.0,125.83204539865363,8.0
40522,59994.493097319006,6944.231953502884,90.0,129.7443287392938,8.0
40523,21514.028089154297,5223.417434516194,49.0,115.37611873075964,8.0
40524,26312.826061621116,13750.16935783778,167.0,124.01277264523637,8.0
40525,34347.7611260783,4682.924965467587,77.0,118.16198173886654,8.0
40526,51798.37870049639,14797.680643118449,155.0,119.8264400107834,8.0
40527,23644.037429330543,1991.4607545222484,16.0,108.72387299870333,8.0
40528,11316.964374222769,1849.815770823196,84.0,115.87308334616517,8.0
40529,14561.964110037887,1183.0093782542617,38.0,109.14081973315035,8.0
40530,30994.097576722274,924.9630311861417,22.0,113.9482201236,8.0
40531,34273.852174583364,8233.875423733307,161.0,108.1448707872487,8.0
40532,23287.120797109346,4514.04341072147,28.0,110.17555756874432,8.0
40533,41633.04281794834,3138.885831594048,145.0,131.86632458811584,8.0
40534,34572.37980828213,14747.383212552339,109.0,119.98354070775713,8.0
40535,28241.724173047067,11207.31241053993,104.0,108.65494865751965,8.0
40536,37094.20033097639,4724.64996141143,16.0,119.45898072747859,8.0
40537,46405.342244723855,1184.4138507477949,33.0,118.36862381500283,8.0
40538,32497.834533047844,735.4394072843698,39.0,126.35263850317824,8.0
40539,47033.4952942016,4600.718105653534,357.0,131.48235640427154,8.0
40540,65101.224001854804,3539.4430906455614,85.0,124.08600318691374,8.0
40541,36936.6488744702,1473.716717364798,238.0,126.06691406928302,8.0
40542,58800.61814950388,1184.3288677209587,214.0,115.1193689580346,8.0
40543,38656.61609858219,9236.57029760426,141.0,115.72319256227085,8.0
40544,45600.410131136276,3137.9113096249434,15.0,118.79049398455197,8.0
40545,33726.40887802032,7442.492276071109,121.0,107.44491110009017,8.0
40546,44883.27137319817,27762.04936801948,-251.0,115.30980067784797,8.0
40547,16967.06973235072,2209.8197095696296,17.0,107.82272212855497,8.0
40548,37996.19111119042,23903.911652912182,81.0,121.53179482226449,8.0
40549,21571.296448275833,4124.418081520957,103.0,104.74443627550416,8.0
40550,27351.781348979846,736.9401970048538,24.0,114.06377301089883,8.0
40551,5219.013259723142,4611.966733886584,-124.0,87.47359955939582,8.0
40552,29286.573418361048,5970.307256118287,46.0,121.84316264436924,8.0
40553,37835.510713234486,735.7575193378975,44.0,113.63761245163654,8.0
40554,42398.532188959165,1989.4441908035064,294.0,133.0586420011395,8.0
40555,21751.377044039036,737.2148773546488,-1.0,107.34941822615565,8.0
40556,14544.90456882883,1182.130719134251,105.0,124.45240239926041,8.0
40557,31582.219771682776,7723.97649554668,104.0,118.49533769647249,8.0
40558,52104.40802756983,1179.6419559904207,89.0,130.75450901136617,8.0
40559,14106.810708687331,2207.87844270452,11.0,107.44301852974647,8.0
40560,44176.24710410853,35867.227281119456,116.0,111.6441661468536,8.0
40561,54731.69201282948,7719.519104907435,75.0,124.58139884351382,8.0
40562,11946.69936125281,1182.5506634117737,57.0,110.61033397997983,8.0
40563,41713.68012925576,4783.466350296314,-31.0,112.22742900238502,8.0
40564,5910.540489914681,1182.0730839926784,14.0,96.66533697358591,8.0
40565,32158.346720535297,3085.465671961217,44.0,118.40303835849912,8.0
40566,39021.1112574517,21387.90906277393,146.0,120.14652027273164,8.0
40567,48425.760394003584,16737.36209782924,96.0,116.78295440430628,8.0
40568,67743.82682263605,1185.3996239034052,50.0,131.24250413760404,8.0
40569,5215.136112831499,4118.585814758005,4.0,106.68116911597576,8.0
40570,45600.6789232442,924.9584167669902,63.0,126.39202455419999,8.0
40571,31003.226840596933,14907.11521929039,472.0,120.78221190683766,8.0
40572,47643.30725550935,4851.704195200535,45.0,112.06316727709017,8.0
40573,43467.20312995964,6652.113496188703,165.0,135.21184477750802,8.0
40574,54169.771409854075,924.8232923818741,46.0,132.21638378146983,8.0
40575,41256.05098657743,1184.1765694350493,19.0,114.05245951901506,8.0
40576,41010.063671909345,1470.050688579295,50.0,119.90294627619872,8.0
40577,50597.1313477265,10280.080987952786,83.0,120.01556670246686,8.0
40578,10971.64855512524,736.4672493633443,7.0,110.3847138639895,8.0
40579,52518.713441697895,6289.362199614794,101.0,131.67020846548544,8.0
40580,38338.85817612674,2944.9018096928844,327.0,119.21142306349562,8.0
40581,54239.99183168716,11554.59968710547,38.0,128.42257517730965,8.0
40582,23509.885267454407,3800.427777181981,61.0,103.27459287650451,8.0
40583,13318.1433511447,1741.1690804189143,24.0,106.22102079567055,8.0
40584,14800.933725808365,1182.6529189806092,-5.0,103.14991015537684,8.0
40585,65993.7020729767,24741.456369959364,76.0,113.62489995467581,8.0
40586,47295.795881619495,1743.1231495612562,229.0,132.31968697317893,8.0
40587,39563.90520883883,13943.984623033897,111.0,113.71657942127308,8.0
40588,59053.54700438587,1180.2140722657718,19.0,125.66268725458752,8.0
40589,22515.700780627772,3983.687095618163,104.0,114.0743767361854,8.0
40590,44016.133191740264,24953.4507341686,109.0,122.04575996536718,8.0
40591,42143.74844310987,1849.9147298333655,35.0,124.83365637416986,8.0
40592,32884.16088437986,2397.8202932796103,188.0,113.73829240697742,8.0
40593,26832.066581150797,10173.720027498459,87.0,115.87737352723167,8.0
40594,57812.4375185931,30453.562940787233,281.0,126.9144102859384,8.0
40595,42856.865942532386,2774.8889468351267,243.0,129.85972621315415,8.0
40596,32370.378429449465,30724.954859801524,16.0,118.12522023437634,8.0
40597,31618.95247358927,737.7153440502371,41.0,115.51843588127558,8.0
40598,23161.272598407395,1991.725485923953,39.0,108.50141055889432,8.0
40599,24604.84701173402,11831.877689865132,87.0,110.54336034721982,8.0
40600,27317.967593214296,734.4783301580318,118.0,142.5354870395264,8.0
40601,28264.74596918028,924.8541778957181,33.0,116.41928507267642,8.0
40602,51972.408469221424,1183.8416167099633,98.0,129.70222303710702,8.0
40603,44392.118209983135,9704.126837974658,90.0,116.07105652072256,8.0
40604,45820.487771220294,924.8395307162726,28.0,129.45814959507442,8.0
40605,40988.65887957343,1183.9586784119642,312.0,138.13954492003484,8.0
40606,54524.48542861424,5119.31628639829,163.0,140.23697803399497,8.0
40607,25908.947879087675,4624.8212455752055,8.0,112.00752349777703,8.0
40608,19176.066235582945,1736.7275663167925,363.0,126.54204266061565,8.0
40609,30603.62926439404,1991.7591252322188,65.0,112.85101516849518,8.0
40610,20834.20950604611,924.9229521377481,24.0,123.45587324738433,8.0
40611,14256.855112010611,2393.683359918711,4.0,106.23258312239206,8.0
40612,46157.52855367016,7101.811558523904,182.0,119.07149027956977,8.0
40613,53355.8513753911,4034.9463472203156,125.0,137.3866929780472,8.0
40614,44413.623404489575,8226.519804550391,275.0,128.9742644979026,8.0
40615,28818.588502268103,8650.268728850688,85.0,116.69164519640348,8.0
40616,42584.06749511299,733.5163520429987,36.0,120.4274656587065,8.0
40617,28160.444885610414,1991.711128444381,27.0,113.2663113988982,8.0
40618,35533.010930158795,925.0890686079462,47.0,119.26846805022826,8.0
40619,60190.01509603808,1184.6011350108602,89.0,130.3240723339226,8.0
40620,17896.028872574545,3475.911480777179,92.0,114.1420250089974,8.0
40621,35262.259675875124,10972.839861172863,270.0,111.75704765417099,8.0
40622,30007.543552312156,3772.4113964093294,33.0,113.92590887045283,8.0
40623,32517.61188935299,10188.795903069144,464.0,129.4007458731346,8.0
40624,29807.04416837327,8625.160297662662,75.0,115.40920629164837,8.0
40625,45199.18093796409,8766.859865870358,262.0,136.89964534839714,8.0
40626,30992.60650809788,8688.658060641135,147.0,118.2272241090665,8.0
40627,21387.480906597226,20467.78558982861,-91.0,106.42540641504394,8.0
40628,34224.69215021869,4312.189758876693,214.0,126.05651457725813,8.0
40629,13023.282472790106,5852.90449426585,188.0,116.50288068565865,8.0
40630,38625.77427538884,19612.05180119714,84.0,120.93953832754104,8.0
40631,26446.85272432588,4117.684124056477,174.0,121.46287018132698,8.0
40632,59306.04749961657,57324.154550497384,-413.0,108.90696492672616,8.0
40633,48113.15579866541,1734.213509832106,53.0,121.76617627092809,8.0
40634,58599.29259429785,19615.96415009942,218.0,125.02273451959627,8.0
40635,42374.9163344264,18319.188451099024,41.0,118.56903026252712,8.0
40636,42613.28680110941,1183.9520748401528,105.0,128.84215639689526,8.0
40637,39297.678245355484,1472.3922974264426,202.0,125.73461026328624,8.0
40638,39385.59670157699,4511.467941225525,69.0,119.19178045092028,8.0
40639,44341.42383092797,9702.937974965143,222.0,130.13299623928629,8.0
40640,41726.88931517836,5598.176074494115,279.0,128.2009363859662,8.0
40641,44164.69248540337,1992.7359910470177,61.0,120.18935758176482,8.0
40642,23029.801026546997,1181.2386841996724,195.0,138.56934674662236,8.0
40643,32727.751268282293,15576.66772709085,176.0,108.34916537483639,8.0
40644,31342.858106177737,3543.5347407790205,33.0,116.613122895803,8.0
40645,7486.619950581553,2880.013508319281,49.0,92.73497441673155,8.0
40646,18820.494754626125,736.6052310231632,150.0,124.51710027124767,8.0
40647,40114.23493018172,29878.466289977034,190.0,122.6698386796358,8.0
40648,16775.899446378713,2397.300162117123,32.0,103.2636617389508,8.0
40649,27074.78264998079,924.8740493832933,61.0,127.14793569648211,8.0
40650,27740.02594767886,8706.219908553432,297.0,124.50076056987427,8.0
40651,5972.560709896281,3981.405840912966,53.0,93.47526526905745,8.0
40652,59859.8817455936,16420.759013694187,196.0,128.36156896073777,8.0
40653,46131.59932164524,735.2615215188711,35.0,120.86623713170262,8.0
40654,12558.877424610828,5910.314085222955,73.0,99.1675703677005,8.0
40655,9220.531108934078,4046.0239758587654,-2.0,98.2573707671519,8.0
40656,35636.58721889752,1989.863658609657,26.0,119.04662652932721,8.0
40657,51053.231241584006,1989.3832178185987,215.0,134.5077979685477,8.0
40658,18121.20411096124,4853.97604472471,138.0,116.25542514006169,8.0
40659,30722.40475935085,29597.129653011525,-122.0,111.44720296318246,8.0
40660,57591.02962586869,1179.515606793446,159.0,132.22588947158437,8.0
40661,14228.37468789506,924.8505582647333,148.0,121.43399632029897,8.0
40662,21476.3607110639,1849.705078523603,135.0,121.5148434537027,8.0
40663,26283.048137852886,5122.319265056372,67.0,121.0986052513429,8.0
40664,57230.422445925404,17649.87378036629,114.0,125.49434889205742,8.0
40665,53694.893065195196,739.3339850665923,83.0,129.2600537083027,8.0
40666,53692.6180158431,43508.997731032716,116.0,118.2826296851201,8.0
40667,43807.505239023616,17351.53831218862,130.0,111.7338265533527,8.0
40668,15702.489915312613,2362.8035430981217,132.0,117.99347011009449,8.0
40669,48657.01694237419,31601.40070859495,477.0,113.86580517082511,8.0
40670,39782.68281775809,19155.043425342614,32.0,120.4181978645085,8.0
40671,42067.630510363444,733.7902130786413,49.0,123.75675460402977,8.0
40672,31400.757852159844,13281.033701774917,134.0,106.14617844607525,8.0
40673,28235.395316369064,5740.478408122396,303.0,126.00746252721451,8.0
40674,40016.15589637951,9251.068603085074,117.0,122.21668285327004,8.0
40675,28604.496350937996,3143.354709168317,75.0,121.27618552053907,8.0
40676,37540.481507607416,1180.2020901448982,26.0,111.98854509350431,8.0
40677,44887.524329354914,924.9611990431057,64.0,129.8221271724614,8.0
40678,29831.25593627731,5479.449718427298,437.0,129.53980497425877,8.0
40679,38242.783890799816,5230.479243051648,328.0,129.45599045069733,8.0
40680,37550.3242988837,23449.60745971639,163.0,118.44117720222012,8.0
40681,49898.05446480696,924.8890695492307,5.0,120.43088927826055,8.0
40682,58575.73609056337,3136.8202412972373,460.0,137.51458473484257,8.0
40683,36423.66647504243,14885.707281245483,487.0,110.5211086084322,8.0
40684,51340.17325301138,1743.256311840034,225.0,132.70099793526472,8.0
40685,37178.60657993942,1736.1025665351913,45.0,120.15632877196127,8.0
40686,33176.45226151949,736.7310260165132,219.0,132.4582578303726,8.0
40687,11483.694394259179,9509.72042509465,47.0,98.9937144891834,8.0
40688,33694.13514914634,7545.125176034969,81.0,117.58979659428857,8.0
40689,44357.9078273219,20303.43023679859,51.0,120.87876297128575,8.0
40690,35657.33345113847,737.7765733293913,32.0,131.07970817191855,8.0
40691,25582.921341154666,16897.745223057234,133.0,124.66133450526249,8.0
40692,48885.24895292532,28491.60304785002,71.0,122.93684929780196,8.0
40693,55357.33860725778,9005.669346560742,85.0,118.76295179028038,8.0
40694,55539.61083024035,5749.9487061586215,56.0,117.9125590528474,8.0
40695,42791.60910236735,10814.918453231812,293.0,128.37476346382107,8.0
40696,40359.07216990021,14086.020214326089,115.0,109.16870168259473,8.0
40697,33588.72578208036,7435.81286087084,43.0,117.36966693397306,8.0
40698,14895.331002766106,1182.201723590508,17.0,105.99967904877525,8.0
40699,68398.3160943106,51377.45165442571,183.0,125.80237814460975,8.0
40700,45343.927158002436,3699.4285811661607,122.0,116.09713589426235,8.0
40701,37062.61313272521,29899.130002894974,-196.0,119.62712651408937,8.0
40702,60355.170284710744,58024.154847926,-257.0,117.6424941370857,8.0
40703,28023.790790970856,5742.957953391192,46.0,115.88311494186397,8.0
40704,56284.609381008115,924.9679586224265,96.0,133.38709827746652,8.0
40705,52008.02822069533,1181.5379823752648,55.0,122.81807752699704,8.0
40706,55566.986596445735,2369.428486995537,75.0,138.06486723279883,8.0
40707,51881.49956276851,15742.081053060072,314.0,116.51688492298098,8.0
40708,30176.850745482752,924.9056671707419,71.0,117.6770707198905,8.0
40709,22787.673817309947,19017.575259749516,-286.0,104.80436904546953,8.0
40710,46067.320677177435,734.830667019401,25.0,121.34271257911259,8.0
40711,10477.94212426553,9753.943603086102,-44.0,95.89445413842036,8.0
40712,28276.7608583917,16748.694775021533,81.0,118.75136878122274,8.0
40713,33329.481375464195,924.9660589194381,8.0,109.12746821176685,8.0
40714,33055.86745035688,737.2544314511478,38.0,119.1459091453956,8.0
40715,41406.06477958367,28399.833163977015,99.0,116.94414343368335,8.0
40716,39703.100263321925,16542.250511166905,30.0,113.81023904716758,8.0
40717,29462.21816536943,7864.286651297669,120.0,110.5483194011996,8.0
40718,28794.79829398041,737.0866392398065,72.0,120.92716254953808,8.0
40719,51819.18397770076,2360.4210069982432,56.0,114.7176856295389,8.0
40720,67726.47186254674,3554.1182011821684,79.0,124.98742235306133,8.0
40721,24983.959618964764,924.9105456413565,76.0,120.43421458436903,8.0
40722,36907.10532750436,3485.7937910210226,129.0,119.79255251555327,8.0
40723,54250.643663626965,14047.104154503731,271.0,126.66201030064195,8.0
40724,34612.54819975977,21923.675236401443,32.0,121.05807083172579,8.0
40725,43846.81689621463,733.6233432373798,155.0,133.3512648363824,8.0
40726,38028.81352263521,1180.7292974134007,32.0,115.48353607791962,8.0
40727,58461.26377847067,3145.0399675854696,133.0,130.8127761959315,8.0
40728,40514.31254909474,14556.591209555969,88.0,115.55380721963073,8.0
40729,56738.89177240287,15055.540666798408,16.0,122.74036372569576,8.0
40730,48503.59272947741,8286.49234481563,170.0,121.10601904562512,8.0
40731,42732.91239290544,3680.631661940162,185.0,126.29936991098279,8.0
40732,52600.38750028396,3137.7207221885565,328.0,121.94140771141406,8.0
40733,16428.277555109264,13535.29911458033,-10.0,107.34393322398715,8.0
40734,30884.417899892054,1180.329109560477,15.0,111.62858470929783,8.0
40735,35567.12487363199,2393.0250586465027,46.0,116.10420149762187,8.0
40736,54265.718276692205,41574.13535340396,32.0,124.64558339204135,8.0
40737,21041.012253951034,9928.236948625787,116.0,106.21853128909027,8.0
40738,35635.24720306221,33948.77644661474,44.0,119.12372728466076,8.0
40739,31510.775893984173,4123.64339553286,91.0,118.89524221367712,8.0
40740,26235.74142483516,5213.669270938144,69.0,116.63862827723861,8.0
40741,54233.093120873586,733.2504117964081,62.0,147.33837183309916,8.0
40742,13986.544121722833,6625.042854343822,51.0,101.50649239635287,8.0
40743,47224.46130147582,27459.550417368773,27.0,115.61050823391189,8.0
40744,31756.9796282978,7436.061384830367,152.0,120.7333172983127,8.0
40745,11757.45181716715,924.9055436326314,42.0,109.51990418328516,8.0
40746,55140.96964477517,1733.3138354862724,96.0,126.05619724675608,8.0
40747,12180.788395769534,3480.6217489570386,23.0,105.02646547404085,8.0
40748,53021.620727851936,17867.422351303663,79.0,122.65146636593713,8.0
40749,37895.18956008542,21565.7195064894,120.0,120.7781721073438,8.0
40750,26270.41456857935,9272.97752695576,177.0,116.1788653144303,8.0
40751,34874.18796509121,924.8737188954823,67.0,128.32166985810863,8.0
40752,42504.48585448015,1184.4220941224728,50.0,122.78484639610329,8.0
40753,36930.155631131965,17918.06932492557,257.0,126.96751397576566,8.0
40754,36993.842598515395,1743.2461106792407,148.0,118.68470815023014,8.0
40755,53826.979694517766,7435.812136039483,333.0,130.62024640397243,8.0
40756,47481.90423104264,26149.642974041046,-29.0,129.37010043378157,8.0
40757,34200.4440846189,3980.3953385626646,55.0,110.17113396786357,8.0
40758,49941.65811332424,9506.677087648484,478.0,132.4211694404903,8.0
40759,27020.403094497644,9957.19622306134,217.0,124.22551672242832,8.0
40760,30715.387534759324,12990.327925390066,400.0,127.36594293034625,8.0
40761,12145.17249422058,2365.7628888670706,117.0,114.33995834502878,8.0
40762,21540.30811258849,5123.492826856645,20.0,118.22866441792414,8.0
40763,37652.852988293664,3090.511468983899,180.0,126.08570764702166,8.0
40764,39219.8929422446,739.2818525604084,115.0,129.24589361390292,8.0
40765,42769.0246333506,1184.4670693373446,9.0,123.28236812940534,8.0
40766,47752.10503456783,4721.57625076136,108.0,122.22262013138322,8.0
40767,37587.84935025319,17355.83567731238,71.0,113.38486930716995,8.0
40768,50234.65562392609,1989.7360728620702,328.0,109.3441968430165,8.0
40769,30643.893301537766,26075.51758015734,61.0,109.04856012695332,8.0
40770,51761.50571548635,18501.520094245785,147.0,116.8937587421008,8.0
40771,42842.65780371314,6289.207560834405,55.0,111.4142930822154,8.0
40772,37248.46828890222,3980.574474056287,99.0,120.29294770418349,8.0
40773,21286.392397400978,16665.220602212823,-87.0,103.65890236612893,8.0
40774,55337.158948538,924.6932053881569,91.0,129.16919863851535,8.0
40775,40702.43623203641,1989.980210460495,121.0,137.96394774961698,8.0
40776,60710.21836656459,732.125069915072,60.0,130.97468571043228,8.0
40777,23896.813335157658,1183.8884705087157,87.0,125.86691495630299,8.0
40778,54603.32058415932,1184.8110879287944,7.0,123.87859313866461,8.0
40779,57626.3727521761,17654.376311308897,76.0,119.59148056663877,8.0
40780,45097.83652234001,6181.425750005357,90.0,122.25175788254145,8.0
40781,54512.62679612682,10600.467872925743,119.0,130.22010318738057,8.0
40782,38178.37113684919,5598.081117705405,115.0,120.68016226619054,8.0
40783,31102.725546758324,2870.1575086959538,284.0,128.57193841318897,8.0
40784,25499.886174033723,8453.823299596463,237.0,122.01762195590209,8.0
40785,40737.42696502867,13277.398901105378,273.0,125.30603491649174,8.0
40786,25064.849029491943,4041.4960739116223,20.0,117.56739558867473,8.0
40787,55968.01912197395,30025.69968434994,139.0,124.08904171510355,8.0
40788,46676.7502151468,1744.2298358119228,8.0,120.13615044290175,8.0
40789,49437.812139480295,3541.121753575829,102.0,124.54915473109288,8.0
40790,48145.47613548525,925.0616602422343,24.0,124.65422197294592,8.0
40791,14353.345601327785,12378.81227429708,79.0,101.95008769629227,8.0
40792,39323.753123916176,24282.51553051226,87.0,116.09796414849494,8.0
40793,44259.18581789802,27125.014167717305,163.0,112.95667185753904,8.0
40794,22763.05179381474,2393.0992557327777,35.0,109.09167405000466,8.0
40795,39659.937560075676,734.928470577173,119.0,128.86154923147726,8.0
40796,58367.73973177702,7559.5333647356765,94.0,118.6865462206158,8.0
40797,45671.99235504924,5206.955490829912,262.0,117.92538052928145,8.0
40798,25992.138346168173,2774.859107072421,43.0,116.18706022601994,8.0
40799,46357.9775559952,739.432476685799,17.0,122.38389868338076,8.0
40800,28967.00074598099,11079.064112437423,43.0,117.18891325567346,8.0
40801,8612.757752757037,7722.56913897556,-196.0,95.68362819870259,8.0
40802,64911.732142088265,741.5798045348813,36.0,124.56226087418347,8.0
40803,54642.49744698233,1179.9446150796239,192.0,147.64419240827408,8.0
40804,35123.79084946345,33398.43887940823,-31.0,118.57332487568465,8.0
40805,41272.66231823397,4851.7699207695305,11.0,119.83354448119185,8.0
40806,47385.810207086965,2871.7562950930997,45.0,112.1435787459839,8.0
40807,57268.21553578936,1184.633011415952,113.0,131.8934056372949,8.0
40808,42710.80228543952,1473.2921416015008,32.0,125.06768171423701,8.0
40809,45779.07419638396,10814.53659107321,157.0,120.84925067363234,8.0
40810,15089.059952387068,1990.6378588277178,-1.0,107.48054971261475,8.0
40811,38271.51490144694,924.9587800827177,38.0,118.25135658405429,8.0
40812,12809.735375419212,1990.7359212709782,2.0,110.33586004047616,8.0
40813,55150.68694278428,732.6998467520893,182.0,140.84008952979326,8.0
40814,53048.64783813078,33499.9572777285,283.0,111.22832359486512,8.0
40815,13136.12399231016,11196.419639638865,27.0,97.89015323433361,8.0
40816,56025.929768075,8610.078261593182,19.0,110.88500147666181,8.0
40817,35276.66227275168,1183.3780800884845,93.0,123.26512550828056,8.0
40818,35230.1718602138,737.6334068513911,149.0,129.58852485888409,8.0
40819,39294.58015432947,2870.219285222491,34.0,116.2169825538661,8.0
40820,59183.660683558715,2359.237842871061,154.0,138.10080177463607,8.0
40821,49052.33517117572,47314.341443535865,-215.0,120.80454227601136,8.0
40822,32927.303856934384,13423.679000475688,204.0,135.23984841943061,8.0
40823,44789.93700217572,23278.04517727096,139.0,112.89507926421179,8.0
40824,38014.56824030442,1734.9521044210285,178.0,141.01021520014524,8.0
40825,39097.892829240656,38178.89466544872,-129.0,110.06589771833526,8.0
40826,14559.867672450773,5741.235347852754,76.0,101.58572057484847,8.0
40827,49466.84496708322,924.8944170009675,9.0,130.3941138850907,8.0
40828,42030.40178058367,1475.3146193703571,73.0,110.5768908179879,8.0
40829,37932.495340418165,2942.4927421453954,135.0,134.829819916942,8.0
40830,42702.769073509575,20374.507168502365,482.0,130.94429020519064,8.0
40831,9970.460525110224,6176.6628729714985,1.0,98.15045631450779,8.0
40832,42785.000630060196,22535.608191775453,73.0,121.80521149360564,8.0
40833,52640.9983765723,1184.3917412097799,46.0,121.82443645848527,8.0
40834,23126.430214492462,12151.305035854019,70.0,110.41642857924565,8.0
40835,32882.089686841995,13845.122477500461,60.0,119.5820564755297,8.0
40836,54495.68444357264,13343.01599232978,44.0,121.62592776470007,8.0
40837,27405.767470500494,4306.378512120089,454.0,129.956613841822,8.0
40838,30548.654627250708,11926.541856617432,198.0,104.59932880041514,8.0
40839,58884.18799269623,4314.893181577219,215.0,129.87538077120823,8.0
40840,36728.58000779532,26477.246150437266,201.0,122.15614276783978,8.0
40841,29958.836194631695,21878.785140701355,59.0,117.74733510997947,8.0
40842,28902.452518388607,5740.8469160987215,39.0,109.71379785746626,8.0
40843,28150.665184513262,7961.894871833646,57.0,106.51116995345288,8.0
40844,55682.33534183235,9032.018097720518,119.0,131.54722028954137,8.0
40845,27028.119250791504,17451.04372533761,-102.0,114.74262427094503,8.0
40846,39230.52078032133,2399.3378309197656,119.0,131.70677013498192,8.0
40847,57135.53845293925,10180.242456457478,428.0,128.45624624143093,8.0
40848,45942.088058259964,27823.05760396282,132.0,113.09884209977574,8.0
40849,37260.41161029043,924.8639189068997,17.0,117.68025470971033,8.0
40850,47847.11740191895,4722.017929435509,106.0,114.50058277332535,8.0
40851,52561.44190902807,6638.650887738354,0.0,113.7550550200066,8.0
40852,36056.787817521465,7586.224167899154,22.0,116.12917060299168,8.0
40853,55171.8484275715,36441.241700710525,147.0,117.88471273410201,8.0
40854,22852.397923221164,11820.932911994141,34.0,106.99501846608112,8.0
40855,28830.764098187017,9831.203158652135,477.0,128.4560774423864,8.0
40856,22509.097964241915,6839.6473081874,267.0,109.3209305539701,8.0
40857,42108.36933816849,3091.317002498026,18.0,113.14780450022575,8.0
40858,33968.20798819146,5206.730105434945,336.0,131.08190377471522,8.0
40859,35656.067090435,3143.345021196015,146.0,116.18150048154808,8.0
40860,4309.179800438994,3546.8919974536047,-2.0,88.46772337281713,8.0
40861,47091.691955252456,734.2344316930672,38.0,122.17643242754946,8.0
40862,37822.04649119228,24383.2019864241,78.0,117.7532568339401,8.0
40863,38843.116008226374,2389.6418372822973,145.0,125.12253666592932,8.0
40864,57306.832288784535,3553.279766121013,239.0,135.84325288365073,8.0
40865,21935.515492540053,21161.79780395565,-168.0,105.89684512231388,8.0
40866,49028.0467747756,1184.9114125585274,47.0,129.60090317880088,8.0
40867,18030.661046558023,924.8766336674661,52.0,118.04628125867248,8.0
40868,25907.96165570961,924.8562695559829,242.0,130.1155377541217,8.0
40869,29592.70267562469,8260.36581001511,508.0,129.71023046169992,8.0
40870,48433.35967688847,1180.111713785987,28.0,121.48365492962996,8.0
40871,38414.149787102375,18215.277723537063,64.0,117.4144116426969,8.0
40872,38540.544758500415,36176.02722816121,-48.0,115.80531977534031,8.0
40873,38385.28420144564,1989.955027701832,36.0,114.51739671626541,8.0
40874,26692.45659290862,17128.650337988176,-69.0,115.356626770032,8.0
40875,19007.32299420159,6921.405769079475,38.0,110.29249067621406,8.0
40876,24628.061967186375,3086.229216878535,8.0,108.13968027356081,8.0
40877,53724.7287645725,28709.036225995034,247.0,117.57990478862902,8.0
40878,29589.111701026104,22170.005063439014,-84.0,106.24401245334829,8.0
40879,12138.283677691199,2364.0092556140644,108.0,114.74716806117539,8.0
40880,58909.78725943324,13403.923422565838,76.0,119.28252957061179,8.0
40881,11753.295996815858,924.8812221205745,3.0,114.42888881368383,8.0
40882,31899.853192517257,2390.4351394380164,29.0,111.97194153254725,8.0
40883,44695.28363374482,924.9719717704756,57.0,122.5273959593583,8.0
40884,39067.67173507376,20530.673915895175,112.0,112.50625997919856,8.0
40885,35281.26427698878,2366.7446814905793,84.0,127.59885665631163,8.0
40886,54619.30761213225,3138.8765417634386,80.0,127.71069341606884,8.0
40887,45481.57236677968,734.9445284234149,-2.0,112.64340536097846,8.0
40888,40321.457695759695,20244.43327391223,120.0,113.4192411838582,8.0
40889,39268.25202702011,19319.129456245522,133.0,121.07901310488411,8.0
40890,35198.960025899025,9275.401122266137,139.0,120.15533380372875,8.0
40891,22514.682343079672,9708.412387443088,87.0,106.74614129559583,8.0
40892,56248.85914258901,7082.048028058891,30.0,115.18222052897316,8.0
40893,42144.75170456668,2368.7843999546894,53.0,118.32501624853671,8.0
40894,16152.996850400894,11548.128718328115,60.0,101.78631776253447,8.0
40895,26690.884006441196,2391.0631403038124,48.0,107.25164847758205,8.0
40896,22988.870320505608,4513.103041810789,105.0,119.62917215358625,8.0
40897,15367.003156895313,13002.110991682004,14.0,105.46395157539277,8.0
40898,41679.6941220032,5549.3243584172415,117.0,118.94950812987537,8.0
40899,43060.71653384031,924.8084164503094,43.0,119.77916210637731,8.0
40900,11708.85252512764,735.8930727641003,4.0,104.9297185416999,8.0
40901,54497.379612803816,30046.552641309645,170.0,124.72642240765055,8.0
40902,44413.68505453756,34460.807102143204,422.0,130.73668247860843,8.0
40903,31159.779752680515,1183.162859680573,43.0,115.69026276622677,8.0
40904,39848.06403008881,34104.781149989634,-367.0,112.982482367265,8.0
40905,6925.125762503028,1182.6677548781938,40.0,106.64767869106802,8.0
40906,51817.66053867793,7399.794055704993,306.0,130.29692346670615,8.0
40907,7424.283045463373,3797.965099482935,3.0,95.65449102785752,8.0
40908,51131.70662274453,8357.160966822172,326.0,113.51759512931311,8.0
40909,39834.87420855739,19920.817980564047,86.0,114.75575576641636,8.0
40910,37003.71467757736,16111.796557401745,51.0,114.8972011566575,8.0
40911,43674.897089079575,925.0043140966744,32.0,122.792636542494,8.0
40912,31700.745878485766,11534.409901974686,-57.0,110.81793260435433,8.0
40913,32144.49596530575,9958.684208714702,246.0,113.26468164849435,8.0
40914,39292.41953499759,14963.71137271127,95.0,116.77425662442496,8.0
40915,42857.45125513473,26421.975139369883,73.0,114.5823756663827,8.0
40916,58459.87492095474,1185.339532411903,53.0,130.99368465806046,8.0
40917,22910.103967068626,3683.0739319343206,173.0,104.33075036277549,8.0
40918,57528.20519530133,1179.5076365583793,131.0,133.14354593173917,8.0
40919,9457.57177763677,8275.337948525286,-135.0,92.68395708731464,8.0
40920,26448.662429696542,1181.7092895549242,41.0,115.33511091132681,8.0
40921,51004.918566072316,12047.067980983582,370.0,129.56232175701052,8.0
40922,25094.252109282083,5152.552572668154,31.0,113.33058995244293,8.0
40923,41978.26674835036,7585.001493233267,145.0,113.14805536650215,8.0
40924,61685.07349435775,740.0693412098501,140.0,135.27830757110343,8.0
40925,38422.040686483444,8624.433326918383,161.0,119.48380804498069,8.0
40926,33857.929968825236,15080.568014169241,185.0,111.35472208265551,8.0
40927,45498.524787686045,733.6173581849094,110.0,136.79905201373208,8.0
40928,42435.057831444625,4313.221725242051,55.0,117.267380882187,8.0
40929,45574.14951376442,1989.7997924570152,24.0,124.84132433118864,8.0
40930,21937.17982010089,4311.0044781144625,58.0,109.70032728580657,8.0
40931,65226.43065710858,19249.791326863415,63.0,122.31043072216609,8.0
40932,42429.63547876396,32233.11276756605,116.0,116.68390914055323,8.0
40933,51665.868379224674,924.9031408890205,240.0,135.98692306648525,8.0
40934,43801.14860649274,736.4390259479975,23.0,117.08091737239512,8.0
40935,39130.35964367659,7420.889770600196,142.0,122.97718406895888,8.0
40936,6883.244443071341,736.4672493633443,7.0,101.23082894342913,8.0
40937,25334.127394282463,8914.710443906213,73.0,110.11114304063084,8.0
40938,39752.86625185712,1736.222092473823,77.0,121.42576154556629,8.0
40939,61864.868754369185,1179.5896923149098,108.0,136.11105378716033,8.0
40940,12970.065526781289,8356.90749375167,63.0,103.13879622576479,8.0
40941,22480.850171470367,2870.2091393417973,30.0,119.0702168179231,8.0
40942,49524.03579334444,7118.632153072046,45.0,125.58641482114248,8.0
40943,51289.894574746715,19596.776871066515,96.0,117.4540928735914,8.0
40944,62935.202806770154,8771.735955180591,158.0,124.91204088297812,8.0
40945,34880.0513857565,5472.188506393339,57.0,119.01749664862739,8.0
40946,43558.696986186245,12562.061568564457,95.0,118.4141655039985,8.0
40947,58139.85034159082,16886.216006958926,76.0,112.15938862485244,8.0
40948,62353.776449438665,22376.873215059026,43.0,128.2434931254236,8.0
40949,24289.297894327006,5152.6573959762,259.0,122.26340864039342,8.0
40950,20375.800167226127,8099.787191072502,100.0,119.27619806646658,8.0
40951,40347.89745688579,38638.51362316767,-121.0,119.36707855094639,8.0
40952,46915.07879639435,1476.2995096027917,118.0,127.67925156288463,8.0
40953,49969.732460217754,12970.481394952089,193.0,121.22413650991035,8.0
40954,16149.8220110543,15250.869948112404,-116.0,100.1314795946981,8.0
40955,26290.713361766706,1990.6075219279646,388.0,131.36942643625704,8.0
40956,58711.15144573786,1179.497918476329,121.0,145.6288489679831,8.0
40957,42705.904445149215,31585.319127408377,-295.0,109.04364706010475,8.0
40958,38741.66278286631,1735.299103314939,253.0,114.17394818550976,8.0
40959,10368.960740594555,2881.731340615584,19.0,106.70165050933913,8.0
40960,10249.991607824782,4308.491167731548,12.0,100.92584367916926,8.0
40961,22324.86957754849,4306.174488046399,348.0,125.22108212188603,8.0
40962,46728.430701173114,34623.79732966276,137.0,120.65657272281774,8.0
40963,60632.646768135324,11392.04256993098,476.0,133.87326651358535,8.0
40964,44903.85008853722,1180.5081077636053,20.0,115.4060843773206,8.0
40965,51619.710362182515,8715.100917363314,152.0,122.81187683546372,8.0
40966,10963.394844297969,9014.75487699829,75.0,98.21502922118567,8.0
40967,24799.50042304347,12570.031231021523,75.0,108.81073414850614,8.0
40968,49760.19517790631,1180.5425969932912,226.0,140.40373499329334,8.0
40969,49263.20446879754,37704.33417867948,120.0,115.69720955662856,8.0
40970,39311.05593417173,20530.746510833906,166.0,115.79032991844095,8.0
40971,27903.600019445592,10200.683370643239,335.0,104.14050137866846,8.0
40972,52551.765892923,6383.8339963053695,369.0,120.63064554567744,8.0
40973,61168.153470150275,732.2904233932891,32.0,123.52937108682826,8.0
40974,37818.94370771618,9950.63786266612,61.0,112.4394795296726,8.0
40975,7112.716742934625,924.8707619656536,103.0,112.49650195944739,8.0
40976,21536.839642340918,10432.865905341847,90.0,104.95389794908067,8.0
40977,32303.54124278235,737.0048436932126,131.0,136.86760180013238,8.0
40978,52130.72437402538,13032.834775018273,56.0,115.63864338597999,8.0
40979,48340.96884335509,3474.059416324527,139.0,128.19162068142143,8.0
40980,43132.94240764471,1181.2671426450445,2.0,120.47259204489495,8.0
40981,35714.53218353122,734.3241276999073,64.0,123.46167268410738,8.0
40982,47743.2996074754,18894.45268824342,-158.0,113.02140860095204,8.0
40983,32880.34168084618,734.6157159060666,71.0,139.4081499436782,8.0
40984,49285.50471164328,35184.80979635591,163.0,119.00284586270186,8.0
40985,51499.80416856022,5902.523389595992,47.0,122.30124506800396,8.0
40986,39278.52897926085,26289.689223008314,307.0,128.7455741062103,8.0
40987,56631.348123426586,8835.946841081843,43.0,125.10736308046576,8.0
40988,37562.69771784962,17318.429577781713,73.0,120.70373131618032,8.0
40989,21845.690002850708,3087.026091313932,21.0,106.79385570891455,8.0
40990,19355.29614474185,2210.660238431211,51.0,115.70054211039692,8.0
40991,54600.52940509604,4314.971122512448,49.0,130.26382452650628,8.0
40992,34120.05946816731,924.9732182407056,118.0,126.5135853203596,8.0
40993,21181.26342604416,6284.890777202537,25.0,108.84477981642344,8.0
40994,34044.901563837346,2391.1452623400214,38.0,118.79354130337998,8.0
40995,45455.071672589125,2874.7701295972065,65.0,126.11931786390377,8.0
40996,16129.737719636976,1181.831841147714,21.0,106.92708161158974,8.0
40997,44608.38255647513,6167.835679689236,310.0,116.64295700424015,8.0
40998,62334.79757115043,9909.837567306635,248.0,133.8282964931028,8.0
40999,28851.031436518508,11831.558095931929,183.0,119.52506176374453,8.0
41000,37226.18972993749,11765.769794675993,337.0,127.13589797119698,8.0
41001,11382.077051609745,3142.05036113418,138.0,94.61444912552207,8.0
41002,43615.55872331701,5743.526397475853,55.0,118.53905989227978,8.0
41003,51458.44022731797,1179.565105333603,165.0,146.26484289055708,8.0
41004,38779.52953718414,30333.097233402445,374.0,128.5069672653702,8.0
41005,52272.61823784598,924.8945170777081,89.0,127.93009047194974,8.0
41006,24227.28362080272,8653.14879869141,306.0,112.69231472648902,8.0
41007,62346.152989458235,14629.567086402105,53.0,123.72059162947218,8.0
41008,16528.032911315044,14224.495220500216,6.0,106.87068644901935,8.0
41009,59871.9232469032,48122.824784437275,32.0,128.49496908812492,8.0
41010,63215.15033037522,46198.629398645826,183.0,125.12849785065939,8.0
41011,41409.65019128648,11985.336137374721,321.0,118.9186044858262,8.0
41012,40504.915866900345,3551.0064410517707,221.0,135.0800580835697,8.0
41013,39391.025012716826,22267.376230281945,163.0,111.61209987002485,8.0
41014,52901.83794826492,2869.855781438078,359.0,132.08369267023153,8.0
41015,32449.865439533747,19152.571343863405,-188.0,113.17100381865318,8.0
41016,17634.923954165664,1849.7818740930816,-6.0,104.93113972957988,8.0
41017,11692.468485759175,6840.006912082721,-15.0,113.89831720927765,8.0
41018,62131.99527436088,4303.146193442163,62.0,119.01223133504477,8.0
41019,29600.689200031447,27627.131520340612,8.0,107.83289555029208,8.0
41020,37515.00128099842,6336.944310011932,55.0,119.67569193606599,8.0
41021,60881.87546557747,10259.058040662241,140.0,118.9597165838349,8.0
41022,28631.435879520548,1182.5533464105552,42.0,116.992938343314,8.0
41023,63983.59245595941,12978.195722817894,187.0,133.86145232042347,8.0
41024,69384.0554985804,1185.007309382024,61.0,140.87602276583192,8.0
41025,17353.418625460123,735.2451051113904,24.0,114.43023009556973,8.0
41026,57611.20870349098,14627.839454590632,-10.0,124.15372591886779,8.0
41027,44088.613809111725,924.9180670571758,37.0,120.93389476628303,8.0
41028,27722.745065249153,16203.118679822894,81.0,114.03347135049394,8.0
41029,28011.522785530025,7367.849643894355,113.0,105.15743257009497,8.0
41030,39873.841402577964,6884.958456596196,199.0,109.52858443112653,8.0
41031,22488.48922943821,734.5759998693703,196.0,128.93683997791544,8.0
41032,23928.698107255004,15035.738776448976,195.0,105.7822963550896,8.0
41033,46720.329220392996,2774.699272114509,36.0,121.30568576775838,8.0
41034,50691.71093326466,5204.136846171809,28.0,119.09582534120898,8.0
41035,37647.968273439525,3541.1623947905623,111.0,133.00414927484425,8.0
41036,53199.063304378484,3542.0982640861876,56.0,120.22275052243432,8.0
41037,18119.847689571518,924.9163568452101,37.0,110.70505088864245,8.0
41038,41209.407631676484,3144.2260849775944,60.0,128.17245343172686,8.0
41039,42171.994952640955,3143.9746434471713,69.0,126.3239330395036,8.0
41040,12563.187426025906,5913.790985191032,54.0,103.86184995485812,8.0
41041,66573.2838042262,58295.63258262325,153.0,112.81485509247877,8.0
41042,17346.72544700376,9034.628505970903,96.0,99.3920070084743,8.0
41043,48147.30065147994,1180.778157594034,39.0,119.89890762245122,8.0
41044,11087.440689763258,3682.963822636105,51.0,100.41923514798707,8.0
41045,44189.05003334145,1471.2926551694827,57.0,131.99612270072362,8.0
41046,45175.42323380449,38005.174655596384,-213.0,121.82543576671571,8.0
41047,7114.074751834003,1991.4457979570775,3.0,100.64449134870675,8.0
41048,49477.967780081715,40273.03238133005,-163.0,124.31942903080156,8.0
41049,55670.51361986956,9247.380557684794,56.0,123.02989719992095,8.0
41050,36896.726351640136,737.8075722068286,130.0,129.39445117456128,8.0
41051,60793.434206615195,3137.0057626322728,159.0,144.9269716307303,8.0
41052,34293.17600328408,6516.2288597182405,111.0,120.08494005293684,8.0
41053,17956.171707411955,10412.106578421555,130.0,102.40764869900069,8.0
41054,43143.83697430239,1180.0358523284845,212.0,132.46757364419486,8.0
41055,18907.75322442249,2362.9828938408577,39.0,107.45465432434669,8.0
41056,43834.13853523527,925.1574797559614,73.0,125.03847311840173,8.0
41057,46178.911408962704,738.3787127576281,48.0,123.94469394219196,8.0
41058,53654.27501187061,51982.92088975555,-20.0,122.42104232546927,8.0
41059,19511.640380555065,1737.9520359163707,12.0,107.0865604076213,8.0
41060,51637.115947349455,32908.27883892583,182.0,118.13104426057882,8.0
41061,41377.506581098874,1180.4369172612312,41.0,120.8641584221401,8.0
41062,50081.76940194924,1180.8465988554592,14.0,120.8934989161466,8.0
41063,22584.81540215774,1737.967462635417,10.0,111.83262872538012,8.0
41064,43950.99077844901,17220.73899689513,319.0,115.89080649416344,8.0
41065,52905.408561240845,11123.264437786029,94.0,123.02126720098582,8.0
41066,34501.57022213716,733.9083861135832,42.0,126.86602020469752,8.0
41067,11613.683180447633,4045.7735104542635,-9.0,95.67653089129227,8.0
41068,21199.604425533427,1470.3897546434546,10.0,111.14767336020168,8.0
41069,53990.58568109367,45712.324483233744,153.0,111.19256181416108,8.0
41070,29608.864743080634,5127.9000524246785,250.0,128.19563312071085,8.0
41071,14725.86280854639,735.3295508740924,38.0,112.25740279514247,8.0
41072,15669.297034550777,925.0449226988916,63.0,114.67656043283955,8.0
41073,37530.55967231625,17580.708370088054,133.0,120.69650214981628,8.0
41074,42545.72288533816,17048.305944672135,233.0,125.97301726150334,8.0
41075,22491.57279146805,924.9085364154847,16.0,110.91277170035725,8.0
41076,58570.60171088951,48329.02535165417,204.0,125.65929780859355,8.0
41077,40679.24483019457,734.4370236414461,136.0,135.55195157876506,8.0
41078,50460.77444236291,4038.825201522704,56.0,122.18670391871133,8.0
41079,8266.264751518043,6283.893044611403,-10.0,96.11744411613977,8.0
41080,59903.856135460854,3144.893529063715,391.0,136.74557012420848,8.0
41081,19632.96738680199,1737.465141153719,22.0,114.20591904484193,8.0
41082,45512.71824467654,3138.208632097315,33.0,114.3334097103476,8.0
41083,49996.24748095862,12046.972916307237,182.0,120.69578856042942,8.0
41084,38166.703000333204,1182.8358876392115,64.0,124.61060660184151,8.0
41085,25847.88216110573,6629.052326307678,180.0,119.99336106483781,8.0
41086,32127.207515915485,924.9858719896939,34.0,115.9345996344095,8.0
41087,53584.93981005676,45131.56912587171,361.0,130.94508458599944,8.0
41088,43679.11727265364,9271.079480099836,89.0,121.98056953685818,8.0
41089,29925.17658721372,2870.298303054064,87.0,115.35781936956364,8.0
41090,24326.961149894658,737.2423542103741,14.0,110.43508977420359,8.0
41091,47025.87910045048,28912.966436574665,147.0,111.7175541374366,8.0
41092,33407.18671756215,10255.819659002003,333.0,128.8247854308683,8.0
41093,31598.48919975693,2397.3323512415714,119.0,114.01698716191092,8.0
41094,43569.516234191426,2774.532571161512,130.0,114.61890787179003,8.0
41095,32998.21468868301,10823.025068195546,236.0,128.60289346038678,8.0
41096,25419.47362792838,737.8162075084841,7.0,111.8639222157213,8.0
41097,15250.400931300375,4853.849231966581,280.0,122.26635233019434,8.0
41098,42303.19320747815,3091.629260109657,27.0,112.39446213296515,8.0
41099,25121.160545575727,2361.852794721757,176.0,134.02036194890215,8.0
41100,25500.99633263331,2871.5163049376133,33.0,110.70179924022801,8.0
41101,35284.54533812374,24309.5158410442,78.0,113.15087007965823,8.0
41102,56040.8255369238,35854.38145341181,-14.0,118.17184183878405,8.0
41103,38374.303113069545,2944.4637310263233,240.0,128.472598120542,8.0
41104,40105.64499740418,739.8050201017984,5.0,118.4509892337411,8.0
41105,21351.844704872336,5475.310004591419,72.0,114.92556892640845,8.0
41106,47915.75897756521,1180.3562328555483,107.0,128.0897317462314,8.0
41107,27105.836852614557,24789.39667579837,-16.0,112.87970541454636,8.0
41108,47917.539193472905,10390.83956362223,120.0,127.88678318406616,8.0
41109,60735.47995571292,1179.7168117306107,38.0,123.48145012457223,8.0
41110,21183.623101547557,9427.862126312699,213.0,122.45375181954118,8.0
41111,39556.83954819517,15079.857774093944,171.0,121.5818283778054,8.0
41112,42560.988219582134,1734.629388339259,20.0,122.14773022526606,8.0
41113,35155.8647868804,924.9356594523701,130.0,127.445753685581,8.0
41114,35767.330400076076,19770.168178177828,215.0,112.47869637680736,8.0
41115,16952.891663525035,11078.686630780687,232.0,97.27395760176039,8.0
41116,34843.96670495727,13310.836646802438,57.0,109.74528324543887,8.0
41117,40516.05739889911,924.8804870421669,26.0,128.14354797656995,8.0
41118,18404.896567895667,1990.5035689175193,338.0,105.89933154378603,8.0
41119,56547.202283245075,1183.9226451624877,45.0,122.10374262114712,8.0
41120,42627.79569001342,4041.539791025522,145.0,123.8867461722333,8.0
41121,54748.15959681027,36191.367540339925,365.0,113.3436094215461,8.0
41122,60824.71986802421,9804.932796783265,300.0,130.3352107745811,8.0
41123,32991.78361294649,1740.8525548263904,152.0,125.66054529112895,8.0
41124,27615.513739250884,1991.7085748367915,84.0,108.05944895963773,8.0
41125,22060.316120582003,737.2308618476156,21.0,116.19598027223829,8.0
41126,53098.370024069365,3542.2636472109034,76.0,115.60520224873608,8.0
41127,31125.381831613282,4615.579007593704,41.0,119.12075761324662,8.0
41128,38691.2266593012,925.1023078523376,14.0,123.25529801037041,8.0
41129,51131.39950105691,3699.9623502470054,145.0,136.3998451439518,8.0
41130,57996.42688091165,925.1718896710731,121.0,131.3105575536024,8.0
41131,25308.195032052838,7180.640573342836,216.0,116.92664360580298,8.0
41132,12108.774155125175,9970.361800307113,-17.0,99.09312778383135,8.0
41133,24092.941276698908,2774.71906695781,23.0,111.35640300877564,8.0
41134,50334.18759429205,9829.28995800548,27.0,118.4678218366156,8.0
41135,51211.7880703998,12114.175245548271,55.0,116.76303668575085,8.0
41136,34302.14581666944,13706.387491381558,82.0,119.93788345043487,8.0
41137,50950.4043402167,41933.23784267612,-136.0,124.08079150649696,8.0
41138,41940.77707910293,3772.9077144909215,52.0,116.85113569549911,8.0
41139,32006.56920669077,19209.408610160943,87.0,114.53839056131221,8.0
41140,24013.04802141792,23313.313840621257,-203.0,103.56967077393507,8.0
41141,36725.88413689605,23929.721060306165,87.0,114.89554649681757,8.0
41142,29606.165522470368,7399.05913743925,112.0,111.12150606954695,8.0
41143,39021.44205921322,2943.8933927622434,324.0,133.97266038048855,8.0
41144,31190.26245607092,19596.637675655893,20.0,113.50633489401103,8.0
41145,46065.04014889534,7476.985498062634,145.0,122.67132922941187,8.0
41146,29743.692841521923,11196.636887659606,362.0,103.87685394706223,8.0
41147,6629.085551063254,5892.80524727002,-18.0,93.57637676531077,8.0
41148,55264.43879926228,1849.6482816719017,25.0,119.57155541609389,8.0
41149,10592.287375247844,8612.698388281036,56.0,99.69830935789722,8.0
41150,44312.01006924083,925.0197533336417,24.0,117.14935049066536,8.0
41151,49736.31333879462,9302.59669738776,374.0,135.34808132899715,8.0
41152,41789.790295708946,14486.915563409922,120.0,110.99751529442466,8.0
41153,37842.580720579615,19064.464177007,181.0,113.69206017213183,8.0
41154,42719.67963971837,36059.89491598022,80.0,114.2584486179538,8.0
41155,18445.496821009765,16713.370005205463,43.0,114.36076327910027,8.0
41156,46121.78611904576,1736.0322610515786,22.0,119.13392951118229,8.0
41157,61025.13757004926,8072.432165430687,417.0,134.26027628172758,8.0
41158,18041.6252110882,8621.813028397211,234.0,121.58577080937928,8.0
41159,11974.354058988112,4788.999665449398,20.0,97.75300666620505,8.0
41160,63051.523487161285,25963.766616168134,77.0,119.31007526292748,8.0
41161,19907.83064134465,3981.2575287240625,185.0,122.9596118292624,8.0
41162,55791.25730741454,6942.27026278618,304.0,131.7489642226672,8.0
41163,42830.94811144842,3801.146235692805,18.0,113.59812421218993,8.0
41164,16698.268082836712,6339.21723405105,494.0,122.22115949655424,8.0
41165,6841.409649593592,1182.5397460523386,4.0,97.74936255601243,8.0
41166,52550.83223871785,1179.8412670724933,66.0,126.42475760041428,8.0
41167,42958.37996326188,13038.545301645856,232.0,110.24355237450078,8.0
41168,43699.71511838318,25974.678361451028,402.0,125.96609633355465,8.0
41169,27307.49360785606,10686.358654391192,133.0,107.45005365525793,8.0
41170,26066.050944281473,4795.534454765508,148.0,119.94929510097491,8.0
41171,35396.47461078761,2210.5763945280846,94.0,124.73600303981573,8.0
41172,49132.693170856815,12579.391565506352,55.0,116.39416614379772,8.0
41173,8755.813478565697,736.9063985887711,73.0,113.83924994531371,8.0
41174,37045.994469223166,2368.113188525335,24.0,113.13027845685328,8.0
41175,43997.70612576894,925.0580440239872,20.0,116.55496343527284,8.0
41176,47917.32278937722,6640.792562560692,63.0,129.3357723331651,8.0
41177,31670.275344272468,6628.38256780937,44.0,114.03183145777776,8.0
41178,31860.299548592608,12342.999898703938,248.0,136.41100137017165,8.0
41179,23993.729085323954,6877.5010445765265,186.0,120.47304880753185,8.0
41180,51641.19569484633,2871.4781036643085,41.0,130.162096585921,8.0
41181,41640.20391122738,22784.70764184454,114.0,113.00788475636055,8.0
41182,39051.35148373198,2209.9092806312547,50.0,119.4224245166398,8.0
41183,44707.087514230916,1992.1428850778207,21.0,119.84794637274958,8.0
41184,46193.91392712737,5208.579701235057,24.0,114.93173198485162,8.0
41185,41888.187111101506,1471.1495978382668,97.0,121.1290476683888,8.0
41186,23627.903964322268,1181.5859921331503,9.0,117.16062973235427,8.0
41187,40855.7164551138,19553.7849201435,246.0,127.06449019211053,8.0
41188,49473.96521551618,3984.9010869824083,76.0,120.3637035621092,8.0
41189,39867.331091960674,734.928470577173,119.0,131.58531771025343,8.0
41190,55694.404843455864,5119.836010106224,350.0,125.14557801557478,8.0
41191,18556.827827586374,17635.037615147045,-377.0,98.86386632422227,8.0
41192,53970.10632454772,9955.595347196668,33.0,126.01592762916894,8.0
41193,61557.280414150715,22509.07967773256,31.0,118.97310031919393,8.0
41194,22790.105357310404,4854.310278428377,237.0,123.00956663165431,8.0
41195,33204.98032258085,25618.478888331803,2.0,111.67773955543369,8.0
41196,62851.739566944525,2358.581865222307,261.0,134.51636215753015,8.0
41197,54971.41341418679,1850.0590256508856,24.0,121.44736833500903,8.0
41198,47424.411630491384,32383.264626250933,87.0,117.98598859475781,8.0
41199,42577.63553659045,3469.497540103095,168.0,126.07702537413985,8.0
41200,47384.97045790576,7569.950475215881,608.0,125.91180224942704,8.0
41201,46073.180365358734,7082.863606122843,139.0,125.0632643188433,8.0
41202,45613.381878181906,7435.774391752015,144.0,116.81238704351696,8.0
41203,35315.25712223663,3138.9372978228635,46.0,115.00825773721117,8.0
41204,28192.31343428302,6656.023452105671,87.0,108.91163667725436,8.0
41205,43409.5151429203,35946.445826618394,-366.0,111.34010966963933,8.0
41206,22760.74968866706,15172.27756250052,211.0,106.9268970936251,8.0
41207,29958.79690692769,735.0281873434551,107.0,139.62069975514368,8.0
41208,42340.486404793846,27494.85066513806,198.0,110.88504594679489,8.0
41209,52314.90160070906,6515.9498388472175,213.0,127.37190025073164,8.0
41210,61147.88583302083,924.7928860045257,13.0,126.30087797243131,8.0
41211,45936.75719011471,3979.57453772479,184.0,113.17786101761783,8.0
41212,52384.708700960444,1733.5491076950614,477.0,142.59392357427492,8.0
41213,31757.289731373134,11750.207716606594,39.0,114.27575595052357,8.0
41214,51413.909067788714,10595.128562778247,127.0,119.89765348922296,8.0
41215,15878.265040030836,14962.96846734922,-146.0,99.58564215820115,8.0
41216,49573.23689194713,31869.71679360894,279.0,109.71924628357525,8.0
41217,58901.36215372859,47300.85581644053,-18.0,130.76067633917256,8.0
41218,19017.884109413644,924.9916552679538,51.0,122.46647208281003,8.0
41219,28277.15287868709,17920.27563732133,-108.0,110.26245869481362,8.0
41220,10439.609293213587,9823.501561388888,-210.0,95.44544489042741,8.0
41221,17711.99077918085,1849.871854104302,86.0,116.26624502259821,8.0
41222,50931.91214672618,32157.32175240183,187.0,117.5417595198585,8.0
41223,40186.378583015896,13458.692255780654,291.0,126.69897886475387,8.0
41224,41426.13039516681,733.3820157702391,185.0,133.82750729211077,8.0
41225,21047.49799386863,8831.53979775534,75.0,111.71401792897242,8.0
41226,51686.06059734313,33566.89948739904,132.0,114.13871699363139,8.0
41227,13838.313706115827,1740.9950882320463,152.0,118.37720974112828,8.0
41228,23962.393143114612,2361.7221314780704,23.0,105.22007996645779,8.0
41229,24264.57692649324,924.8749092155115,107.0,127.47341935885228,8.0
41230,18780.318576812882,9953.521496736761,56.0,102.11258358186252,8.0
41231,51491.05326779523,733.8412272649805,90.0,130.00727575119384,8.0
41232,38679.824992155925,6177.384863938065,473.0,131.87219083328475,8.0
41233,15740.829815315543,5549.489977396883,161.0,116.83078984856564,8.0
41234,15189.144773691614,1183.1513181659393,80.0,115.9855008024789,8.0
41235,52068.10511958041,18193.68414937321,161.0,114.89843158365643,8.0
41236,20614.78075230006,6517.287671441209,86.0,115.38247361199734,8.0
41237,3982.298551933521,1182.6418811048075,13.0,94.92976990632992,8.0
41238,33881.85092355664,1990.4939941416774,5.0,122.52583409593403,8.0
41239,49947.9971802953,17574.665017994303,119.0,120.30958276486655,8.0
41240,14986.589834960048,737.133072081081,16.0,108.36136388433765,8.0
41241,20209.97455757932,736.6575339464158,10.0,114.37985226235287,8.0
41242,42641.46727909482,734.838135226501,215.0,135.26011279924336,8.0
41243,18015.695886653324,736.3653818366527,5.0,109.94067433636185,8.0
41244,18809.76087561953,4732.741069400007,42.0,108.03229524725329,8.0
41245,49711.954788883915,924.9567433022031,202.0,135.87928413892385,8.0
41246,48090.59073217322,21638.173550822048,62.0,116.85523090298679,8.0
41247,56216.72968312743,733.506947994295,107.0,132.37446623004536,8.0
41248,51404.38966275029,38610.78490348763,87.0,119.86908027892906,8.0
41249,35381.39471915289,2945.1451238983186,343.0,131.288016903876,8.0
41250,42134.40142940346,7419.296296127687,378.0,130.22499359794128,8.0
41251,43151.8071791963,1741.8690528395418,43.0,117.99925365499834,8.0
41252,26557.500787250676,15087.802706240023,86.0,122.31815807184084,8.0
41253,41487.44791988914,32275.505516405174,-87.0,129.91266150655753,8.0
41254,25970.49004675771,2391.9443567136013,52.0,116.99130613755538,8.0
41255,54355.16947943342,23857.013959984153,19.0,115.94944165468357,8.0
41256,61896.52314159957,1989.7496305644336,15.0,123.35677438328972,8.0
41257,18436.857395463558,4044.477336327093,84.0,113.50739651706378,8.0
41258,50106.523214385685,1733.690775158005,44.0,124.34224264120516,8.0
41259,13549.419283392908,2396.368999791049,49.0,102.5564924099963,8.0
41260,6927.272743274041,1182.4911161426983,87.0,93.8950893766444,8.0
41261,33701.3524610945,5864.344614419936,178.0,121.5275945648701,8.0
41262,47272.21820627115,12122.625069166663,79.0,121.67212259599172,8.0
41263,26772.723606045547,11088.410024921273,-67.0,107.84485031401188,8.0
41264,29288.500456612423,2870.5829211407076,91.0,118.89063549528387,8.0
41265,50258.71711999002,1184.2616667548266,9.0,124.82493427272532,8.0
41266,58521.50039353636,733.333179774834,143.0,135.0388646239389,8.0
41267,44142.35815623288,12805.291648875713,36.0,121.57514729604532,8.0
41268,43775.593087012065,20467.655728131023,-79.0,119.24350880642923,8.0
41269,62867.12552236624,14000.846805951354,322.0,132.73050271898848,8.0
41270,37928.28011521218,10173.713996815943,106.0,116.62823353361038,8.0
41271,49008.87339038377,15450.543511070866,81.0,119.90667937294724,8.0
41272,51631.566161398725,16906.302163918517,22.0,122.6082389233745,8.0
41273,28710.918271904597,10593.819671728446,143.0,106.54435648865164,8.0
41274,56461.70582992902,8823.98539068665,236.0,128.28472513715263,8.0
41275,54394.597830702085,52434.473570544375,-84.0,110.11758052568152,8.0
41276,23641.931983037008,8154.67871600099,176.0,118.81532932208086,8.0
41277,46501.8239988443,15671.993240286984,198.0,111.76509851445125,8.0
41278,25097.63028407388,12305.928543532818,87.0,113.65880997826648,8.0
41279,35541.49465307375,4417.3023534957265,490.0,132.522450661166,8.0
41280,52314.26905450324,924.9305739511194,48.0,128.8915711168537,8.0
41281,42588.572688985594,4855.787462333784,50.0,115.23289959693271,8.0
41282,33040.2502343731,17333.65804263638,167.0,112.2540588396998,8.0
41283,28052.618438627982,737.2423542103741,14.0,111.63118102723408,8.0
41284,36143.362335948405,9761.924994676525,45.0,113.3047500416007,8.0
41285,49366.192374303304,29126.535910950446,73.0,123.02010732879927,8.0
41286,33166.42686590059,12525.423335648156,108.0,107.27969594107086,8.0
41287,50354.173262784265,23046.153223708756,374.0,120.42720470119731,8.0
41288,54102.17370772799,7118.859844822995,59.0,121.53968250042729,8.0
41289,43233.780419005045,733.0034546649546,39.0,121.86087347808517,8.0
41290,48100.24985048683,2774.595816230028,73.0,123.30310975085081,8.0
41291,41316.65639447947,12118.844256354514,331.0,127.96529673080664,8.0
41292,40019.82743768455,11289.315993507129,23.0,116.74413143746726,8.0
41293,39952.17010795155,736.4892025645188,44.0,113.90714362415022,8.0
41294,33639.16644630273,13707.143941046661,133.0,119.7735665428309,8.0
41295,46760.87162251359,35231.70082350171,56.0,120.0293244730917,8.0
41296,32440.976715257188,26564.06593023766,-304.0,120.15145366623744,8.0
41297,54190.59415526295,5119.966918720635,182.0,122.54595791263075,8.0
41298,52548.547680779,33818.51949222001,181.0,118.19726370183344,8.0
41299,40800.264713819684,1737.4954482291018,23.0,115.22195406570548,8.0
41300,49718.28389543872,8259.365083655197,128.0,124.45889900567558,8.0
41301,32722.21623980882,924.9155826205932,50.0,120.71822967775535,8.0
41302,51769.12744863993,44224.787449072624,146.0,112.55846538230547,8.0
41303,40014.89409089814,21893.265469365204,111.0,112.41170242917796,8.0
41304,22484.571220933063,1181.2334206230726,36.0,112.7643440118929,8.0
41305,42839.08051212392,1184.7696462230322,128.0,130.83091475311255,8.0
41306,21670.598542761993,4514.3820056372015,171.0,119.41254891645195,8.0
41307,29600.16326395412,17990.99513135136,391.0,127.83765814191163,8.0
41308,50927.112678425794,3144.7221657327523,46.0,131.90889417452206,8.0
41309,38070.2440783389,21639.772399249254,73.0,113.31123684125487,8.0
41310,35552.846198044994,9097.577158737184,121.0,109.32460951425361,8.0
41311,32026.764792526224,12345.786257995753,70.0,106.27586101867456,8.0
41312,33499.88746271249,924.9209717511955,38.0,123.98209625766908,8.0
41313,15485.007510364818,8148.938527653302,60.0,103.11007332338181,8.0
41314,30284.837895555826,2362.959311763243,50.0,112.15550162021998,8.0
41315,52436.792353510464,8274.085295717134,28.0,120.74212414971385,8.0
41316,45412.366110967916,43735.507694596046,10.0,121.06800146417942,8.0
41317,49944.47365504489,9507.735029028792,74.0,122.34138985743373,8.0
41318,41080.33599567883,3082.2366305016603,42.0,116.24115383951359,8.0
41319,36235.85620225004,15246.810003625627,336.0,121.00693417047714,8.0
41320,53202.43917325932,5130.303008992602,65.0,116.6554184487216,8.0
41321,21185.949363017942,924.8407818704676,14.0,114.77260130154745,8.0
41322,17798.842861998124,16076.582644734915,13.0,105.15543144840612,8.0
41323,47246.10699473876,1989.4723566162784,64.0,130.27369526964594,8.0
41324,28366.460130239706,9750.041042221066,196.0,103.66389728188086,8.0
41325,37951.76168191114,1850.0070384424844,176.0,128.1273081455066,8.0
41326,13256.591792399226,737.8706062464614,68.0,115.92253341105084,8.0
41327,43308.91766535203,924.9651215291126,81.0,125.07732217285124,8.0
41328,49244.010812037486,4313.777182855956,155.0,121.30815349936114,8.0
41329,22602.414163234163,5213.9876640653265,107.0,117.87589981398912,8.0
41330,7722.051901050358,6840.981293659971,13.0,98.79881442730172,8.0
41331,51815.14859763865,31443.39155042857,88.0,118.98745980012116,8.0
41332,18853.93716336859,13734.780661877368,61.0,104.3097268748977,8.0
41333,24329.643366055305,3683.4479933814946,110.0,103.30712352974729,8.0
41334,23953.75569683287,4122.319472470439,111.0,116.9680524402383,8.0
41335,20200.58960042633,1181.6863657807485,62.0,117.56422756230198,8.0
41336,63886.71923254043,5129.718139802281,60.0,128.5380926764857,8.0
41337,61138.294099210485,4033.216172126693,439.0,136.50785386346402,8.0
41338,26255.578250695493,1183.237553199668,145.0,136.89401507749918,8.0
41339,21324.25413032938,5598.069473282644,47.0,105.63766679010143,8.0
41340,47739.75749700135,1849.92364206432,29.0,116.6411312029876,8.0
41341,36302.35995214118,15890.791208041426,73.0,108.03797736532051,8.0
41342,55671.358584214635,2360.5269006109615,34.0,126.04165000890488,8.0
41343,52089.15105845185,30453.562940787233,281.0,139.48738241540357,8.0
41344,37588.56508203741,924.8729461933186,35.0,117.11318396309211,8.0
41345,18778.37192043861,6839.521453456876,12.0,117.2685125153793,8.0
41346,41451.891252788366,33199.815064916686,82.0,105.5413772016067,8.0
41347,39705.25877775306,1735.1160907837373,112.0,127.63690266447779,8.0
41348,14986.629295614239,2883.6715019572425,168.0,118.01216636840368,8.0
41349,45598.83611934133,18501.654549161078,160.0,111.89536000337274,8.0
41350,15662.069588695602,737.133000713431,38.0,112.19055803657531,8.0
41351,31330.54752556194,18040.18933341932,-160.0,111.86725129554443,8.0
41352,32295.835559392155,2870.4342179697574,34.0,114.09612912010451,8.0
41353,45477.698669502744,8631.08231683766,214.0,125.06311721440903,8.0
41354,49812.9612101252,41359.52393225973,369.0,130.4011709761125,8.0
41355,19707.13427123604,736.9694342667799,23.0,118.48472923739274,8.0
41356,11945.769809317548,1181.6196901179142,1.0,111.44826624739137,8.0
41357,28052.16710508359,8898.165495086732,119.0,120.92440643551492,8.0
41358,38004.830346403156,5484.352234886248,81.0,119.95703436011726,8.0
41359,24671.94609093942,3542.8129982537694,246.0,121.00565809243577,8.0
41360,32981.008621851586,16134.177084550414,39.0,118.5811521828783,8.0
41361,20821.644771245486,18860.63251388611,12.0,104.16165679949249,8.0
41362,41340.40633434572,1184.4990343869042,35.0,119.34421621808471,8.0
41363,31165.517217370645,26562.139874210498,-38.0,106.31380259457882,8.0
41364,54588.84992894022,924.8280594842917,37.0,121.11071979982853,8.0
41365,46148.16211098006,1184.0408592855047,156.0,130.4766614203731,8.0
41366,50724.55000594991,37927.94840974786,87.0,119.07059586542269,8.0
41367,51985.515643002786,924.9785272221625,31.0,122.03040569613731,8.0
41368,55167.457768955035,5743.915549133466,30.0,123.54305047334041,8.0
41369,46735.20739756841,1183.9586784119642,312.0,136.28253832416632,8.0
41370,26788.360029654857,6286.746955324988,42.0,113.18327184029425,8.0
41371,40685.384633289,7425.016126521494,268.0,108.34492603744994,8.0
41372,38281.68133661328,5150.920094651253,377.0,133.12965464589175,8.0
41373,39174.67528520451,735.3392093144189,76.0,125.05448838844072,8.0
41374,32672.73097530579,3771.931645119619,73.0,111.6361573692623,8.0
41375,68210.73737024772,28437.269926350644,61.0,119.54484908298599,8.0
41376,12803.371172475794,735.81357826595,6.0,102.33592042563896,8.0
41377,30006.99195121876,19041.852969427833,246.0,127.81298373944492,8.0
41378,36009.95267964943,925.0173447428771,15.0,113.5877620623896,8.0
41379,21336.478698698716,20191.93990650199,-48.0,108.81075769556429,8.0
41380,46201.68171994758,2359.962097679458,69.0,128.48843076304397,8.0
41381,43572.49328435327,7436.211374760053,301.0,128.1181465886474,8.0
41382,54911.99643885736,9804.234164734662,61.0,122.09255685823098,8.0
41383,9031.18013015807,6882.964648467734,-5.0,96.93348603400364,8.0
41384,32505.83342948799,13951.83644788753,300.0,124.98322893148196,8.0
41385,34668.88328946547,735.749116272104,41.0,118.73766728071654,8.0
41386,46054.98100825319,4851.320257125574,150.0,130.885767407174,8.0
41387,59382.105376983556,33425.55858321659,88.0,120.39203993152775,8.0
41388,58365.94956672883,4721.723497296325,76.0,123.45587842916831,8.0
41389,7185.575391817081,5476.55517109841,56.0,105.9134624274869,8.0
41390,15656.735460366439,4044.890979727836,15.0,104.18819093765643,8.0
41391,51604.494033413466,43336.93926165384,153.0,112.51465947190468,8.0
41392,45512.89455744911,9949.004371713434,266.0,134.11434176256856,8.0
41393,44800.6283661282,2871.776759333943,79.0,124.36426544802863,8.0
41394,18981.90118776779,1472.6534062135372,102.0,114.56325858974536,8.0
41395,45472.584616919296,1181.0526113948542,179.0,135.66788524904211,8.0
41396,49111.23019977345,6516.234038370904,123.0,122.3466990329705,8.0
41397,37222.17146892928,20900.22441270876,120.0,120.62682603777816,8.0
41398,55661.15296395028,2368.769720232431,171.0,131.74143044376228,8.0
41399,12141.035201956089,11376.881836704335,-411.0,94.1328975881836,8.0
41400,10197.81057776354,9458.161847291782,-12.0,100.6047264406989,8.0
41401,36081.44482246546,2945.0858846940346,7.0,117.34320644977967,8.0
41402,33576.96195924601,4510.317817380128,23.0,111.73529530643304,8.0
41403,50789.45475167237,32672.925939569817,167.0,113.66954815152549,8.0
41404,44419.10310509229,1849.7590283413324,43.0,123.75027330861697,8.0
41405,27313.23765080873,7544.165466087385,33.0,108.8187053422035,8.0
41406,47987.1859772972,33891.37354014117,163.0,118.84288389219927,8.0
41407,32289.620963094072,24704.282018007692,-43.0,109.79338120430305,8.0
41408,63386.39806027296,1179.7980888365157,100.0,137.08873676211832,8.0
41409,34427.46277102009,5242.720397669262,278.0,127.56691776015036,8.0
41410,44997.499365728,739.4011407138773,12.0,114.70894953908783,8.0
41411,31864.481744786375,1736.3158101089507,39.0,112.3841715330311,8.0
41412,52401.185119562266,12078.704449815636,103.0,121.34910450542739,8.0
41413,41993.06882861867,41255.83476361136,-144.0,109.52417225135889,8.0
41414,37172.898667301444,1181.1626310425113,136.0,138.46285713320853,8.0
41415,39703.64835772,3791.588320391115,349.0,131.32011364259802,8.0
41416,53756.980372106824,1744.8142381583236,61.0,123.40731638546083,8.0
41417,30472.963630218328,13684.419372661361,278.0,109.02792637197594,8.0
41418,50436.55247061689,37651.94995232494,87.0,119.0228357367806,8.0
41419,20652.810904953712,19944.35005902917,-74.0,103.88189941309173,8.0
41420,21541.642028623843,14892.803386832282,-42.0,105.20762712115665,8.0
41421,58291.57183613946,16151.950053892406,-48.0,123.55477918376963,8.0
41422,30051.707603097682,15637.938513708405,-23.0,111.72561610914967,8.0
41423,63899.57046788779,42614.801836463375,63.0,115.37980369967887,8.0
41424,18541.33457589116,6931.505106090153,23.0,107.93223576862484,8.0
41425,52670.310186110895,35763.89675998302,10.0,111.08675205514598,8.0
41426,61665.22488324181,4055.85309659683,257.0,132.0290887469721,8.0
41427,47193.10893027337,6474.222815907171,44.0,121.89525070836171,8.0
41428,44860.2111980787,7545.7958651222325,77.0,119.54193658423128,8.0
41429,25998.80442057695,1182.899384339314,31.0,117.40280252756594,8.0
41430,33589.40765457676,4682.672933691155,72.0,110.33527081554534,8.0
41431,54282.769586230075,13466.13243355392,104.0,118.34392833256248,8.0
41432,53160.69878776824,1989.6591037252908,101.0,125.5923678202399,8.0
41433,37014.715702762805,734.9267236399176,2.0,125.24087792583359,8.0
41434,31057.569758706635,15576.667540354552,181.0,107.73782575796652,8.0
41435,47230.72982582719,4856.060646167059,45.0,123.69419045473272,8.0
41436,11114.979922281933,737.4308388902704,28.0,110.39044408403602,8.0
41437,40518.24280337718,2942.8926411859807,161.0,138.80626976216925,8.0
41438,56168.217791652525,38046.97536313984,132.0,114.46829502804911,8.0
41439,10355.541181287685,2210.278096275222,66.0,95.73291439096072,8.0
41440,18675.5829242239,1735.986712049068,407.0,137.30886906567963,8.0
41441,24763.579682205087,3473.2897698554743,306.0,136.6032753622067,8.0
41442,37721.66112239621,9508.34755266495,31.0,118.51725329027633,8.0
41443,21932.038969664398,1739.5597442003457,59.0,116.17981148888111,8.0
41444,51223.75558449657,1180.0743386736542,181.0,137.98149269199408,8.0
41445,48740.20786245529,28493.731822271555,73.0,122.91158341045482,8.0
41446,53837.44649660314,51848.55527763833,-131.0,111.39713039735655,8.0
41447,33201.952637998795,1473.716717364798,238.0,124.26632169450457,8.0
41448,17810.13269034538,12360.092872847197,62.0,104.17665607745923,8.0
41449,43255.64761027919,17313.237663767304,139.0,121.89795727467367,8.0
41450,29004.384690984378,924.9097150735465,94.0,139.51685146035825,8.0
41451,28944.12130721577,9259.958353446164,71.0,104.7332989253831,8.0
41452,49708.62986607403,31587.922258360766,132.0,113.83402872346831,8.0
41453,48965.46369708797,23133.33501901709,46.0,114.78530487780091,8.0
41454,48145.38707760106,1849.7537909774737,77.0,126.2113740082977,8.0
41455,44792.03080262867,1736.8827650763615,145.0,121.66774861224872,8.0
41456,40675.256853077735,8258.638733708429,293.0,118.95534551891332,8.0
41457,46170.60779389763,18858.57596742897,162.0,127.19041796861254,8.0
41458,45002.33454548826,5598.225928640313,34.0,130.30178774508664,8.0
41459,32592.30722211378,11413.024175397431,43.0,110.06199248435783,8.0
41460,56048.75886970426,7970.135459606051,65.0,118.14441560659029,8.0
41461,15661.188846068279,3547.9787257305325,32.0,113.11894261044057,8.0
41462,41822.39122238775,1180.716302151448,83.0,129.83957285746342,8.0
41463,56727.55055220583,5230.61104384973,265.0,131.76614673720226,8.0
41464,42794.82760239248,35450.82900257119,68.0,115.49839461958739,8.0
41465,42036.6154285747,13135.4781447488,-3.0,113.81631566205462,8.0
41466,46618.30501022818,5921.542153250797,63.0,117.79254453180951,8.0
41467,12104.944691547225,735.9978991818857,15.0,104.97376196409138,8.0
41468,43010.119853475015,1184.9358507882164,39.0,123.07762920238216,8.0
41469,44855.858632459116,733.9372029861447,199.0,149.17944796524384,8.0
41470,30350.184055756363,9319.799352072,118.0,109.61270859658896,8.0
41471,58501.30639799364,4718.685031006781,107.0,135.9955733889674,8.0
41472,35609.81359429804,738.2823505222125,126.0,128.32227815133194,8.0
41473,40666.62020838475,23638.56135969881,77.0,116.57940116094207,8.0
41474,30150.079315560244,1991.5645952224888,150.0,124.34212835328788,8.0
41475,36984.214321057414,7194.0119757631755,254.0,106.81960486694823,8.0
41476,41084.9355134909,3472.03630594065,410.0,133.23530406412564,8.0
41477,7093.489266960233,4728.596179427788,15.0,98.36483180268361,8.0
41478,62303.01582536877,925.2363202891033,84.0,129.41172109092494,8.0
41479,41941.99040005804,4314.333517683941,55.0,113.5976564071047,8.0
41480,47444.726565825586,28251.410699226682,-32.0,118.02754980506987,8.0
41481,11394.828357124585,736.6337625730885,41.0,106.06908375809226,8.0
41482,52954.86646766574,14383.23221793179,79.0,118.02324841247415,8.0
41483,53704.00294775592,7505.770273368044,360.0,131.58855239218923,8.0
41484,61186.908439378385,48389.77451843698,87.0,120.11119895514268,8.0
41485,42405.61160021314,17957.759326161744,140.0,119.70113927412098,8.0
41486,39491.43880779305,1180.7488022360521,80.0,129.22897620068025,8.0
41487,51300.73694000831,21475.92832183788,22.0,122.30673179270748,8.0
41488,29807.613878468383,8916.527924604752,51.0,110.45816081887521,8.0
41489,30817.870036389024,14497.675915290376,120.0,119.0374341347409,8.0
41490,26388.82643206955,7188.213006441931,186.0,116.26765038372291,8.0
41491,14048.672666895432,3772.466603433333,230.0,122.09944149065305,8.0
41492,24969.21234088557,1469.9458234874166,51.0,118.51849724570106,8.0
41493,47365.891242160695,2400.1228406486875,75.0,124.99469411411401,8.0
41494,55691.305688913504,18066.49210842802,55.0,119.12860180214679,8.0
41495,49965.1426148454,12969.077517714562,87.0,117.58694350839204,8.0
41496,42576.04318009686,21072.816133541004,139.0,112.28847649575803,8.0
41497,48743.218623647634,15694.722751919991,118.0,114.19465642359647,8.0
41498,54377.65408906677,35592.80255588614,187.0,117.39185880959086,8.0
41499,19907.064445239313,8101.162802437185,53.0,104.51091035759057,8.0
41500,28221.640837121777,924.9509699179373,48.0,117.6368788597434,8.0
41501,34354.982456843216,18028.106446908587,120.0,119.9508463864596,8.0
41502,20366.213504915544,1990.2597317860148,1.0,118.69563568588923,8.0
41503,52765.27765534623,6474.0614778221325,101.0,118.09950749440951,8.0
41504,40663.9290084108,4112.948443303067,363.0,131.6190158645654,8.0
41505,36137.55910517499,5242.929349189884,161.0,114.86614679523026,8.0
41506,54904.14179301034,32151.075158532145,242.0,115.82465064668575,8.0
41507,45422.016375914194,7545.939010924243,52.0,120.07889295979516,8.0
41508,34065.85292503265,736.0096266866107,39.0,119.47790469612221,8.0
41509,46319.08244446937,1850.0950327759301,13.0,118.26178208356774,8.0
41510,15405.80530186481,6506.3264153455275,313.0,113.12756067189014,8.0
41511,45893.85645095095,34286.032718734,223.0,128.9635527955502,8.0
41512,46832.0844665118,924.784969797134,27.0,119.17501360422999,8.0
41513,59726.43385996779,46941.418778147134,87.0,120.71516545065221,8.0
41514,28824.074846328658,2774.932424504792,6.0,114.02558311746151,8.0
41515,10819.77521319538,9955.145165301328,-21.0,100.95477459351447,8.0
41516,26042.372161290812,20596.583719322232,-118.0,104.3304888571812,8.0
41517,61156.47408060578,4302.047276066855,113.0,136.58121439745673,8.0
41518,53047.66654295893,3772.7001184013848,29.0,119.18019349944429,8.0
41519,43119.86806365768,28206.54398298299,62.0,114.31456057880143,8.0
41520,27687.596068387873,5770.419483638114,38.0,113.4962420449679,8.0
41521,55997.77018285097,37881.185660002986,132.0,114.45173982089791,8.0
41522,31145.0550397956,14113.307695253236,77.0,116.06678092285972,8.0
41523,48311.96132516919,1180.8333646522617,100.0,127.03578571724671,8.0
41524,25778.986171462075,737.08473278576,83.0,121.75555738057199,8.0
41525,48236.674894136035,38036.07630097608,164.0,112.05432627111405,8.0
41526,48148.22073249603,925.0564561739862,48.0,127.7800476401647,8.0
41527,31303.974029386663,2877.9581796764332,32.0,112.69924443067859,8.0
41528,31333.16686233132,13307.905568599206,305.0,132.14210281354195,8.0
41529,17050.28542246354,15088.539571165256,34.0,102.22968457298485,8.0
41530,22351.832708464717,2366.9415564016895,56.0,121.317913765995,8.0
41531,43386.20186195467,14110.280853004771,274.0,114.95631325632706,8.0
41532,35258.072920482286,3542.6932625072277,74.0,119.165646539331,8.0
41533,56407.36789955165,1992.5633977136933,147.0,132.8344606834055,8.0
41534,49372.6362615513,924.9328286918534,55.0,134.37889839598378,8.0
41535,39835.89879679261,18503.109976772696,407.0,130.26599946747803,8.0
41536,36961.986710554374,924.9902429103876,134.0,148.75181285924205,8.0
41537,28098.07757427803,924.9870343199556,31.0,122.14883021406197,8.0
41538,42177.205168181135,1182.9468220614137,55.0,121.92898004848719,8.0
41539,29743.894960466998,3772.1670526397183,165.0,122.67814109759246,8.0
41540,40430.86165304024,28906.479561305,81.0,117.99946143352744,8.0
41541,57497.285019140996,7437.9483069516655,432.0,137.6512688915736,8.0
41542,31801.509834480963,14765.810291541216,85.0,112.20382698190771,8.0
41543,47637.50990523451,1183.3893300457526,225.0,133.88257351774206,8.0
41544,16867.877758229115,2362.8269631482685,243.0,118.95372480811865,8.0
41545,52545.7138484034,44092.31449097827,362.0,130.793926290689,8.0
41546,46281.92153301688,1989.6397831643462,102.0,134.274683839698,8.0
41547,37145.87811350488,15388.532957986323,88.0,110.46286640915616,8.0
41548,46853.37861505411,3078.941709149636,439.0,135.9918837646274,8.0
41549,55848.67628929925,5210.337099441807,74.0,123.09536274952478,8.0
41550,57009.10051214487,6329.790532823231,67.0,117.33825817526268,8.0
41551,45324.841701934005,8225.004041781389,36.0,121.0667920868356,8.0
41552,32581.057504761797,11196.28482275869,-10.0,110.7722498127495,8.0
41553,62428.04710155207,17317.04480778411,61.0,121.8831846895289,8.0
41554,42738.09065714753,2947.4574133965116,47.0,111.51617992148122,8.0
41555,12656.989966682104,11201.59517327057,-75.0,99.85948906500359,8.0
41556,54715.89203661068,925.0378290953659,10.0,123.49949028116754,8.0
41557,45230.18959711443,1180.3197745792963,51.0,122.41408507392723,8.0
41558,56833.701856666565,8074.029233324584,272.0,130.67417690083778,8.0
41559,49109.70576537746,2774.8889468351267,243.0,130.97085596538884,8.0
41560,56442.35032581751,1184.877661413945,76.0,129.98701603177264,8.0
41561,13735.958123465785,11817.290367295833,65.0,98.56251550133437,8.0
41562,14975.632383707358,3476.010114020071,119.0,117.78502407606837,8.0
41563,21029.014641617294,19292.16282458997,-15.0,114.0219713654859,8.0
41564,45458.392342084946,7725.366555534346,50.0,112.70676958656651,8.0
41565,19584.764089086162,4607.515976272532,21.0,111.18732586638482,8.0
41566,26760.150619493186,8152.163410029379,133.0,120.44927007283897,8.0
41567,28526.28651528695,1849.7991519414848,204.0,127.14933038797113,8.0
41568,30213.74652876138,2946.860705265402,59.0,116.55950050834528,8.0
41569,50257.63352815548,32143.869859950573,132.0,113.8882341995184,8.0
41570,46942.1626993803,21056.537280572313,53.0,117.8902469225475,8.0
41571,27384.15338680837,736.5243588060804,148.0,127.55313310316677,8.0
41572,5483.776606257124,1182.5027406449951,79.0,107.19519638273388,8.0
41573,45017.576769137915,1180.3923247304576,9.0,116.88572968093744,8.0
41574,42969.75835995754,16517.91620659308,154.0,112.6724014627197,8.0
41575,54772.06620118659,10943.412288893065,221.0,142.05846709908553,8.0
41576,44846.818326415196,18116.418543246404,297.0,127.18257538157236,8.0
41577,60231.39161539451,7078.798024204423,168.0,133.27648871111973,8.0
41578,42153.01302232099,8889.206903664168,169.0,124.40985870338743,8.0
41579,42581.71143595286,1470.890034867177,307.0,134.40867596123053,8.0
41580,27473.188783481368,20821.357123463466,49.0,108.86502953399233,8.0
41581,43780.62328301715,10953.713706750392,54.0,112.7797456052415,8.0
41582,52811.31170863225,2361.444773201433,52.0,120.19470952197229,8.0
41583,54638.2457464407,43553.452867279426,153.0,125.90106652666101,8.0
41584,54096.659587924136,9785.670127053736,108.0,119.90399961662605,8.0
41585,48148.69393946254,12047.248324150794,389.0,116.38827330871003,8.0
41586,18629.982578810756,11196.346567670993,51.0,110.17759541060818,8.0
41587,27880.05481362829,924.7992070691063,31.0,127.19864778706933,8.0
41588,27605.947795534365,1180.7763515245256,91.0,129.84737410256582,8.0
41589,34865.212038031874,18548.79095344359,120.0,120.07504303817643,8.0
41590,48455.81997855337,2869.873004240579,21.0,129.97936532399592,8.0
41591,39989.11308114488,2368.2395701769647,55.0,111.28877657581296,8.0
41592,47028.11610636535,9711.382904630029,72.0,119.49981093170442,8.0
41593,56096.74086998338,4623.0288562877095,119.0,125.92357644990831,8.0
41594,30928.054221545943,925.1121204654115,73.0,122.032814135513,8.0
41595,29607.045516985447,5549.703616879939,21.0,114.29966878945599,8.0
41596,35807.1083828843,737.6566931079367,106.0,127.16477938469652,8.0
41597,41445.99851273872,8286.142969880806,278.0,123.60261493448941,8.0
41598,29357.383986015044,5975.358044456756,185.0,127.76397030740657,8.0
41599,45346.70809050301,11099.715877353889,307.0,120.81860442059809,8.0
41600,43547.99373394532,33593.419216207694,440.0,130.66522195392582,8.0
41601,52050.20568460218,8356.340712820669,121.0,123.57758569313211,8.0
41602,42025.245362060254,26532.242411331685,181.0,111.3547245218173,8.0
41603,60674.28522002158,3538.221810661033,424.0,130.72577802933097,8.0
41604,14224.543503267401,1181.5851287636544,45.0,115.33051117657133,8.0
41605,52645.98665937549,4855.983352755349,43.0,123.43839997395659,8.0
41606,40857.625400825185,924.7513049433613,34.0,130.0189404863831,8.0
41607,37852.870562823744,2870.405498837999,18.0,127.12876109710064,8.0
41608,4729.823954561998,3547.5967124122667,-101.0,85.94468275129026,8.0
41609,32362.065782838697,4724.053963563084,86.0,112.96440737159645,8.0
41610,50771.967255008356,924.9973411863667,31.0,130.03591804817734,8.0
41611,34453.62237871709,10594.400346023911,132.0,119.33682767414442,8.0
41612,60957.20011557254,44863.31459418828,169.0,132.52550332147345,8.0
41613,18497.00659009652,8687.196682402964,259.0,122.92598477469483,8.0
41614,11065.34341583852,9327.765924510557,76.0,110.53451335906321,8.0
41615,42647.506855067375,7435.854418979916,140.0,118.06108114508311,8.0
41616,52724.052991105,3699.5093493908244,26.0,117.11202288899693,8.0
41617,22187.35493232092,9957.098478353568,77.0,106.54548679286322,8.0
41618,5961.518147177189,3086.1045714200263,14.0,99.7360747314555,8.0
41619,27868.3158425026,25877.162777816673,-4.0,107.73487706240346,8.0
41620,50620.739845047305,11130.472127412608,170.0,118.78931128322466,8.0
41621,25369.4402540414,734.9739981682332,49.0,118.16903569954431,8.0
41622,59279.609842145976,9914.73931032133,18.0,114.70615843247067,8.0
41623,38875.37512368111,12574.727825048647,44.0,113.97332871647424,8.0
41624,40884.97401756538,22265.113669635186,198.0,108.42617410040849,8.0
41625,43216.78139398576,1990.3364277862374,20.0,121.81406219252014,8.0
41626,35762.0561173294,16727.25199851095,60.0,120.28914336969247,8.0
41627,32147.337697866515,11765.696128191199,88.0,113.00918262182222,8.0
41628,22965.16946640552,924.8958556951918,31.0,113.74051951230399,8.0
41629,51900.18514269595,925.0270364838713,109.0,133.87103735710093,8.0
41630,40016.86927892206,924.8602831198407,11.0,119.78325880835828,8.0
41631,51399.335100909695,5597.842731837653,280.0,129.756990659281,8.0
41632,14360.200457842979,5472.123398614581,335.0,121.98179810748059,8.0
41633,38578.56435657209,21566.824211326817,183.0,120.92920087818251,8.0
41634,58308.41522152384,37540.29069589784,159.0,138.35047185660937,8.0
41635,20254.237080821676,18515.645348030674,3.0,114.79813586572298,8.0
41636,57147.47282855628,924.9379629700518,133.0,132.28786503755668,8.0
41637,54676.09403461127,4301.924939839216,482.0,136.04774560310688,8.0
41638,48776.33642208812,1992.3543670146655,29.0,131.48107799218437,8.0
41639,28576.922046720472,2361.471051751704,15.0,111.24885708480477,8.0
41640,47640.604969585336,1183.3367606362585,145.0,130.07627567369798,8.0
41641,37515.6600879052,25416.901956697944,183.0,116.59008399827819,8.0
41642,33982.13957620015,16962.184049705036,77.0,114.5608858233195,8.0
41643,16446.11657944376,15673.402830401938,-595.0,98.38511853864642,8.0
41644,46190.578707491724,2877.3200705605263,35.0,121.28536847855909,8.0
41645,40298.528201983354,18999.839064324817,245.0,127.10769511386302,8.0
41646,38436.98286920865,16600.779595398475,145.0,114.09990006822794,8.0
41647,39279.26346890117,5918.5204108782855,137.0,112.44744570603687,8.0
41648,15653.522874793269,13914.614885277173,82.0,113.40243949796451,8.0
41649,41859.219637997376,17147.060379886538,53.0,107.23154443085161,8.0
41650,46058.84804865873,4852.208413731332,32.0,124.80392319646917,8.0
41651,64385.60248421879,739.9029803075209,14.0,127.34467015414617,8.0
41652,45806.46863809963,1736.2065591825415,91.0,126.5156758054108,8.0
41653,41796.781738884136,5469.700138938638,254.0,110.77966350235599,8.0
41654,43254.52593768455,42666.51129433776,-440.0,110.78592297820383,8.0
41655,32397.275497231767,8761.66802309399,232.0,117.45318529189053,8.0
41656,42476.22768886103,26038.637952483965,73.0,114.48669170546567,8.0
41657,48549.35689183964,2774.8889468351267,243.0,130.91901123590625,8.0
41658,29810.01773916075,11198.767628192962,133.0,120.16869162050021,8.0
41659,22815.189916235166,1182.9976964433051,17.0,108.38094624911614,8.0
41660,39926.4037712534,7959.7981965757735,320.0,131.68221303066315,8.0
41661,51362.390333826705,27842.702968514684,280.0,116.39608600546788,8.0
41662,30525.696547466378,1471.8444295687832,44.0,120.56038954837099,8.0
41663,50657.83130398571,9962.647619640878,95.0,117.55371619883601,8.0
41664,34594.704009808556,27945.793294822266,80.0,112.74400530013784,8.0
41665,56673.01235846444,732.7593504557832,177.0,136.81657577639345,8.0
41666,22615.234587442228,736.9401970048538,24.0,110.02281432944824,8.0
41667,22969.158330098526,4854.796208389598,126.0,104.89641989766596,8.0
41668,28769.63911985537,12570.18935334354,41.0,109.22313287673671,8.0
41669,50412.419752068716,26727.946994701742,150.0,123.28983477707055,8.0
41670,53141.25670931381,1183.370485912534,160.0,133.84331510656017,8.0
41671,54116.3735237009,43295.48326160394,129.0,113.69694641425723,8.0
41672,15433.7013790813,4514.196258827899,51.0,109.65459491191405,8.0
41673,17234.146029007898,6281.389898001044,48.0,108.2002474901179,8.0
41674,25372.523472511097,9215.612956670439,40.0,112.41226148567021,8.0
41675,30580.508495594248,8267.681935845341,543.0,130.36557827414094,8.0
41676,35372.76956291767,18440.73601214147,186.0,109.68768139764978,8.0
41677,17659.321496843953,16546.43031680512,-45.0,107.5392553169987,8.0
41678,42570.41273008787,8323.80934004117,133.0,121.9711038074955,8.0
41679,47776.58059358965,10935.785828503176,212.0,125.14193052719948,8.0
41680,39564.81404809271,26126.239291515652,78.0,118.07080611154957,8.0
41681,54863.01678995557,7957.238580247987,213.0,143.31763993664887,8.0
41682,52996.18277519448,9710.794154515039,38.0,116.22125259813517,8.0
41683,17906.252265863903,6400.677101709046,67.0,112.18729386828649,8.0
41684,23068.54054769722,6353.100411222934,12.0,119.86533333715047,8.0
41685,35279.192726037334,15080.598647814593,68.0,115.47860153014248,8.0
41686,18057.88706800182,736.851654234118,99.0,114.79733012136147,8.0
41687,60323.425492932096,925.1718896710731,121.0,131.73443565351462,8.0
41688,25641.224130745803,5234.4213280634785,221.0,122.68204467295632,8.0
41689,45373.562494221296,1849.651918825376,87.0,127.29741224900252,8.0
41690,18683.502367624547,7091.227982020886,15.0,109.33235754378218,8.0
41691,17225.338626234454,924.9639901204911,40.0,111.72799828097601,8.0
41692,28822.958485837007,19548.35473212103,205.0,107.73845230480947,8.0
41693,53714.86572851796,41619.335762120914,183.0,120.46905492319974,8.0
41694,35037.5879074883,3143.1552738292407,109.0,124.05624144367343,8.0
41695,30576.101464371543,2361.309224022466,23.0,113.11561649465469,8.0
41696,23570.863280265017,22834.514056224467,-176.0,102.28729064256738,8.0
41697,49613.73327465673,1180.15780997568,46.0,135.35198573366267,8.0
41698,46032.19166301206,2361.766193597213,69.0,120.9272220670594,8.0
41699,42439.07051771607,35786.79812237236,52.0,113.45177838870293,8.0
41700,41801.62864671387,29008.998980905395,87.0,117.74613334210702,8.0
41701,18920.51731359603,2365.995700865687,16.0,111.30154527227249,8.0
41702,43155.225262123575,1741.9246775340266,72.0,122.51391675270611,8.0
41703,10440.028229293515,1739.8610971976993,57.0,108.33311210772506,8.0
41704,26486.59870343718,8827.759804943644,-72.0,112.7676064057014,8.0
41705,17568.18577805068,9268.832452014089,73.0,98.627771004527,8.0
41706,26612.68516673748,3483.1565981842487,47.0,111.11443264370942,8.0
41707,33370.01617101521,14816.683639514746,306.0,124.98937928119027,8.0
41708,40291.31134823373,23131.928963217735,32.0,117.7271644436922,8.0
41709,30332.4494014231,3772.58583442729,41.0,118.00175964637445,8.0
41710,35339.92296137766,924.8623069820541,10.0,111.27481984177643,8.0
41711,38951.56042916061,1180.1975570424104,73.0,130.72890784283803,8.0
41712,30496.1195851719,13361.587316132745,163.0,108.41604638386303,8.0
41713,40527.916668983904,15166.063533773911,50.0,112.8653656416641,8.0
41714,66283.90416723563,2369.8656362988327,142.0,133.19407406069135,8.0
41715,40430.67519614258,14806.286945437942,84.0,111.76585008531602,8.0
41716,24840.288926277924,2366.8340493240644,131.0,126.02916941901553,8.0
41717,56761.87358293821,925.0986633730593,202.0,136.07262879465864,8.0
41718,23887.57008475985,3980.5173634588664,34.0,109.11275133416581,8.0
41719,29427.18911106415,924.9404756387218,51.0,125.18705554103938,8.0
41720,43237.77060453469,737.871211808082,64.0,142.7855721118226,8.0
41721,27463.65303372602,924.8837161124152,31.0,123.51075820838855,8.0
41722,59085.72088173026,925.1022406037073,145.0,133.46367069572713,8.0
41723,44389.62463589018,21345.57946479447,-124.0,116.46252614608535,8.0
41724,64169.47994867665,924.9403595869635,198.0,136.90608847766475,8.0
41725,18845.206942615925,3981.2491685406853,22.0,113.49970678369462,8.0
41726,59046.229616482866,8260.133200718898,206.0,131.070123639317,8.0
41727,31849.563918739597,11087.313265808443,522.0,137.9535007834477,8.0
41728,60323.34060810515,59173.91437217961,-209.0,117.50444131871832,8.0
41729,50889.48422240685,925.1609705306381,105.0,129.25543597253125,8.0
41730,55619.45933841843,924.8612244584618,29.0,125.54549383722663,8.0
41731,41681.14460931309,1849.8725433839452,213.0,130.1513336348247,8.0
41732,42443.23144186746,2886.329115702426,213.0,123.1229462191395,8.0
41733,39849.526217583894,2392.5027354016306,182.0,127.43535573870811,8.0
41734,39448.762150162875,2391.1343463866556,218.0,129.10813222408993,8.0
41735,42267.19273861711,2870.1414258274617,63.0,123.0364567700012,8.0
41736,13032.635148449954,12113.990829492828,-41.0,100.52835942465691,8.0
41737,42548.09277648224,925.0584069689156,146.0,130.17042971690876,8.0
41738,45940.31292852181,22079.793581923303,130.0,120.01706001403778,8.0
41739,38944.53411700314,3091.629260109657,27.0,120.55625358711018,8.0
41740,8453.648534118707,4682.885918965886,21.0,98.17230060825842,8.0
41741,16279.623128125613,10432.81244897181,-7.0,105.13238592729134,8.0
41742,35047.283649393816,24573.862615582762,-214.0,115.62387555839884,8.0
41743,63010.110286159565,925.2254119288286,9.0,126.82853686750022,8.0
41744,11945.495886157007,11091.349480985666,-383.0,93.99186688317687,8.0
41745,52425.98614028024,2871.5364931575828,50.0,122.71557670838052,8.0
41746,42176.95813599309,924.8881008154391,14.0,117.39531087005074,8.0
41747,49042.84136853407,31088.20524306189,287.0,112.14631720650267,8.0
41748,20399.190273354812,924.9340131944577,14.0,112.6024557837979,8.0
41749,19918.218878949283,1849.7978422910246,21.0,113.20266472045736,8.0
41750,39539.728055810694,37188.516701225126,-33.0,116.01107042721807,8.0
41751,62763.27936071729,14913.664591101548,110.0,125.94568953251682,8.0
41752,27783.89532754265,1181.2571123900218,51.0,117.10870452083546,8.0
41753,29950.489909251726,15200.021271640611,183.0,111.47418442639223,8.0
41754,30827.85282845049,18030.906403500136,87.0,114.39155331059169,8.0
41755,40704.68582092317,6474.797328675009,244.0,126.34813867403344,8.0
41756,60866.60850573508,12109.589861656372,69.0,130.97224851947686,8.0
41757,54888.4971726288,2775.0758542714457,18.0,128.44898784556855,8.0
41758,30934.680976135478,1180.9162972301492,23.0,116.10086240932979,8.0
41759,48896.993939118525,732.9534211607221,238.0,137.49448449720904,8.0
41760,7722.167007670462,1990.8557480912689,19.0,104.28003818004419,8.0
41761,41486.599902844006,39529.103032010375,34.0,109.55611200089085,8.0
41762,48541.90464853798,1990.0812355647956,46.0,119.79924357486998,8.0
41763,49606.52794994024,3540.6387258603213,51.0,120.87918238052902,8.0
41764,50868.2809230844,13872.8120903556,136.0,117.58042957057037,8.0
41765,41781.94319706717,1742.9707487315554,97.0,124.19154851972698,8.0
41766,15562.587826479377,13828.647426723868,65.0,112.29193019279548,8.0
41767,28744.949767745016,11787.55872487334,32.0,124.26502811466659,8.0
41768,46942.752423124926,35852.81312338549,221.0,125.2260741670985,8.0
41769,17066.137537979863,6842.0241495022665,360.0,124.33357123915923,8.0
41770,49086.17810598445,6667.272192710039,289.0,129.00664255311685,8.0
41771,38445.122149217794,1471.744298526783,42.0,119.87912694053954,8.0
41772,37347.621243728136,1183.1092268974542,6.0,115.85185887808387,8.0
41773,39220.90774814629,32560.47252537125,80.0,111.58278010657583,8.0
41774,44030.73088226262,2940.8900277919147,136.0,125.59216378841387,8.0
41775,9278.498791881244,8356.85208551973,-38.0,97.2372908479264,8.0
41776,53638.90905273106,738.5197907345529,166.0,134.93334104171768,8.0
41777,26913.018110490157,17634.775735746898,198.0,110.24028704707503,8.0
41778,27544.764937543157,1182.6802164631542,39.0,118.0588488145508,8.0
41779,43253.49613083521,738.5479427988104,21.0,128.57993577719765,8.0
41780,47759.87062793216,7082.863606122843,139.0,127.9374262929228,8.0
41781,55432.42459738509,5750.419738398688,46.0,117.88595835067916,8.0
41782,61374.14411837832,8292.927432222443,116.0,127.85401395249454,8.0
41783,59487.42939220194,1179.3696477015799,118.0,134.7516265963755,8.0
41784,34506.86195890505,8356.861187746363,95.0,115.73551260740143,8.0
41785,41687.47409672358,18528.741222040804,37.0,114.29291005215462,8.0
41786,38329.182953619544,30977.4953941359,68.0,114.77636586014754,8.0
41787,50487.979932234804,924.8417352611553,31.0,119.85308245080712,8.0
41788,46576.294990492526,44613.983076692195,34.0,112.02357067138352,8.0
41789,28005.803003930672,1473.4821163650265,30.0,113.1521889325552,8.0
41790,43189.74462028669,5206.955490829912,262.0,116.83977559342043,8.0
41791,44149.488257255805,14381.659594915734,87.0,125.36757859940572,8.0
41792,46372.22784673314,39214.89711201794,-64.0,112.8551196924532,8.0
41793,43958.453043287605,1989.6047699011845,139.0,127.35122187811048,8.0
41794,32586.674074951618,16160.46980991981,73.0,112.27916284601525,8.0
41795,41627.18350568084,5549.28588961989,94.0,118.3221629109497,8.0
41796,36244.986657105816,1736.8170584581073,20.0,114.86656855223686,8.0
41797,34259.93611296849,16440.23025029901,56.0,119.77706131166501,8.0
41798,14544.823814153411,924.8805650508236,56.0,113.94144826716567,8.0
41799,53157.046861421855,9914.65763802378,-51.0,120.36112648968341,8.0
41800,44466.593967494555,1743.3252502416553,319.0,132.1637941392912,8.0
41801,23663.306475724865,5222.787581162711,106.0,116.63858781893423,8.0
41802,23325.14237909715,3140.2956905180545,72.0,109.01371588559685,8.0
41803,44249.85291127214,3552.9658162481633,58.0,119.01473459550127,8.0
41804,13280.077968124822,11317.0630813259,-100.0,105.7023250185196,8.0
41805,56814.96035530285,1732.5151911284422,27.0,130.95883806560883,8.0
41806,26026.607160586747,3550.5839861800023,38.0,117.82438121142528,8.0
41807,20223.126837576747,4518.400365548519,183.0,119.69032834953946,8.0
41808,57904.219738242005,13296.114909053073,404.0,135.86599713261512,8.0
41809,41676.7794910574,18525.792034085116,229.0,129.98700815241526,8.0
41810,54086.040215769885,925.0218928301782,69.0,125.93701628369875,8.0
41811,46149.3908325533,9472.517092136579,169.0,129.55869015539648,8.0
41812,66519.5989862577,25831.89117407253,63.0,122.08954941547206,8.0
41813,40394.73523120752,925.0014984316299,7.0,117.47091111697077,8.0
41814,16781.96960876656,2397.7787375746743,44.0,107.51513412595699,8.0
41815,41339.09865981381,25844.66203344149,181.0,111.16465884680308,8.0
41816,39540.27610934446,3542.391047379753,38.0,117.85577869047384,8.0
41817,37707.08570883285,31053.06213240185,80.0,111.18850237195495,8.0
41818,47221.77454177509,20818.90377753378,-71.0,122.63024518885541,8.0
41819,22392.24587811787,4682.651419547772,251.0,123.44244753917627,8.0
41820,57950.22150179022,2360.223839336442,61.0,126.35492577859623,8.0
41821,39713.90690031451,734.766024585499,151.0,149.05809538135742,8.0
41822,35913.63937866061,28369.42857146326,108.0,105.19327946396238,8.0
41823,35339.976087232564,9320.084987701983,156.0,112.53422179283584,8.0
41824,34933.97641239815,1181.2740089528545,221.0,145.87893797223262,8.0
41825,21387.698392486855,3772.40637646951,140.0,118.62756404100176,8.0
41826,45108.440723587955,3552.5439501789106,9.0,124.66651308836089,8.0
41827,53426.1709643281,7827.071458005497,16.0,115.97925453286328,8.0
41828,40439.52326314641,2361.7719426962876,45.0,120.34369490229663,8.0
41829,9365.631868294397,8453.50857240843,8.0,100.31070774907937,8.0
41830,46804.091308410876,1184.3204116966447,69.0,131.46314455054636,8.0
41831,28755.62924627815,2361.783132287486,90.0,119.28742408834553,8.0
41832,39901.153712091625,736.5709991936561,126.0,129.23120453020547,8.0
41833,45075.07688622717,38414.514421825275,80.0,114.58897273966433,8.0
41834,43766.32970453883,12077.644381736858,96.0,109.41819056379707,8.0
41835,25942.449245682546,7495.656296426141,14.0,116.5323130677265,8.0
41836,34749.96930256048,23140.672311792732,39.0,112.69270438383693,8.0
41837,21041.68916262218,19377.922333735347,63.0,114.77556260974694,8.0
41838,42978.546945128015,9623.016191653585,-71.0,113.01414642476401,8.0
41839,30592.29938162666,5479.583617665836,-2.0,120.96756588844633,8.0
41840,43268.5938824155,7719.459980124314,264.0,123.42920263957924,8.0
41841,21510.06861643732,1182.7425958095537,166.0,121.03229277889461,8.0
41842,37967.59600485254,19345.30236135242,198.0,107.54991851584639,8.0
41843,44844.762510827764,9953.311826751175,217.0,113.35170057940664,8.0
41844,42456.79421761592,924.8661318267232,153.0,130.91414502417777,8.0
41845,50079.15274891995,15438.326131683933,135.0,130.65004521809715,8.0
41846,48172.689512115474,925.0557839946105,35.0,120.38781584403287,8.0
41847,46481.92033165889,31236.15245361984,343.0,112.28674036568599,8.0
41848,34966.03432106199,738.6282338379073,42.0,124.69335190731728,8.0
41849,41648.365309693894,924.9356594523701,130.0,128.86259343885052,8.0
41850,43210.604462167845,3084.466078874312,159.0,125.7717525838512,8.0
41851,39050.770396245665,14080.967509074895,9.0,119.6903917402407,8.0
41852,49352.63980414823,924.9318619272918,27.0,125.41329209436934,8.0
41853,60647.62316892889,52370.27910912856,153.0,111.88375143275603,8.0
41854,64725.62448729926,10411.435153698621,3.0,123.48668836954361,8.0
41855,28023.639316944882,1183.7591137186037,23.0,110.89625139644528,8.0
41856,56476.74156031856,9240.051220415267,221.0,131.20684911301214,8.0
41857,55424.500399985714,45182.863877019925,204.0,125.23216934794274,8.0
41858,47475.578692321105,3551.915282950747,204.0,117.00865046740668,8.0
41859,45561.43111120154,1470.3041244927695,82.0,124.16706683788041,8.0
41860,38348.23547442125,12280.542573113547,164.0,120.20817332169835,8.0
41861,48664.98122528581,924.7261136632413,51.0,129.56093661599206,8.0
41862,39926.71998980487,35909.66372474866,19.0,112.5393245109933,8.0
41863,11058.574935576522,735.2613545670602,165.0,121.64046724995276,8.0
41864,32373.29455071889,924.9339662845695,122.0,126.06003463259304,8.0
41865,56815.02726671892,2889.790506980818,186.0,129.9953637054516,8.0
41866,66300.5421713339,58022.013612225834,153.0,124.97147286001508,8.0
41867,55595.33903885925,12907.633399536504,563.0,131.04901408155692,8.0
41868,29386.262519365337,924.9068017079917,135.0,142.43466407518505,8.0
41869,48474.43666865099,29436.99877960837,60.0,122.86509521202683,8.0
41870,58861.82044781871,56872.6109706236,-243.0,112.1032536041237,8.0
41871,20769.89474562076,4852.73809089584,26.0,118.24266265098234,8.0
41872,53176.61882352743,41090.2009705839,183.0,120.36192753976994,8.0
41873,31150.935816600486,7862.64693779607,47.0,112.38067285692148,8.0
41874,31999.200564460916,14845.90597600865,176.0,108.0578902729366,8.0
41875,36246.05763655435,18124.147627103866,129.0,112.66228575940825,8.0
41876,47790.27302750552,30772.478739195703,183.0,122.74426665700247,8.0
41877,42263.44957247527,9753.855435550598,311.0,128.6268883229801,8.0
41878,28231.91075856615,1739.6746200022296,121.0,122.6720553354523,8.0
41879,45252.36440760639,1475.5026618908419,67.0,122.38053133273583,8.0
41880,51801.00599852055,1184.1639368465455,84.0,128.41807540592725,8.0
41881,44950.31368168853,34994.96879924462,437.0,130.8912580324009,8.0
41882,32661.70058079183,3980.4519408240226,192.0,117.24614058998124,8.0
41883,36812.65002370948,17048.305944672135,233.0,125.42940736051196,8.0
41884,50927.52394129311,39837.62508467059,146.0,125.26356980025588,8.0
41885,35341.5588134758,28686.563386185793,80.0,110.53224093638072,8.0
41886,34922.301681031015,10596.52609991959,221.0,126.98089238337761,8.0
41887,33864.66660916099,1181.3159173270565,107.0,124.7351062057916,8.0
41888,51507.32366093832,9110.501217176581,65.0,121.7412848915958,8.0
41889,32509.267501797636,12666.769361802642,113.0,119.48617721989582,8.0
41890,56914.59879033051,2870.207799620601,117.0,126.02252258879302,8.0
41891,49051.62283587093,36362.487142838516,32.0,123.81686808945814,8.0
41892,65896.08574516873,7110.064153924544,139.0,133.106351573704,8.0
41893,53671.72801331386,5773.859390337236,413.0,115.5471823038877,8.0
41894,31923.209949410946,1741.5826997102959,39.0,116.63558710709977,8.0
41895,54007.162895964335,10951.261658430753,57.0,115.99395676152805,8.0
41896,22173.30264503604,6692.908394978245,179.0,118.90329990158264,8.0
41897,41550.836046829456,31302.843940955074,155.0,122.56649778384065,8.0
41898,41417.97123044707,33139.40849431918,149.0,121.22226104341988,8.0
41899,64173.17901233582,42158.893588576415,205.0,115.25720597324523,8.0
41900,25467.360065973782,924.8081243136494,165.0,124.38296154741255,8.0
41901,37745.73041400716,18504.95823562009,181.0,107.30716503438892,8.0
41902,20494.84024614435,924.8803240907916,25.0,118.10264726644658,8.0
41903,38532.714741805445,3543.2255875665605,10.0,119.48874104823925,8.0
41904,20204.511071700857,10633.300798684148,209.0,105.97225736007793,8.0
41905,32982.37280826167,3980.341326605999,127.0,122.2784275206347,8.0
41906,39173.6445615468,36815.985231414765,-36.0,115.87466400121843,8.0
41907,59556.89396682294,49305.013891543254,204.0,125.78917132190536,8.0
41908,56493.406908407036,924.750644922596,56.0,126.95414458962378,8.0
41909,27319.713560982793,736.4318176157053,38.0,114.71871274355283,8.0
41910,35626.43200244857,17877.99401690245,43.0,116.62030968660804,8.0
41911,9613.897622280436,6688.805590765029,18.0,101.7545670282297,8.0
41912,28857.39704457437,14022.785451096797,198.0,106.23839614118941,8.0
41913,26086.930820043508,734.6516199252981,157.0,128.8532861420932,8.0
41914,36376.563856884364,737.2296002017813,42.0,117.99932019713353,8.0
41915,30163.406275126676,734.4776338683494,17.0,114.52352228975687,8.0
41916,57718.137477576776,1989.9863609296824,33.0,122.5891463714442,8.0
41917,60505.53923878562,47709.458055681265,-12.0,118.47346704890708,8.0
41918,57271.13979200003,740.0875079910536,237.0,139.64030839101105,8.0
41919,55421.67656730461,13284.20685865362,490.0,116.01011701909725,8.0
41920,53291.748762610616,7545.043093183002,111.0,119.83182066362966,8.0
41921,28682.825473708857,2774.8852078491163,71.0,117.13324164241095,8.0
41922,11708.047105373802,8240.557186129647,51.0,109.90787464613673,8.0
41923,35318.26480873601,735.3821481250177,14.0,116.44501607808401,8.0
41924,56101.00346326482,10622.906744984824,-2.0,122.60493863004257,8.0
41925,31455.46144452905,6474.190282358555,344.0,127.1577424058325,8.0
41926,49719.73965250289,1184.5714356921821,116.0,128.23357317775825,8.0
41927,16533.012692150205,6284.841391213435,433.0,125.13451348629233,8.0
41928,20639.892420137865,15435.79617830176,125.0,107.30411977549612,8.0
41929,30155.10149331903,19917.655306123794,204.0,120.86083942134681,8.0
41930,21941.834427803216,1183.8830392409639,81.0,113.36802848224748,8.0
41931,33148.59869307501,16206.386376617313,186.0,109.27359247587181,8.0
41932,55341.37598198761,5473.008337453997,148.0,135.80163583756377,8.0
41933,34437.63572926267,1180.838832463191,100.0,137.99265785187407,8.0
41934,28740.683504096723,28004.766886422796,-232.0,103.71463378597007,8.0
41935,60544.961743214524,3145.514192463183,220.0,131.37768763770117,8.0
41936,50399.04148650573,16205.671071370183,80.0,121.79711079894673,8.0
41937,44849.08968239789,924.9967740588713,3.0,117.06710031944871,8.0
41938,48434.0193732427,4618.648612033583,3.0,116.19918336221366,8.0
41939,23610.864563227737,3798.036382942624,106.0,116.82967316980947,8.0
41940,38694.8497239182,12674.49441727295,157.0,123.22218219242143,8.0
41941,32371.691177420915,10173.748799201438,106.0,111.67271805245736,8.0
41942,9580.001136686633,2394.646267085166,25.0,95.52921897551649,8.0
41943,46182.44060621021,6332.851930560871,-71.0,119.61854869926589,8.0
41944,5482.325730485126,3545.7356899534257,84.0,106.15020987579572,8.0
41945,24215.753231303166,5768.698096558657,126.0,121.30033003159177,8.0
41946,56625.616072166034,1184.670276011228,29.0,120.52404582278876,8.0
41947,15572.76498012655,2397.5075840670647,60.0,115.5374039784522,8.0
41948,62964.58449570515,22279.827778204846,63.0,121.77852676668115,8.0
41949,38586.23891997601,4734.768289732169,163.0,113.76047360207251,8.0
41950,28096.839597508137,5598.120148408055,35.0,111.93743389117788,8.0
41951,55053.493257751514,3138.4188884385057,39.0,127.17603760548894,8.0
41952,39758.88391374909,2398.1686375596287,222.0,129.01660618495774,8.0
41953,40117.18707545034,2206.4074570816465,93.0,132.82440804842616,8.0
41954,44471.49680897799,32378.58453075347,183.0,118.46321453142633,8.0
41955,40353.0500653967,7476.451458605745,143.0,120.97160095091571,8.0
41956,43454.21312809936,11046.901746496844,162.0,114.4390446492206,8.0
41957,33048.88330037357,11398.894994762895,369.0,123.33860297609033,8.0
41958,33175.70943900793,16850.44428677827,120.0,119.65683118346216,8.0
41959,21322.937404088767,8639.242358076759,44.0,114.90511298277151,8.0
41960,30775.133235978148,19166.31637908658,339.0,127.49198851967611,8.0
41961,38305.07986274018,2392.556002582104,18.0,113.40990912419886,8.0
41962,32468.708338393117,734.8240728273206,68.0,122.31222740913138,8.0
41963,19613.574528229772,19066.67225890403,-175.0,104.12247149689448,8.0
41964,33187.5161795524,4735.3874188309155,22.0,111.0407412494506,8.0
41965,43606.74404670056,1183.61207701889,200.0,131.92152584176037,8.0
41966,43424.43391976469,1470.0687343835923,152.0,133.4479261478267,8.0
41967,18463.399732806574,11818.837761902756,74.0,104.25413657237668,8.0
41968,36870.422497435015,1735.3666336991025,7.0,114.67025055297819,8.0
41969,50726.2029063692,9287.142645717686,61.0,115.5588826468764,8.0
41970,65421.04004489673,17703.132209948275,54.0,124.1511585129077,8.0
41971,40374.20763080897,925.1232327037783,28.0,117.67357593349155,8.0
41972,56902.65855853699,732.0419016234223,44.0,125.19668818478397,8.0
41973,45489.129261063645,1744.4054806466204,85.0,133.68313018183235,8.0
41974,35668.773678279285,12150.334418461161,325.0,126.4561964393829,8.0
41975,20190.13070419043,6279.809170625833,42.0,109.64152451795916,8.0
41976,62355.48411796862,1184.3893676449202,169.0,133.44848400366425,8.0
41977,27299.385737813474,924.9732182407056,118.0,124.65157338411063,8.0
41978,58448.72386735979,739.9557379749601,18.0,122.344817061539,8.0
41979,27183.824645917342,4682.757618548888,74.0,105.66488564083053,8.0
41980,55416.09189579208,739.3398730935895,186.0,136.46293288833402,8.0
41981,45084.399475463666,924.8598100437088,108.0,128.67165280696352,8.0
41982,43431.31013471052,4518.7523050830805,90.0,121.93232153624014,8.0
41983,36380.063732295625,23687.52299474708,32.0,119.86200911571497,8.0
41984,13873.811557607118,2774.740362945844,8.0,103.85633055748134,8.0
41985,53717.73727272129,2403.7499137488526,67.0,121.90120508444377,8.0
41986,45650.597037574145,5211.6864510261785,51.0,117.6312448866156,8.0
41987,43066.01294631343,2208.0913284617654,51.0,113.57034412657023,8.0
41988,34169.99301772309,32475.10871651886,-35.0,118.29995972667008,8.0
41989,56528.15008822141,48266.24185173203,153.0,111.171560364246,8.0
41990,36101.352195080915,11123.16143103352,338.0,113.32681639388227,8.0
41991,35031.97385390715,24845.764562213662,116.0,114.59780505189838,8.0
41992,38378.262037581415,21244.618530236363,163.0,111.29548612292007,8.0
41993,53032.91560305845,6275.811563300898,470.0,123.55605184674064,8.0
41994,46252.6156602179,3092.7025172135914,374.0,133.88673934119967,8.0
41995,62197.905702650736,2359.2077573387505,79.0,136.8256680412803,8.0
41996,36373.128729228796,16751.4560074968,203.0,125.47321104558729,8.0
41997,14223.637793798514,924.9346961128967,42.0,110.87415312699683,8.0
41998,48923.633413370924,924.8299646250766,11.0,122.23215638613631,8.0
41999,34222.546068976604,924.9197124202163,26.0,113.89128817362844,8.0
42000,37965.00777040863,1990.0543609901329,124.0,124.26221701564076,8.0
42001,33232.14128867775,18978.054282599496,119.0,107.12559403857702,8.0
42002,12803.504335663745,11065.575252326338,74.0,111.67336897924312,8.0
42003,40497.95604869739,924.7538509855335,53.0,123.42592938168022,8.0
42004,47441.61109290354,735.1384684668418,232.0,136.38145337130223,8.0
42005,41466.577505195084,1181.06441612886,169.0,127.46286968498028,8.0
42006,42246.540371965304,8890.184520684032,-5.0,116.62032474130284,8.0
42007,9978.751000146829,3089.587816092752,49.0,94.08935302433882,8.0
42008,50508.98664863993,7719.536218482059,24.0,111.39537844532238,8.0
42009,19202.61700595593,1990.8657065455895,29.0,109.13545052823929,8.0
42010,39179.064191270154,1991.6579744102914,54.0,124.94436259814772,8.0
42011,39073.14137526028,18676.92335277315,71.0,121.03689258950476,8.0
42012,53135.73425613207,924.9902482129668,7.0,121.39560428564279,8.0
42013,41940.49896251345,2871.738757943113,30.0,118.22692062587232,8.0
42014,53696.5850648439,14117.347381145726,148.0,122.1779034676708,8.0
42015,51791.43980623012,924.7047441775867,110.0,130.1997248511359,8.0
42016,10434.327966010738,8695.419582784754,76.0,110.07011055619691,8.0
42017,58099.70887858945,3540.8734052075747,59.0,122.35195878671009,8.0
42018,32514.101926700157,18264.32109078732,141.0,108.99858167420643,8.0
42019,31087.413712905076,6640.893567633676,181.0,113.06157707986212,8.0
42020,27227.133121194307,737.5899516050523,80.0,123.01616262603162,8.0
42021,55519.542306400486,1179.6215544703305,1.0,125.25713894218313,8.0
42022,53976.530600991144,733.6640662902248,221.0,138.1978699568797,8.0
42023,10266.847855327987,1473.1600664551709,6.0,101.51728761189129,8.0
42024,41296.52136319563,24506.891690823883,454.0,110.70252814430457,8.0
42025,39546.75384670624,7960.787420188692,121.0,120.30397566935261,8.0
42026,43053.672479904555,6499.128385653209,85.0,120.49059040680442,8.0
42027,15425.2070021734,736.9033829007501,31.0,110.57679218269377,8.0
42028,22331.746630955262,15671.967178480862,57.0,108.87266871212262,8.0
42029,41350.60244627349,3541.7349349625306,134.0,130.8515838435645,8.0
42030,40183.184123769024,1184.272402923474,12.0,118.46098057825989,8.0
42031,49211.72475827746,6640.855903764474,59.0,119.22592641303359,8.0
42032,36093.23085274983,14908.802672148466,71.0,117.21628910766938,8.0
42033,50550.330445741776,34234.41683880474,120.0,123.22176366937266,8.0
42034,17809.784829740423,8241.921426680698,189.0,117.9197603835272,8.0
42035,22125.06392220596,1182.2544789680155,38.0,114.92876857442394,8.0
42036,45414.3859590005,924.991407908978,10.0,118.88057491706964,8.0
42037,50771.070232637976,8103.729193446874,21.0,122.10685260183035,8.0
42038,58289.05914684703,2873.4715620858888,299.0,118.62067470162827,8.0
42039,19173.837533564598,4419.618829931609,17.0,111.23574145507709,8.0
42040,61993.16742769288,7106.081671478726,154.0,128.42970902074217,8.0
42041,19155.956681201085,6509.229640338016,38.0,108.89001301889597,8.0
42042,22964.792604942704,1990.1547114627729,19.0,109.05717834297225,8.0
42043,10819.618063767524,3981.734632348109,75.0,100.76208944272086,8.0
42044,28525.280615894862,7543.665229773804,300.0,125.64466518035846,8.0
42045,57487.9565920756,1184.633414196104,24.0,120.14196926759409,8.0
42046,42222.13965812249,1744.149419400785,38.0,117.24740494269184,8.0
42047,15997.58304066518,1849.772087104054,39.0,110.84617924839358,8.0
42048,46579.66260149224,924.9584167669902,63.0,126.50257694655603,8.0
42049,28354.032124341895,7499.03960189216,85.0,110.8552189139341,8.0
42050,40432.682031448465,27740.535192760777,32.0,120.68646738317335,8.0
42051,42899.82788639592,2949.0984364989067,90.0,121.32512964398566,8.0
42052,9574.49675304493,736.310887105344,163.0,120.07888128506265,8.0
42053,34857.34822433916,6639.3589986149955,22.0,112.065098647992,8.0
42054,38221.364878882305,20100.40304308695,130.0,112.80207112212379,8.0
42055,35638.46611945582,1181.1592598122804,22.0,122.73839841981132,8.0
42056,39266.58298162717,3550.4382660805713,28.0,116.68409772500948,8.0
42057,36341.82129266727,16794.786206906036,231.0,124.52671842078784,8.0
42058,25938.906012113446,9278.172051066284,107.0,112.42364528503815,8.0
42059,39357.168763241796,4793.900809645884,214.0,121.48511602001408,8.0
42060,65578.96600007487,57301.08018754795,153.0,112.88365828849624,8.0
42061,65336.45842193563,2370.28769580931,27.0,113.34973937800011,8.0
42062,39567.026509975265,20782.22121075947,175.0,116.01026051414306,8.0
42063,32581.08118331959,13032.359304648953,299.0,125.08657967027224,8.0
42064,46558.94410435372,925.008259264717,15.0,117.12187695125954,8.0
42065,12134.43576580035,7570.459931212234,55.0,99.08420325692276,8.0
42066,13728.050875626288,924.9903292672241,97.0,118.07818701729074,8.0
42067,45789.77107458178,1989.3515673631314,216.0,131.02772985950102,8.0
42068,53000.55914614766,6845.426614280578,48.0,120.2090815210482,8.0
42069,19918.62064929538,1990.2254093570205,17.0,107.36242166874936,8.0
42070,22175.931461371612,11088.314343796645,7.0,109.47649076798184,8.0
42071,29597.059151674424,5549.36743609201,278.0,125.61647881221685,8.0
42072,44073.164665732584,29318.824611995064,183.0,111.68979346825171,8.0
42073,42362.96298016062,1180.714879615315,15.0,121.45909548552734,8.0
42074,28364.703085015128,20088.589426385744,-7.0,109.5759076557319,8.0
42075,24149.62794033521,3771.9008879997405,127.0,116.92854482527248,8.0
42076,43700.30383683131,24461.515411892015,181.0,109.10189638070999,8.0
42077,42856.42488139248,15877.17581359638,233.0,125.9059710385336,8.0
42078,27787.2829440244,2774.8721983746996,44.0,115.42848797110125,8.0
42079,35483.11851528162,14198.259041479429,81.0,110.37696699657623,8.0
42080,29778.291163557016,19591.7048638779,116.0,112.86566866228286,8.0
42081,24270.068466574146,924.8147193185567,99.0,123.98147846363358,8.0
42082,20864.257162553295,3475.8289919439308,81.0,114.70026233673704,8.0
42083,38169.19457162955,25484.535856390252,32.0,120.54228028202567,8.0
42084,43752.336479659934,2877.1088078820226,51.0,113.45923864572372,8.0
42085,30822.67059312929,5850.209355349827,2.0,117.5449288979642,8.0
42086,28835.388977698694,9815.832038303093,457.0,128.22035267032834,8.0
42087,44452.43568689349,25413.717149024593,60.0,122.12943663230118,8.0
42088,58891.65481901219,41829.173459034275,449.0,113.75953980279627,8.0
42089,46540.49664852747,1180.984421655172,7.0,125.03902010941519,8.0
42090,54100.444776915545,33339.30579268238,111.0,118.60124321892359,8.0
42091,33899.84073192607,737.3194628135485,89.0,125.58508019768024,8.0
42092,26642.784530968533,13866.183643291119,87.0,115.03594206655492,8.0
42093,37839.14425084547,11951.62293011264,72.0,115.77421185400266,8.0
42094,46054.7573629493,8259.365083655197,128.0,123.99215381155749,8.0
42095,45037.85512119736,33510.17012321651,53.0,118.15863275254503,8.0
42096,31217.149028173622,14081.31608689494,26.0,111.55156292424533,8.0
42097,38269.970244173186,3771.7114850014655,123.0,122.97457619732576,8.0
42098,41149.99441632691,17250.821743212568,286.0,127.68055092498136,8.0
42099,31395.835351314516,1849.9272513931946,69.0,118.6168976554896,8.0
42100,49382.084501755584,739.3498866369453,160.0,134.53640849961818,8.0
42101,62363.74895405303,55702.58073991655,80.0,116.8977554052689,8.0
42102,33762.66261638688,7723.858531968243,40.0,121.5203571318156,8.0
42103,37001.849907933305,1736.3158101089507,39.0,115.86982630659344,8.0
42104,36055.732722122426,33696.356227321485,12.0,115.17803588112041,8.0
42105,48144.537710749326,7398.679763932725,114.0,122.17300369773713,8.0
42106,30876.908917855442,16615.248359555328,141.0,108.3470600823908,8.0
42107,24909.99487672458,3084.5046382048704,165.0,121.58444266089626,8.0
42108,34911.101113049015,1736.9546830185702,25.0,115.34218712791719,8.0
42109,34184.48701879406,23721.22081977001,-284.0,113.64057448773978,8.0
42110,45615.78558734432,31182.29075043884,64.0,115.78772468560223,8.0
42111,65485.65635009625,14120.696474765555,190.0,124.99272027466974,8.0
42112,38774.50207885687,13277.81997296603,342.0,114.30524975240161,8.0
42113,19672.198838327568,2366.0862458452257,229.0,112.86820229200013,8.0
42114,39209.70360804763,13269.071378917955,139.0,121.06639505861014,8.0
42115,20243.370039321835,1182.0605563769936,35.0,106.56105348914684,8.0
42116,12113.752894890109,11196.298728396305,-11.0,102.1793618718674,8.0
42117,47021.24572944823,30236.033106781266,394.0,109.55434101568731,8.0
42118,40564.757389128594,736.3240801838404,24.0,120.29356262498226,8.0
42119,34208.5194823677,2211.3233494172678,206.0,127.3743997939689,8.0
42120,38798.315916443826,2887.4717005796706,258.0,129.5967217487282,8.0
42121,59131.39027536895,1989.6197373933742,101.0,126.72723844215179,8.0
42122,48201.76139815763,2368.879253540208,15.0,120.7865517179787,8.0
42123,46763.74039467659,1179.7444750700645,26.0,123.83525196880856,8.0
42124,11386.020661679255,1472.8769963334685,35.0,107.35498395997294,8.0
42125,36404.384412675776,737.7765733293913,32.0,119.2401199560894,8.0
42126,57186.88719156699,1992.7399484792918,81.0,124.01802176731978,8.0
42127,26511.953883956103,1472.1258909969906,60.0,112.36383663022937,8.0
42128,36192.00666923183,35550.738397345995,-671.0,104.84512921735868,8.0
42129,16128.943913456684,3476.824014175203,42.0,112.56194351199943,8.0
42130,14798.190491177482,2870.387405258237,256.0,116.15068985100648,8.0
42131,18505.736089474452,11085.872387754827,29.0,105.14333600983585,8.0
42132,39913.136995089044,1741.2775564396977,231.0,130.6543259841029,8.0
42133,52379.92451641847,10352.080450347818,145.0,114.14036354610077,8.0
42134,37259.961479441394,924.824991732131,37.0,115.5797893966278,8.0
42135,52051.27822363099,9776.72906672623,444.0,132.23314361485293,8.0
42136,7188.170210368724,6514.186517234299,-55.0,91.84742260851087,8.0
42137,7544.751591521293,6640.160025510135,-166.0,90.00068212874766,8.0
42138,31855.11129122797,26377.787501954735,56.0,108.82491234328637,8.0
42139,33089.11769380213,4852.136936009804,282.0,127.21097150282586,8.0
42140,53842.57964755286,1744.84245585009,264.0,134.53684704828726,8.0
42141,9574.884246526317,7864.420611649025,12.0,99.96513439232284,8.0
42142,63279.33114776359,12267.000272941723,116.0,133.51335229392112,8.0
42143,49608.31876972597,6938.135850194466,413.0,132.21214733892157,8.0
42144,47785.66999872292,10955.459051878803,228.0,122.79724631897723,8.0
42145,34457.28665541013,735.1067898973077,194.0,131.94513168458008,8.0
42146,45420.42234026791,924.9047721385382,14.0,113.23884826706676,8.0
42147,52052.28512846454,28363.18104986718,121.0,123.23974945390887,8.0
42148,16868.890535630453,8263.617481401207,-2.0,109.68772243013719,8.0
42149,14871.817264215395,3772.0411245442037,82.0,97.03737780105821,8.0
42150,45767.2453925863,11599.325636679789,66.0,121.26928185120815,8.0
42151,38913.32824823283,6177.976354238326,275.0,120.73698920676529,8.0
42152,46755.569771155366,19655.168620613076,138.0,109.98405687677226,8.0
42153,42118.79009128551,1742.5047741391083,189.0,129.79835841593743,8.0
42154,43643.365075326925,1737.766296349635,125.0,133.83062181083403,8.0
42155,39117.27819980041,1849.8466894713492,65.0,117.85145040467678,8.0
42156,44680.40897949344,4738.20837768121,76.0,116.25009822824642,8.0
42157,53303.50050695791,30192.78654803576,325.0,129.83949318512313,8.0
42158,38619.94690363161,18675.308755351016,133.0,120.93826298516643,8.0
42159,52898.84048550489,732.5563408688267,169.0,136.00017232959243,8.0
42160,36902.21338553125,1183.8594449290229,156.0,128.37910295645526,8.0
42161,58337.342913906636,10410.724543016013,239.0,136.90594452806582,8.0
42162,24059.046020138365,924.8649862387589,43.0,115.57398264724048,8.0
42163,25495.476894762473,4312.313621517294,58.0,114.77324737262154,8.0
42164,54778.394359445614,47233.89386982459,153.0,112.93796061977658,8.0
42165,36356.917705829335,18605.930036879647,51.0,117.88157101802543,8.0
42166,15249.993343219698,14354.278076766414,-371.0,99.1213507597018,8.0
42167,46609.0776270888,735.303254524103,178.0,133.8072325297389,8.0
42168,42147.79722387509,6516.308498475968,126.0,118.95457968752893,8.0
42169,21674.43147559127,13382.782595816032,24.0,106.44522885523753,8.0
42170,36200.48668837235,9959.671492904978,75.0,114.9010928902484,8.0
42171,7722.130206085998,5741.585477201018,58.0,95.23067111308833,8.0
42172,19508.704217510713,4516.546242808927,19.0,106.90197411436259,8.0
42173,19510.43340286408,2210.906212922677,78.0,114.77143247087797,8.0
42174,25641.060616913066,1473.283505464529,89.0,119.66683038044928,8.0
42175,35276.99959026937,13942.444754431112,346.0,119.17520756148937,8.0
42176,12113.794459367178,2774.7969002544924,-4.0,102.48328852795058,8.0
42177,56993.89564428603,3540.045472805433,165.0,137.58838653205876,8.0
42178,19153.942517188236,11050.396114654588,-18.0,103.87603098442443,8.0
42179,23289.55498807711,2397.8678186445973,47.0,110.46553743252433,8.0
42180,41813.21714713125,2871.678957557149,37.0,115.60066698787307,8.0
42181,35685.078533653876,2876.9063678294483,24.0,119.28288901687588,8.0
42182,44529.70817380437,7193.618525165626,27.0,122.08458091180026,8.0
42183,34872.699142727935,13985.670443927218,31.0,115.16936235534007,8.0
42184,41820.63776518989,15365.343587085172,140.0,112.49099823735628,8.0
42185,46370.66705346624,29347.961157931557,183.0,122.4880668115634,8.0
42186,36673.31680770181,1181.5488788877112,40.0,117.4147755115382,8.0
42187,62050.51139040618,22776.523841174378,44.0,120.35577459752982,8.0
42188,60934.65000204869,1180.034591404477,78.0,128.8325196724722,8.0
42189,27284.105381872512,5960.2377145917635,189.0,121.82509642147554,8.0
42190,34113.65972526604,5903.562165258785,50.0,114.44338609859898,8.0
42191,13681.22000819728,924.9842905028057,1.0,108.5900829294209,8.0
42192,32433.770911335494,26558.17768398833,97.0,106.13152215052958,8.0
42193,58408.236783090804,2369.4941098551863,148.0,131.05559422283721,8.0
42194,38613.15286764959,1182.6760126702384,145.0,141.15197486114099,8.0
42195,48027.79481241419,733.9314438131622,100.0,129.61903917791844,8.0
42196,44101.88457192913,18634.25307209843,177.0,107.69583872991957,8.0
42197,61295.64947444856,740.3940143460296,46.0,131.19104943824942,8.0
42198,56240.78120101889,2869.835802723826,284.0,133.31804768340993,8.0
42199,48632.734399770176,13930.267428495246,56.0,113.71213176501139,8.0
42200,15741.173583985823,1849.9274977421235,18.0,107.15563237915964,8.0
42201,42223.327571071815,4416.269860948164,248.0,113.34635099603913,8.0
42202,30561.251481259875,1181.7135015907484,12.0,109.73822485957234,8.0
42203,34638.083013033516,735.5153767082088,84.0,124.77655541785008,8.0
42204,34045.351323693125,738.2344387979779,31.0,119.02638793531496,8.0
42205,48129.42926304881,924.7528676933066,76.0,132.420428555093,8.0
42206,3085.740861846134,2394.0135972081916,-61.0,85.39335525651381,8.0
42207,22113.861052576045,17546.18842233196,67.0,105.88016601341202,8.0
42208,37045.24486389796,16791.020236824323,73.0,120.58659865738937,8.0
42209,32353.73343336606,1183.0164841926655,46.0,118.83230691350508,8.0
42210,54577.99017791512,12949.973672135566,316.0,116.09698106803181,8.0
42211,51463.252381669845,32413.781790061134,80.0,119.95609783511068,8.0
42212,24498.9127120631,3981.241303257245,24.0,122.64397672062202,8.0
42213,53661.77159104393,739.0124024932459,29.0,125.57726565234071,8.0
42214,54061.4941607626,6845.367233650948,26.0,120.45626860434103,8.0
42215,58629.07883496296,17934.180303577017,95.0,117.85791803106162,8.0
42216,45415.73881157228,5918.720344022842,286.0,118.70745437583065,8.0
42217,17141.268183770848,15414.026369280837,39.0,112.78815021936623,8.0
42218,52506.75199342199,3489.0146638480383,67.0,122.17907761720659,8.0
42219,45015.46456697684,925.1232327037783,28.0,117.9835371536569,8.0
42220,50969.080774545495,10462.115832259484,38.0,120.99998603484468,8.0
42221,35077.05089636627,4852.184594731412,10.0,110.68872776194343,8.0
42222,37263.65742555969,1180.7284611308487,80.0,137.70953196889917,8.0
42223,22837.73627686466,15485.562147337465,43.0,109.67100906200568,8.0
42224,43494.47200918599,16103.697655965558,20.0,117.98365189120011,8.0
42225,47476.69430523778,1989.398477216946,248.0,135.72710284936917,8.0
42226,7838.215844609666,3141.622400073091,15.0,99.15414770833735,8.0
42227,14048.812034098017,924.9956804099493,4.0,103.68085199893754,8.0
42228,50853.15045917541,924.9986895908206,46.0,122.1680154009974,8.0
42229,13477.240786955674,736.7156921655634,72.0,116.80618539652916,8.0
42230,33943.263359266035,2210.7874549696053,28.0,114.32577051394037,8.0
42231,33977.514276731854,3772.3400945651124,172.0,123.9940208761368,8.0
42232,48032.575420581365,1183.0749389477028,30.0,128.63694314825196,8.0
42233,34855.47877038514,15087.46228701366,321.0,113.11991858258511,8.0
42234,28681.748005681588,924.8589023712757,85.0,121.97076837980498,8.0
42235,43481.09692448583,4053.1521963926707,107.0,127.04432582672774,8.0
42236,42134.12187351054,31948.957794325404,116.0,115.80030767365126,8.0
42237,14872.182270734624,925.028073717515,2.0,102.90263140102029,8.0
42238,50070.066210922334,5751.029655157432,373.0,126.79747110013665,8.0
42239,48544.91904322679,37734.06582995794,346.0,129.6376525795077,8.0
42240,64647.55356374281,1989.1955849873652,181.0,148.92041879505288,8.0
42241,10173.995715706338,924.9732252814371,94.0,114.51001811791613,8.0
42242,54796.348991448845,925.1786537805812,47.0,123.57119921580806,8.0
42243,64496.447900153005,23242.798224374794,76.0,112.77496477993002,8.0
42244,25361.258779298867,734.8139287179798,133.0,126.81197078953765,8.0
42245,47520.56825573967,3539.8609406901605,55.0,130.91324605385375,8.0
42246,27060.614443474882,1991.693519357172,172.0,117.68039559196191,8.0
42247,41724.20143393032,924.8084164503094,43.0,123.9374654798007,8.0
42248,45941.257921953125,925.0405899722631,44.0,121.4166637354938,8.0
42249,43164.74407191717,1181.9765545041164,116.0,127.4799628170959,8.0
42250,24740.063093308607,3091.128241733653,147.0,125.81283753752665,8.0
42251,36957.768499774764,12113.338797304736,51.0,120.56664047472806,8.0
42252,15701.64145448344,8303.583427310798,230.0,109.93588746806921,8.0
42253,33589.134293007206,10280.40200034089,130.0,116.9482717439458,8.0
42254,44142.63366105485,27829.087196989236,120.0,122.07010393799581,8.0
42255,9032.378910536656,736.544049200338,57.0,110.31128625978451,8.0
42256,32870.5155122058,2208.174037193757,51.0,119.21085898127427,8.0
42257,46830.14915025576,4682.991302125257,100.0,118.96603509678138,8.0
42258,18731.042590897625,924.9976859103807,104.0,120.75211888509256,8.0
42259,59619.17582435155,11770.192780061401,199.0,123.20752482989496,8.0
42260,26493.744004628235,925.010187971217,48.0,117.1703739173166,8.0
42261,15155.43099301271,2366.1961686650643,81.0,112.75528094900643,8.0
42262,62417.10413437742,4738.010245373894,242.0,123.0923111875787,8.0
42263,49469.46141218795,925.1510425981991,26.0,119.00109862630278,8.0
42264,39214.849473723814,15915.48395815929,172.0,109.37369416885419,8.0
42265,35550.09785326714,6277.033399991964,223.0,138.1588442771069,8.0
42266,18557.04342651728,8356.922048289623,172.0,117.68995028263978,8.0
42267,55570.605627090685,43822.37405088914,87.0,128.1253840643227,8.0
42268,37122.35504567262,4604.747563887567,-52.0,111.57644824984914,8.0
42269,65535.07279667731,925.1428780208086,43.0,132.10136757575123,8.0
42270,42979.57938586772,30185.77746160865,87.0,117.96935039327849,8.0
42271,19643.388410321444,5908.399370267824,151.0,119.95136203034477,8.0
42272,40801.74771341576,31523.723346657873,55.0,123.07717275999744,8.0
42273,12969.617052741789,3699.651240430405,136.0,101.99668618186247,8.0
42274,38096.59560790299,4734.782133441953,158.0,115.34928942325709,8.0
42275,31907.62997433922,7087.690988671248,30.0,111.56655891876645,8.0
42276,56497.05746735709,1992.4760882365042,23.0,120.30125668309967,8.0
42277,46606.89655048362,22279.497252815574,139.0,115.49438533764157,8.0
42278,41160.24536384053,1471.0087721661685,88.0,123.08639701421164,8.0
42279,49543.17060910714,36746.34472167666,87.0,118.97295499049312,8.0
42280,43741.25269992639,735.3349995732086,71.0,125.38886208962846,8.0
42281,30613.56262957228,9468.867303800109,72.0,109.09333399414118,8.0
42282,37003.56641845581,924.8470199445505,34.0,117.62203049340623,8.0
42283,45915.248887382746,733.4337683356873,20.0,121.29294773935925,8.0
42284,16088.47276857511,14370.697323017124,67.0,113.45822430470413,8.0
42285,44740.190759551675,10627.330127337496,20.0,112.4394275226371,8.0
42286,50873.557048851464,13872.76536989588,154.0,120.02773672457013,8.0
42287,13753.036970878822,5233.2737949515995,159.0,106.35794627119388,8.0
42288,17064.33222943971,16216.270008372918,-489.0,99.26815258191587,8.0
42289,31865.642847233165,11951.579778683108,111.0,109.85191720714421,8.0
42290,61817.46487116731,1988.9106104941961,43.0,134.9690463893994,8.0
42291,43918.74609238988,10684.983543131877,95.0,116.44060880609615,8.0
42292,47376.89339801222,10579.934970763203,68.0,120.10439069409354,8.0
42293,63499.90228843808,53316.40559171121,116.0,118.75805985185062,8.0
42294,26156.82329548367,2870.1299787106145,239.0,125.7833650296977,8.0
42295,28597.27986620934,11599.984780813547,416.0,134.79592375046968,8.0
42296,40397.65399383029,28296.946943781302,183.0,117.39910767197804,8.0
42297,43464.57853218025,41774.90460768602,-207.0,109.99171094772123,8.0
42298,24269.863330449745,5974.810735687037,43.0,110.35512734050806,8.0
42299,40369.79574019967,4521.097823298612,27.0,115.83691569872451,8.0
42300,55641.682599828746,11643.735896183638,33.0,124.02252785075324,8.0
42301,27390.952433383813,17815.705674004643,-209.0,112.1469080697806,8.0
42302,47283.886033987015,21354.580082073204,139.0,122.65374117265405,8.0
42303,12113.606392533098,4682.648104324629,10.0,102.23627994122842,8.0
42304,57193.65166741928,12166.124760057979,147.0,121.06770541384594,8.0
42305,30303.03143626879,924.7855229008862,54.0,119.88810175690116,8.0
42306,62004.92447271096,44987.4874205695,183.0,124.96333273629216,8.0
42307,28709.677911645063,12380.468696792866,247.0,112.31618673156204,8.0
42308,20752.787438834544,2366.189456031681,124.0,110.27901359059871,8.0
42309,21418.658327447723,9815.179539262124,31.0,109.55241220671815,8.0
42310,57615.71353855597,39992.57668047886,64.0,117.1097107435951,8.0
42311,67046.59974033992,6378.024807290981,149.0,122.0494005979614,8.0
42312,37924.900163771556,3789.952652024868,50.0,117.71242612221945,8.0
42313,44672.014862716285,1475.6302102453114,76.0,122.31022147474962,8.0
42314,51909.73800106311,10661.428085800419,76.0,109.71918040675494,8.0
42315,29755.735917151746,7443.284965911842,486.0,129.7542334462709,8.0
42316,46390.93871238363,5598.192547059837,98.0,123.4327668949569,8.0
42317,60261.78673902548,2359.237842871061,154.0,125.76791728778713,8.0
42318,38854.26613361116,3699.7947814728095,92.0,127.00366584760869,8.0
42319,25310.534754412907,3796.0947058969236,25.0,112.88549199912978,8.0
42320,44898.12583271623,1734.625827185641,149.0,131.06382037491625,8.0
42321,46509.95624656035,5466.865125581319,122.0,127.48901852636928,8.0
42322,22392.999920839746,924.8589023712757,85.0,114.39416383783407,8.0
42323,10587.786265733916,8617.220040481845,-4.0,101.09861332746281,8.0
42324,22614.033781059552,737.1060056855845,25.0,122.74440896947402,8.0
42325,27948.51744025694,3549.0344029417715,139.0,115.46958995918577,8.0
42326,29291.1017087381,12280.260950302436,359.0,133.54713780765812,8.0
42327,48900.05406107654,738.3626362328966,67.0,128.46279146402674,8.0
42328,31428.406764888354,21190.71744275534,204.0,121.1302236472959,8.0
42329,58428.292562336654,4623.882826778681,67.0,124.45602651705354,8.0
42330,41520.614620573055,11364.69278881071,35.0,113.78003404581027,8.0
42331,65086.4887321947,1989.8731842930356,173.0,131.87902735634484,8.0
42332,35077.31110331155,3980.574474056287,99.0,119.87510895262442,8.0
42333,52062.836142461216,26608.96547778131,46.0,125.82271960316604,8.0
42334,47314.44378733719,4683.257407947934,99.0,125.75720085294343,8.0
42335,39532.65314231941,5122.073660119079,29.0,121.14190895666965,8.0
